| # |    #ITER | #IterMAX | Nest |      %Desc |      semilla | BestFit |GottedFit |  RDP |  instancia | time |
-------------------------------------------------------------------------------------------------
| 1 |    1 | 3000 |   30 |       0.25 |1578639259261 |      72 |  1810.0 |2413,89 | mscpb5.txt |0,0050 |
| 1 |  100 | 3000 |   30 |0.014033681 |1578639259261 |      72 |   121.0 |68,06 | mscpb5.txt |  1,7 |
| 1 |  200 | 3000 |   30 |0.014043348 |1578639259261 |      72 |   121.0 |68,06 | mscpb5.txt |  3,8 |
| 1 |  300 | 3000 |   30 |0.020272695 |1578639259261 |      72 |    87.0 |20,83 | mscpb5.txt |  8,5 |
| 1 |  400 | 3000 |   30 |0.030387014 |1578639259261 |      72 |    84.0 |16,67 | mscpb5.txt |   15 |
| 1 |  500 | 3000 |   30 | 0.03773585 |1578639259261 |      72 |    84.0 |16,67 | mscpb5.txt |   23 |
| 1 |  600 | 3000 |   30 |0.038251366 |1578639259261 |      72 |    84.0 |16,67 | mscpb5.txt |   30 |
| 1 |  700 | 3000 |   30 | 0.03810912 |1578639259261 |      72 |    84.0 |16,67 | mscpb5.txt |   37 |
| 1 |  800 | 3000 |   30 | 0.03396072 |1578639259261 |      72 |    84.0 |16,67 | mscpb5.txt |   44 |
| 1 |  900 | 3000 |   30 |0.031212606 |1578639259261 |      72 |    84.0 |16,67 | mscpb5.txt |   52 |
| 1 | 1000 | 3000 |   30 |0.033177286 |1578639259261 |      72 |    80.0 |11,11 | mscpb5.txt |   59 |
| 1 | 1100 | 3000 |   30 |0.031346403 |1578639259261 |      72 |    76.0 | 5,56 | mscpb5.txt |   67 |
| 1 | 1200 | 3000 |   30 |0.032267854 |1578639259261 |      72 |    74.0 | 2,78 | mscpb5.txt |   75 |
| 1 | 1300 | 3000 |   30 |0.030948708 |1578639259261 |      72 |    74.0 | 2,78 | mscpb5.txt |   82 |
| 1 | 1400 | 3000 |   30 |0.031811085 |1578639259261 |      72 |    74.0 | 2,78 | mscpb5.txt |   90 |
| 1 | 1500 | 3000 |   30 |0.033525094 |1578639259261 |      72 |    74.0 | 2,78 | mscpb5.txt |   98 |
| 1 | 1600 | 3000 |   30 |0.032675892 |1578639259261 |      72 |    74.0 | 2,78 | mscpb5.txt |1,1e+02 |
| 1 | 1700 | 3000 |   30 |0.032813124 |1578639259261 |      72 |    74.0 | 2,78 | mscpb5.txt |1,1e+02 |
| 1 | 1800 | 3000 |   30 |0.032988872 |1578639259261 |      72 |    74.0 | 2,78 | mscpb5.txt |1,2e+02 |
| 1 | 1900 | 3000 |   30 |0.034820892 |1578639259261 |      72 |    74.0 | 2,78 | mscpb5.txt |1,3e+02 |
| 1 | 2000 | 3000 |   30 |0.035136756 |1578639259261 |      72 |    74.0 | 2,78 | mscpb5.txt |1,4e+02 |
| 1 | 2100 | 3000 |   30 |0.035841566 |1578639259261 |      72 |    74.0 | 2,78 | mscpb5.txt |1,5e+02 |
| 1 | 2200 | 3000 |   30 |0.035841566 |1578639259261 |      72 |    74.0 | 2,78 | mscpb5.txt |1,6e+02 |
| 1 | 2300 | 3000 |   30 | 0.03551251 |1578639259261 |      72 |    74.0 | 2,78 | mscpb5.txt |1,6e+02 |
| 1 | 2400 | 3000 |   30 |0.035802104 |1578639259261 |      72 |    74.0 | 2,78 | mscpb5.txt |1,7e+02 |
| 1 | 2500 | 3000 |   30 |  0.0346082 |1578639259261 |      72 |    74.0 | 2,78 | mscpb5.txt |1,8e+02 |
| 1 | 2600 | 3000 |   30 |0.034151547 |1578639259261 |      72 |    74.0 | 2,78 | mscpb5.txt |1,9e+02 |
| 1 | 2700 | 3000 |   30 |0.034689922 |1578639259261 |      72 |    74.0 | 2,78 | mscpb5.txt |2,0e+02 |
| 1 | 2800 | 3000 |   30 |0.031615704 |1578639259261 |      72 |    74.0 | 2,78 | mscpb5.txt |2,1e+02 |
| 1 | 2900 | 3000 |   30 | 0.03255726 |1578639259261 |      72 |    74.0 | 2,78 | mscpb5.txt |2,1e+02 |
| 1 | 3000 | 3000 |   30 |0.030265655 |1578639259261 |      72 |    74.0 | 2,78 | mscpb5.txt |2,2e+02 |
| 1 |  300 | 3000 |   30 |0.030265655 |1578639259261 |      72 |    74.0 | 2,78 | mscpb5.txt |2,2e+02 |
| 2 |    1 | 3000 |   30 |       0.25 |1578639482232 |      72 |  1680.0 |2233,33 | mscpb5.txt |0,0040 |
| 2 |  100 | 3000 |   30 |0.015692554 |1578639482232 |      72 |   115.0 |59,72 | mscpb5.txt |  2,1 |
| 2 |  200 | 3000 |   30 |0.017967727 |1578639482232 |      72 |   103.0 |43,06 | mscpb5.txt |  6,0 |
| 2 |  300 | 3000 |   30 |0.019695379 |1578639482232 |      72 |    97.0 |34,72 | mscpb5.txt |   12 |
| 2 |  400 | 3000 |   30 |0.024981963 |1578639482232 |      72 |    87.0 |20,83 | mscpb5.txt |   19 |
| 2 |  500 | 3000 |   30 |0.026282629 |1578639482232 |      72 |    87.0 |20,83 | mscpb5.txt |   26 |
| 2 |  600 | 3000 |   30 |0.024500497 |1578639482232 |      72 |    87.0 |20,83 | mscpb5.txt |   34 |
| 2 |  700 | 3000 |   30 |0.024303392 |1578639482232 |      72 |    87.0 |20,83 | mscpb5.txt |   41 |
| 2 |  800 | 3000 |   30 |0.024170782 |1578639482232 |      72 |    84.0 |16,67 | mscpb5.txt |   49 |
| 2 |  900 | 3000 |   30 |0.024683712 |1578639482232 |      72 |    81.0 |12,50 | mscpb5.txt |   57 |
| 2 | 1000 | 3000 |   30 |0.024632288 |1578639482232 |      72 |    81.0 |12,50 | mscpb5.txt |   64 |
| 2 | 1100 | 3000 |   30 |0.023595994 |1578639482232 |      72 |    81.0 |12,50 | mscpb5.txt |   71 |
| 2 | 1200 | 3000 |   30 |0.023193816 |1578639482232 |      72 |    81.0 |12,50 | mscpb5.txt |   79 |
| 2 | 1300 | 3000 |   30 |0.021854132 |1578639482232 |      72 |    81.0 |12,50 | mscpb5.txt |   87 |
| 2 | 1400 | 3000 |   30 |0.021852773 |1578639482232 |      72 |    78.0 | 8,33 | mscpb5.txt |   95 |
| 2 | 1500 | 3000 |   30 |0.020565335 |1578639482232 |      72 |    77.0 | 6,94 | mscpb5.txt |1,0e+02 |
| 2 | 1600 | 3000 |   30 |0.021105953 |1578639482232 |      72 |    77.0 | 6,94 | mscpb5.txt |1,1e+02 |
| 2 | 1700 | 3000 |   30 |   0.023211 |1578639482232 |      72 |    77.0 | 6,94 | mscpb5.txt |1,2e+02 |
| 2 | 1800 | 3000 |   30 |0.020985011 |1578639482232 |      72 |    77.0 | 6,94 | mscpb5.txt |1,3e+02 |
| 2 | 1900 | 3000 |   30 |0.021143103 |1578639482232 |      72 |    77.0 | 6,94 | mscpb5.txt |1,3e+02 |
| 2 | 2000 | 3000 |   30 |0.022770895 |1578639482232 |      72 |    75.0 | 4,17 | mscpb5.txt |1,4e+02 |
| 2 | 2100 | 3000 |   30 |0.020276656 |1578639482232 |      72 |    75.0 | 4,17 | mscpb5.txt |1,5e+02 |
| 2 | 2200 | 3000 |   30 |0.017352132 |1578639482232 |      72 |    73.0 | 1,39 | mscpb5.txt |1,6e+02 |
| 2 | 2300 | 3000 |   30 |0.018026328 |1578639482232 |      72 |    73.0 | 1,39 | mscpb5.txt |1,7e+02 |
| 2 | 2400 | 3000 |   30 |0.018267874 |1578639482232 |      72 |    73.0 | 1,39 | mscpb5.txt |1,7e+02 |
| 2 | 2500 | 3000 |   30 |0.016398847 |1578639482232 |      72 |    73.0 | 1,39 | mscpb5.txt |1,8e+02 |
| 2 | 2600 | 3000 |   30 | 0.01819358 |1578639482232 |      72 |    73.0 | 1,39 | mscpb5.txt |1,9e+02 |
| 2 |  300 | 3000 |   30 | 0.01819358 |1578639482232 |      72 |    72.0 | 0,00 | mscpb5.txt |1,9e+02 |
| 3 |    1 | 3000 |   30 |       0.25 |1578639672740 |      72 |   119.0 |65,28 | mscpb5.txt |0,0050 |
| 3 |  100 | 3000 |   30 | 0.01801504 |1578639672740 |      72 |    99.0 |37,50 | mscpb5.txt |  2,1 |
| 3 |  200 | 3000 |   30 |0.026606904 |1578639672740 |      72 |    87.0 |20,83 | mscpb5.txt |  6,4 |
| 3 |  300 | 3000 |   30 |0.032865733 |1578639672740 |      72 |    82.0 |13,89 | mscpb5.txt |   14 |
| 3 |  400 | 3000 |   30 |0.029443307 |1578639672740 |      72 |    79.0 | 9,72 | mscpb5.txt |   22 |
| 3 |  500 | 3000 |   30 |0.031179305 |1578639672740 |      72 |    77.0 | 6,94 | mscpb5.txt |   29 |
| 3 |  600 | 3000 |   30 | 0.03266081 |1578639672740 |      72 |    73.0 | 1,39 | mscpb5.txt |   37 |
| 3 |  700 | 3000 |   30 |0.034558136 |1578639672740 |      72 |    73.0 | 1,39 | mscpb5.txt |   45 |
| 3 |  300 | 3000 |   30 |0.034558136 |1578639672740 |      72 |    72.0 | 0,00 | mscpb5.txt |   50 |
| 4 |    1 | 3000 |   30 |       0.25 |1578639722614 |      72 |  1836.0 |2450,00 | mscpb5.txt |0,0030 |
| 4 |  100 | 3000 |   30 |0.017019935 |1578639722614 |      72 |   117.0 |62,50 | mscpb5.txt |  1,7 |
| 4 |  200 | 3000 |   30 | 0.01835915 |1578639722614 |      72 |   105.0 |45,83 | mscpb5.txt |  5,1 |
| 4 |  300 | 3000 |   30 |0.018669471 |1578639722614 |      72 |   100.0 |38,89 | mscpb5.txt |   11 |
| 4 |  400 | 3000 |   30 |0.024341326 |1578639722614 |      72 |    90.0 |25,00 | mscpb5.txt |   17 |
| 4 |  500 | 3000 |   30 |0.027947856 |1578639722614 |      72 |    90.0 |25,00 | mscpb5.txt |   24 |
| 4 |  600 | 3000 |   30 |0.038723446 |1578639722614 |      72 |    90.0 |25,00 | mscpb5.txt |   30 |
| 4 |  700 | 3000 |   30 |0.037044555 |1578639722614 |      72 |    90.0 |25,00 | mscpb5.txt |   38 |
| 4 |  800 | 3000 |   30 | 0.03594404 |1578639722614 |      72 |    90.0 |25,00 | mscpb5.txt |   45 |
| 4 |  900 | 3000 |   30 | 0.03984064 |1578639722614 |      72 |    90.0 |25,00 | mscpb5.txt |   52 |
| 4 | 1000 | 3000 |   30 |0.037637167 |1578639722614 |      72 |    90.0 |25,00 | mscpb5.txt |   59 |
| 4 | 1100 | 3000 |   30 |0.036382217 |1578639722614 |      72 |    90.0 |25,00 | mscpb5.txt |   67 |
| 4 | 1200 | 3000 |   30 |  0.0348849 |1578639722614 |      72 |    90.0 |25,00 | mscpb5.txt |   74 |
| 4 | 1300 | 3000 |   30 |  0.0301307 |1578639722614 |      72 |    83.0 |15,28 | mscpb5.txt |   82 |
| 4 | 1400 | 3000 |   30 | 0.03001486 |1578639722614 |      72 |    83.0 |15,28 | mscpb5.txt |   89 |
| 4 | 1500 | 3000 |   30 |0.028926844 |1578639722614 |      72 |    83.0 |15,28 | mscpb5.txt |   96 |
| 4 | 1600 | 3000 |   30 | 0.03367438 |1578639722614 |      72 |    78.0 | 8,33 | mscpb5.txt |1,0e+02 |
| 4 | 1700 | 3000 |   30 |0.038485605 |1578639722614 |      72 |    78.0 | 8,33 | mscpb5.txt |1,1e+02 |
| 4 | 1800 | 3000 |   30 |0.039425395 |1578639722614 |      72 |    78.0 | 8,33 | mscpb5.txt |1,2e+02 |
| 4 | 1900 | 3000 |   30 |0.038913745 |1578639722614 |      72 |    78.0 | 8,33 | mscpb5.txt |1,3e+02 |
| 4 | 2000 | 3000 |   30 |0.034852266 |1578639722614 |      72 |    78.0 | 8,33 | mscpb5.txt |1,3e+02 |
| 4 | 2100 | 3000 |   30 |0.033422735 |1578639722614 |      72 |    78.0 | 8,33 | mscpb5.txt |1,4e+02 |
| 4 | 2200 | 3000 |   30 |0.034113448 |1578639722614 |      72 |    78.0 | 8,33 | mscpb5.txt |1,5e+02 |
| 4 | 2300 | 3000 |   30 | 0.03044655 |1578639722614 |      72 |    78.0 | 8,33 | mscpb5.txt |1,5e+02 |
| 4 | 2400 | 3000 |   30 |0.030040879 |1578639722614 |      72 |    78.0 | 8,33 | mscpb5.txt |1,6e+02 |
| 4 | 2500 | 3000 |   30 | 0.02935384 |1578639722614 |      72 |    78.0 | 8,33 | mscpb5.txt |1,7e+02 |
| 4 | 2600 | 3000 |   30 |0.029958002 |1578639722614 |      72 |    78.0 | 8,33 | mscpb5.txt |1,8e+02 |
| 4 | 2700 | 3000 |   30 |0.029332839 |1578639722614 |      72 |    78.0 | 8,33 | mscpb5.txt |1,8e+02 |
| 4 | 2800 | 3000 |   30 |0.030222138 |1578639722614 |      72 |    78.0 | 8,33 | mscpb5.txt |1,9e+02 |
| 4 | 2900 | 3000 |   30 |0.029459279 |1578639722614 |      72 |    78.0 | 8,33 | mscpb5.txt |2,0e+02 |
| 4 | 3000 | 3000 |   30 |0.029648049 |1578639722614 |      72 |    78.0 | 8,33 | mscpb5.txt |2,1e+02 |
| 4 |  300 | 3000 |   30 |0.029648049 |1578639722614 |      72 |    78.0 | 8,33 | mscpb5.txt |2,1e+02 |
| 5 |    1 | 3000 |   30 |       0.25 |1578639929840 |      72 |  1773.0 |2362,50 | mscpb5.txt |0,0030 |
| 5 |  100 | 3000 |   30 |0.018260652 |1578639929840 |      72 |   112.0 |55,56 | mscpb5.txt |  2,0 |
| 5 |  200 | 3000 |   30 |0.024694733 |1578639929840 |      72 |    90.0 |25,00 | mscpb5.txt |  5,9 |
| 5 |  300 | 3000 |   30 |0.031374406 |1578639929840 |      72 |    82.0 |13,89 | mscpb5.txt |   11 |
| 5 |  400 | 3000 |   30 | 0.02797808 |1578639929840 |      72 |    81.0 |12,50 | mscpb5.txt |   17 |
| 5 |  500 | 3000 |   30 |0.027714068 |1578639929840 |      72 |    80.0 |11,11 | mscpb5.txt |   24 |
| 5 |  600 | 3000 |   30 |0.033508997 |1578639929840 |      72 |    78.0 | 8,33 | mscpb5.txt |   31 |
| 5 |  700 | 3000 |   30 |0.030273246 |1578639929840 |      72 |    78.0 | 8,33 | mscpb5.txt |   39 |
| 5 |  800 | 3000 |   30 |0.028516563 |1578639929840 |      72 |    77.0 | 6,94 | mscpb5.txt |   46 |
| 5 |  900 | 3000 |   30 |0.028105944 |1578639929840 |      72 |    77.0 | 6,94 | mscpb5.txt |   54 |
| 5 | 1000 | 3000 |   30 |0.029830895 |1578639929840 |      72 |    75.0 | 4,17 | mscpb5.txt |   62 |
| 5 | 1100 | 3000 |   30 |0.029472498 |1578639929840 |      72 |    75.0 | 4,17 | mscpb5.txt |   70 |
| 5 | 1200 | 3000 |   30 |0.028305367 |1578639929840 |      72 |    75.0 | 4,17 | mscpb5.txt |   78 |
| 5 | 1300 | 3000 |   30 |0.029422581 |1578639929840 |      72 |    75.0 | 4,17 | mscpb5.txt |   87 |
| 5 | 1400 | 3000 |   30 |0.029294396 |1578639929840 |      72 |    75.0 | 4,17 | mscpb5.txt |   95 |
| 5 | 1500 | 3000 |   30 |0.027597986 |1578639929840 |      72 |    73.0 | 1,39 | mscpb5.txt |1,0e+02 |
| 5 | 1600 | 3000 |   30 |0.024729384 |1578639929840 |      72 |    73.0 | 1,39 | mscpb5.txt |1,1e+02 |
| 5 | 1700 | 3000 |   30 |0.027158273 |1578639929840 |      72 |    73.0 | 1,39 | mscpb5.txt |1,2e+02 |
| 5 | 1800 | 3000 |   30 |0.026093902 |1578639929840 |      72 |    73.0 | 1,39 | mscpb5.txt |1,3e+02 |
| 5 |  300 | 3000 |   30 |0.026093902 |1578639929840 |      72 |    72.0 | 0,00 | mscpb5.txt |1,3e+02 |
| 6 |    1 | 3000 |   30 |       0.25 |1578640061579 |      72 |  1691.0 |2248,61 | mscpb5.txt |0,0030 |
| 6 |  100 | 3000 |   30 | 0.01918148 |1578640061579 |      72 |   122.0 |69,44 | mscpb5.txt |  2,2 |
| 6 |  200 | 3000 |   30 |0.020664206 |1578640061579 |      72 |   122.0 |69,44 | mscpb5.txt |  5,6 |
| 6 |  300 | 3000 |   30 |0.021723455 |1578640061579 |      72 |   122.0 |69,44 | mscpb5.txt |   10 |
| 6 |  400 | 3000 |   30 |0.027567068 |1578640061579 |      72 |    96.0 |33,33 | mscpb5.txt |   16 |
| 6 |  500 | 3000 |   30 | 0.02660183 |1578640061579 |      72 |    90.0 |25,00 | mscpb5.txt |   22 |
| 6 |  600 | 3000 |   30 |0.030957999 |1578640061579 |      72 |    89.0 |23,61 | mscpb5.txt |   29 |
| 6 |  700 | 3000 |   30 | 0.03163246 |1578640061579 |      72 |    89.0 |23,61 | mscpb5.txt |   37 |
| 6 |  800 | 3000 |   30 |0.024704618 |1578640061579 |      72 |    86.0 |19,44 | mscpb5.txt |   44 |
| 6 |  900 | 3000 |   30 |0.024813022 |1578640061579 |      72 |    84.0 |16,67 | mscpb5.txt |   52 |
| 6 | 1000 | 3000 |   30 | 0.02379036 |1578640061579 |      72 |    84.0 |16,67 | mscpb5.txt |   60 |
| 6 | 1100 | 3000 |   30 |0.024392432 |1578640061579 |      72 |    84.0 |16,67 | mscpb5.txt |   67 |
| 6 | 1200 | 3000 |   30 | 0.02372375 |1578640061579 |      72 |    84.0 |16,67 | mscpb5.txt |   75 |
| 6 | 1300 | 3000 |   30 |0.023026895 |1578640061579 |      72 |    81.0 |12,50 | mscpb5.txt |   82 |
| 6 | 1400 | 3000 |   30 |0.025686137 |1578640061579 |      72 |    80.0 |11,11 | mscpb5.txt |   90 |
| 6 | 1500 | 3000 |   30 |0.027388535 |1578640061579 |      72 |    80.0 |11,11 | mscpb5.txt |   98 |
| 6 | 1600 | 3000 |   30 |0.026578072 |1578640061579 |      72 |    80.0 |11,11 | mscpb5.txt |1,1e+02 |
| 6 | 1700 | 3000 |   30 |0.025951868 |1578640061579 |      72 |    79.0 | 9,72 | mscpb5.txt |1,1e+02 |
| 6 | 1800 | 3000 |   30 | 0.02572975 |1578640061579 |      72 |    78.0 | 8,33 | mscpb5.txt |1,2e+02 |
| 6 | 1900 | 3000 |   30 |0.024609685 |1578640061579 |      72 |    78.0 | 8,33 | mscpb5.txt |1,3e+02 |
| 6 | 2000 | 3000 |   30 |0.024279078 |1578640061579 |      72 |    78.0 | 8,33 | mscpb5.txt |1,4e+02 |
| 6 | 2100 | 3000 |   30 |0.023578241 |1578640061579 |      72 |    78.0 | 8,33 | mscpb5.txt |1,4e+02 |
| 6 | 2200 | 3000 |   30 |  0.0235141 |1578640061579 |      72 |    78.0 | 8,33 | mscpb5.txt |1,5e+02 |
| 6 | 2300 | 3000 |   30 |0.021767523 |1578640061579 |      72 |    78.0 | 8,33 | mscpb5.txt |1,6e+02 |
| 6 | 2400 | 3000 |   30 |0.023003586 |1578640061579 |      72 |    78.0 | 8,33 | mscpb5.txt |1,7e+02 |
| 6 | 2500 | 3000 |   30 |0.023447791 |1578640061579 |      72 |    78.0 | 8,33 | mscpb5.txt |1,8e+02 |
| 6 | 2600 | 3000 |   30 |0.021001894 |1578640061579 |      72 |    75.0 | 4,17 | mscpb5.txt |1,8e+02 |
| 6 | 2700 | 3000 |   30 |0.022637287 |1578640061579 |      72 |    75.0 | 4,17 | mscpb5.txt |1,9e+02 |
| 6 | 2800 | 3000 |   30 |0.022917205 |1578640061579 |      72 |    75.0 | 4,17 | mscpb5.txt |2,0e+02 |
| 6 | 2900 | 3000 |   30 |0.021674205 |1578640061579 |      72 |    75.0 | 4,17 | mscpb5.txt |2,1e+02 |
| 6 | 3000 | 3000 |   30 |0.021973211 |1578640061579 |      72 |    75.0 | 4,17 | mscpb5.txt |2,1e+02 |
| 6 |  300 | 3000 |   30 |0.021973211 |1578640061579 |      72 |    75.0 | 4,17 | mscpb5.txt |2,1e+02 |
| 7 |    1 | 3000 |   30 |       0.25 |1578640275760 |      72 |  1848.0 |2466,67 | mscpb5.txt |0,0040 |
| 7 |  100 | 3000 |   30 |0.017340109 |1578640275760 |      72 |   137.0 |90,28 | mscpb5.txt |  1,4 |
| 7 |  200 | 3000 |   30 |0.015718328 |1578640275760 |      72 |   114.0 |58,33 | mscpb5.txt |  3,5 |
| 7 |  300 | 3000 |   30 |0.014656144 |1578640275760 |      72 |   105.0 |45,83 | mscpb5.txt |  8,0 |
| 7 |  400 | 3000 |   30 |0.017912706 |1578640275760 |      72 |    98.0 |36,11 | mscpb5.txt |   14 |
| 7 |  500 | 3000 |   30 |0.019390108 |1578640275760 |      72 |    91.0 |26,39 | mscpb5.txt |   20 |
| 7 |  600 | 3000 |   30 |0.019897085 |1578640275760 |      72 |    91.0 |26,39 | mscpb5.txt |   27 |
| 7 |  700 | 3000 |   30 |0.019103855 |1578640275760 |      72 |    87.0 |20,83 | mscpb5.txt |   33 |
| 7 |  800 | 3000 |   30 |0.018589908 |1578640275760 |      72 |    87.0 |20,83 | mscpb5.txt |   40 |
| 7 |  900 | 3000 |   30 |0.019262617 |1578640275760 |      72 |    85.0 |18,06 | mscpb5.txt |   47 |
| 7 | 1000 | 3000 |   30 |0.024326347 |1578640275760 |      72 |    85.0 |18,06 | mscpb5.txt |   54 |
| 7 | 1100 | 3000 |   30 | 0.02468077 |1578640275760 |      72 |    76.0 | 5,56 | mscpb5.txt |   61 |
| 7 | 1200 | 3000 |   30 |0.029733656 |1578640275760 |      72 |    73.0 | 1,39 | mscpb5.txt |   68 |
| 7 | 1300 | 3000 |   30 |0.026965654 |1578640275760 |      72 |    73.0 | 1,39 | mscpb5.txt |   75 |
| 7 | 1400 | 3000 |   30 |0.027366236 |1578640275760 |      72 |    73.0 | 1,39 | mscpb5.txt |   83 |
| 7 | 1500 | 3000 |   30 |0.030163998 |1578640275760 |      72 |    73.0 | 1,39 | mscpb5.txt |   91 |
| 7 | 1600 | 3000 |   30 |0.031192483 |1578640275760 |      72 |    73.0 | 1,39 | mscpb5.txt |   99 |
| 7 | 1700 | 3000 |   30 |0.032686926 |1578640275760 |      72 |    73.0 | 1,39 | mscpb5.txt |1,1e+02 |
| 7 |  300 | 3000 |   30 |0.032686926 |1578640275760 |      72 |    72.0 | 0,00 | mscpb5.txt |1,1e+02 |
| 8 |    1 | 3000 |   30 |       0.25 |1578640384398 |      72 |  1784.0 |2377,78 | mscpb5.txt |0,0030 |
| 8 |  100 | 3000 |   30 | 0.01779909 |1578640384398 |      72 |   114.0 |58,33 | mscpb5.txt |  2,0 |
| 8 |  200 | 3000 |   30 |0.020005241 |1578640384398 |      72 |   110.0 |52,78 | mscpb5.txt |  5,2 |
| 8 |  300 | 3000 |   30 | 0.02286446 |1578640384398 |      72 |    90.0 |25,00 | mscpb5.txt |  9,9 |
| 8 |  400 | 3000 |   30 | 0.02887732 |1578640384398 |      72 |    90.0 |25,00 | mscpb5.txt |   16 |
| 8 |  500 | 3000 |   30 |0.033951875 |1578640384398 |      72 |    90.0 |25,00 | mscpb5.txt |   22 |
| 8 |  600 | 3000 |   30 |0.032267526 |1578640384398 |      72 |    90.0 |25,00 | mscpb5.txt |   30 |
| 8 |  700 | 3000 |   30 |0.028458038 |1578640384398 |      72 |    90.0 |25,00 | mscpb5.txt |   38 |
| 8 |  800 | 3000 |   30 |0.031098891 |1578640384398 |      72 |    84.0 |16,67 | mscpb5.txt |   45 |
| 8 |  900 | 3000 |   30 |0.029041354 |1578640384398 |      72 |    84.0 |16,67 | mscpb5.txt |   52 |
| 8 | 1000 | 3000 |   30 |0.028757561 |1578640384398 |      72 |    84.0 |16,67 | mscpb5.txt |   60 |
| 8 | 1100 | 3000 |   30 |0.028921751 |1578640384398 |      72 |    81.0 |12,50 | mscpb5.txt |   67 |
| 8 | 1200 | 3000 |   30 |0.031188902 |1578640384398 |      72 |    81.0 |12,50 | mscpb5.txt |   74 |
| 8 | 1300 | 3000 |   30 |0.030017713 |1578640384398 |      72 |    81.0 |12,50 | mscpb5.txt |   82 |
| 8 | 1400 | 3000 |   30 |0.030550089 |1578640384398 |      72 |    81.0 |12,50 | mscpb5.txt |   90 |
| 8 | 1500 | 3000 |   30 |0.026313465 |1578640384398 |      72 |    81.0 |12,50 | mscpb5.txt |   97 |
| 8 | 1600 | 3000 |   30 | 0.02327399 |1578640384398 |      72 |    81.0 |12,50 | mscpb5.txt |1,1e+02 |
| 8 | 1700 | 3000 |   30 |0.024819028 |1578640384398 |      72 |    80.0 |11,11 | mscpb5.txt |1,1e+02 |
| 8 | 1800 | 3000 |   30 |0.025038987 |1578640384398 |      72 |    80.0 |11,11 | mscpb5.txt |1,2e+02 |
| 8 | 1900 | 3000 |   30 |0.023263684 |1578640384398 |      72 |    80.0 |11,11 | mscpb5.txt |1,3e+02 |
| 8 | 2000 | 3000 |   30 |0.024789844 |1578640384398 |      72 |    79.0 | 9,72 | mscpb5.txt |1,4e+02 |
| 8 | 2100 | 3000 |   30 |0.023048138 |1578640384398 |      72 |    79.0 | 9,72 | mscpb5.txt |1,5e+02 |
| 8 | 2200 | 3000 |   30 |0.024357913 |1578640384398 |      72 |    79.0 | 9,72 | mscpb5.txt |1,5e+02 |
| 8 | 2300 | 3000 |   30 |0.023925822 |1578640384398 |      72 |    79.0 | 9,72 | mscpb5.txt |1,6e+02 |
| 8 | 2400 | 3000 |   30 |0.022617389 |1578640384398 |      72 |    77.0 | 6,94 | mscpb5.txt |1,7e+02 |
| 8 | 2500 | 3000 |   30 | 0.02242525 |1578640384398 |      72 |    77.0 | 6,94 | mscpb5.txt |1,8e+02 |
| 8 | 2600 | 3000 |   30 |0.022369511 |1578640384398 |      72 |    77.0 | 6,94 | mscpb5.txt |1,9e+02 |
| 8 | 2700 | 3000 |   30 |0.022025337 |1578640384398 |      72 |    77.0 | 6,94 | mscpb5.txt |1,9e+02 |
| 8 | 2800 | 3000 |   30 |0.021631029 |1578640384398 |      72 |    77.0 | 6,94 | mscpb5.txt |2,0e+02 |
| 8 | 2900 | 3000 |   30 | 0.02120572 |1578640384398 |      72 |    77.0 | 6,94 | mscpb5.txt |2,1e+02 |
| 8 | 3000 | 3000 |   30 |0.022492895 |1578640384398 |      72 |    76.0 | 5,56 | mscpb5.txt |2,2e+02 |
| 8 |  300 | 3000 |   30 |0.022492895 |1578640384398 |      72 |    76.0 | 5,56 | mscpb5.txt |2,2e+02 |
| 9 |    1 | 3000 |   30 |       0.25 |1578640601567 |      72 |  1800.0 |2400,00 | mscpb5.txt |0,0050 |
| 9 |  100 | 3000 |   30 |0.019346232 |1578640601567 |      72 |   118.0 |63,89 | mscpb5.txt |  2,4 |
| 9 |  200 | 3000 |   30 |0.021630319 |1578640601567 |      72 |    95.0 |31,94 | mscpb5.txt |  6,9 |
| 9 |  300 | 3000 |   30 |0.029890276 |1578640601567 |      72 |    86.0 |19,44 | mscpb5.txt |   14 |
| 9 |  400 | 3000 |   30 |0.032695927 |1578640601567 |      72 |    82.0 |13,89 | mscpb5.txt |   21 |
| 9 |  500 | 3000 |   30 |0.032923833 |1578640601567 |      72 |    80.0 |11,11 | mscpb5.txt |   28 |
| 9 |  600 | 3000 |   30 |0.033333335 |1578640601567 |      72 |    79.0 | 9,72 | mscpb5.txt |   36 |
| 9 |  700 | 3000 |   30 | 0.04205358 |1578640601567 |      72 |    79.0 | 9,72 | mscpb5.txt |   44 |
| 9 |  800 | 3000 |   30 |0.039402604 |1578640601567 |      72 |    78.0 | 8,33 | mscpb5.txt |   52 |
| 9 |  900 | 3000 |   30 |0.038037196 |1578640601567 |      72 |    77.0 | 6,94 | mscpb5.txt |   60 |
| 9 | 1000 | 3000 |   30 |0.036307693 |1578640601567 |      72 |    75.0 | 4,17 | mscpb5.txt |   68 |
| 9 | 1100 | 3000 |   30 |0.035073653 |1578640601567 |      72 |    75.0 | 4,17 | mscpb5.txt |   76 |
| 9 | 1200 | 3000 |   30 | 0.03948718 |1578640601567 |      72 |    75.0 | 4,17 | mscpb5.txt |   84 |
| 9 | 1300 | 3000 |   30 |0.039361153 |1578640601567 |      72 |    75.0 | 4,17 | mscpb5.txt |   92 |
| 9 | 1400 | 3000 |   30 | 0.03982766 |1578640601567 |      72 |    75.0 | 4,17 | mscpb5.txt |1,0e+02 |
| 9 | 1500 | 3000 |   30 |0.039438717 |1578640601567 |      72 |    75.0 | 4,17 | mscpb5.txt |1,1e+02 |
| 9 | 1600 | 3000 |   30 |0.038908064 |1578640601567 |      72 |    75.0 | 4,17 | mscpb5.txt |1,2e+02 |
| 9 | 1700 | 3000 |   30 |0.039138537 |1578640601567 |      72 |    75.0 | 4,17 | mscpb5.txt |1,2e+02 |
| 9 | 1800 | 3000 |   30 | 0.03928867 |1578640601567 |      72 |    75.0 | 4,17 | mscpb5.txt |1,3e+02 |
| 9 | 1900 | 3000 |   30 |0.039026916 |1578640601567 |      72 |    74.0 | 2,78 | mscpb5.txt |1,4e+02 |
| 9 | 2000 | 3000 |   30 |0.036783755 |1578640601567 |      72 |    74.0 | 2,78 | mscpb5.txt |1,5e+02 |
| 9 | 2100 | 3000 |   30 |0.031908665 |1578640601567 |      72 |    73.0 | 1,39 | mscpb5.txt |1,6e+02 |
| 9 | 2200 | 3000 |   30 | 0.03332359 |1578640601567 |      72 |    73.0 | 1,39 | mscpb5.txt |1,7e+02 |
| 9 | 2300 | 3000 |   30 |0.033410806 |1578640601567 |      72 |    73.0 | 1,39 | mscpb5.txt |1,7e+02 |
| 9 | 2400 | 3000 |   30 | 0.03327563 |1578640601567 |      72 |    73.0 | 1,39 | mscpb5.txt |1,8e+02 |
| 9 | 2500 | 3000 |   30 |0.032757312 |1578640601567 |      72 |    73.0 | 1,39 | mscpb5.txt |1,9e+02 |
| 9 | 2600 | 3000 |   30 |0.031211106 |1578640601567 |      72 |    73.0 | 1,39 | mscpb5.txt |2,0e+02 |
| 9 | 2700 | 3000 |   30 |0.033214595 |1578640601567 |      72 |    73.0 | 1,39 | mscpb5.txt |2,1e+02 |
| 9 | 2800 | 3000 |   30 | 0.03344546 |1578640601567 |      72 |    73.0 | 1,39 | mscpb5.txt |2,2e+02 |
| 9 | 2900 | 3000 |   30 | 0.03168877 |1578640601567 |      72 |    73.0 | 1,39 | mscpb5.txt |2,3e+02 |
| 9 | 3000 | 3000 |   30 |0.030646672 |1578640601567 |      72 |    73.0 | 1,39 | mscpb5.txt |2,3e+02 |
| 9 |  300 | 3000 |   30 |0.030646672 |1578640601567 |      72 |    73.0 | 1,39 | mscpb5.txt |2,3e+02 |
|10 |    1 | 3000 |   30 |       0.25 |1578640835559 |      72 |  1837.0 |2451,39 | mscpb5.txt |0,0050 |
|10 |  100 | 3000 |   30 |0.015372298 |1578640835559 |      72 |   115.0 |59,72 | mscpb5.txt |  1,5 |
|10 |  200 | 3000 |   30 |0.017338049 |1578640835559 |      72 |   104.0 |44,44 | mscpb5.txt |  4,7 |
|10 |  300 | 3000 |   30 |0.027625928 |1578640835559 |      72 |    93.0 |29,17 | mscpb5.txt |   10 |
|10 |  400 | 3000 |   30 |0.030668339 |1578640835559 |      72 |    90.0 |25,00 | mscpb5.txt |   17 |
|10 |  500 | 3000 |   30 |0.030497905 |1578640835559 |      72 |    83.0 |15,28 | mscpb5.txt |   24 |
|10 |  600 | 3000 |   30 |0.033544693 |1578640835559 |      72 |    76.0 | 5,56 | mscpb5.txt |   31 |
|10 |  700 | 3000 |   30 |  0.0381615 |1578640835559 |      72 |    76.0 | 5,56 | mscpb5.txt |   39 |
|10 |  800 | 3000 |   30 | 0.04005168 |1578640835559 |      72 |    76.0 | 5,56 | mscpb5.txt |   47 |
|10 |  900 | 3000 |   30 | 0.04081192 |1578640835559 |      72 |    76.0 | 5,56 | mscpb5.txt |   56 |
|10 | 1000 | 3000 |   30 |0.038248397 |1578640835559 |      72 |    76.0 | 5,56 | mscpb5.txt |   64 |
|10 | 1100 | 3000 |   30 | 0.03531539 |1578640835559 |      72 |    76.0 | 5,56 | mscpb5.txt |   72 |
|10 | 1200 | 3000 |   30 |0.034544878 |1578640835559 |      72 |    76.0 | 5,56 | mscpb5.txt |   80 |
|10 | 1300 | 3000 |   30 | 0.03562047 |1578640835559 |      72 |    75.0 | 4,17 | mscpb5.txt |   89 |
|10 | 1400 | 3000 |   30 |0.032620095 |1578640835559 |      72 |    74.0 | 2,78 | mscpb5.txt |   97 |
|10 | 1500 | 3000 |   30 |  0.0357556 |1578640835559 |      72 |    74.0 | 2,78 | mscpb5.txt |1,1e+02 |
|10 | 1600 | 3000 |   30 |  0.0356843 |1578640835559 |      72 |    74.0 | 2,78 | mscpb5.txt |1,1e+02 |
|10 | 1700 | 3000 |   30 |0.039102565 |1578640835559 |      72 |    74.0 | 2,78 | mscpb5.txt |1,2e+02 |
|10 | 1800 | 3000 |   30 |0.036617354 |1578640835559 |      72 |    74.0 | 2,78 | mscpb5.txt |1,3e+02 |
|10 |  300 | 3000 |   30 |0.036617354 |1578640835559 |      72 |    72.0 | 0,00 | mscpb5.txt |1,4e+02 |
|11 |    1 | 3000 |   30 |       0.25 |1578640975197 |      72 |  1767.0 |2354,17 | mscpb5.txt |0,0030 |
|11 |  100 | 3000 |   30 |0.017359111 |1578640975197 |      72 |   103.0 |43,06 | mscpb5.txt |  2,4 |
|11 |  200 | 3000 |   30 |0.016752895 |1578640975197 |      72 |   102.0 |41,67 | mscpb5.txt |  6,0 |
|11 |  300 | 3000 |   30 |0.015231788 |1578640975197 |      72 |    91.0 |26,39 | mscpb5.txt |   11 |
|11 |  400 | 3000 |   30 |0.027009223 |1578640975197 |      72 |    84.0 |16,67 | mscpb5.txt |   18 |
|11 |  500 | 3000 |   30 |0.036009934 |1578640975197 |      72 |    84.0 |16,67 | mscpb5.txt |   24 |
|11 |  600 | 3000 |   30 |0.041141268 |1578640975197 |      72 |    80.0 |11,11 | mscpb5.txt |   32 |
|11 |  700 | 3000 |   30 |0.040021345 |1578640975197 |      72 |    79.0 | 9,72 | mscpb5.txt |   39 |
|11 |  800 | 3000 |   30 | 0.04258999 |1578640975197 |      72 |    79.0 | 9,72 | mscpb5.txt |   46 |
|11 |  900 | 3000 |   30 |0.043789383 |1578640975197 |      72 |    79.0 | 9,72 | mscpb5.txt |   54 |
|11 | 1000 | 3000 |   30 | 0.04055431 |1578640975197 |      72 |    77.0 | 6,94 | mscpb5.txt |   62 |
|11 | 1100 | 3000 |   30 | 0.03832227 |1578640975197 |      72 |    76.0 | 5,56 | mscpb5.txt |   70 |
|11 | 1200 | 3000 |   30 |0.033134006 |1578640975197 |      72 |    76.0 | 5,56 | mscpb5.txt |   79 |
|11 | 1300 | 3000 |   30 |0.034439873 |1578640975197 |      72 |    76.0 | 5,56 | mscpb5.txt |   87 |
|11 | 1400 | 3000 |   30 | 0.03325278 |1578640975197 |      72 |    76.0 | 5,56 | mscpb5.txt |   96 |
|11 | 1500 | 3000 |   30 |0.031394277 |1578640975197 |      72 |    76.0 | 5,56 | mscpb5.txt |1,0e+02 |
|11 | 1600 | 3000 |   30 | 0.03158384 |1578640975197 |      72 |    76.0 | 5,56 | mscpb5.txt |1,1e+02 |
|11 | 1700 | 3000 |   30 | 0.03302597 |1578640975197 |      72 |    76.0 | 5,56 | mscpb5.txt |1,2e+02 |
|11 | 1800 | 3000 |   30 | 0.03344889 |1578640975197 |      72 |    76.0 | 5,56 | mscpb5.txt |1,3e+02 |
|11 | 1900 | 3000 |   30 | 0.03356133 |1578640975197 |      72 |    75.0 | 4,17 | mscpb5.txt |1,4e+02 |
|11 | 2000 | 3000 |   30 |0.031025384 |1578640975197 |      72 |    75.0 | 4,17 | mscpb5.txt |1,5e+02 |
|11 | 2100 | 3000 |   30 | 0.03263851 |1578640975197 |      72 |    74.0 | 2,78 | mscpb5.txt |1,6e+02 |
|11 | 2200 | 3000 |   30 |0.033549584 |1578640975197 |      72 |    74.0 | 2,78 | mscpb5.txt |1,6e+02 |
|11 | 2300 | 3000 |   30 |0.030422073 |1578640975197 |      72 |    74.0 | 2,78 | mscpb5.txt |1,7e+02 |
|11 | 2400 | 3000 |   30 |0.030396797 |1578640975197 |      72 |    74.0 | 2,78 | mscpb5.txt |1,8e+02 |
|11 | 2500 | 3000 |   30 | 0.02932761 |1578640975197 |      72 |    74.0 | 2,78 | mscpb5.txt |1,9e+02 |
|11 | 2600 | 3000 |   30 |0.031153496 |1578640975197 |      72 |    74.0 | 2,78 | mscpb5.txt |2,0e+02 |
|11 | 2700 | 3000 |   30 |0.032199383 |1578640975197 |      72 |    74.0 | 2,78 | mscpb5.txt |2,1e+02 |
|11 | 2800 | 3000 |   30 |0.032199383 |1578640975197 |      72 |    74.0 | 2,78 | mscpb5.txt |2,1e+02 |
|11 | 2900 | 3000 |   30 |0.032665584 |1578640975197 |      72 |    74.0 | 2,78 | mscpb5.txt |2,2e+02 |
|11 | 3000 | 3000 |   30 |0.031438608 |1578640975197 |      72 |    74.0 | 2,78 | mscpb5.txt |2,3e+02 |
|11 |  300 | 3000 |   30 |0.031438608 |1578640975197 |      72 |    74.0 | 2,78 | mscpb5.txt |2,3e+02 |
|12 |    1 | 3000 |   30 |       0.25 |1578641207731 |      72 |  1836.0 |2450,00 | mscpb5.txt |0,0040 |
|12 |  100 | 3000 |   30 |0.018730735 |1578641207731 |      72 |   127.0 |76,39 | mscpb5.txt |  1,5 |
|12 |  200 | 3000 |   30 | 0.01682613 |1578641207731 |      72 |   107.0 |48,61 | mscpb5.txt |  5,0 |
|12 |  300 | 3000 |   30 |0.017811704 |1578641207731 |      72 |    98.0 |36,11 | mscpb5.txt |  9,9 |
|12 |  400 | 3000 |   30 |0.021350505 |1578641207731 |      72 |    96.0 |33,33 | mscpb5.txt |   16 |
|12 |  500 | 3000 |   30 |0.023648351 |1578641207731 |      72 |    88.0 |22,22 | mscpb5.txt |   22 |
|12 |  600 | 3000 |   30 |0.023372728 |1578641207731 |      72 |    88.0 |22,22 | mscpb5.txt |   29 |
|12 |  700 | 3000 |   30 |0.025240159 |1578641207731 |      72 |    82.0 |13,89 | mscpb5.txt |   35 |
|12 |  800 | 3000 |   30 |0.026643991 |1578641207731 |      72 |    82.0 |13,89 | mscpb5.txt |   42 |
|12 |  900 | 3000 |   30 |0.024234936 |1578641207731 |      72 |    82.0 |13,89 | mscpb5.txt |   49 |
|12 | 1000 | 3000 |   30 |0.021070875 |1578641207731 |      72 |    78.0 | 8,33 | mscpb5.txt |   56 |
|12 | 1100 | 3000 |   30 |0.026869938 |1578641207731 |      72 |    77.0 | 6,94 | mscpb5.txt |   63 |
|12 | 1200 | 3000 |   30 |0.032003988 |1578641207731 |      72 |    76.0 | 5,56 | mscpb5.txt |   70 |
|12 | 1300 | 3000 |   30 |0.031662006 |1578641207731 |      72 |    76.0 | 5,56 | mscpb5.txt |   77 |
|12 | 1400 | 3000 |   30 |0.035357106 |1578641207731 |      72 |    76.0 | 5,56 | mscpb5.txt |   85 |
|12 | 1500 | 3000 |   30 |  0.0340729 |1578641207731 |      72 |    73.0 | 1,39 | mscpb5.txt |   94 |
|12 | 1600 | 3000 |   30 |0.031007025 |1578641207731 |      72 |    73.0 | 1,39 | mscpb5.txt |1,0e+02 |
|12 | 1700 | 3000 |   30 |0.028881848 |1578641207731 |      72 |    73.0 | 1,39 | mscpb5.txt |1,1e+02 |
|12 |  300 | 3000 |   30 |0.028881848 |1578641207731 |      72 |    72.0 | 0,00 | mscpb5.txt |1,1e+02 |
|13 |    1 | 3000 |   30 |       0.25 |1578641320678 |      72 |  1868.0 |2494,44 | mscpb5.txt |0,0030 |
|13 |  100 | 3000 |   30 |0.015944961 |1578641320678 |      72 |   117.0 |62,50 | mscpb5.txt |  1,8 |
|13 |  200 | 3000 |   30 |0.015920479 |1578641320678 |      72 |   100.0 |38,89 | mscpb5.txt |  4,6 |
|13 |  300 | 3000 |   30 |0.016726604 |1578641320678 |      72 |   100.0 |38,89 | mscpb5.txt |  9,1 |
|13 |  400 | 3000 |   30 |0.019458989 |1578641320678 |      72 |    92.0 |27,78 | mscpb5.txt |   15 |
|13 |  500 | 3000 |   30 |0.020120725 |1578641320678 |      72 |    91.0 |26,39 | mscpb5.txt |   21 |
|13 |  600 | 3000 |   30 | 0.01978786 |1578641320678 |      72 |    87.0 |20,83 | mscpb5.txt |   28 |
|13 |  700 | 3000 |   30 |0.025164114 |1578641320678 |      72 |    87.0 |20,83 | mscpb5.txt |   34 |
|13 |  800 | 3000 |   30 |0.029326646 |1578641320678 |      72 |    80.0 |11,11 | mscpb5.txt |   41 |
|13 |  900 | 3000 |   30 | 0.03199215 |1578641320678 |      72 |    78.0 | 8,33 | mscpb5.txt |   48 |
|13 | 1000 | 3000 |   30 |0.032083455 |1578641320678 |      72 |    76.0 | 5,56 | mscpb5.txt |   55 |
|13 | 1100 | 3000 |   30 |0.035577618 |1578641320678 |      72 |    76.0 | 5,56 | mscpb5.txt |   63 |
|13 | 1200 | 3000 |   30 |0.034795143 |1578641320678 |      72 |    76.0 | 5,56 | mscpb5.txt |   71 |
|13 | 1300 | 3000 |   30 | 0.03825251 |1578641320678 |      72 |    74.0 | 2,78 | mscpb5.txt |   80 |
|13 | 1400 | 3000 |   30 |0.036996078 |1578641320678 |      72 |    73.0 | 1,39 | mscpb5.txt |   88 |
|13 | 1500 | 3000 |   30 | 0.03673635 |1578641320678 |      72 |    73.0 | 1,39 | mscpb5.txt |   97 |
|13 |  300 | 3000 |   30 | 0.03673635 |1578641320678 |      72 |    72.0 | 0,00 | mscpb5.txt |1,0e+02 |
|14 |    1 | 3000 |   30 |       0.25 |1578641421989 |      72 |  1834.0 |2447,22 | mscpb5.txt |0,0040 |
|14 |  100 | 3000 |   30 |0.017522512 |1578641421989 |      72 |   148.0 |105,56 | mscpb5.txt |  1,4 |
|14 |  200 | 3000 |   30 |0.016102664 |1578641421989 |      72 |    95.0 |31,94 | mscpb5.txt |  4,3 |
|14 |  300 | 3000 |   30 |0.016412182 |1578641421989 |      72 |    95.0 |31,94 | mscpb5.txt |  8,8 |
|14 |  400 | 3000 |   30 |0.018363375 |1578641421989 |      72 |    95.0 |31,94 | mscpb5.txt |   15 |
|14 |  500 | 3000 |   30 |0.022915915 |1578641421989 |      72 |    88.0 |22,22 | mscpb5.txt |   21 |
|14 |  600 | 3000 |   30 | 0.03697128 |1578641421989 |      72 |    82.0 |13,89 | mscpb5.txt |   28 |
|14 |  700 | 3000 |   30 |0.038638745 |1578641421989 |      72 |    79.0 | 9,72 | mscpb5.txt |   36 |
|14 |  800 | 3000 |   30 |0.041770913 |1578641421989 |      72 |    79.0 | 9,72 | mscpb5.txt |   44 |
|14 |  900 | 3000 |   30 | 0.03983051 |1578641421989 |      72 |    79.0 | 9,72 | mscpb5.txt |   52 |
|14 | 1000 | 3000 |   30 | 0.03662504 |1578641421989 |      72 |    79.0 | 9,72 | mscpb5.txt |   60 |
|14 | 1100 | 3000 |   30 | 0.03378308 |1578641421989 |      72 |    79.0 | 9,72 | mscpb5.txt |   67 |
|14 | 1200 | 3000 |   30 |  0.0384533 |1578641421989 |      72 |    79.0 | 9,72 | mscpb5.txt |   75 |
|14 | 1300 | 3000 |   30 |0.040230498 |1578641421989 |      72 |    79.0 | 9,72 | mscpb5.txt |   83 |
|14 | 1400 | 3000 |   30 | 0.04067234 |1578641421989 |      72 |    79.0 | 9,72 | mscpb5.txt |   91 |
|14 | 1500 | 3000 |   30 | 0.03879088 |1578641421989 |      72 |    79.0 | 9,72 | mscpb5.txt |   99 |
|14 | 1600 | 3000 |   30 |  0.0419677 |1578641421989 |      72 |    79.0 | 9,72 | mscpb5.txt |1,1e+02 |
|14 | 1700 | 3000 |   30 |0.044659153 |1578641421989 |      72 |    79.0 | 9,72 | mscpb5.txt |1,1e+02 |
|14 | 1800 | 3000 |   30 | 0.04103215 |1578641421989 |      72 |    79.0 | 9,72 | mscpb5.txt |1,2e+02 |
|14 | 1900 | 3000 |   30 |0.041031037 |1578641421989 |      72 |    79.0 | 9,72 | mscpb5.txt |1,3e+02 |
|14 | 2000 | 3000 |   30 | 0.04241906 |1578641421989 |      72 |    79.0 | 9,72 | mscpb5.txt |1,4e+02 |
|14 | 2100 | 3000 |   30 | 0.04038055 |1578641421989 |      72 |    78.0 | 8,33 | mscpb5.txt |1,5e+02 |
|14 | 2200 | 3000 |   30 | 0.04025157 |1578641421989 |      72 |    78.0 | 8,33 | mscpb5.txt |1,5e+02 |
|14 | 2300 | 3000 |   30 |0.040029187 |1578641421989 |      72 |    78.0 | 8,33 | mscpb5.txt |1,6e+02 |
|14 | 2400 | 3000 |   30 | 0.04132841 |1578641421989 |      72 |    78.0 | 8,33 | mscpb5.txt |1,7e+02 |
|14 | 2500 | 3000 |   30 |0.040170673 |1578641421989 |      72 |    77.0 | 6,94 | mscpb5.txt |1,8e+02 |
|14 | 2600 | 3000 |   30 |0.038457584 |1578641421989 |      72 |    76.0 | 5,56 | mscpb5.txt |1,9e+02 |
|14 | 2700 | 3000 |   30 | 0.03727455 |1578641421989 |      72 |    74.0 | 2,78 | mscpb5.txt |2,0e+02 |
|14 | 2800 | 3000 |   30 | 0.03273547 |1578641421989 |      72 |    74.0 | 2,78 | mscpb5.txt |2,0e+02 |
|14 | 2900 | 3000 |   30 | 0.03314385 |1578641421989 |      72 |    74.0 | 2,78 | mscpb5.txt |2,1e+02 |
|14 | 3000 | 3000 |   30 |0.029297061 |1578641421989 |      72 |    74.0 | 2,78 | mscpb5.txt |2,2e+02 |
|14 |  300 | 3000 |   30 |0.029297061 |1578641421989 |      72 |    74.0 | 2,78 | mscpb5.txt |2,2e+02 |
|15 |    1 | 3000 |   30 |       0.25 |1578641643916 |      72 |  1705.0 |2268,06 | mscpb5.txt |0,0040 |
|15 |  100 | 3000 |   30 |0.014971729 |1578641643916 |      72 |   109.0 |51,39 | mscpb5.txt |  2,0 |
|15 |  200 | 3000 |   30 |0.017322175 |1578641643916 |      72 |    94.0 |30,56 | mscpb5.txt |  6,4 |
|15 |  300 | 3000 |   30 |0.018296853 |1578641643916 |      72 |    91.0 |26,39 | mscpb5.txt |   13 |
|15 |  400 | 3000 |   30 |0.021370605 |1578641643916 |      72 |    91.0 |26,39 | mscpb5.txt |   20 |
|15 |  500 | 3000 |   30 |0.028650295 |1578641643916 |      72 |    81.0 |12,50 | mscpb5.txt |   28 |
|15 |  300 | 3000 |   30 |0.028650295 |1578641643916 |      72 |    72.0 | 0,00 | mscpb5.txt |   32 |
|16 |    1 | 3000 |   30 |       0.25 |1578641676058 |      72 |  1778.0 |2369,44 | mscpb5.txt |0,0030 |
|16 |  100 | 3000 |   30 |0.015171555 |1578641676058 |      72 |   122.0 |69,44 | mscpb5.txt |  1,6 |
|16 |  200 | 3000 |   30 |0.016094243 |1578641676058 |      72 |    96.0 |33,33 | mscpb5.txt |  4,7 |
|16 |  300 | 3000 |   30 | 0.01585552 |1578641676058 |      72 |    95.0 |31,94 | mscpb5.txt |   10 |
|16 |  400 | 3000 |   30 |0.021549828 |1578641676058 |      72 |    89.0 |23,61 | mscpb5.txt |   16 |
|16 |  500 | 3000 |   30 |0.026131118 |1578641676058 |      72 |    87.0 |20,83 | mscpb5.txt |   22 |
|16 |  600 | 3000 |   30 |0.025754966 |1578641676058 |      72 |    86.0 |19,44 | mscpb5.txt |   29 |
|16 |  700 | 3000 |   30 |0.025266971 |1578641676058 |      72 |    84.0 |16,67 | mscpb5.txt |   36 |
|16 |  800 | 3000 |   30 |0.029097501 |1578641676058 |      72 |    81.0 |12,50 | mscpb5.txt |   43 |
|16 |  900 | 3000 |   30 |0.026340723 |1578641676058 |      72 |    81.0 |12,50 | mscpb5.txt |   51 |
|16 | 1000 | 3000 |   30 |0.028969957 |1578641676058 |      72 |    81.0 |12,50 | mscpb5.txt |   58 |
|16 | 1100 | 3000 |   30 |0.028387839 |1578641676058 |      72 |    81.0 |12,50 | mscpb5.txt |   66 |
|16 | 1200 | 3000 |   30 | 0.02580948 |1578641676058 |      72 |    78.0 | 8,33 | mscpb5.txt |   73 |
|16 | 1300 | 3000 |   30 |0.025249291 |1578641676058 |      72 |    78.0 | 8,33 | mscpb5.txt |   81 |
|16 | 1400 | 3000 |   30 |0.023249598 |1578641676058 |      72 |    77.0 | 6,94 | mscpb5.txt |   89 |
|16 | 1500 | 3000 |   30 |0.024972558 |1578641676058 |      72 |    76.0 | 5,56 | mscpb5.txt |   96 |
|16 | 1600 | 3000 |   30 |0.026102195 |1578641676058 |      72 |    76.0 | 5,56 | mscpb5.txt |1,0e+02 |
|16 | 1700 | 3000 |   30 | 0.02288539 |1578641676058 |      72 |    76.0 | 5,56 | mscpb5.txt |1,1e+02 |
|16 | 1800 | 3000 |   30 |0.023405446 |1578641676058 |      72 |    75.0 | 4,17 | mscpb5.txt |1,2e+02 |
|16 | 1900 | 3000 |   30 |0.028074866 |1578641676058 |      72 |    74.0 | 2,78 | mscpb5.txt |1,3e+02 |
|16 | 2000 | 3000 |   30 |0.025387343 |1578641676058 |      72 |    74.0 | 2,78 | mscpb5.txt |1,4e+02 |
|16 | 2100 | 3000 |   30 |0.027076509 |1578641676058 |      72 |    74.0 | 2,78 | mscpb5.txt |1,4e+02 |
|16 | 2200 | 3000 |   30 |0.025693037 |1578641676058 |      72 |    73.0 | 1,39 | mscpb5.txt |1,5e+02 |
|16 | 2300 | 3000 |   30 | 0.02835001 |1578641676058 |      72 |    73.0 | 1,39 | mscpb5.txt |1,6e+02 |
|16 | 2400 | 3000 |   30 |0.032133676 |1578641676058 |      72 |    73.0 | 1,39 | mscpb5.txt |1,7e+02 |
|16 | 2500 | 3000 |   30 |0.030793218 |1578641676058 |      72 |    73.0 | 1,39 | mscpb5.txt |1,8e+02 |
|16 | 2600 | 3000 |   30 |0.029386261 |1578641676058 |      72 |    73.0 | 1,39 | mscpb5.txt |1,8e+02 |
|16 | 2700 | 3000 |   30 |0.031392355 |1578641676058 |      72 |    73.0 | 1,39 | mscpb5.txt |1,9e+02 |
|16 |  300 | 3000 |   30 |0.031392355 |1578641676058 |      72 |    72.0 | 0,00 | mscpb5.txt |2,0e+02 |
|17 |    1 | 3000 |   30 |       0.25 |1578641872931 |      72 |  1812.0 |2416,67 | mscpb5.txt |0,0030 |
|17 |  100 | 3000 |   30 |0.014878126 |1578641872931 |      72 |   114.0 |58,33 | mscpb5.txt |  1,7 |
|17 |  200 | 3000 |   30 | 0.01791411 |1578641872931 |      72 |    94.0 |30,56 | mscpb5.txt |  4,4 |
|17 |  300 | 3000 |   30 |0.020585906 |1578641872931 |      72 |    94.0 |30,56 | mscpb5.txt |  8,7 |
|17 |  400 | 3000 |   30 |0.020200245 |1578641872931 |      72 |    94.0 |30,56 | mscpb5.txt |   15 |
|17 |  500 | 3000 |   30 |0.024678806 |1578641872931 |      72 |    94.0 |30,56 | mscpb5.txt |   21 |
|17 |  600 | 3000 |   30 |0.030282509 |1578641872931 |      72 |    77.0 | 6,94 | mscpb5.txt |   27 |
|17 |  700 | 3000 |   30 | 0.03228022 |1578641872931 |      72 |    77.0 | 6,94 | mscpb5.txt |   34 |
|17 |  800 | 3000 |   30 |0.030094165 |1578641872931 |      72 |    77.0 | 6,94 | mscpb5.txt |   41 |
|17 |  900 | 3000 |   30 |0.032385465 |1578641872931 |      72 |    74.0 | 2,78 | mscpb5.txt |   48 |
|17 | 1000 | 3000 |   30 |0.030499166 |1578641872931 |      72 |    74.0 | 2,78 | mscpb5.txt |   56 |
|17 | 1100 | 3000 |   30 | 0.03535148 |1578641872931 |      72 |    74.0 | 2,78 | mscpb5.txt |   63 |
|17 | 1200 | 3000 |   30 |0.035132643 |1578641872931 |      72 |    74.0 | 2,78 | mscpb5.txt |   70 |
|17 | 1300 | 3000 |   30 | 0.03610594 |1578641872931 |      72 |    74.0 | 2,78 | mscpb5.txt |   77 |
|17 | 1400 | 3000 |   30 |0.036612805 |1578641872931 |      72 |    74.0 | 2,78 | mscpb5.txt |   85 |
|17 | 1500 | 3000 |   30 |0.033323355 |1578641872931 |      72 |    74.0 | 2,78 | mscpb5.txt |   92 |
|17 | 1600 | 3000 |   30 |0.030152196 |1578641872931 |      72 |    74.0 | 2,78 | mscpb5.txt |1,0e+02 |
|17 | 1700 | 3000 |   30 |0.029434035 |1578641872931 |      72 |    74.0 | 2,78 | mscpb5.txt |1,1e+02 |
|17 | 1800 | 3000 |   30 |0.029394757 |1578641872931 |      72 |    74.0 | 2,78 | mscpb5.txt |1,2e+02 |
|17 | 1900 | 3000 |   30 |0.030341713 |1578641872931 |      72 |    74.0 | 2,78 | mscpb5.txt |1,2e+02 |
|17 | 2000 | 3000 |   30 |0.033889882 |1578641872931 |      72 |    74.0 | 2,78 | mscpb5.txt |1,3e+02 |
|17 | 2100 | 3000 |   30 |0.031713303 |1578641872931 |      72 |    74.0 | 2,78 | mscpb5.txt |1,4e+02 |
|17 | 2200 | 3000 |   30 | 0.02954308 |1578641872931 |      72 |    74.0 | 2,78 | mscpb5.txt |1,5e+02 |
|17 |  300 | 3000 |   30 | 0.02954308 |1578641872931 |      72 |    72.0 | 0,00 | mscpb5.txt |1,5e+02 |
|18 |    1 | 3000 |   30 |       0.25 |1578642020706 |      72 |  1810.0 |2413,89 | mscpb5.txt |0,0030 |
|18 |  100 | 3000 |   30 |0.019520633 |1578642020706 |      72 |   128.0 |77,78 | mscpb5.txt |  2,1 |
|18 |  200 | 3000 |   30 |0.017998133 |1578642020706 |      72 |    95.0 |31,94 | mscpb5.txt |  5,9 |
|18 |  300 | 3000 |   30 |0.019752199 |1578642020706 |      72 |    95.0 |31,94 | mscpb5.txt |   11 |
|18 |  400 | 3000 |   30 |0.026810158 |1578642020706 |      72 |    87.0 |20,83 | mscpb5.txt |   18 |
|18 |  500 | 3000 |   30 |0.032020647 |1578642020706 |      72 |    83.0 |15,28 | mscpb5.txt |   25 |
|18 |  600 | 3000 |   30 |0.030365705 |1578642020706 |      72 |    78.0 | 8,33 | mscpb5.txt |   33 |
|18 |  700 | 3000 |   30 |0.033239927 |1578642020706 |      72 |    78.0 | 8,33 | mscpb5.txt |   41 |
|18 |  800 | 3000 |   30 |0.034324486 |1578642020706 |      72 |    78.0 | 8,33 | mscpb5.txt |   48 |
|18 |  900 | 3000 |   30 |0.036163524 |1578642020706 |      72 |    78.0 | 8,33 | mscpb5.txt |   56 |
|18 | 1000 | 3000 |   30 |0.033185415 |1578642020706 |      72 |    78.0 | 8,33 | mscpb5.txt |   64 |
|18 | 1100 | 3000 |   30 |0.032818165 |1578642020706 |      72 |    78.0 | 8,33 | mscpb5.txt |   72 |
|18 | 1200 | 3000 |   30 | 0.03642987 |1578642020706 |      72 |    78.0 | 8,33 | mscpb5.txt |   80 |
|18 | 1300 | 3000 |   30 | 0.03525732 |1578642020706 |      72 |    77.0 | 6,94 | mscpb5.txt |   88 |
|18 | 1400 | 3000 |   30 |  0.0355119 |1578642020706 |      72 |    77.0 | 6,94 | mscpb5.txt |   97 |
|18 | 1500 | 3000 |   30 | 0.03609281 |1578642020706 |      72 |    77.0 | 6,94 | mscpb5.txt |1,1e+02 |
|18 | 1600 | 3000 |   30 |  0.0358039 |1578642020706 |      72 |    77.0 | 6,94 | mscpb5.txt |1,1e+02 |
|18 | 1700 | 3000 |   30 | 0.03449594 |1578642020706 |      72 |    77.0 | 6,94 | mscpb5.txt |1,2e+02 |
|18 | 1800 | 3000 |   30 |0.037018806 |1578642020706 |      72 |    77.0 | 6,94 | mscpb5.txt |1,3e+02 |
|18 | 1900 | 3000 |   30 |0.033885103 |1578642020706 |      72 |    77.0 | 6,94 | mscpb5.txt |1,4e+02 |
|18 | 2000 | 3000 |   30 |0.033214252 |1578642020706 |      72 |    77.0 | 6,94 | mscpb5.txt |1,5e+02 |
|18 | 2100 | 3000 |   30 |  0.0319745 |1578642020706 |      72 |    77.0 | 6,94 | mscpb5.txt |1,5e+02 |
|18 | 2200 | 3000 |   30 |0.033107456 |1578642020706 |      72 |    77.0 | 6,94 | mscpb5.txt |1,6e+02 |
|18 | 2300 | 3000 |   30 |0.034035187 |1578642020706 |      72 |    77.0 | 6,94 | mscpb5.txt |1,7e+02 |
|18 | 2400 | 3000 |   30 |0.034399923 |1578642020706 |      72 |    77.0 | 6,94 | mscpb5.txt |1,8e+02 |
|18 | 2500 | 3000 |   30 | 0.03253524 |1578642020706 |      72 |    77.0 | 6,94 | mscpb5.txt |1,9e+02 |
|18 | 2600 | 3000 |   30 |0.035101328 |1578642020706 |      72 |    77.0 | 6,94 | mscpb5.txt |1,9e+02 |
|18 | 2700 | 3000 |   30 |0.032120522 |1578642020706 |      72 |    77.0 | 6,94 | mscpb5.txt |2,0e+02 |
|18 | 2800 | 3000 |   30 | 0.03174303 |1578642020706 |      72 |    77.0 | 6,94 | mscpb5.txt |2,1e+02 |
|18 | 2900 | 3000 |   30 | 0.03174303 |1578642020706 |      72 |    77.0 | 6,94 | mscpb5.txt |2,2e+02 |
|18 | 3000 | 3000 |   30 |0.032066956 |1578642020706 |      72 |    77.0 | 6,94 | mscpb5.txt |2,3e+02 |
|18 |  300 | 3000 |   30 |0.032066956 |1578642020706 |      72 |    77.0 | 6,94 | mscpb5.txt |2,3e+02 |
|19 |    1 | 3000 |   30 |       0.25 |1578642248468 |      72 |   133.0 |84,72 | mscpb5.txt |0,0070 |
|19 |  100 | 3000 |   30 |0.019077772 |1578642248468 |      72 |   115.0 |59,72 | mscpb5.txt |  3,1 |
|19 |  200 | 3000 |   30 | 0.01874947 |1578642248468 |      72 |   100.0 |38,89 | mscpb5.txt |  7,8 |
|19 |  300 | 3000 |   30 | 0.02388535 |1578642248468 |      72 |    89.0 |23,61 | mscpb5.txt |   13 |
|19 |  400 | 3000 |   30 |0.025476556 |1578642248468 |      72 |    88.0 |22,22 | mscpb5.txt |   20 |
|19 |  500 | 3000 |   30 |0.025762836 |1578642248468 |      72 |    88.0 |22,22 | mscpb5.txt |   27 |
|19 |  600 | 3000 |   30 |0.027705709 |1578642248468 |      72 |    82.0 |13,89 | mscpb5.txt |   34 |
|19 |  700 | 3000 |   30 |0.024200127 |1578642248468 |      72 |    80.0 |11,11 | mscpb5.txt |   41 |
|19 |  800 | 3000 |   30 |0.026129812 |1578642248468 |      72 |    80.0 |11,11 | mscpb5.txt |   49 |
|19 |  900 | 3000 |   30 | 0.03134182 |1578642248468 |      72 |    79.0 | 9,72 | mscpb5.txt |   56 |
|19 | 1000 | 3000 |   30 |0.029392054 |1578642248468 |      72 |    77.0 | 6,94 | mscpb5.txt |   64 |
|19 | 1100 | 3000 |   30 |0.032158196 |1578642248468 |      72 |    76.0 | 5,56 | mscpb5.txt |   72 |
|19 | 1200 | 3000 |   30 | 0.03323568 |1578642248468 |      72 |    75.0 | 4,17 | mscpb5.txt |   80 |
|19 | 1300 | 3000 |   30 |0.030960362 |1578642248468 |      72 |    75.0 | 4,17 | mscpb5.txt |   88 |
|19 | 1400 | 3000 |   30 |0.030751266 |1578642248468 |      72 |    74.0 | 2,78 | mscpb5.txt |   97 |
|19 | 1500 | 3000 |   30 |0.033905108 |1578642248468 |      72 |    73.0 | 1,39 | mscpb5.txt |1,1e+02 |
|19 | 1600 | 3000 |   30 |0.031222472 |1578642248468 |      72 |    73.0 | 1,39 | mscpb5.txt |1,1e+02 |
|19 | 1700 | 3000 |   30 |0.030865403 |1578642248468 |      72 |    73.0 | 1,39 | mscpb5.txt |1,2e+02 |
|19 | 1800 | 3000 |   30 |0.031689793 |1578642248468 |      72 |    73.0 | 1,39 | mscpb5.txt |1,3e+02 |
|19 | 1900 | 3000 |   30 |0.032223206 |1578642248468 |      72 |    73.0 | 1,39 | mscpb5.txt |1,4e+02 |
|19 | 2000 | 3000 |   30 |0.032387085 |1578642248468 |      72 |    73.0 | 1,39 | mscpb5.txt |1,5e+02 |
|19 | 2100 | 3000 |   30 | 0.03130418 |1578642248468 |      72 |    73.0 | 1,39 | mscpb5.txt |1,6e+02 |
|19 | 2200 | 3000 |   30 |0.027775126 |1578642248468 |      72 |    73.0 | 1,39 | mscpb5.txt |1,7e+02 |
|19 | 2300 | 3000 |   30 |0.027481772 |1578642248468 |      72 |    73.0 | 1,39 | mscpb5.txt |1,8e+02 |
|19 | 2400 | 3000 |   30 |0.028590115 |1578642248468 |      72 |    73.0 | 1,39 | mscpb5.txt |1,8e+02 |
|19 | 2500 | 3000 |   30 |0.029642059 |1578642248468 |      72 |    73.0 | 1,39 | mscpb5.txt |1,9e+02 |
|19 | 2600 | 3000 |   30 |0.028616704 |1578642248468 |      72 |    73.0 | 1,39 | mscpb5.txt |2,0e+02 |
|19 | 2700 | 3000 |   30 |0.028616704 |1578642248468 |      72 |    73.0 | 1,39 | mscpb5.txt |2,1e+02 |
|19 | 2800 | 3000 |   30 |0.028579434 |1578642248468 |      72 |    73.0 | 1,39 | mscpb5.txt |2,2e+02 |
|19 | 2900 | 3000 |   30 |0.028579434 |1578642248468 |      72 |    73.0 | 1,39 | mscpb5.txt |2,3e+02 |
|19 | 3000 | 3000 |   30 |0.028584773 |1578642248468 |      72 |    73.0 | 1,39 | mscpb5.txt |2,4e+02 |
|19 |  300 | 3000 |   30 |0.028584773 |1578642248468 |      72 |    73.0 | 1,39 | mscpb5.txt |2,4e+02 |
|20 |    1 | 3000 |   30 |       0.25 |1578642486489 |      72 |  1793.0 |2390,28 | mscpb5.txt |0,0040 |
|20 |  100 | 3000 |   30 |0.015929349 |1578642486489 |      72 |   120.0 |66,67 | mscpb5.txt |  1,7 |
|20 |  200 | 3000 |   30 |0.016419942 |1578642486489 |      72 |    98.0 |36,11 | mscpb5.txt |  5,1 |
|20 |  300 | 3000 |   30 |0.025516056 |1578642486489 |      72 |    93.0 |29,17 | mscpb5.txt |   11 |
|20 |  400 | 3000 |   30 |0.023916293 |1578642486489 |      72 |    89.0 |23,61 | mscpb5.txt |   19 |
|20 |  500 | 3000 |   30 |0.024195049 |1578642486489 |      72 |    86.0 |19,44 | mscpb5.txt |   27 |
|20 |  600 | 3000 |   30 | 0.02207945 |1578642486489 |      72 |    78.0 | 8,33 | mscpb5.txt |   35 |
|20 |  700 | 3000 |   30 |0.023739956 |1578642486489 |      72 |    78.0 | 8,33 | mscpb5.txt |   43 |
|20 |  800 | 3000 |   30 | 0.02579239 |1578642486489 |      72 |    78.0 | 8,33 | mscpb5.txt |   50 |
|20 |  900 | 3000 |   30 |0.020822067 |1578642486489 |      72 |    78.0 | 8,33 | mscpb5.txt |   58 |
|20 | 1000 | 3000 |   30 | 0.02627469 |1578642486489 |      72 |    78.0 | 8,33 | mscpb5.txt |   65 |
|20 | 1100 | 3000 |   30 |  0.0260137 |1578642486489 |      72 |    78.0 | 8,33 | mscpb5.txt |   73 |
|20 | 1200 | 3000 |   30 |0.023873664 |1578642486489 |      72 |    78.0 | 8,33 | mscpb5.txt |   81 |
|20 | 1300 | 3000 |   30 | 0.02680239 |1578642486489 |      72 |    78.0 | 8,33 | mscpb5.txt |   88 |
|20 | 1400 | 3000 |   30 |0.027817471 |1578642486489 |      72 |    76.0 | 5,56 | mscpb5.txt |   96 |
|20 | 1500 | 3000 |   30 |0.027044794 |1578642486489 |      72 |    76.0 | 5,56 | mscpb5.txt |1,0e+02 |
|20 | 1600 | 3000 |   30 |0.024925318 |1578642486489 |      72 |    75.0 | 4,17 | mscpb5.txt |1,1e+02 |
|20 | 1700 | 3000 |   30 |0.026902948 |1578642486489 |      72 |    75.0 | 4,17 | mscpb5.txt |1,2e+02 |
|20 | 1800 | 3000 |   30 |0.023029545 |1578642486489 |      72 |    74.0 | 2,78 | mscpb5.txt |1,3e+02 |
|20 | 1900 | 3000 |   30 |0.021282233 |1578642486489 |      72 |    74.0 | 2,78 | mscpb5.txt |1,4e+02 |
|20 | 2000 | 3000 |   30 |0.023092188 |1578642486489 |      72 |    74.0 | 2,78 | mscpb5.txt |1,4e+02 |
|20 | 2100 | 3000 |   30 |0.020114185 |1578642486489 |      72 |    74.0 | 2,78 | mscpb5.txt |1,5e+02 |
|20 | 2200 | 3000 |   30 |0.019326242 |1578642486489 |      72 |    74.0 | 2,78 | mscpb5.txt |1,6e+02 |
|20 | 2300 | 3000 |   30 |0.017790262 |1578642486489 |      72 |    74.0 | 2,78 | mscpb5.txt |1,7e+02 |
|20 | 2400 | 3000 |   30 |0.018368218 |1578642486489 |      72 |    74.0 | 2,78 | mscpb5.txt |1,8e+02 |
|20 | 2500 | 3000 |   30 |0.018378286 |1578642486489 |      72 |    74.0 | 2,78 | mscpb5.txt |1,8e+02 |
|20 | 2600 | 3000 |   30 |0.018378286 |1578642486489 |      72 |    74.0 | 2,78 | mscpb5.txt |1,9e+02 |
|20 | 2700 | 3000 |   30 |0.018177185 |1578642486489 |      72 |    74.0 | 2,78 | mscpb5.txt |2,0e+02 |
|20 | 2800 | 3000 |   30 |0.017761536 |1578642486489 |      72 |    74.0 | 2,78 | mscpb5.txt |2,1e+02 |
|20 | 2900 | 3000 |   30 |0.015672654 |1578642486489 |      72 |    74.0 | 2,78 | mscpb5.txt |2,2e+02 |
|20 | 3000 | 3000 |   30 |0.018262502 |1578642486489 |      72 |    74.0 | 2,78 | mscpb5.txt |2,3e+02 |
|20 |  300 | 3000 |   30 |0.018262502 |1578642486489 |      72 |    74.0 | 2,78 | mscpb5.txt |2,3e+02 |
|21 |    1 | 3000 |   30 |       0.25 |1578642712559 |      72 |  1756.0 |2338,89 | mscpb5.txt |0,0040 |
|21 |  100 | 3000 |   30 |0.017609127 |1578642712559 |      72 |   112.0 |55,56 | mscpb5.txt |  2,2 |
|21 |  200 | 3000 |   30 |0.016428107 |1578642712559 |      72 |   103.0 |43,06 | mscpb5.txt |  5,5 |
|21 |  300 | 3000 |   30 |0.021886121 |1578642712559 |      72 |    88.0 |22,22 | mscpb5.txt |   10 |
|21 |  400 | 3000 |   30 |0.028675554 |1578642712559 |      72 |    82.0 |13,89 | mscpb5.txt |   17 |
|21 |  500 | 3000 |   30 | 0.03124378 |1578642712559 |      72 |    75.0 | 4,17 | mscpb5.txt |   23 |
|21 |  600 | 3000 |   30 |0.032930844 |1578642712559 |      72 |    74.0 | 2,78 | mscpb5.txt |   29 |
|21 |  700 | 3000 |   30 |0.034107108 |1578642712559 |      72 |    74.0 | 2,78 | mscpb5.txt |   37 |
|21 |  800 | 3000 |   30 | 0.03702564 |1578642712559 |      72 |    73.0 | 1,39 | mscpb5.txt |   44 |
|21 |  900 | 3000 |   30 |0.027574783 |1578642712559 |      72 |    73.0 | 1,39 | mscpb5.txt |   51 |
|21 | 1000 | 3000 |   30 |0.031749103 |1578642712559 |      72 |    73.0 | 1,39 | mscpb5.txt |   59 |
|21 | 1100 | 3000 |   30 |0.034014944 |1578642712559 |      72 |    73.0 | 1,39 | mscpb5.txt |   66 |
|21 | 1200 | 3000 |   30 |0.032129683 |1578642712559 |      72 |    73.0 | 1,39 | mscpb5.txt |   73 |
|21 |  300 | 3000 |   30 |0.032129683 |1578642712559 |      72 |    72.0 | 0,00 | mscpb5.txt |   80 |
|22 |    1 | 3000 |   30 |       0.25 |1578642792396 |      72 |  1760.0 |2344,44 | mscpb5.txt |0,0030 |
|22 |  100 | 3000 |   30 | 0.01612127 |1578642792396 |      72 |   120.0 |66,67 | mscpb5.txt |  1,8 |
|22 |  200 | 3000 |   30 | 0.01676165 |1578642792396 |      72 |    98.0 |36,11 | mscpb5.txt |  5,4 |
|22 |  300 | 3000 |   30 |0.025554935 |1578642792396 |      72 |    96.0 |33,33 | mscpb5.txt |   11 |
|22 |  400 | 3000 |   30 |0.021151483 |1578642792396 |      72 |    83.0 |15,28 | mscpb5.txt |   18 |
|22 |  500 | 3000 |   30 |0.025362318 |1578642792396 |      72 |    80.0 |11,11 | mscpb5.txt |   25 |
|22 |  600 | 3000 |   30 | 0.02595523 |1578642792396 |      72 |    76.0 | 5,56 | mscpb5.txt |   33 |
|22 |  700 | 3000 |   30 |0.025663206 |1578642792396 |      72 |    73.0 | 1,39 | mscpb5.txt |   41 |
|22 |  800 | 3000 |   30 |0.029171184 |1578642792396 |      72 |    73.0 | 1,39 | mscpb5.txt |   48 |
|22 |  900 | 3000 |   30 |0.026313234 |1578642792396 |      72 |    73.0 | 1,39 | mscpb5.txt |   56 |
|22 | 1000 | 3000 |   30 |0.026531598 |1578642792396 |      72 |    73.0 | 1,39 | mscpb5.txt |   64 |
|22 | 1100 | 3000 |   30 |0.028067823 |1578642792396 |      72 |    73.0 | 1,39 | mscpb5.txt |   72 |
|22 | 1200 | 3000 |   30 |0.025274113 |1578642792396 |      72 |    73.0 | 1,39 | mscpb5.txt |   79 |
|22 | 1300 | 3000 |   30 |0.024154153 |1578642792396 |      72 |    73.0 | 1,39 | mscpb5.txt |   88 |
|22 | 1400 | 3000 |   30 |0.025062881 |1578642792396 |      72 |    73.0 | 1,39 | mscpb5.txt |   96 |
|22 | 1500 | 3000 |   30 |0.022823034 |1578642792396 |      72 |    73.0 | 1,39 | mscpb5.txt |1,0e+02 |
|22 | 1600 | 3000 |   30 |0.022751322 |1578642792396 |      72 |    73.0 | 1,39 | mscpb5.txt |1,1e+02 |
|22 | 1700 | 3000 |   30 |0.023272276 |1578642792396 |      72 |    73.0 | 1,39 | mscpb5.txt |1,2e+02 |
|22 | 1800 | 3000 |   30 |  0.0230776 |1578642792396 |      72 |    73.0 | 1,39 | mscpb5.txt |1,3e+02 |
|22 | 1900 | 3000 |   30 |0.024259722 |1578642792396 |      72 |    73.0 | 1,39 | mscpb5.txt |1,4e+02 |
|22 | 2000 | 3000 |   30 |0.023803132 |1578642792396 |      72 |    73.0 | 1,39 | mscpb5.txt |1,5e+02 |
|22 | 2100 | 3000 |   30 | 0.02253971 |1578642792396 |      72 |    73.0 | 1,39 | mscpb5.txt |1,6e+02 |
|22 | 2200 | 3000 |   30 |  0.0202259 |1578642792396 |      72 |    73.0 | 1,39 | mscpb5.txt |1,7e+02 |
|22 |  300 | 3000 |   30 |  0.0202259 |1578642792396 |      72 |    72.0 | 0,00 | mscpb5.txt |1,7e+02 |
|23 |    1 | 3000 |   30 |       0.25 |1578642964840 |      72 |   159.0 |120,83 | mscpb5.txt |0,0090 |
|23 |  100 | 3000 |   30 |0.014606653 |1578642964840 |      72 |   118.0 |63,89 | mscpb5.txt |  2,2 |
|23 |  200 | 3000 |   30 |0.017135657 |1578642964840 |      72 |    97.0 |34,72 | mscpb5.txt |  5,6 |
|23 |  300 | 3000 |   30 |0.022613065 |1578642964840 |      72 |    92.0 |27,78 | mscpb5.txt |   10 |
|23 |  400 | 3000 |   30 |0.026883252 |1578642964840 |      72 |    84.0 |16,67 | mscpb5.txt |   16 |
|23 |  500 | 3000 |   30 |0.036355812 |1578642964840 |      72 |    78.0 | 8,33 | mscpb5.txt |   23 |
|23 |  600 | 3000 |   30 |0.040759664 |1578642964840 |      72 |    77.0 | 6,94 | mscpb5.txt |   31 |
|23 |  700 | 3000 |   30 |0.043096658 |1578642964840 |      72 |    77.0 | 6,94 | mscpb5.txt |   39 |
|23 |  800 | 3000 |   30 |0.039466724 |1578642964840 |      72 |    74.0 | 2,78 | mscpb5.txt |   47 |
|23 |  900 | 3000 |   30 |0.039845623 |1578642964840 |      72 |    74.0 | 2,78 | mscpb5.txt |   55 |
|23 | 1000 | 3000 |   30 |0.042063575 |1578642964840 |      72 |    74.0 | 2,78 | mscpb5.txt |   64 |
|23 | 1100 | 3000 |   30 | 0.04203057 |1578642964840 |      72 |    74.0 | 2,78 | mscpb5.txt |   72 |
|23 | 1200 | 3000 |   30 |0.045489933 |1578642964840 |      72 |    74.0 | 2,78 | mscpb5.txt |   81 |
|23 | 1300 | 3000 |   30 | 0.04488032 |1578642964840 |      72 |    74.0 | 2,78 | mscpb5.txt |   89 |
|23 | 1400 | 3000 |   30 |0.045225028 |1578642964840 |      72 |    74.0 | 2,78 | mscpb5.txt |   98 |
|23 | 1500 | 3000 |   30 |0.045601156 |1578642964840 |      72 |    74.0 | 2,78 | mscpb5.txt |1,1e+02 |
|23 | 1600 | 3000 |   30 |0.047219068 |1578642964840 |      72 |    74.0 | 2,78 | mscpb5.txt |1,2e+02 |
|23 | 1700 | 3000 |   30 |0.044752564 |1578642964840 |      72 |    74.0 | 2,78 | mscpb5.txt |1,2e+02 |
|23 | 1800 | 3000 |   30 |0.044330124 |1578642964840 |      72 |    74.0 | 2,78 | mscpb5.txt |1,3e+02 |
|23 | 1900 | 3000 |   30 | 0.04384042 |1578642964840 |      72 |    74.0 | 2,78 | mscpb5.txt |1,4e+02 |
|23 | 2000 | 3000 |   30 |0.043182816 |1578642964840 |      72 |    74.0 | 2,78 | mscpb5.txt |1,5e+02 |
|23 | 2100 | 3000 |   30 |0.044894367 |1578642964840 |      72 |    73.0 | 1,39 | mscpb5.txt |1,6e+02 |
|23 | 2200 | 3000 |   30 |  0.0436013 |1578642964840 |      72 |    73.0 | 1,39 | mscpb5.txt |1,7e+02 |
|23 | 2300 | 3000 |   30 | 0.03985837 |1578642964840 |      72 |    73.0 | 1,39 | mscpb5.txt |1,8e+02 |
|23 | 2400 | 3000 |   30 |0.038204018 |1578642964840 |      72 |    73.0 | 1,39 | mscpb5.txt |1,9e+02 |
|23 | 2500 | 3000 |   30 |0.037909135 |1578642964840 |      72 |    73.0 | 1,39 | mscpb5.txt |2,0e+02 |
|23 | 2600 | 3000 |   30 |0.037909135 |1578642964840 |      72 |    73.0 | 1,39 | mscpb5.txt |2,1e+02 |
|23 |  300 | 3000 |   30 |0.037909135 |1578642964840 |      72 |    72.0 | 0,00 | mscpb5.txt |2,1e+02 |
|24 |    1 | 3000 |   30 |       0.25 |1578643171528 |      72 |  1798.0 |2397,22 | mscpb5.txt |0,0030 |
|24 |  100 | 3000 |   30 |0.019021975 |1578643171528 |      72 |   102.0 |41,67 | mscpb5.txt |  2,4 |
|24 |  200 | 3000 |   30 |0.016178736 |1578643171528 |      72 |   100.0 |38,89 | mscpb5.txt |  8,1 |
|24 |  300 | 3000 |   30 |0.025807668 |1578643171528 |      72 |    86.0 |19,44 | mscpb5.txt |   14 |
|24 |  400 | 3000 |   30 |0.028809635 |1578643171528 |      72 |    81.0 |12,50 | mscpb5.txt |   21 |
|24 |  500 | 3000 |   30 | 0.02503233 |1578643171528 |      72 |    81.0 |12,50 | mscpb5.txt |   28 |
|24 |  600 | 3000 |   30 |  0.0281408 |1578643171528 |      72 |    81.0 |12,50 | mscpb5.txt |   34 |
|24 |  700 | 3000 |   30 |0.025992911 |1578643171528 |      72 |    77.0 | 6,94 | mscpb5.txt |   41 |
|24 |  800 | 3000 |   30 | 0.02789028 |1578643171528 |      72 |    77.0 | 6,94 | mscpb5.txt |   49 |
|24 |  900 | 3000 |   30 |0.025391879 |1578643171528 |      72 |    77.0 | 6,94 | mscpb5.txt |   56 |
|24 | 1000 | 3000 |   30 |0.027478546 |1578643171528 |      72 |    77.0 | 6,94 | mscpb5.txt |   63 |
|24 | 1100 | 3000 |   30 |0.026957639 |1578643171528 |      72 |    77.0 | 6,94 | mscpb5.txt |   70 |
|24 | 1200 | 3000 |   30 |0.029455217 |1578643171528 |      72 |    77.0 | 6,94 | mscpb5.txt |   77 |
|24 | 1300 | 3000 |   30 |0.030986706 |1578643171528 |      72 |    77.0 | 6,94 | mscpb5.txt |   85 |
|24 | 1400 | 3000 |   30 |0.029208014 |1578643171528 |      72 |    76.0 | 5,56 | mscpb5.txt |   93 |
|24 | 1500 | 3000 |   30 |0.026524222 |1578643171528 |      72 |    76.0 | 5,56 | mscpb5.txt |1,0e+02 |
|24 | 1600 | 3000 |   30 |0.027269399 |1578643171528 |      72 |    76.0 | 5,56 | mscpb5.txt |1,1e+02 |
|24 | 1700 | 3000 |   30 |0.028989458 |1578643171528 |      72 |    75.0 | 4,17 | mscpb5.txt |1,1e+02 |
|24 | 1800 | 3000 |   30 |0.026625112 |1578643171528 |      72 |    75.0 | 4,17 | mscpb5.txt |1,2e+02 |
|24 | 1900 | 3000 |   30 |0.022407733 |1578643171528 |      72 |    75.0 | 4,17 | mscpb5.txt |1,3e+02 |
|24 | 2000 | 3000 |   30 |0.023732835 |1578643171528 |      72 |    75.0 | 4,17 | mscpb5.txt |1,4e+02 |
|24 | 2100 | 3000 |   30 |0.022898821 |1578643171528 |      72 |    75.0 | 4,17 | mscpb5.txt |1,5e+02 |
|24 | 2200 | 3000 |   30 |0.022965042 |1578643171528 |      72 |    75.0 | 4,17 | mscpb5.txt |1,6e+02 |
|24 | 2300 | 3000 |   30 | 0.02220514 |1578643171528 |      72 |    75.0 | 4,17 | mscpb5.txt |1,6e+02 |
|24 | 2400 | 3000 |   30 |  0.0234068 |1578643171528 |      72 |    75.0 | 4,17 | mscpb5.txt |1,7e+02 |
|24 | 2500 | 3000 |   30 |0.024453694 |1578643171528 |      72 |    75.0 | 4,17 | mscpb5.txt |1,8e+02 |
|24 | 2600 | 3000 |   30 |0.024453694 |1578643171528 |      72 |    75.0 | 4,17 | mscpb5.txt |1,9e+02 |
|24 | 2700 | 3000 |   30 |0.022705607 |1578643171528 |      72 |    75.0 | 4,17 | mscpb5.txt |2,0e+02 |
|24 | 2800 | 3000 |   30 |0.023564065 |1578643171528 |      72 |    75.0 | 4,17 | mscpb5.txt |2,1e+02 |
|24 | 2900 | 3000 |   30 |0.021234183 |1578643171528 |      72 |    75.0 | 4,17 | mscpb5.txt |2,1e+02 |
|24 | 3000 | 3000 |   30 | 0.02305026 |1578643171528 |      72 |    75.0 | 4,17 | mscpb5.txt |2,2e+02 |
|24 |  300 | 3000 |   30 | 0.02305026 |1578643171528 |      72 |    75.0 | 4,17 | mscpb5.txt |2,2e+02 |
|25 |    1 | 3000 |   30 |       0.25 |1578643394055 |      72 |  1829.0 |2440,28 | mscpb5.txt |0,0040 |
|25 |  100 | 3000 |   30 |0.016094163 |1578643394055 |      72 |   121.0 |68,06 | mscpb5.txt |  1,7 |
|25 |  200 | 3000 |   30 |0.020079305 |1578643394055 |      72 |   103.0 |43,06 | mscpb5.txt |  4,2 |
|25 |  300 | 3000 |   30 |0.021458117 |1578643394055 |      72 |    99.0 |37,50 | mscpb5.txt |  8,9 |
|25 |  400 | 3000 |   30 |0.024975024 |1578643394055 |      72 |    86.0 |19,44 | mscpb5.txt |   16 |
|25 |  500 | 3000 |   30 |0.024165083 |1578643394055 |      72 |    86.0 |19,44 | mscpb5.txt |   22 |
|25 |  600 | 3000 |   30 | 0.02478977 |1578643394055 |      72 |    85.0 |18,06 | mscpb5.txt |   29 |
|25 |  700 | 3000 |   30 |0.022568986 |1578643394055 |      72 |    85.0 |18,06 | mscpb5.txt |   36 |
|25 |  800 | 3000 |   30 |0.027291877 |1578643394055 |      72 |    78.0 | 8,33 | mscpb5.txt |   43 |
|25 |  900 | 3000 |   30 |0.027506333 |1578643394055 |      72 |    78.0 | 8,33 | mscpb5.txt |   49 |
|25 | 1000 | 3000 |   30 | 0.02668256 |1578643394055 |      72 |    78.0 | 8,33 | mscpb5.txt |   57 |
|25 | 1100 | 3000 |   30 |0.026150342 |1578643394055 |      72 |    78.0 | 8,33 | mscpb5.txt |   65 |
|25 | 1200 | 3000 |   30 | 0.02560404 |1578643394055 |      72 |    78.0 | 8,33 | mscpb5.txt |   72 |
|25 | 1300 | 3000 |   30 | 0.02377108 |1578643394055 |      72 |    76.0 | 5,56 | mscpb5.txt |   79 |
|25 | 1400 | 3000 |   30 |0.027051644 |1578643394055 |      72 |    75.0 | 4,17 | mscpb5.txt |   86 |
|25 | 1500 | 3000 |   30 |0.027506737 |1578643394055 |      72 |    75.0 | 4,17 | mscpb5.txt |   93 |
|25 | 1600 | 3000 |   30 |0.027553132 |1578643394055 |      72 |    75.0 | 4,17 | mscpb5.txt |1,0e+02 |
|25 | 1700 | 3000 |   30 |0.029510647 |1578643394055 |      72 |    75.0 | 4,17 | mscpb5.txt |1,1e+02 |
|25 | 1800 | 3000 |   30 |0.029417189 |1578643394055 |      72 |    75.0 | 4,17 | mscpb5.txt |1,2e+02 |
|25 | 1900 | 3000 |   30 |0.024538185 |1578643394055 |      72 |    74.0 | 2,78 | mscpb5.txt |1,2e+02 |
|25 | 2000 | 3000 |   30 |0.026117343 |1578643394055 |      72 |    74.0 | 2,78 | mscpb5.txt |1,3e+02 |
|25 | 2100 | 3000 |   30 |0.026850643 |1578643394055 |      72 |    74.0 | 2,78 | mscpb5.txt |1,4e+02 |
|25 | 2200 | 3000 |   30 |0.027172375 |1578643394055 |      72 |    74.0 | 2,78 | mscpb5.txt |1,5e+02 |
|25 | 2300 | 3000 |   30 | 0.02739983 |1578643394055 |      72 |    74.0 | 2,78 | mscpb5.txt |1,6e+02 |
|25 | 2400 | 3000 |   30 |0.026578384 |1578643394055 |      72 |    74.0 | 2,78 | mscpb5.txt |1,6e+02 |
|25 | 2500 | 3000 |   30 |0.027416227 |1578643394055 |      72 |    74.0 | 2,78 | mscpb5.txt |1,7e+02 |
|25 | 2600 | 3000 |   30 |0.026390543 |1578643394055 |      72 |    74.0 | 2,78 | mscpb5.txt |1,8e+02 |
|25 | 2700 | 3000 |   30 |0.026846252 |1578643394055 |      72 |    74.0 | 2,78 | mscpb5.txt |1,9e+02 |
|25 | 2800 | 3000 |   30 |0.024965707 |1578643394055 |      72 |    74.0 | 2,78 | mscpb5.txt |2,0e+02 |
|25 | 2900 | 3000 |   30 |0.026255393 |1578643394055 |      72 |    74.0 | 2,78 | mscpb5.txt |2,0e+02 |
|25 | 3000 | 3000 |   30 |0.026617715 |1578643394055 |      72 |    74.0 | 2,78 | mscpb5.txt |2,1e+02 |
|25 |  300 | 3000 |   30 |0.026617715 |1578643394055 |      72 |    74.0 | 2,78 | mscpb5.txt |2,1e+02 |
|26 |    1 | 3000 |   30 |       0.25 |1578643605343 |      72 |  1760.0 |2344,44 | mscpb5.txt |0,0040 |
|26 |  100 | 3000 |   30 |0.015622484 |1578643605343 |      72 |   118.0 |63,89 | mscpb5.txt |  2,3 |
|26 |  200 | 3000 |   30 |0.020915153 |1578643605343 |      72 |   102.0 |41,67 | mscpb5.txt |  6,4 |
|26 |  300 | 3000 |   30 |0.022296939 |1578643605343 |      72 |    98.0 |36,11 | mscpb5.txt |   12 |
|26 |  400 | 3000 |   30 | 0.02323962 |1578643605343 |      72 |    94.0 |30,56 | mscpb5.txt |   18 |
|26 |  500 | 3000 |   30 | 0.02143101 |1578643605343 |      72 |    94.0 |30,56 | mscpb5.txt |   26 |
|26 |  600 | 3000 |   30 |0.020883882 |1578643605343 |      72 |    89.0 |23,61 | mscpb5.txt |   33 |
|26 |  700 | 3000 |   30 | 0.02600558 |1578643605343 |      72 |    89.0 |23,61 | mscpb5.txt |   41 |
|26 |  800 | 3000 |   30 |0.024057945 |1578643605343 |      72 |    89.0 |23,61 | mscpb5.txt |   49 |
|26 |  900 | 3000 |   30 |0.026581606 |1578643605343 |      72 |    86.0 |19,44 | mscpb5.txt |   57 |
|26 | 1000 | 3000 |   30 | 0.02559529 |1578643605343 |      72 |    82.0 |13,89 | mscpb5.txt |   65 |
|26 | 1100 | 3000 |   30 | 0.02589483 |1578643605343 |      72 |    81.0 |12,50 | mscpb5.txt |   73 |
|26 | 1200 | 3000 |   30 | 0.02604777 |1578643605343 |      72 |    81.0 |12,50 | mscpb5.txt |   82 |
|26 | 1300 | 3000 |   30 | 0.02783373 |1578643605343 |      72 |    78.0 | 8,33 | mscpb5.txt |   90 |
|26 | 1400 | 3000 |   30 |0.030383697 |1578643605343 |      72 |    78.0 | 8,33 | mscpb5.txt |   98 |
|26 | 1500 | 3000 |   30 | 0.03284884 |1578643605343 |      72 |    74.0 | 2,78 | mscpb5.txt |1,1e+02 |
|26 | 1600 | 3000 |   30 |0.030820573 |1578643605343 |      72 |    74.0 | 2,78 | mscpb5.txt |1,1e+02 |
|26 | 1700 | 3000 |   30 | 0.03210042 |1578643605343 |      72 |    74.0 | 2,78 | mscpb5.txt |1,2e+02 |
|26 | 1800 | 3000 |   30 | 0.03354506 |1578643605343 |      72 |    74.0 | 2,78 | mscpb5.txt |1,3e+02 |
|26 | 1900 | 3000 |   30 |0.034327462 |1578643605343 |      72 |    74.0 | 2,78 | mscpb5.txt |1,4e+02 |
|26 | 2000 | 3000 |   30 |0.034594376 |1578643605343 |      72 |    74.0 | 2,78 | mscpb5.txt |1,4e+02 |
|26 | 2100 | 3000 |   30 | 0.03597269 |1578643605343 |      72 |    74.0 | 2,78 | mscpb5.txt |1,5e+02 |
|26 | 2200 | 3000 |   30 |0.038219895 |1578643605343 |      72 |    74.0 | 2,78 | mscpb5.txt |1,6e+02 |
|26 | 2300 | 3000 |   30 |0.040973935 |1578643605343 |      72 |    74.0 | 2,78 | mscpb5.txt |1,7e+02 |
|26 | 2400 | 3000 |   30 | 0.03964665 |1578643605343 |      72 |    74.0 | 2,78 | mscpb5.txt |1,8e+02 |
|26 | 2500 | 3000 |   30 |0.039232228 |1578643605343 |      72 |    74.0 | 2,78 | mscpb5.txt |1,9e+02 |
|26 | 2600 | 3000 |   30 |0.040071517 |1578643605343 |      72 |    74.0 | 2,78 | mscpb5.txt |1,9e+02 |
|26 | 2700 | 3000 |   30 |0.040458176 |1578643605343 |      72 |    74.0 | 2,78 | mscpb5.txt |2,0e+02 |
|26 | 2800 | 3000 |   30 | 0.03999158 |1578643605343 |      72 |    74.0 | 2,78 | mscpb5.txt |2,1e+02 |
|26 | 2900 | 3000 |   30 |0.040739186 |1578643605343 |      72 |    74.0 | 2,78 | mscpb5.txt |2,2e+02 |
|26 | 3000 | 3000 |   30 |0.040910557 |1578643605343 |      72 |    74.0 | 2,78 | mscpb5.txt |2,3e+02 |
|26 |  300 | 3000 |   30 |0.040910557 |1578643605343 |      72 |    74.0 | 2,78 | mscpb5.txt |2,3e+02 |
|27 |    1 | 3000 |   30 |       0.25 |1578643834273 |      72 |  1819.0 |2426,39 | mscpb5.txt |0,0040 |
|27 |  100 | 3000 |   30 |0.022290284 |1578643834273 |      72 |   113.0 |56,94 | mscpb5.txt |  1,9 |
|27 |  200 | 3000 |   30 |0.017573504 |1578643834273 |      72 |    91.0 |26,39 | mscpb5.txt |  5,4 |
|27 |  300 | 3000 |   30 | 0.02345259 |1578643834273 |      72 |    87.0 |20,83 | mscpb5.txt |   10 |
|27 |  400 | 3000 |   30 |0.027485775 |1578643834273 |      72 |    87.0 |20,83 | mscpb5.txt |   17 |
|27 |  500 | 3000 |   30 |0.032831326 |1578643834273 |      72 |    79.0 | 9,72 | mscpb5.txt |   24 |
|27 |  600 | 3000 |   30 |0.036022168 |1578643834273 |      72 |    75.0 | 4,17 | mscpb5.txt |   31 |
|27 |  700 | 3000 |   30 |0.035976354 |1578643834273 |      72 |    75.0 | 4,17 | mscpb5.txt |   39 |
|27 |  800 | 3000 |   30 |  0.0357823 |1578643834273 |      72 |    75.0 | 4,17 | mscpb5.txt |   47 |
|27 |  900 | 3000 |   30 |  0.0380962 |1578643834273 |      72 |    75.0 | 4,17 | mscpb5.txt |   56 |
|27 | 1000 | 3000 |   30 |  0.0410718 |1578643834273 |      72 |    75.0 | 4,17 | mscpb5.txt |   64 |
|27 | 1100 | 3000 |   30 |0.041520707 |1578643834273 |      72 |    75.0 | 4,17 | mscpb5.txt |   73 |
|27 | 1200 | 3000 |   30 | 0.04231166 |1578643834273 |      72 |    73.0 | 1,39 | mscpb5.txt |   82 |
|27 | 1300 | 3000 |   30 | 0.04044573 |1578643834273 |      72 |    73.0 | 1,39 | mscpb5.txt |   90 |
|27 |  300 | 3000 |   30 | 0.04044573 |1578643834273 |      72 |    72.0 | 0,00 | mscpb5.txt |   96 |
|28 |    1 | 3000 |   30 |       0.25 |1578643930688 |      72 |  1764.0 |2350,00 | mscpb5.txt |0,0030 |
|28 |  100 | 3000 |   30 |0.017075341 |1578643930688 |      72 |   122.0 |69,44 | mscpb5.txt |  2,1 |
|28 |  200 | 3000 |   30 |0.018192638 |1578643930688 |      72 |    98.0 |36,11 | mscpb5.txt |  5,2 |
|28 |  300 | 3000 |   30 |0.022802765 |1578643930688 |      72 |    90.0 |25,00 | mscpb5.txt |   10 |
|28 |  400 | 3000 |   30 | 0.02735822 |1578643930688 |      72 |    89.0 |23,61 | mscpb5.txt |   16 |
|28 |  500 | 3000 |   30 |0.027095443 |1578643930688 |      72 |    89.0 |23,61 | mscpb5.txt |   23 |
|28 |  600 | 3000 |   30 |0.026796151 |1578643930688 |      72 |    82.0 |13,89 | mscpb5.txt |   29 |
|28 |  700 | 3000 |   30 | 0.02743095 |1578643930688 |      72 |    82.0 |13,89 | mscpb5.txt |   36 |
|28 |  800 | 3000 |   30 |0.028447445 |1578643930688 |      72 |    77.0 | 6,94 | mscpb5.txt |   43 |
|28 |  900 | 3000 |   30 |0.033131942 |1578643930688 |      72 |    75.0 | 4,17 | mscpb5.txt |   50 |
|28 | 1000 | 3000 |   30 |0.037570506 |1578643930688 |      72 |    75.0 | 4,17 | mscpb5.txt |   57 |
|28 | 1100 | 3000 |   30 | 0.03293742 |1578643930688 |      72 |    75.0 | 4,17 | mscpb5.txt |   64 |
|28 | 1200 | 3000 |   30 |0.041819133 |1578643930688 |      72 |    75.0 | 4,17 | mscpb5.txt |   72 |
|28 | 1300 | 3000 |   30 |0.040798888 |1578643930688 |      72 |    75.0 | 4,17 | mscpb5.txt |   80 |
|28 | 1400 | 3000 |   30 | 0.04250027 |1578643930688 |      72 |    75.0 | 4,17 | mscpb5.txt |   88 |
|28 | 1500 | 3000 |   30 |0.044303797 |1578643930688 |      72 |    75.0 | 4,17 | mscpb5.txt |   96 |
|28 | 1600 | 3000 |   30 |0.044358406 |1578643930688 |      72 |    75.0 | 4,17 | mscpb5.txt |1,0e+02 |
|28 | 1700 | 3000 |   30 |0.044531334 |1578643930688 |      72 |    75.0 | 4,17 | mscpb5.txt |1,1e+02 |
|28 | 1800 | 3000 |   30 |0.038747177 |1578643930688 |      72 |    75.0 | 4,17 | mscpb5.txt |1,2e+02 |
|28 | 1900 | 3000 |   30 |0.040426668 |1578643930688 |      72 |    75.0 | 4,17 | mscpb5.txt |1,3e+02 |
|28 | 2000 | 3000 |   30 |0.041688878 |1578643930688 |      72 |    75.0 | 4,17 | mscpb5.txt |1,4e+02 |
|28 | 2100 | 3000 |   30 | 0.03916366 |1578643930688 |      72 |    75.0 | 4,17 | mscpb5.txt |1,5e+02 |
|28 | 2200 | 3000 |   30 | 0.03881327 |1578643930688 |      72 |    75.0 | 4,17 | mscpb5.txt |1,6e+02 |
|28 | 2300 | 3000 |   30 |0.038388524 |1578643930688 |      72 |    75.0 | 4,17 | mscpb5.txt |1,7e+02 |
|28 | 2400 | 3000 |   30 | 0.03975535 |1578643930688 |      72 |    75.0 | 4,17 | mscpb5.txt |1,7e+02 |
|28 | 2500 | 3000 |   30 | 0.03876132 |1578643930688 |      72 |    75.0 | 4,17 | mscpb5.txt |1,8e+02 |
|28 | 2600 | 3000 |   30 |0.040617727 |1578643930688 |      72 |    75.0 | 4,17 | mscpb5.txt |1,9e+02 |
|28 | 2700 | 3000 |   30 |0.040499456 |1578643930688 |      72 |    75.0 | 4,17 | mscpb5.txt |2,0e+02 |
|28 | 2800 | 3000 |   30 |0.042495675 |1578643930688 |      72 |    75.0 | 4,17 | mscpb5.txt |2,1e+02 |
|28 | 2900 | 3000 |   30 |0.042484365 |1578643930688 |      72 |    75.0 | 4,17 | mscpb5.txt |2,2e+02 |
|28 | 3000 | 3000 |   30 |0.041496012 |1578643930688 |      72 |    75.0 | 4,17 | mscpb5.txt |2,3e+02 |
|28 |  300 | 3000 |   30 |0.041496012 |1578643930688 |      72 |    75.0 | 4,17 | mscpb5.txt |2,3e+02 |
|29 |    1 | 3000 |   30 |       0.25 |1578644158529 |      72 |  1702.0 |2263,89 | mscpb5.txt |0,0040 |
|29 |  100 | 3000 |   30 |0.017355794 |1578644158529 |      72 |   107.0 |48,61 | mscpb5.txt |  2,8 |
|29 |  200 | 3000 |   30 |0.022502998 |1578644158529 |      72 |    94.0 |30,56 | mscpb5.txt |  7,9 |
|29 |  300 | 3000 |   30 |0.030622102 |1578644158529 |      72 |    84.0 |16,67 | mscpb5.txt |   15 |
|29 |  400 | 3000 |   30 | 0.02966807 |1578644158529 |      72 |    84.0 |16,67 | mscpb5.txt |   22 |
|29 |  500 | 3000 |   30 |0.033517897 |1578644158529 |      72 |    84.0 |16,67 | mscpb5.txt |   29 |
|29 |  600 | 3000 |   30 |0.034367636 |1578644158529 |      72 |    81.0 |12,50 | mscpb5.txt |   37 |
|29 |  700 | 3000 |   30 |0.031390995 |1578644158529 |      72 |    80.0 |11,11 | mscpb5.txt |   45 |
|29 |  800 | 3000 |   30 | 0.03418037 |1578644158529 |      72 |    74.0 | 2,78 | mscpb5.txt |   53 |
|29 |  300 | 3000 |   30 | 0.03418037 |1578644158529 |      72 |    72.0 | 0,00 | mscpb5.txt |   54 |
|30 |    1 | 3000 |   30 |       0.25 |1578644212538 |      72 |  1805.0 |2406,94 | mscpb5.txt |0,0030 |
|30 |  100 | 3000 |   30 |0.018069848 |1578644212538 |      72 |   130.0 |80,56 | mscpb5.txt |  1,3 |
|30 |  200 | 3000 |   30 |0.017711625 |1578644212538 |      72 |   110.0 |52,78 | mscpb5.txt |  3,5 |
|30 |  300 | 3000 |   30 |0.022939201 |1578644212538 |      72 |   100.0 |38,89 | mscpb5.txt |  7,8 |
|30 |  400 | 3000 |   30 |0.026217924 |1578644212538 |      72 |    88.0 |22,22 | mscpb5.txt |   14 |
|30 |  500 | 3000 |   30 |0.028530534 |1578644212538 |      72 |    84.0 |16,67 | mscpb5.txt |   21 |
|30 |  600 | 3000 |   30 |0.035443805 |1578644212538 |      72 |    82.0 |13,89 | mscpb5.txt |   29 |
|30 |  700 | 3000 |   30 |0.033437014 |1578644212538 |      72 |    82.0 |13,89 | mscpb5.txt |   37 |
|30 |  800 | 3000 |   30 | 0.03013414 |1578644212538 |      72 |    82.0 |13,89 | mscpb5.txt |   45 |
|30 |  900 | 3000 |   30 |  0.0265252 |1578644212538 |      72 |    82.0 |13,89 | mscpb5.txt |   52 |
|30 | 1000 | 3000 |   30 |0.025762403 |1578644212538 |      72 |    81.0 |12,50 | mscpb5.txt |   60 |
|30 | 1100 | 3000 |   30 |0.027460998 |1578644212538 |      72 |    81.0 |12,50 | mscpb5.txt |   68 |
|30 | 1200 | 3000 |   30 | 0.02655594 |1578644212538 |      72 |    80.0 |11,11 | mscpb5.txt |   76 |
|30 | 1300 | 3000 |   30 |0.028405853 |1578644212538 |      72 |    80.0 |11,11 | mscpb5.txt |   83 |
|30 | 1400 | 3000 |   30 |0.030196896 |1578644212538 |      72 |    80.0 |11,11 | mscpb5.txt |   91 |
|30 | 1500 | 3000 |   30 |0.030997433 |1578644212538 |      72 |    80.0 |11,11 | mscpb5.txt |   99 |
|30 | 1600 | 3000 |   30 |0.028709494 |1578644212538 |      72 |    80.0 |11,11 | mscpb5.txt |1,1e+02 |
|30 | 1700 | 3000 |   30 |     0.0272 |1578644212538 |      72 |    78.0 | 8,33 | mscpb5.txt |1,2e+02 |
|30 | 1800 | 3000 |   30 |0.025470654 |1578644212538 |      72 |    77.0 | 6,94 | mscpb5.txt |1,2e+02 |
|30 | 1900 | 3000 |   30 | 0.02660508 |1578644212538 |      72 |    77.0 | 6,94 | mscpb5.txt |1,3e+02 |
|30 | 2000 | 3000 |   30 |0.026327902 |1578644212538 |      72 |    77.0 | 6,94 | mscpb5.txt |1,4e+02 |
|30 | 2100 | 3000 |   30 |0.025516184 |1578644212538 |      72 |    77.0 | 6,94 | mscpb5.txt |1,5e+02 |
|30 | 2200 | 3000 |   30 |0.025581395 |1578644212538 |      72 |    77.0 | 6,94 | mscpb5.txt |1,5e+02 |
|30 | 2300 | 3000 |   30 | 0.02309591 |1578644212538 |      72 |    77.0 | 6,94 | mscpb5.txt |1,6e+02 |
|30 | 2400 | 3000 |   30 |      0.022 |1578644212538 |      72 |    77.0 | 6,94 | mscpb5.txt |1,7e+02 |
|30 | 2500 | 3000 |   30 |0.020117933 |1578644212538 |      72 |    77.0 | 6,94 | mscpb5.txt |1,8e+02 |
|30 | 2600 | 3000 |   30 | 0.02062219 |1578644212538 |      72 |    77.0 | 6,94 | mscpb5.txt |1,9e+02 |
|30 | 2700 | 3000 |   30 |0.019776743 |1578644212538 |      72 |    77.0 | 6,94 | mscpb5.txt |1,9e+02 |
|30 | 2800 | 3000 |   30 |0.019901806 |1578644212538 |      72 |    76.0 | 5,56 | mscpb5.txt |2,0e+02 |
|30 | 2900 | 3000 |   30 |0.020385247 |1578644212538 |      72 |    76.0 | 5,56 | mscpb5.txt |2,1e+02 |
|30 | 3000 | 3000 |   30 |0.018305259 |1578644212538 |      72 |    76.0 | 5,56 | mscpb5.txt |2,2e+02 |
|30 |  300 | 3000 |   30 |0.018305259 |1578644212538 |      72 |    76.0 | 5,56 | mscpb5.txt |2,2e+02 |
|31 |    1 | 3000 |   30 |       0.25 |1578644430300 |      72 |  1768.0 |2355,56 | mscpb5.txt |0,0040 |
|31 |  100 | 3000 |   30 |0.017265594 |1578644430300 |      72 |   115.0 |59,72 | mscpb5.txt |  1,9 |
|31 |  200 | 3000 |   30 |0.015535237 |1578644430300 |      72 |   107.0 |48,61 | mscpb5.txt |  4,9 |
|31 |  300 | 3000 |   30 |0.017890029 |1578644430300 |      72 |   102.0 |41,67 | mscpb5.txt |  9,2 |
|31 |  400 | 3000 |   30 |0.019536654 |1578644430300 |      72 |    97.0 |34,72 | mscpb5.txt |   15 |
|31 |  500 | 3000 |   30 |0.019210799 |1578644430300 |      72 |    90.0 |25,00 | mscpb5.txt |   21 |
|31 |  600 | 3000 |   30 | 0.02153089 |1578644430300 |      72 |    90.0 |25,00 | mscpb5.txt |   27 |
|31 |  700 | 3000 |   30 |0.025636297 |1578644430300 |      72 |    83.0 |15,28 | mscpb5.txt |   34 |
|31 |  800 | 3000 |   30 |0.022850433 |1578644430300 |      72 |    81.0 |12,50 | mscpb5.txt |   41 |
|31 |  900 | 3000 |   30 | 0.02430959 |1578644430300 |      72 |    79.0 | 9,72 | mscpb5.txt |   47 |
|31 | 1000 | 3000 |   30 |0.024574837 |1578644430300 |      72 |    79.0 | 9,72 | mscpb5.txt |   54 |
|31 | 1100 | 3000 |   30 |  0.0243449 |1578644430300 |      72 |    78.0 | 8,33 | mscpb5.txt |   61 |
|31 | 1200 | 3000 |   30 |0.024182715 |1578644430300 |      72 |    78.0 | 8,33 | mscpb5.txt |   68 |
|31 | 1300 | 3000 |   30 | 0.02182504 |1578644430300 |      72 |    76.0 | 5,56 | mscpb5.txt |   75 |
|31 | 1400 | 3000 |   30 |0.022794846 |1578644430300 |      72 |    75.0 | 4,17 | mscpb5.txt |   81 |
|31 | 1500 | 3000 |   30 |0.023268398 |1578644430300 |      72 |    75.0 | 4,17 | mscpb5.txt |   88 |
|31 | 1600 | 3000 |   30 | 0.02531758 |1578644430300 |      72 |    75.0 | 4,17 | mscpb5.txt |   95 |
|31 | 1700 | 3000 |   30 |0.025824964 |1578644430300 |      72 |    75.0 | 4,17 | mscpb5.txt |1,0e+02 |
|31 | 1800 | 3000 |   30 |0.024340771 |1578644430300 |      72 |    75.0 | 4,17 | mscpb5.txt |1,1e+02 |
|31 | 1900 | 3000 |   30 |0.024463482 |1578644430300 |      72 |    75.0 | 4,17 | mscpb5.txt |1,2e+02 |
|31 | 2000 | 3000 |   30 |0.023431994 |1578644430300 |      72 |    74.0 | 2,78 | mscpb5.txt |1,2e+02 |
|31 | 2100 | 3000 |   30 |0.023261916 |1578644430300 |      72 |    74.0 | 2,78 | mscpb5.txt |1,3e+02 |
|31 | 2200 | 3000 |   30 |0.021910604 |1578644430300 |      72 |    74.0 | 2,78 | mscpb5.txt |1,4e+02 |
|31 | 2300 | 3000 |   30 |0.021998087 |1578644430300 |      72 |    74.0 | 2,78 | mscpb5.txt |1,4e+02 |
|31 | 2400 | 3000 |   30 |0.020064276 |1578644430300 |      72 |    74.0 | 2,78 | mscpb5.txt |1,5e+02 |
|31 | 2500 | 3000 |   30 |0.022695035 |1578644430300 |      72 |    74.0 | 2,78 | mscpb5.txt |1,6e+02 |
|31 | 2600 | 3000 |   30 |0.020902485 |1578644430300 |      72 |    74.0 | 2,78 | mscpb5.txt |1,6e+02 |
|31 | 2700 | 3000 |   30 |0.026605923 |1578644430300 |      72 |    74.0 | 2,78 | mscpb5.txt |1,7e+02 |
|31 | 2800 | 3000 |   30 |0.026118722 |1578644430300 |      72 |    73.0 | 1,39 | mscpb5.txt |1,8e+02 |
|31 | 2900 | 3000 |   30 |0.024320852 |1578644430300 |      72 |    73.0 | 1,39 | mscpb5.txt |1,9e+02 |
|31 | 3000 | 3000 |   30 |0.025052382 |1578644430300 |      72 |    73.0 | 1,39 | mscpb5.txt |1,9e+02 |
|31 |  300 | 3000 |   30 |0.025052382 |1578644430300 |      72 |    73.0 | 1,39 | mscpb5.txt |1,9e+02 |
