| # |    #ITER | #IterMAX | Nest |      %Desc |      semilla | BestFit |GottedFit |  RDP |  instancia | time |
-------------------------------------------------------------------------------------------------
| 1 |    1 | 3000 |   30 |       0.25 |1578629679182 |     161 |   222.0 |37,89 | mscp65.txt |0,022 |
| 1 |  100 | 3000 |   30 | 0.12904997 |1578629679182 |     161 |   198.0 |22,98 | mscp65.txt |  3,3 |
| 1 |  200 | 3000 |   30 | 0.12925552 |1578629679182 |     161 |   183.0 |13,66 | mscp65.txt |  6,7 |
| 1 |  300 | 3000 |   30 | 0.13183464 |1578629679182 |     161 |   174.0 | 8,07 | mscp65.txt |   10 |
| 1 |  400 | 3000 |   30 | 0.11454289 |1578629679182 |     161 |   170.0 | 5,59 | mscp65.txt |   13 |
| 1 |  500 | 3000 |   30 | 0.10798203 |1578629679182 |     161 |   170.0 | 5,59 | mscp65.txt |   17 |
| 1 |  600 | 3000 |   30 |  0.1141795 |1578629679182 |     161 |   170.0 | 5,59 | mscp65.txt |   20 |
| 1 |  700 | 3000 |   30 | 0.11776375 |1578629679182 |     161 |   168.0 | 4,35 | mscp65.txt |   23 |
| 1 |  800 | 3000 |   30 | 0.12966453 |1578629679182 |     161 |   168.0 | 4,35 | mscp65.txt |   27 |
| 1 |  900 | 3000 |   30 | 0.12151617 |1578629679182 |     161 |   168.0 | 4,35 | mscp65.txt |   30 |
| 1 | 1000 | 3000 |   30 | 0.12607123 |1578629679182 |     161 |   168.0 | 4,35 | mscp65.txt |   33 |
| 1 | 1100 | 3000 |   30 | 0.12393794 |1578629679182 |     161 |   168.0 | 4,35 | mscp65.txt |   37 |
| 1 | 1200 | 3000 |   30 | 0.12036199 |1578629679182 |     161 |   166.0 | 3,11 | mscp65.txt |   40 |
| 1 | 1300 | 3000 |   30 |  0.1143785 |1578629679182 |     161 |   166.0 | 3,11 | mscp65.txt |   43 |
| 1 | 1400 | 3000 |   30 | 0.10482216 |1578629679182 |     161 |   166.0 | 3,11 | mscp65.txt |   47 |
| 1 | 1500 | 3000 |   30 |  0.1073456 |1578629679182 |     161 |   166.0 | 3,11 | mscp65.txt |   50 |
| 1 | 1600 | 3000 |   30 |0.105742775 |1578629679182 |     161 |   166.0 | 3,11 | mscp65.txt |   53 |
| 1 | 1700 | 3000 |   30 |0.102419905 |1578629679182 |     161 |   166.0 | 3,11 | mscp65.txt |   57 |
| 1 | 1800 | 3000 |   30 |0.103643864 |1578629679182 |     161 |   166.0 | 3,11 | mscp65.txt |   60 |
| 1 | 1900 | 3000 |   30 | 0.10283567 |1578629679182 |     161 |   166.0 | 3,11 | mscp65.txt |   63 |
| 1 | 2000 | 3000 |   30 | 0.09899983 |1578629679182 |     161 |   162.0 | 0,62 | mscp65.txt |   66 |
| 1 | 2100 | 3000 |   30 | 0.09578544 |1578629679182 |     161 |   162.0 | 0,62 | mscp65.txt |   70 |
| 1 | 2200 | 3000 |   30 |0.097767256 |1578629679182 |     161 |   162.0 | 0,62 | mscp65.txt |   73 |
| 1 | 2300 | 3000 |   30 | 0.09978014 |1578629679182 |     161 |   162.0 | 0,62 | mscp65.txt |   77 |
| 1 | 2400 | 3000 |   30 | 0.09895482 |1578629679182 |     161 |   162.0 | 0,62 | mscp65.txt |   80 |
| 1 | 2500 | 3000 |   30 | 0.10255973 |1578629679182 |     161 |   162.0 | 0,62 | mscp65.txt |   83 |
| 1 | 2600 | 3000 |   30 | 0.10652211 |1578629679182 |     161 |   162.0 | 0,62 | mscp65.txt |   87 |
| 1 | 2700 | 3000 |   30 | 0.10460323 |1578629679182 |     161 |   162.0 | 0,62 | mscp65.txt |   90 |
| 1 | 2800 | 3000 |   30 | 0.09724555 |1578629679182 |     161 |   162.0 | 0,62 | mscp65.txt |   94 |
| 1 | 2900 | 3000 |   30 |0.097987466 |1578629679182 |     161 |   162.0 | 0,62 | mscp65.txt |   97 |
| 1 | 3000 | 3000 |   30 | 0.09693794 |1578629679182 |     161 |   162.0 | 0,62 | mscp65.txt |1,0e+02 |
| 1 |  200 | 3000 |   30 | 0.09693794 |1578629679182 |     161 |   162.0 | 0,62 | mscp65.txt |1,0e+02 |
| 2 |    1 | 3000 |   30 |       0.25 |1578629779593 |     161 |   232.0 |44,10 | mscp65.txt |0,025 |
| 2 |  100 | 3000 |   30 | 0.10954912 |1578629779593 |     161 |   185.0 |14,91 | mscp65.txt |  3,2 |
| 2 |  200 | 3000 |   30 | 0.10983156 |1578629779593 |     161 |   169.0 | 4,97 | mscp65.txt |  6,4 |
| 2 |  300 | 3000 |   30 | 0.10358099 |1578629779593 |     161 |   164.0 | 1,86 | mscp65.txt |  9,8 |
| 2 |  400 | 3000 |   30 |0.106794454 |1578629779593 |     161 |   164.0 | 1,86 | mscp65.txt |   13 |
| 2 |  500 | 3000 |   30 | 0.10129957 |1578629779593 |     161 |   164.0 | 1,86 | mscp65.txt |   17 |
| 2 |  600 | 3000 |   30 | 0.10740302 |1578629779593 |     161 |   164.0 | 1,86 | mscp65.txt |   20 |
| 2 |  700 | 3000 |   30 | 0.10777534 |1578629779593 |     161 |   164.0 | 1,86 | mscp65.txt |   24 |
| 2 |  800 | 3000 |   30 | 0.10699171 |1578629779593 |     161 |   164.0 | 1,86 | mscp65.txt |   27 |
| 2 |  900 | 3000 |   30 | 0.09857328 |1578629779593 |     161 |   164.0 | 1,86 | mscp65.txt |   31 |
| 2 | 1000 | 3000 |   30 |0.100732304 |1578629779593 |     161 |   164.0 | 1,86 | mscp65.txt |   35 |
| 2 | 1100 | 3000 |   30 |0.100635074 |1578629779593 |     161 |   164.0 | 1,86 | mscp65.txt |   38 |
| 2 | 1200 | 3000 |   30 |0.100311935 |1578629779593 |     161 |   164.0 | 1,86 | mscp65.txt |   43 |
| 2 | 1300 | 3000 |   30 |0.101207964 |1578629779593 |     161 |   164.0 | 1,86 | mscp65.txt |   47 |
| 2 | 1400 | 3000 |   30 |  0.1015625 |1578629779593 |     161 |   164.0 | 1,86 | mscp65.txt |   50 |
| 2 | 1500 | 3000 |   30 |  0.1015625 |1578629779593 |     161 |   164.0 | 1,86 | mscp65.txt |   54 |
| 2 | 1600 | 3000 |   30 |  0.1015625 |1578629779593 |     161 |   164.0 | 1,86 | mscp65.txt |   58 |
| 2 | 1700 | 3000 |   30 |  0.1015625 |1578629779593 |     161 |   164.0 | 1,86 | mscp65.txt |   61 |
| 2 | 1800 | 3000 |   30 |0.100921884 |1578629779593 |     161 |   164.0 | 1,86 | mscp65.txt |   65 |
| 2 | 1900 | 3000 |   30 |0.100921884 |1578629779593 |     161 |   164.0 | 1,86 | mscp65.txt |   69 |
| 2 | 2000 | 3000 |   30 |0.100921884 |1578629779593 |     161 |   164.0 | 1,86 | mscp65.txt |   72 |
| 2 | 2100 | 3000 |   30 | 0.09802972 |1578629779593 |     161 |   164.0 | 1,86 | mscp65.txt |   76 |
| 2 | 2200 | 3000 |   30 | 0.09802972 |1578629779593 |     161 |   164.0 | 1,86 | mscp65.txt |   80 |
| 2 | 2300 | 3000 |   30 | 0.09802972 |1578629779593 |     161 |   164.0 | 1,86 | mscp65.txt |   83 |
| 2 | 2400 | 3000 |   30 | 0.09331014 |1578629779593 |     161 |   164.0 | 1,86 | mscp65.txt |   87 |
| 2 | 2500 | 3000 |   30 | 0.09331014 |1578629779593 |     161 |   164.0 | 1,86 | mscp65.txt |   91 |
| 2 | 2600 | 3000 |   30 | 0.09331014 |1578629779593 |     161 |   164.0 | 1,86 | mscp65.txt |   94 |
| 2 | 2700 | 3000 |   30 | 0.09093805 |1578629779593 |     161 |   164.0 | 1,86 | mscp65.txt |   98 |
| 2 | 2800 | 3000 |   30 | 0.09093805 |1578629779593 |     161 |   164.0 | 1,86 | mscp65.txt |1,0e+02 |
| 2 | 2900 | 3000 |   30 | 0.09320695 |1578629779593 |     161 |   164.0 | 1,86 | mscp65.txt |1,1e+02 |
| 2 | 3000 | 3000 |   30 | 0.09043478 |1578629779593 |     161 |   164.0 | 1,86 | mscp65.txt |1,1e+02 |
| 2 |  200 | 3000 |   30 | 0.09043478 |1578629779593 |     161 |   164.0 | 1,86 | mscp65.txt |1,1e+02 |
| 3 |    1 | 3000 |   30 |       0.25 |1578629888494 |     161 |   264.0 |63,98 | mscp65.txt |0,022 |
| 3 |  100 | 3000 |   30 |0.119232126 |1578629888494 |     161 |   194.0 |20,50 | mscp65.txt |  3,2 |
| 3 |  200 | 3000 |   30 |  0.1299926 |1578629888494 |     161 |   176.0 | 9,32 | mscp65.txt |  6,6 |
| 3 |  300 | 3000 |   30 | 0.10981552 |1578629888494 |     161 |   170.0 | 5,59 | mscp65.txt |   10 |
| 3 |  400 | 3000 |   30 |0.111072056 |1578629888494 |     161 |   168.0 | 4,35 | mscp65.txt |   14 |
| 3 |  500 | 3000 |   30 |0.118711546 |1578629888494 |     161 |   164.0 | 1,86 | mscp65.txt |   17 |
| 3 |  600 | 3000 |   30 |0.118550256 |1578629888494 |     161 |   164.0 | 1,86 | mscp65.txt |   21 |
| 3 |  700 | 3000 |   30 | 0.12154399 |1578629888494 |     161 |   164.0 | 1,86 | mscp65.txt |   24 |
| 3 |  800 | 3000 |   30 | 0.11758474 |1578629888494 |     161 |   164.0 | 1,86 | mscp65.txt |   28 |
| 3 |  900 | 3000 |   30 |0.113632366 |1578629888494 |     161 |   164.0 | 1,86 | mscp65.txt |   31 |
| 3 | 1000 | 3000 |   30 | 0.11013833 |1578629888494 |     161 |   164.0 | 1,86 | mscp65.txt |   35 |
| 3 | 1100 | 3000 |   30 |0.113412924 |1578629888494 |     161 |   164.0 | 1,86 | mscp65.txt |   38 |
| 3 | 1200 | 3000 |   30 |0.105426356 |1578629888494 |     161 |   164.0 | 1,86 | mscp65.txt |   42 |
| 3 | 1300 | 3000 |   30 | 0.11250654 |1578629888494 |     161 |   164.0 | 1,86 | mscp65.txt |   45 |
| 3 | 1400 | 3000 |   30 |0.110603936 |1578629888494 |     161 |   164.0 | 1,86 | mscp65.txt |   49 |
| 3 | 1500 | 3000 |   30 |0.113544054 |1578629888494 |     161 |   164.0 | 1,86 | mscp65.txt |   52 |
| 3 | 1600 | 3000 |   30 | 0.10894395 |1578629888494 |     161 |   164.0 | 1,86 | mscp65.txt |   55 |
| 3 | 1700 | 3000 |   30 |  0.1051532 |1578629888494 |     161 |   164.0 | 1,86 | mscp65.txt |   59 |
| 3 | 1800 | 3000 |   30 | 0.10594989 |1578629888494 |     161 |   164.0 | 1,86 | mscp65.txt |   62 |
| 3 | 1900 | 3000 |   30 | 0.10783122 |1578629888494 |     161 |   164.0 | 1,86 | mscp65.txt |   66 |
| 3 | 2000 | 3000 |   30 |0.107050955 |1578629888494 |     161 |   164.0 | 1,86 | mscp65.txt |   69 |
| 3 | 2100 | 3000 |   30 |0.107050955 |1578629888494 |     161 |   164.0 | 1,86 | mscp65.txt |   73 |
| 3 | 2200 | 3000 |   30 |0.108052656 |1578629888494 |     161 |   164.0 | 1,86 | mscp65.txt |   76 |
| 3 | 2300 | 3000 |   30 | 0.10307692 |1578629888494 |     161 |   164.0 | 1,86 | mscp65.txt |   80 |
| 3 | 2400 | 3000 |   30 | 0.10328399 |1578629888494 |     161 |   164.0 | 1,86 | mscp65.txt |   83 |
| 3 | 2500 | 3000 |   30 | 0.10328399 |1578629888494 |     161 |   164.0 | 1,86 | mscp65.txt |   87 |
| 3 | 2600 | 3000 |   30 |0.102134146 |1578629888494 |     161 |   164.0 | 1,86 | mscp65.txt |   90 |
| 3 | 2700 | 3000 |   30 | 0.10628183 |1578629888494 |     161 |   164.0 | 1,86 | mscp65.txt |   94 |
| 3 | 2800 | 3000 |   30 |  0.1072582 |1578629888494 |     161 |   164.0 | 1,86 | mscp65.txt |   97 |
| 3 | 2900 | 3000 |   30 | 0.10828673 |1578629888494 |     161 |   164.0 | 1,86 | mscp65.txt |1,0e+02 |
| 3 | 3000 | 3000 |   30 | 0.10455228 |1578629888494 |     161 |   164.0 | 1,86 | mscp65.txt |1,0e+02 |
| 3 |  200 | 3000 |   30 | 0.10455228 |1578629888494 |     161 |   164.0 | 1,86 | mscp65.txt |1,0e+02 |
| 4 |    1 | 3000 |   30 |       0.25 |1578629992798 |     161 |   248.0 |54,04 | mscp65.txt |0,024 |
| 4 |  100 | 3000 |   30 | 0.14181747 |1578629992798 |     161 |   211.0 |31,06 | mscp65.txt |  3,1 |
| 4 |  200 | 3000 |   30 | 0.12627737 |1578629992798 |     161 |   176.0 | 9,32 | mscp65.txt |  6,4 |
| 4 |  300 | 3000 |   30 | 0.12715158 |1578629992798 |     161 |   171.0 | 6,21 | mscp65.txt |  9,8 |
| 4 |  400 | 3000 |   30 |0.124071725 |1578629992798 |     161 |   171.0 | 6,21 | mscp65.txt |   13 |
| 4 |  500 | 3000 |   30 | 0.11055794 |1578629992798 |     161 |   171.0 | 6,21 | mscp65.txt |   17 |
| 4 |  600 | 3000 |   30 | 0.10437993 |1578629992798 |     161 |   171.0 | 6,21 | mscp65.txt |   20 |
| 4 |  700 | 3000 |   30 | 0.11032864 |1578629992798 |     161 |   171.0 | 6,21 | mscp65.txt |   24 |
| 4 |  800 | 3000 |   30 |0.112919986 |1578629992798 |     161 |   171.0 | 6,21 | mscp65.txt |   27 |
| 4 |  900 | 3000 |   30 |0.114498526 |1578629992798 |     161 |   171.0 | 6,21 | mscp65.txt |   30 |
| 4 | 1000 | 3000 |   30 | 0.11721355 |1578629992798 |     161 |   164.0 | 1,86 | mscp65.txt |   34 |
| 4 | 1100 | 3000 |   30 | 0.11294326 |1578629992798 |     161 |   164.0 | 1,86 | mscp65.txt |   37 |
| 4 | 1200 | 3000 |   30 | 0.11020761 |1578629992798 |     161 |   164.0 | 1,86 | mscp65.txt |   41 |
| 4 | 1300 | 3000 |   30 | 0.12197763 |1578629992798 |     161 |   164.0 | 1,86 | mscp65.txt |   44 |
| 4 | 1400 | 3000 |   30 |0.122204036 |1578629992798 |     161 |   164.0 | 1,86 | mscp65.txt |   48 |
| 4 | 1500 | 3000 |   30 |0.123566404 |1578629992798 |     161 |   164.0 | 1,86 | mscp65.txt |   51 |
| 4 | 1600 | 3000 |   30 | 0.12197843 |1578629992798 |     161 |   164.0 | 1,86 | mscp65.txt |   55 |
| 4 | 1700 | 3000 |   30 | 0.12197843 |1578629992798 |     161 |   164.0 | 1,86 | mscp65.txt |   58 |
| 4 | 1800 | 3000 |   30 | 0.12197843 |1578629992798 |     161 |   164.0 | 1,86 | mscp65.txt |   61 |
| 4 | 1900 | 3000 |   30 |   0.121031 |1578629992798 |     161 |   164.0 | 1,86 | mscp65.txt |   65 |
| 4 | 2000 | 3000 |   30 |   0.121031 |1578629992798 |     161 |   164.0 | 1,86 | mscp65.txt |   68 |
| 4 | 2100 | 3000 |   30 | 0.12043051 |1578629992798 |     161 |   164.0 | 1,86 | mscp65.txt |   72 |
| 4 | 2200 | 3000 |   30 | 0.12043051 |1578629992798 |     161 |   164.0 | 1,86 | mscp65.txt |   75 |
| 4 | 2300 | 3000 |   30 | 0.12020939 |1578629992798 |     161 |   164.0 | 1,86 | mscp65.txt |   79 |
| 4 | 2400 | 3000 |   30 | 0.12587018 |1578629992798 |     161 |   164.0 | 1,86 | mscp65.txt |   83 |
| 4 | 2500 | 3000 |   30 | 0.11801936 |1578629992798 |     161 |   164.0 | 1,86 | mscp65.txt |   86 |
| 4 | 2600 | 3000 |   30 | 0.11833118 |1578629992798 |     161 |   164.0 | 1,86 | mscp65.txt |   89 |
| 4 | 2700 | 3000 |   30 | 0.12183692 |1578629992798 |     161 |   164.0 | 1,86 | mscp65.txt |   93 |
| 4 | 2800 | 3000 |   30 |  0.1234337 |1578629992798 |     161 |   164.0 | 1,86 | mscp65.txt |   97 |
| 4 | 2900 | 3000 |   30 | 0.12150056 |1578629992798 |     161 |   164.0 | 1,86 | mscp65.txt |1,0e+02 |
| 4 | 3000 | 3000 |   30 | 0.12150056 |1578629992798 |     161 |   164.0 | 1,86 | mscp65.txt |1,0e+02 |
| 4 |  200 | 3000 |   30 | 0.12150056 |1578629992798 |     161 |   164.0 | 1,86 | mscp65.txt |1,0e+02 |
| 5 |    1 | 3000 |   30 |       0.25 |1578630096342 |     161 |   260.0 |61,49 | mscp65.txt |0,020 |
| 5 |  100 | 3000 |   30 | 0.12553231 |1578630096342 |     161 |   185.0 |14,91 | mscp65.txt |  3,1 |
| 5 |  200 | 3000 |   30 | 0.12236136 |1578630096342 |     161 |   174.0 | 8,07 | mscp65.txt |  6,4 |
| 5 |  300 | 3000 |   30 | 0.12911533 |1578630096342 |     161 |   174.0 | 8,07 | mscp65.txt |  9,7 |
| 5 |  400 | 3000 |   30 | 0.10935327 |1578630096342 |     161 |   168.0 | 4,35 | mscp65.txt |   13 |
| 5 |  500 | 3000 |   30 | 0.10854817 |1578630096342 |     161 |   164.0 | 1,86 | mscp65.txt |   17 |
| 5 |  600 | 3000 |   30 | 0.09981264 |1578630096342 |     161 |   164.0 | 1,86 | mscp65.txt |   20 |
| 5 |  700 | 3000 |   30 | 0.09760499 |1578630096342 |     161 |   164.0 | 1,86 | mscp65.txt |   23 |
| 5 |  800 | 3000 |   30 |0.102732964 |1578630096342 |     161 |   164.0 | 1,86 | mscp65.txt |   27 |
| 5 |  900 | 3000 |   30 | 0.09712988 |1578630096342 |     161 |   164.0 | 1,86 | mscp65.txt |   30 |
| 5 | 1000 | 3000 |   30 |   0.099479 |1578630096342 |     161 |   164.0 | 1,86 | mscp65.txt |   34 |
| 5 | 1100 | 3000 |   30 |  0.0957498 |1578630096342 |     161 |   164.0 | 1,86 | mscp65.txt |   37 |
| 5 | 1200 | 3000 |   30 | 0.09360622 |1578630096342 |     161 |   164.0 | 1,86 | mscp65.txt |   41 |
| 5 | 1300 | 3000 |   30 |0.094885916 |1578630096342 |     161 |   164.0 | 1,86 | mscp65.txt |   44 |
| 5 | 1400 | 3000 |   30 | 0.09167194 |1578630096342 |     161 |   164.0 | 1,86 | mscp65.txt |   48 |
| 5 | 1500 | 3000 |   30 |0.092107326 |1578630096342 |     161 |   164.0 | 1,86 | mscp65.txt |   51 |
| 5 | 1600 | 3000 |   30 | 0.08746898 |1578630096342 |     161 |   164.0 | 1,86 | mscp65.txt |   55 |
| 5 | 1700 | 3000 |   30 | 0.08683517 |1578630096342 |     161 |   164.0 | 1,86 | mscp65.txt |   58 |
| 5 | 1800 | 3000 |   30 | 0.08683517 |1578630096342 |     161 |   164.0 | 1,86 | mscp65.txt |   62 |
| 5 | 1900 | 3000 |   30 | 0.08683517 |1578630096342 |     161 |   164.0 | 1,86 | mscp65.txt |   66 |
| 5 | 2000 | 3000 |   30 | 0.08683517 |1578630096342 |     161 |   164.0 | 1,86 | mscp65.txt |   69 |
| 5 | 2100 | 3000 |   30 | 0.08689591 |1578630096342 |     161 |   164.0 | 1,86 | mscp65.txt |   73 |
| 5 | 2200 | 3000 |   30 | 0.08689591 |1578630096342 |     161 |   164.0 | 1,86 | mscp65.txt |   76 |
| 5 | 2300 | 3000 |   30 | 0.08689591 |1578630096342 |     161 |   164.0 | 1,86 | mscp65.txt |   80 |
| 5 | 2400 | 3000 |   30 | 0.08689591 |1578630096342 |     161 |   164.0 | 1,86 | mscp65.txt |   84 |
| 5 | 2500 | 3000 |   30 | 0.08567913 |1578630096342 |     161 |   164.0 | 1,86 | mscp65.txt |   87 |
| 5 | 2600 | 3000 |   30 | 0.08567913 |1578630096342 |     161 |   164.0 | 1,86 | mscp65.txt |   91 |
| 5 | 2700 | 3000 |   30 | 0.08567913 |1578630096342 |     161 |   164.0 | 1,86 | mscp65.txt |   95 |
| 5 | 2800 | 3000 |   30 | 0.08567913 |1578630096342 |     161 |   164.0 | 1,86 | mscp65.txt |   98 |
| 5 | 2900 | 3000 |   30 | 0.08567913 |1578630096342 |     161 |   164.0 | 1,86 | mscp65.txt |1,0e+02 |
| 5 | 3000 | 3000 |   30 | 0.08567913 |1578630096342 |     161 |   164.0 | 1,86 | mscp65.txt |1,1e+02 |
| 5 |  200 | 3000 |   30 | 0.08567913 |1578630096342 |     161 |   164.0 | 1,86 | mscp65.txt |1,1e+02 |
| 6 |    1 | 3000 |   30 |       0.25 |1578630201526 |     161 |   246.0 |52,80 | mscp65.txt |0,018 |
| 6 |  100 | 3000 |   30 | 0.12550458 |1578630201526 |     161 |   205.0 |27,33 | mscp65.txt |  3,0 |
| 6 |  200 | 3000 |   30 | 0.10985239 |1578630201526 |     161 |   197.0 |22,36 | mscp65.txt |  6,2 |
| 6 |  300 | 3000 |   30 | 0.11790859 |1578630201526 |     161 |   183.0 |13,66 | mscp65.txt |  9,5 |
| 6 |  400 | 3000 |   30 |0.117913835 |1578630201526 |     161 |   180.0 |11,80 | mscp65.txt |   13 |
| 6 |  500 | 3000 |   30 | 0.11920057 |1578630201526 |     161 |   176.0 | 9,32 | mscp65.txt |   16 |
| 6 |  600 | 3000 |   30 | 0.12221637 |1578630201526 |     161 |   172.0 | 6,83 | mscp65.txt |   19 |
| 6 |  700 | 3000 |   30 | 0.12473573 |1578630201526 |     161 |   172.0 | 6,83 | mscp65.txt |   23 |
| 6 |  800 | 3000 |   30 |0.119077645 |1578630201526 |     161 |   172.0 | 6,83 | mscp65.txt |   26 |
| 6 |  900 | 3000 |   30 | 0.12848552 |1578630201526 |     161 |   171.0 | 6,21 | mscp65.txt |   29 |
| 6 | 1000 | 3000 |   30 | 0.11745514 |1578630201526 |     161 |   169.0 | 4,97 | mscp65.txt |   32 |
| 6 | 1100 | 3000 |   30 | 0.11641526 |1578630201526 |     161 |   169.0 | 4,97 | mscp65.txt |   35 |
| 6 | 1200 | 3000 |   30 | 0.11960432 |1578630201526 |     161 |   169.0 | 4,97 | mscp65.txt |   39 |
| 6 | 1300 | 3000 |   30 | 0.11099384 |1578630201526 |     161 |   168.0 | 4,35 | mscp65.txt |   42 |
| 6 | 1400 | 3000 |   30 | 0.11439703 |1578630201526 |     161 |   168.0 | 4,35 | mscp65.txt |   45 |
| 6 | 1500 | 3000 |   30 | 0.11772268 |1578630201526 |     161 |   168.0 | 4,35 | mscp65.txt |   48 |
| 6 | 1600 | 3000 |   30 | 0.12620638 |1578630201526 |     161 |   168.0 | 4,35 | mscp65.txt |   52 |
| 6 | 1700 | 3000 |   30 | 0.12125139 |1578630201526 |     161 |   168.0 | 4,35 | mscp65.txt |   55 |
| 6 | 1800 | 3000 |   30 |  0.1295164 |1578630201526 |     161 |   168.0 | 4,35 | mscp65.txt |   58 |
| 6 | 1900 | 3000 |   30 | 0.12599888 |1578630201526 |     161 |   167.0 | 3,73 | mscp65.txt |   62 |
| 6 | 2000 | 3000 |   30 | 0.12803285 |1578630201526 |     161 |   167.0 | 3,73 | mscp65.txt |   65 |
| 6 | 2100 | 3000 |   30 | 0.12829132 |1578630201526 |     161 |   167.0 | 3,73 | mscp65.txt |   68 |
| 6 | 2200 | 3000 |   30 | 0.12420091 |1578630201526 |     161 |   167.0 | 3,73 | mscp65.txt |   71 |
| 6 | 2300 | 3000 |   30 | 0.12266569 |1578630201526 |     161 |   167.0 | 3,73 | mscp65.txt |   75 |
| 6 | 2400 | 3000 |   30 | 0.12175027 |1578630201526 |     161 |   167.0 | 3,73 | mscp65.txt |   78 |
| 6 | 2500 | 3000 |   30 | 0.12361008 |1578630201526 |     161 |   167.0 | 3,73 | mscp65.txt |   82 |
| 6 | 2600 | 3000 |   30 | 0.12721507 |1578630201526 |     161 |   167.0 | 3,73 | mscp65.txt |   85 |
| 6 | 2700 | 3000 |   30 | 0.12721507 |1578630201526 |     161 |   167.0 | 3,73 | mscp65.txt |   89 |
| 6 | 2800 | 3000 |   30 | 0.12679516 |1578630201526 |     161 |   167.0 | 3,73 | mscp65.txt |   92 |
| 6 | 2900 | 3000 |   30 | 0.11907449 |1578630201526 |     161 |   167.0 | 3,73 | mscp65.txt |   95 |
| 6 | 3000 | 3000 |   30 | 0.11907449 |1578630201526 |     161 |   167.0 | 3,73 | mscp65.txt |   99 |
| 6 |  200 | 3000 |   30 | 0.11907449 |1578630201526 |     161 |   167.0 | 3,73 | mscp65.txt |   99 |
| 7 |    1 | 3000 |   30 |       0.25 |1578630300377 |     161 |   239.0 |48,45 | mscp65.txt |0,020 |
| 7 |  100 | 3000 |   30 | 0.10945442 |1578630300377 |     161 |   193.0 |19,88 | mscp65.txt |  3,1 |
| 7 |  200 | 3000 |   30 |0.112330645 |1578630300377 |     161 |   184.0 |14,29 | mscp65.txt |  6,4 |
| 7 |  300 | 3000 |   30 | 0.12288814 |1578630300377 |     161 |   184.0 |14,29 | mscp65.txt |  9,8 |
| 7 |  400 | 3000 |   30 | 0.11617117 |1578630300377 |     161 |   173.0 | 7,45 | mscp65.txt |   13 |
| 7 |  500 | 3000 |   30 | 0.11095796 |1578630300377 |     161 |   166.0 | 3,11 | mscp65.txt |   17 |
| 7 |  600 | 3000 |   30 |0.114064425 |1578630300377 |     161 |   166.0 | 3,11 | mscp65.txt |   20 |
| 7 |  700 | 3000 |   30 |0.113335654 |1578630300377 |     161 |   166.0 | 3,11 | mscp65.txt |   23 |
| 7 |  800 | 3000 |   30 | 0.11574394 |1578630300377 |     161 |   166.0 | 3,11 | mscp65.txt |   27 |
| 7 |  900 | 3000 |   30 | 0.11505357 |1578630300377 |     161 |   166.0 | 3,11 | mscp65.txt |   30 |
| 7 |  200 | 3000 |   30 | 0.11505357 |1578630300377 |     161 |   161.0 | 0,00 | mscp65.txt |   32 |
| 8 |    1 | 3000 |   30 |       0.25 |1578630332658 |     161 |   248.0 |54,04 | mscp65.txt |0,024 |
| 8 |  100 | 3000 |   30 |  0.0969657 |1578630332658 |     161 |   195.0 |21,12 | mscp65.txt |  3,1 |
| 8 |  200 | 3000 |   30 | 0.10335008 |1578630332658 |     161 |   173.0 | 7,45 | mscp65.txt |  6,3 |
| 8 |  300 | 3000 |   30 |  0.1119171 |1578630332658 |     161 |   167.0 | 3,73 | mscp65.txt |  9,7 |
| 8 |  400 | 3000 |   30 | 0.11277671 |1578630332658 |     161 |   167.0 | 3,73 | mscp65.txt |   13 |
| 8 |  500 | 3000 |   30 |  0.1171187 |1578630332658 |     161 |   167.0 | 3,73 | mscp65.txt |   17 |
| 8 |  600 | 3000 |   30 | 0.12245266 |1578630332658 |     161 |   167.0 | 3,73 | mscp65.txt |   20 |
| 8 |  700 | 3000 |   30 | 0.12590529 |1578630332658 |     161 |   167.0 | 3,73 | mscp65.txt |   24 |
| 8 |  800 | 3000 |   30 |  0.1204246 |1578630332658 |     161 |   164.0 | 1,86 | mscp65.txt |   27 |
| 8 |  900 | 3000 |   30 |0.120425455 |1578630332658 |     161 |   164.0 | 1,86 | mscp65.txt |   31 |
| 8 | 1000 | 3000 |   30 |0.120425455 |1578630332658 |     161 |   164.0 | 1,86 | mscp65.txt |   34 |
| 8 | 1100 | 3000 |   30 | 0.11755176 |1578630332658 |     161 |   164.0 | 1,86 | mscp65.txt |   38 |
| 8 | 1200 | 3000 |   30 | 0.11624175 |1578630332658 |     161 |   164.0 | 1,86 | mscp65.txt |   41 |
| 8 | 1300 | 3000 |   30 |0.117476955 |1578630332658 |     161 |   164.0 | 1,86 | mscp65.txt |   45 |
| 8 | 1400 | 3000 |   30 | 0.10963574 |1578630332658 |     161 |   164.0 | 1,86 | mscp65.txt |   48 |
| 8 | 1500 | 3000 |   30 |0.112542495 |1578630332658 |     161 |   164.0 | 1,86 | mscp65.txt |   52 |
| 8 | 1600 | 3000 |   30 | 0.10924075 |1578630332658 |     161 |   164.0 | 1,86 | mscp65.txt |   55 |
| 8 | 1700 | 3000 |   30 | 0.10290598 |1578630332658 |     161 |   164.0 | 1,86 | mscp65.txt |   59 |
| 8 | 1800 | 3000 |   30 | 0.10736987 |1578630332658 |     161 |   164.0 | 1,86 | mscp65.txt |   62 |
| 8 | 1900 | 3000 |   30 | 0.10863121 |1578630332658 |     161 |   164.0 | 1,86 | mscp65.txt |   66 |
| 8 | 2000 | 3000 |   30 | 0.10945876 |1578630332658 |     161 |   164.0 | 1,86 | mscp65.txt |   69 |
| 8 | 2100 | 3000 |   30 | 0.10718573 |1578630332658 |     161 |   164.0 | 1,86 | mscp65.txt |   72 |
| 8 | 2200 | 3000 |   30 | 0.10588035 |1578630332658 |     161 |   164.0 | 1,86 | mscp65.txt |   76 |
| 8 | 2300 | 3000 |   30 | 0.10728364 |1578630332658 |     161 |   163.0 | 1,24 | mscp65.txt |   80 |
| 8 | 2400 | 3000 |   30 | 0.10707619 |1578630332658 |     161 |   163.0 | 1,24 | mscp65.txt |   83 |
| 8 | 2500 | 3000 |   30 | 0.10363392 |1578630332658 |     161 |   163.0 | 1,24 | mscp65.txt |   87 |
| 8 | 2600 | 3000 |   30 | 0.10221778 |1578630332658 |     161 |   163.0 | 1,24 | mscp65.txt |   90 |
| 8 | 2700 | 3000 |   30 |0.098917566 |1578630332658 |     161 |   163.0 | 1,24 | mscp65.txt |   94 |
| 8 | 2800 | 3000 |   30 | 0.09443059 |1578630332658 |     161 |   163.0 | 1,24 | mscp65.txt |   98 |
| 8 | 2900 | 3000 |   30 |0.095222294 |1578630332658 |     161 |   163.0 | 1,24 | mscp65.txt |1,0e+02 |
| 8 | 3000 | 3000 |   30 | 0.10056799 |1578630332658 |     161 |   163.0 | 1,24 | mscp65.txt |1,0e+02 |
| 8 |  200 | 3000 |   30 | 0.10056799 |1578630332658 |     161 |   163.0 | 1,24 | mscp65.txt |1,0e+02 |
| 9 |    1 | 3000 |   30 |       0.25 |1578630437420 |     161 |   247.0 |53,42 | mscp65.txt |0,033 |
| 9 |  100 | 3000 |   30 | 0.11626297 |1578630437420 |     161 |   199.0 |23,60 | mscp65.txt |  3,2 |
| 9 |  200 | 3000 |   30 | 0.13552284 |1578630437420 |     161 |   178.0 |10,56 | mscp65.txt |  6,4 |
| 9 |  300 | 3000 |   30 | 0.13981822 |1578630437420 |     161 |   172.0 | 6,83 | mscp65.txt |  9,6 |
| 9 |  400 | 3000 |   30 | 0.16609736 |1578630437420 |     161 |   168.0 | 4,35 | mscp65.txt |   13 |
| 9 |  500 | 3000 |   30 | 0.17229286 |1578630437420 |     161 |   168.0 | 4,35 | mscp65.txt |   16 |
| 9 |  600 | 3000 |   30 |  0.1817978 |1578630437420 |     161 |   168.0 | 4,35 | mscp65.txt |   20 |
| 9 |  700 | 3000 |   30 | 0.18639456 |1578630437420 |     161 |   168.0 | 4,35 | mscp65.txt |   23 |
| 9 |  800 | 3000 |   30 | 0.19962643 |1578630437420 |     161 |   168.0 | 4,35 | mscp65.txt |   27 |
| 9 |  900 | 3000 |   30 |  0.2052071 |1578630437420 |     161 |   168.0 | 4,35 | mscp65.txt |   30 |
| 9 | 1000 | 3000 |   30 | 0.18982892 |1578630437420 |     161 |   168.0 | 4,35 | mscp65.txt |   33 |
| 9 | 1100 | 3000 |   30 |   0.181202 |1578630437420 |     161 |   167.0 | 3,73 | mscp65.txt |   37 |
| 9 | 1200 | 3000 |   30 | 0.18619438 |1578630437420 |     161 |   167.0 | 3,73 | mscp65.txt |   40 |
| 9 | 1300 | 3000 |   30 | 0.18602541 |1578630437420 |     161 |   166.0 | 3,11 | mscp65.txt |   44 |
| 9 | 1400 | 3000 |   30 |  0.1873849 |1578630437420 |     161 |   166.0 | 3,11 | mscp65.txt |   47 |
| 9 | 1500 | 3000 |   30 | 0.19081032 |1578630437420 |     161 |   166.0 | 3,11 | mscp65.txt |   50 |
| 9 | 1600 | 3000 |   30 | 0.18727838 |1578630437420 |     161 |   166.0 | 3,11 | mscp65.txt |   54 |
| 9 | 1700 | 3000 |   30 | 0.18774791 |1578630437420 |     161 |   165.0 | 2,48 | mscp65.txt |   57 |
| 9 | 1800 | 3000 |   30 |  0.1642433 |1578630437420 |     161 |   165.0 | 2,48 | mscp65.txt |   61 |
| 9 | 1900 | 3000 |   30 |  0.1480695 |1578630437420 |     161 |   165.0 | 2,48 | mscp65.txt |   64 |
| 9 | 2000 | 3000 |   30 | 0.12121727 |1578630437420 |     161 |   165.0 | 2,48 | mscp65.txt |   68 |
| 9 | 2100 | 3000 |   30 |  0.1151354 |1578630437420 |     161 |   165.0 | 2,48 | mscp65.txt |   71 |
| 9 | 2200 | 3000 |   30 |   0.108039 |1578630437420 |     161 |   165.0 | 2,48 | mscp65.txt |   75 |
| 9 | 2300 | 3000 |   30 | 0.10770214 |1578630437420 |     161 |   165.0 | 2,48 | mscp65.txt |   78 |
| 9 | 2400 | 3000 |   30 | 0.10770214 |1578630437420 |     161 |   165.0 | 2,48 | mscp65.txt |   82 |
| 9 | 2500 | 3000 |   30 | 0.10770214 |1578630437420 |     161 |   165.0 | 2,48 | mscp65.txt |   86 |
| 9 | 2600 | 3000 |   30 | 0.10253983 |1578630437420 |     161 |   165.0 | 2,48 | mscp65.txt |   89 |
| 9 | 2700 | 3000 |   30 | 0.09536994 |1578630437420 |     161 |   165.0 | 2,48 | mscp65.txt |   93 |
| 9 | 2800 | 3000 |   30 | 0.09536994 |1578630437420 |     161 |   165.0 | 2,48 | mscp65.txt |   97 |
| 9 | 2900 | 3000 |   30 | 0.09680393 |1578630437420 |     161 |   165.0 | 2,48 | mscp65.txt |1,0e+02 |
| 9 | 3000 | 3000 |   30 | 0.09972342 |1578630437420 |     161 |   165.0 | 2,48 | mscp65.txt |1,0e+02 |
| 9 |  200 | 3000 |   30 | 0.09972342 |1578630437420 |     161 |   165.0 | 2,48 | mscp65.txt |1,0e+02 |
|10 |    1 | 3000 |   30 |       0.25 |1578630541367 |     161 |   265.0 |64,60 | mscp65.txt |0,022 |
|10 |  100 | 3000 |   30 | 0.11381254 |1578630541367 |     161 |   193.0 |19,88 | mscp65.txt |  3,2 |
|10 |  200 | 3000 |   30 | 0.11890083 |1578630541367 |     161 |   189.0 |17,39 | mscp65.txt |  6,6 |
|10 |  300 | 3000 |   30 |  0.1064081 |1578630541367 |     161 |   177.0 | 9,94 | mscp65.txt |   10 |
|10 |  400 | 3000 |   30 | 0.09712634 |1578630541367 |     161 |   177.0 | 9,94 | mscp65.txt |   13 |
|10 |  500 | 3000 |   30 |0.092142634 |1578630541367 |     161 |   171.0 | 6,21 | mscp65.txt |   17 |
|10 |  600 | 3000 |   30 | 0.09866327 |1578630541367 |     161 |   171.0 | 6,21 | mscp65.txt |   20 |
|10 |  700 | 3000 |   30 |0.095207565 |1578630541367 |     161 |   171.0 | 6,21 | mscp65.txt |   24 |
|10 |  800 | 3000 |   30 | 0.09169823 |1578630541367 |     161 |   169.0 | 4,97 | mscp65.txt |   27 |
|10 |  900 | 3000 |   30 |  0.1000811 |1578630541367 |     161 |   169.0 | 4,97 | mscp65.txt |   31 |
|10 | 1000 | 3000 |   30 | 0.10165601 |1578630541367 |     161 |   168.0 | 4,35 | mscp65.txt |   34 |
|10 | 1100 | 3000 |   30 |0.107944004 |1578630541367 |     161 |   168.0 | 4,35 | mscp65.txt |   37 |
|10 | 1200 | 3000 |   30 | 0.10827809 |1578630541367 |     161 |   168.0 | 4,35 | mscp65.txt |   41 |
|10 | 1300 | 3000 |   30 | 0.10128944 |1578630541367 |     161 |   168.0 | 4,35 | mscp65.txt |   44 |
|10 | 1400 | 3000 |   30 |0.113373116 |1578630541367 |     161 |   167.0 | 3,73 | mscp65.txt |   48 |
|10 | 1500 | 3000 |   30 | 0.11087793 |1578630541367 |     161 |   167.0 | 3,73 | mscp65.txt |   51 |
|10 | 1600 | 3000 |   30 |   0.104695 |1578630541367 |     161 |   167.0 | 3,73 | mscp65.txt |   55 |
|10 | 1700 | 3000 |   30 |0.105281204 |1578630541367 |     161 |   166.0 | 3,11 | mscp65.txt |   59 |
|10 | 1800 | 3000 |   30 | 0.11074409 |1578630541367 |     161 |   166.0 | 3,11 | mscp65.txt |   63 |
|10 | 1900 | 3000 |   30 |0.106822416 |1578630541367 |     161 |   166.0 | 3,11 | mscp65.txt |   66 |
|10 | 2000 | 3000 |   30 | 0.10568968 |1578630541367 |     161 |   166.0 | 3,11 | mscp65.txt |   70 |
|10 | 2100 | 3000 |   30 | 0.10669385 |1578630541367 |     161 |   166.0 | 3,11 | mscp65.txt |   73 |
|10 | 2200 | 3000 |   30 | 0.10412074 |1578630541367 |     161 |   166.0 | 3,11 | mscp65.txt |   76 |
|10 | 2300 | 3000 |   30 |0.104110055 |1578630541367 |     161 |   166.0 | 3,11 | mscp65.txt |   80 |
|10 | 2400 | 3000 |   30 |0.104858905 |1578630541367 |     161 |   166.0 | 3,11 | mscp65.txt |   83 |
|10 | 2500 | 3000 |   30 |0.104858905 |1578630541367 |     161 |   166.0 | 3,11 | mscp65.txt |   87 |
|10 | 2600 | 3000 |   30 | 0.10034774 |1578630541367 |     161 |   166.0 | 3,11 | mscp65.txt |   90 |
|10 | 2700 | 3000 |   30 | 0.09515347 |1578630541367 |     161 |   166.0 | 3,11 | mscp65.txt |   94 |
|10 | 2800 | 3000 |   30 | 0.09516908 |1578630541367 |     161 |   166.0 | 3,11 | mscp65.txt |   97 |
|10 | 2900 | 3000 |   30 | 0.09718173 |1578630541367 |     161 |   166.0 | 3,11 | mscp65.txt |1,0e+02 |
|10 | 3000 | 3000 |   30 | 0.09672739 |1578630541367 |     161 |   166.0 | 3,11 | mscp65.txt |1,0e+02 |
|10 |  200 | 3000 |   30 | 0.09672739 |1578630541367 |     161 |   166.0 | 3,11 | mscp65.txt |1,0e+02 |
|11 |    1 | 3000 |   30 |       0.25 |1578630645273 |     161 |   242.0 |50,31 | mscp65.txt |0,025 |
|11 |  100 | 3000 |   30 | 0.12707488 |1578630645273 |     161 |   193.0 |19,88 | mscp65.txt |  3,1 |
|11 |  200 | 3000 |   30 | 0.13530087 |1578630645273 |     161 |   183.0 |13,66 | mscp65.txt |  6,4 |
|11 |  300 | 3000 |   30 | 0.12251833 |1578630645273 |     161 |   176.0 | 9,32 | mscp65.txt |  9,8 |
|11 |  400 | 3000 |   30 |0.120817505 |1578630645273 |     161 |   174.0 | 8,07 | mscp65.txt |   13 |
|11 |  500 | 3000 |   30 | 0.09739601 |1578630645273 |     161 |   169.0 | 4,97 | mscp65.txt |   17 |
|11 |  600 | 3000 |   30 |  0.0959883 |1578630645273 |     161 |   169.0 | 4,97 | mscp65.txt |   20 |
|11 |  700 | 3000 |   30 |0.093549974 |1578630645273 |     161 |   168.0 | 4,35 | mscp65.txt |   24 |
|11 |  800 | 3000 |   30 | 0.09044505 |1578630645273 |     161 |   168.0 | 4,35 | mscp65.txt |   28 |
|11 |  900 | 3000 |   30 |   0.085625 |1578630645273 |     161 |   168.0 | 4,35 | mscp65.txt |   31 |
|11 | 1000 | 3000 |   30 | 0.08878064 |1578630645273 |     161 |   166.0 | 3,11 | mscp65.txt |   35 |
|11 | 1100 | 3000 |   30 | 0.09008303 |1578630645273 |     161 |   166.0 | 3,11 | mscp65.txt |   38 |
|11 | 1200 | 3000 |   30 | 0.08582896 |1578630645273 |     161 |   165.0 | 2,48 | mscp65.txt |   42 |
|11 | 1300 | 3000 |   30 | 0.08147014 |1578630645273 |     161 |   165.0 | 2,48 | mscp65.txt |   45 |
|11 | 1400 | 3000 |   30 | 0.08147014 |1578630645273 |     161 |   165.0 | 2,48 | mscp65.txt |   49 |
|11 | 1500 | 3000 |   30 | 0.08325681 |1578630645273 |     161 |   165.0 | 2,48 | mscp65.txt |   53 |
|11 | 1600 | 3000 |   30 | 0.08390964 |1578630645273 |     161 |   165.0 | 2,48 | mscp65.txt |   56 |
|11 | 1700 | 3000 |   30 |  0.0838424 |1578630645273 |     161 |   165.0 | 2,48 | mscp65.txt |   60 |
|11 | 1800 | 3000 |   30 | 0.08481051 |1578630645273 |     161 |   165.0 | 2,48 | mscp65.txt |   63 |
|11 | 1900 | 3000 |   30 | 0.07942728 |1578630645273 |     161 |   165.0 | 2,48 | mscp65.txt |   67 |
|11 | 2000 | 3000 |   30 | 0.07942728 |1578630645273 |     161 |   165.0 | 2,48 | mscp65.txt |   71 |
|11 | 2100 | 3000 |   30 | 0.07968727 |1578630645273 |     161 |   165.0 | 2,48 | mscp65.txt |   74 |
|11 | 2200 | 3000 |   30 | 0.07968727 |1578630645273 |     161 |   165.0 | 2,48 | mscp65.txt |   78 |
|11 | 2300 | 3000 |   30 |0.073028676 |1578630645273 |     161 |   165.0 | 2,48 | mscp65.txt |   81 |
|11 | 2400 | 3000 |   30 | 0.07271387 |1578630645273 |     161 |   165.0 | 2,48 | mscp65.txt |   85 |
|11 | 2500 | 3000 |   30 | 0.07271387 |1578630645273 |     161 |   165.0 | 2,48 | mscp65.txt |   89 |
|11 | 2600 | 3000 |   30 | 0.07271387 |1578630645273 |     161 |   165.0 | 2,48 | mscp65.txt |   92 |
|11 | 2700 | 3000 |   30 |0.072198436 |1578630645273 |     161 |   164.0 | 1,86 | mscp65.txt |   96 |
|11 | 2800 | 3000 |   30 | 0.07252133 |1578630645273 |     161 |   164.0 | 1,86 | mscp65.txt |1,0e+02 |
|11 | 2900 | 3000 |   30 | 0.07252133 |1578630645273 |     161 |   164.0 | 1,86 | mscp65.txt |1,0e+02 |
|11 | 3000 | 3000 |   30 | 0.07252133 |1578630645273 |     161 |   164.0 | 1,86 | mscp65.txt |1,1e+02 |
|11 |  200 | 3000 |   30 | 0.07252133 |1578630645273 |     161 |   164.0 | 1,86 | mscp65.txt |1,1e+02 |
|12 |    1 | 3000 |   30 |       0.25 |1578630751963 |     161 |   215.0 |33,54 | mscp65.txt |0,022 |
|12 |  100 | 3000 |   30 | 0.11900564 |1578630751963 |     161 |   183.0 |13,66 | mscp65.txt |  3,1 |
|12 |  200 | 3000 |   30 | 0.11848426 |1578630751963 |     161 |   179.0 |11,18 | mscp65.txt |  6,3 |
|12 |  300 | 3000 |   30 | 0.11742293 |1578630751963 |     161 |   175.0 | 8,70 | mscp65.txt |  9,6 |
|12 |  400 | 3000 |   30 | 0.11065504 |1578630751963 |     161 |   174.0 | 8,07 | mscp65.txt |   13 |
|12 |  500 | 3000 |   30 |0.102644116 |1578630751963 |     161 |   173.0 | 7,45 | mscp65.txt |   16 |
|12 |  600 | 3000 |   30 |0.105714284 |1578630751963 |     161 |   171.0 | 6,21 | mscp65.txt |   19 |
|12 |  700 | 3000 |   30 |0.105033554 |1578630751963 |     161 |   167.0 | 3,73 | mscp65.txt |   23 |
|12 |  800 | 3000 |   30 |0.102337226 |1578630751963 |     161 |   165.0 | 2,48 | mscp65.txt |   26 |
|12 |  900 | 3000 |   30 | 0.10006562 |1578630751963 |     161 |   165.0 | 2,48 | mscp65.txt |   29 |
|12 | 1000 | 3000 |   30 | 0.10411419 |1578630751963 |     161 |   165.0 | 2,48 | mscp65.txt |   32 |
|12 | 1100 | 3000 |   30 | 0.10416324 |1578630751963 |     161 |   165.0 | 2,48 | mscp65.txt |   36 |
|12 | 1200 | 3000 |   30 | 0.10027901 |1578630751963 |     161 |   165.0 | 2,48 | mscp65.txt |   39 |
|12 | 1300 | 3000 |   30 | 0.09998366 |1578630751963 |     161 |   165.0 | 2,48 | mscp65.txt |   43 |
|12 | 1400 | 3000 |   30 |0.096298724 |1578630751963 |     161 |   165.0 | 2,48 | mscp65.txt |   46 |
|12 | 1500 | 3000 |   30 | 0.09578982 |1578630751963 |     161 |   165.0 | 2,48 | mscp65.txt |   49 |
|12 | 1600 | 3000 |   30 | 0.09736971 |1578630751963 |     161 |   164.0 | 1,86 | mscp65.txt |   53 |
|12 | 1700 | 3000 |   30 | 0.09151892 |1578630751963 |     161 |   164.0 | 1,86 | mscp65.txt |   56 |
|12 | 1800 | 3000 |   30 |0.089943685 |1578630751963 |     161 |   164.0 | 1,86 | mscp65.txt |   60 |
|12 | 1900 | 3000 |   30 |0.089634046 |1578630751963 |     161 |   164.0 | 1,86 | mscp65.txt |   63 |
|12 | 2000 | 3000 |   30 | 0.09213083 |1578630751963 |     161 |   164.0 | 1,86 | mscp65.txt |   67 |
|12 | 2100 | 3000 |   30 |0.088141024 |1578630751963 |     161 |   164.0 | 1,86 | mscp65.txt |   70 |
|12 | 2200 | 3000 |   30 |  0.0903112 |1578630751963 |     161 |   164.0 | 1,86 | mscp65.txt |   73 |
|12 | 2300 | 3000 |   30 |0.086873814 |1578630751963 |     161 |   164.0 | 1,86 | mscp65.txt |   77 |
|12 | 2400 | 3000 |   30 |0.086643726 |1578630751963 |     161 |   164.0 | 1,86 | mscp65.txt |   80 |
|12 | 2500 | 3000 |   30 | 0.08490126 |1578630751963 |     161 |   164.0 | 1,86 | mscp65.txt |   84 |
|12 | 2600 | 3000 |   30 | 0.08256458 |1578630751963 |     161 |   164.0 | 1,86 | mscp65.txt |   87 |
|12 | 2700 | 3000 |   30 | 0.07943284 |1578630751963 |     161 |   164.0 | 1,86 | mscp65.txt |   91 |
|12 | 2800 | 3000 |   30 | 0.08044574 |1578630751963 |     161 |   164.0 | 1,86 | mscp65.txt |   94 |
|12 | 2900 | 3000 |   30 | 0.08352632 |1578630751963 |     161 |   164.0 | 1,86 | mscp65.txt |   98 |
|12 | 3000 | 3000 |   30 | 0.08352632 |1578630751963 |     161 |   164.0 | 1,86 | mscp65.txt |1,0e+02 |
|12 |  200 | 3000 |   30 | 0.08352632 |1578630751963 |     161 |   164.0 | 1,86 | mscp65.txt |1,0e+02 |
|13 |    1 | 3000 |   30 |       0.25 |1578630853010 |     161 |   247.0 |53,42 | mscp65.txt |0,022 |
|13 |  100 | 3000 |   30 | 0.12033195 |1578630853010 |     161 |   193.0 |19,88 | mscp65.txt |  3,1 |
|13 |  200 | 3000 |   30 | 0.12978803 |1578630853010 |     161 |   178.0 |10,56 | mscp65.txt |  6,4 |
|13 |  300 | 3000 |   30 |  0.1293411 |1578630853010 |     161 |   173.0 | 7,45 | mscp65.txt |  9,7 |
|13 |  400 | 3000 |   30 | 0.13205375 |1578630853010 |     161 |   173.0 | 7,45 | mscp65.txt |   13 |
|13 |  500 | 3000 |   30 |   0.148333 |1578630853010 |     161 |   173.0 | 7,45 | mscp65.txt |   16 |
|13 |  600 | 3000 |   30 | 0.13595225 |1578630853010 |     161 |   173.0 | 7,45 | mscp65.txt |   20 |
|13 |  700 | 3000 |   30 | 0.14136435 |1578630853010 |     161 |   170.0 | 5,59 | mscp65.txt |   23 |
|13 |  800 | 3000 |   30 |  0.1323586 |1578630853010 |     161 |   170.0 | 5,59 | mscp65.txt |   27 |
|13 |  900 | 3000 |   30 | 0.13229348 |1578630853010 |     161 |   165.0 | 2,48 | mscp65.txt |   30 |
|13 | 1000 | 3000 |   30 | 0.12654145 |1578630853010 |     161 |   165.0 | 2,48 | mscp65.txt |   33 |
|13 | 1100 | 3000 |   30 | 0.13134214 |1578630853010 |     161 |   165.0 | 2,48 | mscp65.txt |   37 |
|13 | 1200 | 3000 |   30 | 0.12945166 |1578630853010 |     161 |   165.0 | 2,48 | mscp65.txt |   40 |
|13 | 1300 | 3000 |   30 | 0.13490854 |1578630853010 |     161 |   165.0 | 2,48 | mscp65.txt |   44 |
|13 | 1400 | 3000 |   30 |  0.1285073 |1578630853010 |     161 |   165.0 | 2,48 | mscp65.txt |   47 |
|13 | 1500 | 3000 |   30 | 0.12622641 |1578630853010 |     161 |   165.0 | 2,48 | mscp65.txt |   50 |
|13 | 1600 | 3000 |   30 | 0.12807974 |1578630853010 |     161 |   165.0 | 2,48 | mscp65.txt |   54 |
|13 | 1700 | 3000 |   30 |  0.1290944 |1578630853010 |     161 |   165.0 | 2,48 | mscp65.txt |   57 |
|13 | 1800 | 3000 |   30 |  0.1366569 |1578630853010 |     161 |   165.0 | 2,48 | mscp65.txt |   61 |
|13 | 1900 | 3000 |   30 | 0.13427357 |1578630853010 |     161 |   165.0 | 2,48 | mscp65.txt |   64 |
|13 | 2000 | 3000 |   30 | 0.12745659 |1578630853010 |     161 |   165.0 | 2,48 | mscp65.txt |   68 |
|13 | 2100 | 3000 |   30 | 0.12745659 |1578630853010 |     161 |   165.0 | 2,48 | mscp65.txt |   71 |
|13 | 2200 | 3000 |   30 | 0.12822948 |1578630853010 |     161 |   165.0 | 2,48 | mscp65.txt |   74 |
|13 | 2300 | 3000 |   30 | 0.13037686 |1578630853010 |     161 |   165.0 | 2,48 | mscp65.txt |   78 |
|13 | 2400 | 3000 |   30 | 0.12432432 |1578630853010 |     161 |   165.0 | 2,48 | mscp65.txt |   81 |
|13 | 2500 | 3000 |   30 | 0.12654437 |1578630853010 |     161 |   165.0 | 2,48 | mscp65.txt |   85 |
|13 | 2600 | 3000 |   30 | 0.12654437 |1578630853010 |     161 |   165.0 | 2,48 | mscp65.txt |   88 |
|13 | 2700 | 3000 |   30 | 0.12654437 |1578630853010 |     161 |   165.0 | 2,48 | mscp65.txt |   92 |
|13 | 2800 | 3000 |   30 |  0.1297409 |1578630853010 |     161 |   165.0 | 2,48 | mscp65.txt |   95 |
|13 | 2900 | 3000 |   30 |  0.1297409 |1578630853010 |     161 |   165.0 | 2,48 | mscp65.txt |   98 |
|13 | 3000 | 3000 |   30 | 0.12794612 |1578630853010 |     161 |   165.0 | 2,48 | mscp65.txt |1,0e+02 |
|13 |  200 | 3000 |   30 | 0.12794612 |1578630853010 |     161 |   165.0 | 2,48 | mscp65.txt |1,0e+02 |
|14 |    1 | 3000 |   30 |       0.25 |1578630954687 |     161 |   248.0 |54,04 | mscp65.txt |0,033 |
|14 |  100 | 3000 |   30 | 0.11447754 |1578630954687 |     161 |   181.0 |12,42 | mscp65.txt |  3,2 |
|14 |  200 | 3000 |   30 | 0.10610987 |1578630954687 |     161 |   177.0 | 9,94 | mscp65.txt |  6,6 |
|14 |  300 | 3000 |   30 | 0.11267857 |1578630954687 |     161 |   173.0 | 7,45 | mscp65.txt |  9,9 |
|14 |  400 | 3000 |   30 |  0.1120797 |1578630954687 |     161 |   172.0 | 6,83 | mscp65.txt |   13 |
|14 |  500 | 3000 |   30 | 0.11563779 |1578630954687 |     161 |   169.0 | 4,97 | mscp65.txt |   17 |
|14 |  600 | 3000 |   30 | 0.11292281 |1578630954687 |     161 |   169.0 | 4,97 | mscp65.txt |   21 |
|14 |  700 | 3000 |   30 |  0.1104752 |1578630954687 |     161 |   169.0 | 4,97 | mscp65.txt |   25 |
|14 |  800 | 3000 |   30 | 0.10901866 |1578630954687 |     161 |   169.0 | 4,97 | mscp65.txt |   28 |
|14 |  900 | 3000 |   30 | 0.10681935 |1578630954687 |     161 |   169.0 | 4,97 | mscp65.txt |   32 |
|14 | 1000 | 3000 |   30 |0.105742775 |1578630954687 |     161 |   169.0 | 4,97 | mscp65.txt |   35 |
|14 | 1100 | 3000 |   30 |0.099475555 |1578630954687 |     161 |   168.0 | 4,35 | mscp65.txt |   39 |
|14 | 1200 | 3000 |   30 | 0.10308237 |1578630954687 |     161 |   167.0 | 3,73 | mscp65.txt |   42 |
|14 | 1300 | 3000 |   30 |  0.0992341 |1578630954687 |     161 |   167.0 | 3,73 | mscp65.txt |   45 |
|14 | 1400 | 3000 |   30 | 0.09714473 |1578630954687 |     161 |   167.0 | 3,73 | mscp65.txt |   49 |
|14 | 1500 | 3000 |   30 | 0.10236351 |1578630954687 |     161 |   167.0 | 3,73 | mscp65.txt |   53 |
|14 | 1600 | 3000 |   30 |0.102431715 |1578630954687 |     161 |   167.0 | 3,73 | mscp65.txt |   56 |
|14 | 1700 | 3000 |   30 | 0.10175091 |1578630954687 |     161 |   167.0 | 3,73 | mscp65.txt |   60 |
|14 | 1800 | 3000 |   30 | 0.09957068 |1578630954687 |     161 |   167.0 | 3,73 | mscp65.txt |   63 |
|14 | 1900 | 3000 |   30 |0.103344485 |1578630954687 |     161 |   165.0 | 2,48 | mscp65.txt |   67 |
|14 | 2000 | 3000 |   30 | 0.10477299 |1578630954687 |     161 |   165.0 | 2,48 | mscp65.txt |   70 |
|14 | 2100 | 3000 |   30 |0.104534216 |1578630954687 |     161 |   165.0 | 2,48 | mscp65.txt |   74 |
|14 | 2200 | 3000 |   30 | 0.10346535 |1578630954687 |     161 |   165.0 | 2,48 | mscp65.txt |   77 |
|14 | 2300 | 3000 |   30 | 0.10262333 |1578630954687 |     161 |   164.0 | 1,86 | mscp65.txt |   81 |
|14 | 2400 | 3000 |   30 |0.095129125 |1578630954687 |     161 |   164.0 | 1,86 | mscp65.txt |   84 |
|14 | 2500 | 3000 |   30 | 0.09848235 |1578630954687 |     161 |   164.0 | 1,86 | mscp65.txt |   88 |
|14 | 2600 | 3000 |   30 | 0.09848235 |1578630954687 |     161 |   164.0 | 1,86 | mscp65.txt |   91 |
|14 | 2700 | 3000 |   30 | 0.09848235 |1578630954687 |     161 |   164.0 | 1,86 | mscp65.txt |   95 |
|14 | 2800 | 3000 |   30 | 0.10141079 |1578630954687 |     161 |   164.0 | 1,86 | mscp65.txt |   98 |
|14 | 2900 | 3000 |   30 | 0.10141079 |1578630954687 |     161 |   164.0 | 1,86 | mscp65.txt |1,0e+02 |
|14 | 3000 | 3000 |   30 | 0.10141079 |1578630954687 |     161 |   164.0 | 1,86 | mscp65.txt |1,1e+02 |
|14 |  200 | 3000 |   30 | 0.10141079 |1578630954687 |     161 |   164.0 | 1,86 | mscp65.txt |1,1e+02 |
|15 |    1 | 3000 |   30 |       0.25 |1578631060485 |     161 |   225.0 |39,75 | mscp65.txt |0,017 |
|15 |  100 | 3000 |   30 | 0.10614429 |1578631060485 |     161 |   184.0 |14,29 | mscp65.txt |  3,2 |
|15 |  200 | 3000 |   30 | 0.10042876 |1578631060485 |     161 |   174.0 | 8,07 | mscp65.txt |  6,6 |
|15 |  300 | 3000 |   30 | 0.09628406 |1578631060485 |     161 |   167.0 | 3,73 | mscp65.txt |   10 |
|15 |  400 | 3000 |   30 | 0.10647038 |1578631060485 |     161 |   167.0 | 3,73 | mscp65.txt |   14 |
|15 |  500 | 3000 |   30 |0.105625525 |1578631060485 |     161 |   167.0 | 3,73 | mscp65.txt |   17 |
|15 |  600 | 3000 |   30 | 0.10494141 |1578631060485 |     161 |   167.0 | 3,73 | mscp65.txt |   21 |
|15 |  700 | 3000 |   30 |0.104177065 |1578631060485 |     161 |   165.0 | 2,48 | mscp65.txt |   24 |
|15 |  800 | 3000 |   30 | 0.10656837 |1578631060485 |     161 |   165.0 | 2,48 | mscp65.txt |   28 |
|15 |  900 | 3000 |   30 | 0.10501355 |1578631060485 |     161 |   165.0 | 2,48 | mscp65.txt |   31 |
|15 | 1000 | 3000 |   30 | 0.11209286 |1578631060485 |     161 |   163.0 | 1,24 | mscp65.txt |   35 |
|15 | 1100 | 3000 |   30 |0.103951894 |1578631060485 |     161 |   163.0 | 1,24 | mscp65.txt |   38 |
|15 | 1200 | 3000 |   30 | 0.09688755 |1578631060485 |     161 |   163.0 | 1,24 | mscp65.txt |   42 |
|15 | 1300 | 3000 |   30 | 0.09918456 |1578631060485 |     161 |   163.0 | 1,24 | mscp65.txt |   45 |
|15 | 1400 | 3000 |   30 |0.091206275 |1578631060485 |     161 |   163.0 | 1,24 | mscp65.txt |   49 |
|15 | 1500 | 3000 |   30 | 0.09816754 |1578631060485 |     161 |   163.0 | 1,24 | mscp65.txt |   52 |
|15 | 1600 | 3000 |   30 | 0.09347933 |1578631060485 |     161 |   163.0 | 1,24 | mscp65.txt |   56 |
|15 | 1700 | 3000 |   30 | 0.09175057 |1578631060485 |     161 |   162.0 | 0,62 | mscp65.txt |   60 |
|15 |  200 | 3000 |   30 | 0.09175057 |1578631060485 |     161 |   161.0 | 0,00 | mscp65.txt |   63 |
|16 |    1 | 3000 |   30 |       0.25 |1578631123261 |     161 |   256.0 |59,01 | mscp65.txt |0,021 |
|16 |  100 | 3000 |   30 | 0.11193387 |1578631123261 |     161 |   195.0 |21,12 | mscp65.txt |  3,1 |
|16 |  200 | 3000 |   30 |0.121925324 |1578631123261 |     161 |   183.0 |13,66 | mscp65.txt |  6,4 |
|16 |  300 | 3000 |   30 | 0.11947063 |1578631123261 |     161 |   180.0 |11,80 | mscp65.txt |  9,7 |
|16 |  400 | 3000 |   30 |0.120322816 |1578631123261 |     161 |   176.0 | 9,32 | mscp65.txt |   13 |
|16 |  500 | 3000 |   30 |0.108400136 |1578631123261 |     161 |   168.0 | 4,35 | mscp65.txt |   17 |
|16 |  600 | 3000 |   30 | 0.11128284 |1578631123261 |     161 |   168.0 | 4,35 | mscp65.txt |   20 |
|16 |  700 | 3000 |   30 |0.099297896 |1578631123261 |     161 |   168.0 | 4,35 | mscp65.txt |   24 |
|16 |  800 | 3000 |   30 | 0.09787444 |1578631123261 |     161 |   168.0 | 4,35 | mscp65.txt |   27 |
|16 |  900 | 3000 |   30 | 0.10402968 |1578631123261 |     161 |   167.0 | 3,73 | mscp65.txt |   31 |
|16 | 1000 | 3000 |   30 | 0.10692041 |1578631123261 |     161 |   167.0 | 3,73 | mscp65.txt |   34 |
|16 | 1100 | 3000 |   30 |0.109418765 |1578631123261 |     161 |   167.0 | 3,73 | mscp65.txt |   38 |
|16 | 1200 | 3000 |   30 | 0.10327924 |1578631123261 |     161 |   167.0 | 3,73 | mscp65.txt |   41 |
|16 | 1300 | 3000 |   30 | 0.10079756 |1578631123261 |     161 |   165.0 | 2,48 | mscp65.txt |   45 |
|16 | 1400 | 3000 |   30 | 0.10356712 |1578631123261 |     161 |   165.0 | 2,48 | mscp65.txt |   48 |
|16 | 1500 | 3000 |   30 | 0.10595115 |1578631123261 |     161 |   165.0 | 2,48 | mscp65.txt |   52 |
|16 | 1600 | 3000 |   30 | 0.10755308 |1578631123261 |     161 |   165.0 | 2,48 | mscp65.txt |   55 |
|16 | 1700 | 3000 |   30 |  0.1026694 |1578631123261 |     161 |   165.0 | 2,48 | mscp65.txt |   59 |
|16 | 1800 | 3000 |   30 |  0.1026694 |1578631123261 |     161 |   165.0 | 2,48 | mscp65.txt |   63 |
|16 | 1900 | 3000 |   30 |  0.1042491 |1578631123261 |     161 |   165.0 | 2,48 | mscp65.txt |   66 |
|16 | 2000 | 3000 |   30 | 0.10648228 |1578631123261 |     161 |   165.0 | 2,48 | mscp65.txt |   70 |
|16 | 2100 | 3000 |   30 | 0.11016949 |1578631123261 |     161 |   165.0 | 2,48 | mscp65.txt |   73 |
|16 | 2200 | 3000 |   30 | 0.11016949 |1578631123261 |     161 |   165.0 | 2,48 | mscp65.txt |   77 |
|16 | 2300 | 3000 |   30 |0.103935935 |1578631123261 |     161 |   165.0 | 2,48 | mscp65.txt |   80 |
|16 | 2400 | 3000 |   30 | 0.10202691 |1578631123261 |     161 |   165.0 | 2,48 | mscp65.txt |   84 |
|16 | 2500 | 3000 |   30 | 0.10202691 |1578631123261 |     161 |   165.0 | 2,48 | mscp65.txt |   88 |
|16 | 2600 | 3000 |   30 |0.100372374 |1578631123261 |     161 |   165.0 | 2,48 | mscp65.txt |   91 |
|16 | 2700 | 3000 |   30 | 0.10063737 |1578631123261 |     161 |   165.0 | 2,48 | mscp65.txt |   95 |
|16 | 2800 | 3000 |   30 | 0.10063737 |1578631123261 |     161 |   165.0 | 2,48 | mscp65.txt |   99 |
|16 | 2900 | 3000 |   30 | 0.10330371 |1578631123261 |     161 |   165.0 | 2,48 | mscp65.txt |1,0e+02 |
|16 | 3000 | 3000 |   30 |0.099118575 |1578631123261 |     161 |   165.0 | 2,48 | mscp65.txt |1,1e+02 |
|16 |  200 | 3000 |   30 |0.099118575 |1578631123261 |     161 |   165.0 | 2,48 | mscp65.txt |1,1e+02 |
|17 |    1 | 3000 |   30 |       0.25 |1578631229820 |     161 |   265.0 |64,60 | mscp65.txt |0,026 |
|17 |  100 | 3000 |   30 | 0.11744907 |1578631229820 |     161 |   188.0 |16,77 | mscp65.txt |  3,2 |
|17 |  200 | 3000 |   30 | 0.12340503 |1578631229820 |     161 |   179.0 |11,18 | mscp65.txt |  6,5 |
|17 |  300 | 3000 |   30 | 0.13069044 |1578631229820 |     161 |   177.0 | 9,94 | mscp65.txt |  9,8 |
|17 |  400 | 3000 |   30 |  0.1182971 |1578631229820 |     161 |   176.0 | 9,32 | mscp65.txt |   13 |
|17 |  500 | 3000 |   30 | 0.11580651 |1578631229820 |     161 |   176.0 | 9,32 | mscp65.txt |   16 |
|17 |  600 | 3000 |   30 | 0.13067473 |1578631229820 |     161 |   173.0 | 7,45 | mscp65.txt |   20 |
|17 |  700 | 3000 |   30 | 0.12285664 |1578631229820 |     161 |   173.0 | 7,45 | mscp65.txt |   23 |
|17 |  800 | 3000 |   30 | 0.12827936 |1578631229820 |     161 |   172.0 | 6,83 | mscp65.txt |   27 |
|17 |  900 | 3000 |   30 | 0.12151359 |1578631229820 |     161 |   172.0 | 6,83 | mscp65.txt |   30 |
|17 | 1000 | 3000 |   30 | 0.11796861 |1578631229820 |     161 |   172.0 | 6,83 | mscp65.txt |   33 |
|17 | 1100 | 3000 |   30 |0.117268935 |1578631229820 |     161 |   172.0 | 6,83 | mscp65.txt |   37 |
|17 | 1200 | 3000 |   30 | 0.11841875 |1578631229820 |     161 |   172.0 | 6,83 | mscp65.txt |   40 |
|17 | 1300 | 3000 |   30 | 0.11309729 |1578631229820 |     161 |   166.0 | 3,11 | mscp65.txt |   43 |
|17 | 1400 | 3000 |   30 | 0.11473409 |1578631229820 |     161 |   166.0 | 3,11 | mscp65.txt |   47 |
|17 | 1500 | 3000 |   30 | 0.11364421 |1578631229820 |     161 |   166.0 | 3,11 | mscp65.txt |   50 |
|17 | 1600 | 3000 |   30 |0.115091726 |1578631229820 |     161 |   166.0 | 3,11 | mscp65.txt |   53 |
|17 | 1700 | 3000 |   30 |0.114404574 |1578631229820 |     161 |   165.0 | 2,48 | mscp65.txt |   57 |
|17 | 1800 | 3000 |   30 | 0.11265134 |1578631229820 |     161 |   165.0 | 2,48 | mscp65.txt |   60 |
|17 | 1900 | 3000 |   30 | 0.12148864 |1578631229820 |     161 |   165.0 | 2,48 | mscp65.txt |   63 |
|17 | 2000 | 3000 |   30 |  0.1187962 |1578631229820 |     161 |   165.0 | 2,48 | mscp65.txt |   67 |
|17 | 2100 | 3000 |   30 | 0.11658168 |1578631229820 |     161 |   165.0 | 2,48 | mscp65.txt |   70 |
|17 | 2200 | 3000 |   30 |0.114618234 |1578631229820 |     161 |   163.0 | 1,24 | mscp65.txt |   73 |
|17 | 2300 | 3000 |   30 | 0.12194687 |1578631229820 |     161 |   163.0 | 1,24 | mscp65.txt |   77 |
|17 | 2400 | 3000 |   30 | 0.12009934 |1578631229820 |     161 |   163.0 | 1,24 | mscp65.txt |   80 |
|17 | 2500 | 3000 |   30 | 0.11732044 |1578631229820 |     161 |   163.0 | 1,24 | mscp65.txt |   83 |
|17 | 2600 | 3000 |   30 |  0.1152524 |1578631229820 |     161 |   163.0 | 1,24 | mscp65.txt |   87 |
|17 | 2700 | 3000 |   30 |0.117880315 |1578631229820 |     161 |   163.0 | 1,24 | mscp65.txt |   90 |
|17 | 2800 | 3000 |   30 |  0.1281448 |1578631229820 |     161 |   163.0 | 1,24 | mscp65.txt |   93 |
|17 |  200 | 3000 |   30 |  0.1281448 |1578631229820 |     161 |   161.0 | 0,00 | mscp65.txt |   96 |
|18 |    1 | 3000 |   30 |       0.25 |1578631325431 |     161 |   246.0 |52,80 | mscp65.txt |0,022 |
|18 |  100 | 3000 |   30 |0.107203245 |1578631325431 |     161 |   191.0 |18,63 | mscp65.txt |  3,1 |
|18 |  200 | 3000 |   30 | 0.10839532 |1578631325431 |     161 |   179.0 |11,18 | mscp65.txt |  6,3 |
|18 |  300 | 3000 |   30 | 0.11082024 |1578631325431 |     161 |   170.0 | 5,59 | mscp65.txt |  9,6 |
|18 |  400 | 3000 |   30 | 0.10972655 |1578631325431 |     161 |   170.0 | 5,59 | mscp65.txt |   13 |
|18 |  500 | 3000 |   30 | 0.11061568 |1578631325431 |     161 |   167.0 | 3,73 | mscp65.txt |   16 |
|18 |  600 | 3000 |   30 | 0.10221696 |1578631325431 |     161 |   167.0 | 3,73 | mscp65.txt |   20 |
|18 |  700 | 3000 |   30 | 0.11298948 |1578631325431 |     161 |   167.0 | 3,73 | mscp65.txt |   23 |
|18 |  800 | 3000 |   30 |0.111672476 |1578631325431 |     161 |   165.0 | 2,48 | mscp65.txt |   27 |
|18 |  900 | 3000 |   30 | 0.10747503 |1578631325431 |     161 |   165.0 | 2,48 | mscp65.txt |   30 |
|18 | 1000 | 3000 |   30 | 0.10910343 |1578631325431 |     161 |   165.0 | 2,48 | mscp65.txt |   34 |
|18 | 1100 | 3000 |   30 |0.107210465 |1578631325431 |     161 |   165.0 | 2,48 | mscp65.txt |   37 |
|18 | 1200 | 3000 |   30 | 0.09793814 |1578631325431 |     161 |   165.0 | 2,48 | mscp65.txt |   41 |
|18 | 1300 | 3000 |   30 | 0.09793814 |1578631325431 |     161 |   165.0 | 2,48 | mscp65.txt |   44 |
|18 | 1400 | 3000 |   30 | 0.09552338 |1578631325431 |     161 |   165.0 | 2,48 | mscp65.txt |   48 |
|18 | 1500 | 3000 |   30 | 0.09552338 |1578631325431 |     161 |   165.0 | 2,48 | mscp65.txt |   52 |
|18 | 1600 | 3000 |   30 |0.096354164 |1578631325431 |     161 |   165.0 | 2,48 | mscp65.txt |   55 |
|18 | 1700 | 3000 |   30 |0.096354164 |1578631325431 |     161 |   165.0 | 2,48 | mscp65.txt |   59 |
|18 | 1800 | 3000 |   30 | 0.09446361 |1578631325431 |     161 |   163.0 | 1,24 | mscp65.txt |   62 |
|18 |  200 | 3000 |   30 | 0.09446361 |1578631325431 |     161 |   161.0 | 0,00 | mscp65.txt |   64 |
|19 |    1 | 3000 |   30 |       0.25 |1578631389847 |     161 |   225.0 |39,75 | mscp65.txt |0,025 |
|19 |  100 | 3000 |   30 | 0.10608608 |1578631389847 |     161 |   193.0 |19,88 | mscp65.txt |  3,2 |
|19 |  200 | 3000 |   30 | 0.11237329 |1578631389847 |     161 |   182.0 |13,04 | mscp65.txt |  6,4 |
|19 |  300 | 3000 |   30 | 0.10577083 |1578631389847 |     161 |   179.0 |11,18 | mscp65.txt |  9,7 |
|19 |  400 | 3000 |   30 |  0.1204049 |1578631389847 |     161 |   174.0 | 8,07 | mscp65.txt |   13 |
|19 |  500 | 3000 |   30 |  0.1031586 |1578631389847 |     161 |   174.0 | 8,07 | mscp65.txt |   16 |
|19 |  600 | 3000 |   30 | 0.10497959 |1578631389847 |     161 |   173.0 | 7,45 | mscp65.txt |   20 |
|19 |  700 | 3000 |   30 | 0.09519292 |1578631389847 |     161 |   173.0 | 7,45 | mscp65.txt |   23 |
|19 |  800 | 3000 |   30 | 0.09317856 |1578631389847 |     161 |   173.0 | 7,45 | mscp65.txt |   26 |
|19 |  900 | 3000 |   30 | 0.08906498 |1578631389847 |     161 |   173.0 | 7,45 | mscp65.txt |   30 |
|19 | 1000 | 3000 |   30 | 0.09089477 |1578631389847 |     161 |   173.0 | 7,45 | mscp65.txt |   33 |
|19 | 1100 | 3000 |   30 | 0.08849421 |1578631389847 |     161 |   173.0 | 7,45 | mscp65.txt |   36 |
|19 | 1200 | 3000 |   30 | 0.08621499 |1578631389847 |     161 |   173.0 | 7,45 | mscp65.txt |   40 |
|19 | 1300 | 3000 |   30 | 0.09206002 |1578631389847 |     161 |   173.0 | 7,45 | mscp65.txt |   43 |
|19 | 1400 | 3000 |   30 |0.085829586 |1578631389847 |     161 |   173.0 | 7,45 | mscp65.txt |   46 |
|19 | 1500 | 3000 |   30 |0.083154015 |1578631389847 |     161 |   173.0 | 7,45 | mscp65.txt |   50 |
|19 | 1600 | 3000 |   30 | 0.08092308 |1578631389847 |     161 |   163.0 | 1,24 | mscp65.txt |   53 |
|19 |  200 | 3000 |   30 | 0.08092308 |1578631389847 |     161 |   161.0 | 0,00 | mscp65.txt |   53 |
|20 |    1 | 3000 |   30 |       0.25 |1578631442811 |     161 |   246.0 |52,80 | mscp65.txt |0,019 |
|20 |  100 | 3000 |   30 | 0.11888489 |1578631442811 |     161 |   195.0 |21,12 | mscp65.txt |  3,0 |
|20 |  200 | 3000 |   30 | 0.11526371 |1578631442811 |     161 |   179.0 |11,18 | mscp65.txt |  6,2 |
|20 |  300 | 3000 |   30 | 0.10073751 |1578631442811 |     161 |   178.0 |10,56 | mscp65.txt |  9,4 |
|20 |  400 | 3000 |   30 | 0.09397394 |1578631442811 |     161 |   176.0 | 9,32 | mscp65.txt |   13 |
|20 |  500 | 3000 |   30 | 0.10280679 |1578631442811 |     161 |   171.0 | 6,21 | mscp65.txt |   16 |
|20 |  600 | 3000 |   30 | 0.10161738 |1578631442811 |     161 |   169.0 | 4,97 | mscp65.txt |   19 |
|20 |  700 | 3000 |   30 | 0.10177065 |1578631442811 |     161 |   169.0 | 4,97 | mscp65.txt |   23 |
|20 |  800 | 3000 |   30 |0.098330855 |1578631442811 |     161 |   169.0 | 4,97 | mscp65.txt |   26 |
|20 |  900 | 3000 |   30 | 0.09971794 |1578631442811 |     161 |   169.0 | 4,97 | mscp65.txt |   29 |
|20 | 1000 | 3000 |   30 | 0.10013351 |1578631442811 |     161 |   163.0 | 1,24 | mscp65.txt |   32 |
|20 | 1100 | 3000 |   30 |0.102192245 |1578631442811 |     161 |   163.0 | 1,24 | mscp65.txt |   36 |
|20 | 1200 | 3000 |   30 | 0.10350051 |1578631442811 |     161 |   163.0 | 1,24 | mscp65.txt |   39 |
|20 | 1300 | 3000 |   30 | 0.10549303 |1578631442811 |     161 |   163.0 | 1,24 | mscp65.txt |   42 |
|20 | 1400 | 3000 |   30 |  0.0952381 |1578631442811 |     161 |   163.0 | 1,24 | mscp65.txt |   46 |
|20 | 1500 | 3000 |   30 | 0.10026605 |1578631442811 |     161 |   163.0 | 1,24 | mscp65.txt |   49 |
|20 | 1600 | 3000 |   30 |  0.1000334 |1578631442811 |     161 |   163.0 | 1,24 | mscp65.txt |   53 |
|20 | 1700 | 3000 |   30 | 0.10031767 |1578631442811 |     161 |   163.0 | 1,24 | mscp65.txt |   57 |
|20 | 1800 | 3000 |   30 | 0.09960026 |1578631442811 |     161 |   163.0 | 1,24 | mscp65.txt |   60 |
|20 | 1900 | 3000 |   30 |0.103089325 |1578631442811 |     161 |   163.0 | 1,24 | mscp65.txt |   63 |
|20 | 2000 | 3000 |   30 | 0.09937273 |1578631442811 |     161 |   163.0 | 1,24 | mscp65.txt |   67 |
|20 | 2100 | 3000 |   30 | 0.09339408 |1578631442811 |     161 |   163.0 | 1,24 | mscp65.txt |   70 |
|20 | 2200 | 3000 |   30 | 0.09738874 |1578631442811 |     161 |   163.0 | 1,24 | mscp65.txt |   74 |
|20 | 2300 | 3000 |   30 |  0.1036987 |1578631442811 |     161 |   163.0 | 1,24 | mscp65.txt |   77 |
|20 |  200 | 3000 |   30 |  0.1036987 |1578631442811 |     161 |   161.0 | 0,00 | mscp65.txt |   79 |
|21 |    1 | 3000 |   30 |       0.25 |1578631521595 |     161 |   255.0 |58,39 | mscp65.txt |0,028 |
|21 |  100 | 3000 |   30 | 0.12919277 |1578631521595 |     161 |   178.0 |10,56 | mscp65.txt |  3,2 |
|21 |  200 | 3000 |   30 | 0.12715158 |1578631521595 |     161 |   168.0 | 4,35 | mscp65.txt |  6,5 |
|21 |  300 | 3000 |   30 | 0.12238532 |1578631521595 |     161 |   168.0 | 4,35 | mscp65.txt |  9,9 |
|21 |  400 | 3000 |   30 |0.119756185 |1578631521595 |     161 |   168.0 | 4,35 | mscp65.txt |   13 |
|21 |  500 | 3000 |   30 |0.115324676 |1578631521595 |     161 |   168.0 | 4,35 | mscp65.txt |   17 |
|21 |  600 | 3000 |   30 | 0.11434405 |1578631521595 |     161 |   168.0 | 4,35 | mscp65.txt |   20 |
|21 |  700 | 3000 |   30 |0.106903486 |1578631521595 |     161 |   164.0 | 1,86 | mscp65.txt |   24 |
|21 |  800 | 3000 |   30 | 0.10529857 |1578631521595 |     161 |   164.0 | 1,86 | mscp65.txt |   27 |
|21 |  900 | 3000 |   30 |0.109299615 |1578631521595 |     161 |   164.0 | 1,86 | mscp65.txt |   31 |
|21 | 1000 | 3000 |   30 |0.110397294 |1578631521595 |     161 |   164.0 | 1,86 | mscp65.txt |   34 |
|21 | 1100 | 3000 |   30 | 0.11692097 |1578631521595 |     161 |   164.0 | 1,86 | mscp65.txt |   38 |
|21 | 1200 | 3000 |   30 | 0.10674348 |1578631521595 |     161 |   164.0 | 1,86 | mscp65.txt |   41 |
|21 | 1300 | 3000 |   30 | 0.10307054 |1578631521595 |     161 |   164.0 | 1,86 | mscp65.txt |   45 |
|21 | 1400 | 3000 |   30 | 0.10662681 |1578631521595 |     161 |   164.0 | 1,86 | mscp65.txt |   48 |
|21 | 1500 | 3000 |   30 | 0.10946351 |1578631521595 |     161 |   164.0 | 1,86 | mscp65.txt |   52 |
|21 | 1600 | 3000 |   30 | 0.10946351 |1578631521595 |     161 |   164.0 | 1,86 | mscp65.txt |   55 |
|21 | 1700 | 3000 |   30 |0.111797094 |1578631521595 |     161 |   164.0 | 1,86 | mscp65.txt |   59 |
|21 | 1800 | 3000 |   30 |  0.1011085 |1578631521595 |     161 |   164.0 | 1,86 | mscp65.txt |   62 |
|21 | 1900 | 3000 |   30 | 0.10126372 |1578631521595 |     161 |   164.0 | 1,86 | mscp65.txt |   66 |
|21 | 2000 | 3000 |   30 | 0.10603478 |1578631521595 |     161 |   164.0 | 1,86 | mscp65.txt |   69 |
|21 | 2100 | 3000 |   30 |0.106682494 |1578631521595 |     161 |   164.0 | 1,86 | mscp65.txt |   73 |
|21 | 2200 | 3000 |   30 |0.101969294 |1578631521595 |     161 |   164.0 | 1,86 | mscp65.txt |   76 |
|21 | 2300 | 3000 |   30 | 0.10576923 |1578631521595 |     161 |   164.0 | 1,86 | mscp65.txt |   80 |
|21 | 2400 | 3000 |   30 | 0.10139396 |1578631521595 |     161 |   164.0 | 1,86 | mscp65.txt |   83 |
|21 | 2500 | 3000 |   30 | 0.09672643 |1578631521595 |     161 |   164.0 | 1,86 | mscp65.txt |   87 |
|21 | 2600 | 3000 |   30 | 0.09728581 |1578631521595 |     161 |   164.0 | 1,86 | mscp65.txt |   90 |
|21 | 2700 | 3000 |   30 |0.091559604 |1578631521595 |     161 |   164.0 | 1,86 | mscp65.txt |   94 |
|21 | 2800 | 3000 |   30 | 0.09471618 |1578631521595 |     161 |   164.0 | 1,86 | mscp65.txt |   97 |
|21 | 2900 | 3000 |   30 | 0.09434271 |1578631521595 |     161 |   164.0 | 1,86 | mscp65.txt |1,0e+02 |
|21 | 3000 | 3000 |   30 |  0.0940812 |1578631521595 |     161 |   164.0 | 1,86 | mscp65.txt |1,0e+02 |
|21 |  200 | 3000 |   30 |  0.0940812 |1578631521595 |     161 |   164.0 | 1,86 | mscp65.txt |1,0e+02 |
|22 |    1 | 3000 |   30 |       0.25 |1578631625949 |     161 |   252.0 |56,52 | mscp65.txt |0,019 |
|22 |  100 | 3000 |   30 | 0.12997788 |1578631625949 |     161 |   190.0 |18,01 | mscp65.txt |  3,0 |
|22 |  200 | 3000 |   30 | 0.11019477 |1578631625949 |     161 |   164.0 | 1,86 | mscp65.txt |  6,4 |
|22 |  300 | 3000 |   30 | 0.10696214 |1578631625949 |     161 |   164.0 | 1,86 | mscp65.txt |  9,9 |
|22 |  400 | 3000 |   30 | 0.10501029 |1578631625949 |     161 |   162.0 | 0,62 | mscp65.txt |   14 |
|22 |  200 | 3000 |   30 | 0.10501029 |1578631625949 |     161 |   161.0 | 0,00 | mscp65.txt |   14 |
|23 |    1 | 3000 |   30 |       0.25 |1578631640428 |     161 |   212.0 |31,68 | mscp65.txt |0,021 |
|23 |  100 | 3000 |   30 | 0.11504578 |1578631640428 |     161 |   191.0 |18,63 | mscp65.txt |  3,2 |
|23 |  200 | 3000 |   30 | 0.11145299 |1578631640428 |     161 |   183.0 |13,66 | mscp65.txt |  6,5 |
|23 |  300 | 3000 |   30 |0.099850476 |1578631640428 |     161 |   183.0 |13,66 | mscp65.txt |  9,7 |
|23 |  400 | 3000 |   30 |  0.1112078 |1578631640428 |     161 |   174.0 | 8,07 | mscp65.txt |   13 |
|23 |  500 | 3000 |   30 | 0.10544571 |1578631640428 |     161 |   174.0 | 8,07 | mscp65.txt |   16 |
|23 |  600 | 3000 |   30 | 0.11272536 |1578631640428 |     161 |   174.0 | 8,07 | mscp65.txt |   20 |
|23 |  700 | 3000 |   30 |0.113409415 |1578631640428 |     161 |   173.0 | 7,45 | mscp65.txt |   23 |
|23 |  800 | 3000 |   30 | 0.10262009 |1578631640428 |     161 |   170.0 | 5,59 | mscp65.txt |   27 |
|23 |  900 | 3000 |   30 | 0.10060825 |1578631640428 |     161 |   170.0 | 5,59 | mscp65.txt |   30 |
|23 | 1000 | 3000 |   30 | 0.09694794 |1578631640428 |     161 |   165.0 | 2,48 | mscp65.txt |   33 |
|23 | 1100 | 3000 |   30 | 0.10298013 |1578631640428 |     161 |   165.0 | 2,48 | mscp65.txt |   37 |
|23 | 1200 | 3000 |   30 | 0.09932354 |1578631640428 |     161 |   165.0 | 2,48 | mscp65.txt |   40 |
|23 | 1300 | 3000 |   30 | 0.09666339 |1578631640428 |     161 |   164.0 | 1,86 | mscp65.txt |   43 |
|23 | 1400 | 3000 |   30 | 0.09840079 |1578631640428 |     161 |   164.0 | 1,86 | mscp65.txt |   47 |
|23 | 1500 | 3000 |   30 | 0.09877551 |1578631640428 |     161 |   164.0 | 1,86 | mscp65.txt |   50 |
|23 | 1600 | 3000 |   30 |0.093911916 |1578631640428 |     161 |   164.0 | 1,86 | mscp65.txt |   54 |
|23 | 1700 | 3000 |   30 |0.095504716 |1578631640428 |     161 |   164.0 | 1,86 | mscp65.txt |   57 |
|23 | 1800 | 3000 |   30 |0.093401335 |1578631640428 |     161 |   164.0 | 1,86 | mscp65.txt |   60 |
|23 | 1900 | 3000 |   30 | 0.08924885 |1578631640428 |     161 |   164.0 | 1,86 | mscp65.txt |   64 |
|23 | 2000 | 3000 |   30 |0.097678915 |1578631640428 |     161 |   164.0 | 1,86 | mscp65.txt |   67 |
|23 | 2100 | 3000 |   30 | 0.09479825 |1578631640428 |     161 |   164.0 | 1,86 | mscp65.txt |   70 |
|23 | 2200 | 3000 |   30 | 0.09311741 |1578631640428 |     161 |   164.0 | 1,86 | mscp65.txt |   74 |
|23 | 2300 | 3000 |   30 |0.095990874 |1578631640428 |     161 |   164.0 | 1,86 | mscp65.txt |   77 |
|23 | 2400 | 3000 |   30 | 0.09536917 |1578631640428 |     161 |   164.0 | 1,86 | mscp65.txt |   81 |
|23 | 2500 | 3000 |   30 | 0.09669004 |1578631640428 |     161 |   164.0 | 1,86 | mscp65.txt |   84 |
|23 |  200 | 3000 |   30 | 0.09669004 |1578631640428 |     161 |   161.0 | 0,00 | mscp65.txt |   86 |
|24 |    1 | 3000 |   30 |       0.25 |1578631726266 |     161 |   249.0 |54,66 | mscp65.txt |0,017 |
|24 |  100 | 3000 |   30 | 0.12517756 |1578631726266 |     161 |   229.0 |42,24 | mscp65.txt |  3,0 |
|24 |  200 | 3000 |   30 | 0.11780431 |1578631726266 |     161 |   176.0 | 9,32 | mscp65.txt |  6,6 |
|24 |  300 | 3000 |   30 | 0.11880296 |1578631726266 |     161 |   171.0 | 6,21 | mscp65.txt |   11 |
|24 |  400 | 3000 |   30 |0.116894655 |1578631726266 |     161 |   171.0 | 6,21 | mscp65.txt |   14 |
|24 |  500 | 3000 |   30 | 0.11500975 |1578631726266 |     161 |   171.0 | 6,21 | mscp65.txt |   17 |
|24 |  600 | 3000 |   30 | 0.11655558 |1578631726266 |     161 |   171.0 | 6,21 | mscp65.txt |   21 |
|24 |  700 | 3000 |   30 |0.117055655 |1578631726266 |     161 |   169.0 | 4,97 | mscp65.txt |   24 |
|24 |  800 | 3000 |   30 | 0.10878661 |1578631726266 |     161 |   169.0 | 4,97 | mscp65.txt |   27 |
|24 |  900 | 3000 |   30 |  0.1045439 |1578631726266 |     161 |   169.0 | 4,97 | mscp65.txt |   31 |
|24 | 1000 | 3000 |   30 | 0.09896008 |1578631726266 |     161 |   169.0 | 4,97 | mscp65.txt |   34 |
|24 | 1100 | 3000 |   30 | 0.09896008 |1578631726266 |     161 |   169.0 | 4,97 | mscp65.txt |   38 |
|24 | 1200 | 3000 |   30 |0.095032394 |1578631726266 |     161 |   169.0 | 4,97 | mscp65.txt |   41 |
|24 | 1300 | 3000 |   30 |0.100049615 |1578631726266 |     161 |   169.0 | 4,97 | mscp65.txt |   45 |
|24 | 1400 | 3000 |   30 |0.090836145 |1578631726266 |     161 |   169.0 | 4,97 | mscp65.txt |   48 |
|24 | 1500 | 3000 |   30 | 0.09194847 |1578631726266 |     161 |   169.0 | 4,97 | mscp65.txt |   52 |
|24 | 1600 | 3000 |   30 | 0.09086484 |1578631726266 |     161 |   169.0 | 4,97 | mscp65.txt |   55 |
|24 | 1700 | 3000 |   30 | 0.09681632 |1578631726266 |     161 |   169.0 | 4,97 | mscp65.txt |   58 |
|24 | 1800 | 3000 |   30 | 0.09681632 |1578631726266 |     161 |   169.0 | 4,97 | mscp65.txt |   62 |
|24 | 1900 | 3000 |   30 |0.097044334 |1578631726266 |     161 |   169.0 | 4,97 | mscp65.txt |   65 |
|24 | 2000 | 3000 |   30 | 0.09702352 |1578631726266 |     161 |   169.0 | 4,97 | mscp65.txt |   69 |
|24 | 2100 | 3000 |   30 | 0.09702352 |1578631726266 |     161 |   169.0 | 4,97 | mscp65.txt |   72 |
|24 | 2200 | 3000 |   30 | 0.09227503 |1578631726266 |     161 |   169.0 | 4,97 | mscp65.txt |   76 |
|24 | 2300 | 3000 |   30 | 0.09342105 |1578631726266 |     161 |   169.0 | 4,97 | mscp65.txt |   79 |
|24 | 2400 | 3000 |   30 | 0.09452412 |1578631726266 |     161 |   169.0 | 4,97 | mscp65.txt |   83 |
|24 | 2500 | 3000 |   30 | 0.09350989 |1578631726266 |     161 |   169.0 | 4,97 | mscp65.txt |   86 |
|24 | 2600 | 3000 |   30 | 0.09493254 |1578631726266 |     161 |   169.0 | 4,97 | mscp65.txt |   90 |
|24 | 2700 | 3000 |   30 | 0.09493254 |1578631726266 |     161 |   169.0 | 4,97 | mscp65.txt |   93 |
|24 | 2800 | 3000 |   30 | 0.09493254 |1578631726266 |     161 |   169.0 | 4,97 | mscp65.txt |   97 |
|24 | 2900 | 3000 |   30 |0.095928796 |1578631726266 |     161 |   169.0 | 4,97 | mscp65.txt |1,0e+02 |
|24 | 3000 | 3000 |   30 | 0.09715796 |1578631726266 |     161 |   166.0 | 3,11 | mscp65.txt |1,0e+02 |
|24 |  200 | 3000 |   30 | 0.09715796 |1578631726266 |     161 |   166.0 | 3,11 | mscp65.txt |1,0e+02 |
|25 |    1 | 3000 |   30 |       0.25 |1578631830022 |     161 |   205.0 |27,33 | mscp65.txt |0,028 |
|25 |  100 | 3000 |   30 | 0.10484838 |1578631830022 |     161 |   198.0 |22,98 | mscp65.txt |  3,1 |
|25 |  200 | 3000 |   30 |0.110595115 |1578631830022 |     161 |   179.0 |11,18 | mscp65.txt |  6,4 |
|25 |  300 | 3000 |   30 |  0.1129678 |1578631830022 |     161 |   175.0 | 8,70 | mscp65.txt |  9,8 |
|25 |  400 | 3000 |   30 | 0.11230876 |1578631830022 |     161 |   171.0 | 6,21 | mscp65.txt |   13 |
|25 |  500 | 3000 |   30 |0.103113495 |1578631830022 |     161 |   166.0 | 3,11 | mscp65.txt |   17 |
|25 |  600 | 3000 |   30 | 0.10091743 |1578631830022 |     161 |   166.0 | 3,11 | mscp65.txt |   20 |
|25 |  700 | 3000 |   30 | 0.10774586 |1578631830022 |     161 |   166.0 | 3,11 | mscp65.txt |   23 |
|25 |  800 | 3000 |   30 | 0.11492432 |1578631830022 |     161 |   166.0 | 3,11 | mscp65.txt |   27 |
|25 |  900 | 3000 |   30 | 0.12059843 |1578631830022 |     161 |   163.0 | 1,24 | mscp65.txt |   30 |
|25 | 1000 | 3000 |   30 | 0.10690846 |1578631830022 |     161 |   162.0 | 0,62 | mscp65.txt |   34 |
|25 | 1100 | 3000 |   30 | 0.10568826 |1578631830022 |     161 |   162.0 | 0,62 | mscp65.txt |   37 |
|25 |  200 | 3000 |   30 | 0.10568826 |1578631830022 |     161 |   161.0 | 0,00 | mscp65.txt |   40 |
|26 |    1 | 3000 |   30 |       0.25 |1578631869595 |     161 |   243.0 |50,93 | mscp65.txt |0,025 |
|26 |  100 | 3000 |   30 | 0.10242855 |1578631869595 |     161 |   187.0 |16,15 | mscp65.txt |  3,3 |
|26 |  200 | 3000 |   30 | 0.10528144 |1578631869595 |     161 |   169.0 | 4,97 | mscp65.txt |  6,5 |
|26 |  300 | 3000 |   30 |0.106419496 |1578631869595 |     161 |   168.0 | 4,35 | mscp65.txt |  9,8 |
|26 |  400 | 3000 |   30 |0.094785176 |1578631869595 |     161 |   168.0 | 4,35 | mscp65.txt |   13 |
|26 |  500 | 3000 |   30 |0.098165594 |1578631869595 |     161 |   168.0 | 4,35 | mscp65.txt |   17 |
|26 |  600 | 3000 |   30 | 0.10009911 |1578631869595 |     161 |   168.0 | 4,35 | mscp65.txt |   20 |
|26 |  700 | 3000 |   30 | 0.09572201 |1578631869595 |     161 |   168.0 | 4,35 | mscp65.txt |   24 |
|26 |  800 | 3000 |   30 | 0.09159935 |1578631869595 |     161 |   168.0 | 4,35 | mscp65.txt |   27 |
|26 |  900 | 3000 |   30 | 0.09911388 |1578631869595 |     161 |   166.0 | 3,11 | mscp65.txt |   31 |
|26 | 1000 | 3000 |   30 |0.092767045 |1578631869595 |     161 |   166.0 | 3,11 | mscp65.txt |   34 |
|26 | 1100 | 3000 |   30 | 0.09092357 |1578631869595 |     161 |   166.0 | 3,11 | mscp65.txt |   38 |
|26 | 1200 | 3000 |   30 | 0.09563145 |1578631869595 |     161 |   166.0 | 3,11 | mscp65.txt |   41 |
|26 | 1300 | 3000 |   30 | 0.09563145 |1578631869595 |     161 |   166.0 | 3,11 | mscp65.txt |   45 |
|26 | 1400 | 3000 |   30 | 0.08688028 |1578631869595 |     161 |   166.0 | 3,11 | mscp65.txt |   48 |
|26 | 1500 | 3000 |   30 | 0.08688028 |1578631869595 |     161 |   166.0 | 3,11 | mscp65.txt |   52 |
|26 | 1600 | 3000 |   30 | 0.08680501 |1578631869595 |     161 |   164.0 | 1,86 | mscp65.txt |   55 |
|26 | 1700 | 3000 |   30 | 0.08680501 |1578631869595 |     161 |   164.0 | 1,86 | mscp65.txt |   58 |
|26 | 1800 | 3000 |   30 | 0.08521027 |1578631869595 |     161 |   164.0 | 1,86 | mscp65.txt |   62 |
|26 | 1900 | 3000 |   30 | 0.08831004 |1578631869595 |     161 |   164.0 | 1,86 | mscp65.txt |   65 |
|26 | 2000 | 3000 |   30 | 0.09188755 |1578631869595 |     161 |   164.0 | 1,86 | mscp65.txt |   69 |
|26 | 2100 | 3000 |   30 | 0.08883534 |1578631869595 |     161 |   164.0 | 1,86 | mscp65.txt |   72 |
|26 | 2200 | 3000 |   30 | 0.09099694 |1578631869595 |     161 |   164.0 | 1,86 | mscp65.txt |   76 |
|26 | 2300 | 3000 |   30 | 0.08989123 |1578631869595 |     161 |   164.0 | 1,86 | mscp65.txt |   80 |
|26 | 2400 | 3000 |   30 | 0.08908507 |1578631869595 |     161 |   164.0 | 1,86 | mscp65.txt |   83 |
|26 | 2500 | 3000 |   30 | 0.09054358 |1578631869595 |     161 |   164.0 | 1,86 | mscp65.txt |   87 |
|26 | 2600 | 3000 |   30 | 0.09243015 |1578631869595 |     161 |   164.0 | 1,86 | mscp65.txt |   90 |
|26 | 2700 | 3000 |   30 | 0.09243015 |1578631869595 |     161 |   164.0 | 1,86 | mscp65.txt |   94 |
|26 | 2800 | 3000 |   30 | 0.09243015 |1578631869595 |     161 |   164.0 | 1,86 | mscp65.txt |   97 |
|26 | 2900 | 3000 |   30 | 0.08872786 |1578631869595 |     161 |   164.0 | 1,86 | mscp65.txt |1,0e+02 |
|26 | 3000 | 3000 |   30 | 0.08979266 |1578631869595 |     161 |   164.0 | 1,86 | mscp65.txt |1,0e+02 |
|26 |  200 | 3000 |   30 | 0.08979266 |1578631869595 |     161 |   164.0 | 1,86 | mscp65.txt |1,0e+02 |
|27 |    1 | 3000 |   30 |       0.25 |1578631973798 |     161 |   252.0 |56,52 | mscp65.txt |0,031 |
|27 |  100 | 3000 |   30 | 0.10872529 |1578631973798 |     161 |   188.0 |16,77 | mscp65.txt |  3,2 |
|27 |  200 | 3000 |   30 |0.122658834 |1578631973798 |     161 |   168.0 | 4,35 | mscp65.txt |  6,6 |
|27 |  300 | 3000 |   30 |0.120583996 |1578631973798 |     161 |   168.0 | 4,35 | mscp65.txt |   10 |
|27 |  400 | 3000 |   30 |0.122790866 |1578631973798 |     161 |   167.0 | 3,73 | mscp65.txt |   13 |
|27 |  500 | 3000 |   30 | 0.12005203 |1578631973798 |     161 |   167.0 | 3,73 | mscp65.txt |   17 |
|27 |  600 | 3000 |   30 | 0.12113402 |1578631973798 |     161 |   167.0 | 3,73 | mscp65.txt |   20 |
|27 |  700 | 3000 |   30 | 0.12694836 |1578631973798 |     161 |   165.0 | 2,48 | mscp65.txt |   24 |
|27 |  800 | 3000 |   30 | 0.12100499 |1578631973798 |     161 |   162.0 | 0,62 | mscp65.txt |   27 |
|27 |  900 | 3000 |   30 | 0.11635105 |1578631973798 |     161 |   162.0 | 0,62 | mscp65.txt |   31 |
|27 | 1000 | 3000 |   30 |0.117721066 |1578631973798 |     161 |   162.0 | 0,62 | mscp65.txt |   35 |
|27 | 1100 | 3000 |   30 | 0.10649851 |1578631973798 |     161 |   162.0 | 0,62 | mscp65.txt |   39 |
|27 | 1200 | 3000 |   30 | 0.10968761 |1578631973798 |     161 |   162.0 | 0,62 | mscp65.txt |   42 |
|27 | 1300 | 3000 |   30 | 0.10942937 |1578631973798 |     161 |   162.0 | 0,62 | mscp65.txt |   46 |
|27 | 1400 | 3000 |   30 | 0.11047619 |1578631973798 |     161 |   162.0 | 0,62 | mscp65.txt |   49 |
|27 | 1500 | 3000 |   30 | 0.10714892 |1578631973798 |     161 |   162.0 | 0,62 | mscp65.txt |   53 |
|27 | 1600 | 3000 |   30 | 0.10652211 |1578631973798 |     161 |   162.0 | 0,62 | mscp65.txt |   56 |
|27 |  200 | 3000 |   30 | 0.10652211 |1578631973798 |     161 |   161.0 | 0,00 | mscp65.txt |   58 |
|28 |    1 | 3000 |   30 |       0.25 |1578632031764 |     161 |   226.0 |40,37 | mscp65.txt |0,024 |
|28 |  100 | 3000 |   30 | 0.11093831 |1578632031764 |     161 |   172.0 | 6,83 | mscp65.txt |  3,2 |
|28 |  200 | 3000 |   30 | 0.11588518 |1578632031764 |     161 |   167.0 | 3,73 | mscp65.txt |  6,6 |
|28 |  300 | 3000 |   30 | 0.11626667 |1578632031764 |     161 |   167.0 | 3,73 | mscp65.txt |   10 |
|28 |  400 | 3000 |   30 | 0.11886965 |1578632031764 |     161 |   167.0 | 3,73 | mscp65.txt |   14 |
|28 |  500 | 3000 |   30 | 0.11685995 |1578632031764 |     161 |   164.0 | 1,86 | mscp65.txt |   17 |
|28 |  600 | 3000 |   30 |  0.1103975 |1578632031764 |     161 |   164.0 | 1,86 | mscp65.txt |   21 |
|28 |  700 | 3000 |   30 | 0.11337159 |1578632031764 |     161 |   164.0 | 1,86 | mscp65.txt |   25 |
|28 |  800 | 3000 |   30 | 0.11275191 |1578632031764 |     161 |   164.0 | 1,86 | mscp65.txt |   28 |
|28 |  900 | 3000 |   30 | 0.11211228 |1578632031764 |     161 |   164.0 | 1,86 | mscp65.txt |   32 |
|28 | 1000 | 3000 |   30 | 0.11211228 |1578632031764 |     161 |   164.0 | 1,86 | mscp65.txt |   35 |
|28 | 1100 | 3000 |   30 | 0.10913179 |1578632031764 |     161 |   164.0 | 1,86 | mscp65.txt |   39 |
|28 | 1200 | 3000 |   30 | 0.10582279 |1578632031764 |     161 |   164.0 | 1,86 | mscp65.txt |   43 |
|28 | 1300 | 3000 |   30 |0.106536284 |1578632031764 |     161 |   164.0 | 1,86 | mscp65.txt |   47 |
|28 | 1400 | 3000 |   30 |0.106536284 |1578632031764 |     161 |   164.0 | 1,86 | mscp65.txt |   50 |
|28 | 1500 | 3000 |   30 |0.105515584 |1578632031764 |     161 |   164.0 | 1,86 | mscp65.txt |   54 |
|28 | 1600 | 3000 |   30 |0.105515584 |1578632031764 |     161 |   164.0 | 1,86 | mscp65.txt |   58 |
|28 | 1700 | 3000 |   30 | 0.10663021 |1578632031764 |     161 |   164.0 | 1,86 | mscp65.txt |   61 |
|28 | 1800 | 3000 |   30 | 0.10663021 |1578632031764 |     161 |   164.0 | 1,86 | mscp65.txt |   65 |
|28 | 1900 | 3000 |   30 | 0.10350102 |1578632031764 |     161 |   164.0 | 1,86 | mscp65.txt |   68 |
|28 | 2000 | 3000 |   30 | 0.10598291 |1578632031764 |     161 |   164.0 | 1,86 | mscp65.txt |   72 |
|28 | 2100 | 3000 |   30 | 0.10933745 |1578632031764 |     161 |   164.0 | 1,86 | mscp65.txt |   76 |
|28 | 2200 | 3000 |   30 | 0.10308057 |1578632031764 |     161 |   164.0 | 1,86 | mscp65.txt |   79 |
|28 | 2300 | 3000 |   30 |  0.1059727 |1578632031764 |     161 |   164.0 | 1,86 | mscp65.txt |   83 |
|28 | 2400 | 3000 |   30 | 0.10499662 |1578632031764 |     161 |   164.0 | 1,86 | mscp65.txt |   86 |
|28 | 2500 | 3000 |   30 |0.102709934 |1578632031764 |     161 |   164.0 | 1,86 | mscp65.txt |   90 |
|28 | 2600 | 3000 |   30 |  0.1021298 |1578632031764 |     161 |   164.0 | 1,86 | mscp65.txt |   93 |
|28 | 2700 | 3000 |   30 | 0.10433763 |1578632031764 |     161 |   164.0 | 1,86 | mscp65.txt |   97 |
|28 | 2800 | 3000 |   30 |  0.1035631 |1578632031764 |     161 |   164.0 | 1,86 | mscp65.txt |1,0e+02 |
|28 | 2900 | 3000 |   30 |  0.1035631 |1578632031764 |     161 |   164.0 | 1,86 | mscp65.txt |1,0e+02 |
|28 | 3000 | 3000 |   30 |  0.1035631 |1578632031764 |     161 |   164.0 | 1,86 | mscp65.txt |1,1e+02 |
|28 |  200 | 3000 |   30 |  0.1035631 |1578632031764 |     161 |   164.0 | 1,86 | mscp65.txt |1,1e+02 |
|29 |    1 | 3000 |   30 |       0.25 |1578632139543 |     161 |   223.0 |38,51 | mscp65.txt |0,026 |
|29 |  100 | 3000 |   30 | 0.11877603 |1578632139543 |     161 |   192.0 |19,25 | mscp65.txt |  3,2 |
|29 |  200 | 3000 |   30 | 0.12506738 |1578632139543 |     161 |   173.0 | 7,45 | mscp65.txt |  6,4 |
|29 |  300 | 3000 |   30 |0.098614246 |1578632139543 |     161 |   170.0 | 5,59 | mscp65.txt |  9,8 |
|29 |  400 | 3000 |   30 |0.104672894 |1578632139543 |     161 |   169.0 | 4,97 | mscp65.txt |   13 |
|29 |  500 | 3000 |   30 | 0.10671402 |1578632139543 |     161 |   169.0 | 4,97 | mscp65.txt |   17 |
|29 |  600 | 3000 |   30 |0.104402095 |1578632139543 |     161 |   169.0 | 4,97 | mscp65.txt |   20 |
|29 |  700 | 3000 |   30 | 0.09167613 |1578632139543 |     161 |   169.0 | 4,97 | mscp65.txt |   24 |
|29 |  800 | 3000 |   30 |0.092864126 |1578632139543 |     161 |   169.0 | 4,97 | mscp65.txt |   27 |
|29 |  900 | 3000 |   30 | 0.08998857 |1578632139543 |     161 |   169.0 | 4,97 | mscp65.txt |   31 |
|29 | 1000 | 3000 |   30 | 0.09430605 |1578632139543 |     161 |   169.0 | 4,97 | mscp65.txt |   34 |
|29 | 1100 | 3000 |   30 | 0.09228296 |1578632139543 |     161 |   169.0 | 4,97 | mscp65.txt |   37 |
|29 | 1200 | 3000 |   30 | 0.09178744 |1578632139543 |     161 |   169.0 | 4,97 | mscp65.txt |   41 |
|29 | 1300 | 3000 |   30 |0.091873914 |1578632139543 |     161 |   168.0 | 4,35 | mscp65.txt |   44 |
|29 | 1400 | 3000 |   30 | 0.08981568 |1578632139543 |     161 |   168.0 | 4,35 | mscp65.txt |   48 |
|29 | 1500 | 3000 |   30 | 0.09004071 |1578632139543 |     161 |   168.0 | 4,35 | mscp65.txt |   51 |
|29 | 1600 | 3000 |   30 | 0.08958724 |1578632139543 |     161 |   168.0 | 4,35 | mscp65.txt |   55 |
|29 | 1700 | 3000 |   30 | 0.08531995 |1578632139543 |     161 |   168.0 | 4,35 | mscp65.txt |   59 |
|29 | 1800 | 3000 |   30 | 0.09284699 |1578632139543 |     161 |   168.0 | 4,35 | mscp65.txt |   62 |
|29 | 1900 | 3000 |   30 |0.087929405 |1578632139543 |     161 |   168.0 | 4,35 | mscp65.txt |   66 |
|29 | 2000 | 3000 |   30 | 0.08730901 |1578632139543 |     161 |   168.0 | 4,35 | mscp65.txt |   69 |
|29 | 2100 | 3000 |   30 |0.084716834 |1578632139543 |     161 |   168.0 | 4,35 | mscp65.txt |   73 |
|29 | 2200 | 3000 |   30 |0.087084755 |1578632139543 |     161 |   168.0 | 4,35 | mscp65.txt |   76 |
|29 | 2300 | 3000 |   30 | 0.08312808 |1578632139543 |     161 |   167.0 | 3,73 | mscp65.txt |   80 |
|29 | 2400 | 3000 |   30 | 0.08312808 |1578632139543 |     161 |   167.0 | 3,73 | mscp65.txt |   83 |
|29 | 2500 | 3000 |   30 | 0.08312808 |1578632139543 |     161 |   167.0 | 3,73 | mscp65.txt |   87 |
|29 | 2600 | 3000 |   30 | 0.08312808 |1578632139543 |     161 |   167.0 | 3,73 | mscp65.txt |   91 |
|29 | 2700 | 3000 |   30 | 0.08312808 |1578632139543 |     161 |   167.0 | 3,73 | mscp65.txt |   94 |
|29 | 2800 | 3000 |   30 | 0.08312808 |1578632139543 |     161 |   167.0 | 3,73 | mscp65.txt |   98 |
|29 | 2900 | 3000 |   30 | 0.08358943 |1578632139543 |     161 |   167.0 | 3,73 | mscp65.txt |1,0e+02 |
|29 | 3000 | 3000 |   30 | 0.08358943 |1578632139543 |     161 |   167.0 | 3,73 | mscp65.txt |1,1e+02 |
|29 |  200 | 3000 |   30 | 0.08358943 |1578632139543 |     161 |   167.0 | 3,73 | mscp65.txt |1,1e+02 |
|30 |    1 | 3000 |   30 |       0.25 |1578632244699 |     161 |   227.0 |40,99 | mscp65.txt |0,036 |
|30 |  100 | 3000 |   30 | 0.10710535 |1578632244699 |     161 |   181.0 |12,42 | mscp65.txt |  3,3 |
|30 |  200 | 3000 |   30 |0.115800485 |1578632244699 |     161 |   177.0 | 9,94 | mscp65.txt |  6,6 |
|30 |  300 | 3000 |   30 | 0.09637588 |1578632244699 |     161 |   173.0 | 7,45 | mscp65.txt |  9,9 |
|30 |  400 | 3000 |   30 |0.105164155 |1578632244699 |     161 |   168.0 | 4,35 | mscp65.txt |   13 |
|30 |  500 | 3000 |   30 | 0.10082477 |1578632244699 |     161 |   168.0 | 4,35 | mscp65.txt |   17 |
|30 |  200 | 3000 |   30 | 0.10082477 |1578632244699 |     161 |   161.0 | 0,00 | mscp65.txt |   18 |
|31 |    1 | 3000 |   30 |       0.25 |1578632262904 |     161 |   237.0 |47,20 | mscp65.txt |0,023 |
|31 |  100 | 3000 |   30 |0.120199144 |1578632262904 |     161 |   194.0 |20,50 | mscp65.txt |  3,1 |
|31 |  200 | 3000 |   30 |0.101471335 |1578632262904 |     161 |   180.0 |11,80 | mscp65.txt |  6,5 |
|31 |  300 | 3000 |   30 | 0.10941176 |1578632262904 |     161 |   174.0 | 8,07 | mscp65.txt |  9,8 |
|31 |  400 | 3000 |   30 | 0.10514096 |1578632262904 |     161 |   174.0 | 8,07 | mscp65.txt |   13 |
|31 |  500 | 3000 |   30 | 0.10328399 |1578632262904 |     161 |   172.0 | 6,83 | mscp65.txt |   16 |
|31 |  600 | 3000 |   30 |0.115585774 |1578632262904 |     161 |   169.0 | 4,97 | mscp65.txt |   20 |
|31 |  700 | 3000 |   30 |   0.113089 |1578632262904 |     161 |   169.0 | 4,97 | mscp65.txt |   23 |
|31 |  800 | 3000 |   30 | 0.11400139 |1578632262904 |     161 |   169.0 | 4,97 | mscp65.txt |   26 |
|31 |  900 | 3000 |   30 |0.122335665 |1578632262904 |     161 |   167.0 | 3,73 | mscp65.txt |   30 |
|31 | 1000 | 3000 |   30 |0.111341275 |1578632262904 |     161 |   167.0 | 3,73 | mscp65.txt |   33 |
|31 | 1100 | 3000 |   30 | 0.10946038 |1578632262904 |     161 |   167.0 | 3,73 | mscp65.txt |   36 |
|31 | 1200 | 3000 |   30 |0.105421685 |1578632262904 |     161 |   166.0 | 3,11 | mscp65.txt |   39 |
|31 | 1300 | 3000 |   30 |0.099386096 |1578632262904 |     161 |   166.0 | 3,11 | mscp65.txt |   43 |
|31 | 1400 | 3000 |   30 | 0.10604819 |1578632262904 |     161 |   166.0 | 3,11 | mscp65.txt |   46 |
|31 | 1500 | 3000 |   30 | 0.10120125 |1578632262904 |     161 |   166.0 | 3,11 | mscp65.txt |   49 |
|31 | 1600 | 3000 |   30 | 0.09902597 |1578632262904 |     161 |   166.0 | 3,11 | mscp65.txt |   53 |
|31 | 1700 | 3000 |   30 | 0.09526896 |1578632262904 |     161 |   166.0 | 3,11 | mscp65.txt |   56 |
|31 | 1800 | 3000 |   30 | 0.09901639 |1578632262904 |     161 |   166.0 | 3,11 | mscp65.txt |   59 |
|31 | 1900 | 3000 |   30 |0.094449855 |1578632262904 |     161 |   165.0 | 2,48 | mscp65.txt |   63 |
|31 | 2000 | 3000 |   30 | 0.09353104 |1578632262904 |     161 |   165.0 | 2,48 | mscp65.txt |   66 |
|31 | 2100 | 3000 |   30 | 0.09694295 |1578632262904 |     161 |   165.0 | 2,48 | mscp65.txt |   69 |
|31 | 2200 | 3000 |   30 | 0.09462957 |1578632262904 |     161 |   164.0 | 1,86 | mscp65.txt |   72 |
|31 | 2300 | 3000 |   30 |  0.0932734 |1578632262904 |     161 |   164.0 | 1,86 | mscp65.txt |   76 |
|31 | 2400 | 3000 |   30 | 0.09448309 |1578632262904 |     161 |   164.0 | 1,86 | mscp65.txt |   79 |
|31 | 2500 | 3000 |   30 | 0.09723346 |1578632262904 |     161 |   164.0 | 1,86 | mscp65.txt |   83 |
|31 | 2600 | 3000 |   30 |0.095507436 |1578632262904 |     161 |   164.0 | 1,86 | mscp65.txt |   86 |
|31 | 2700 | 3000 |   30 | 0.09202647 |1578632262904 |     161 |   164.0 | 1,86 | mscp65.txt |   89 |
|31 | 2800 | 3000 |   30 | 0.09217612 |1578632262904 |     161 |   164.0 | 1,86 | mscp65.txt |   93 |
|31 | 2900 | 3000 |   30 | 0.09426812 |1578632262904 |     161 |   164.0 | 1,86 | mscp65.txt |   96 |
|31 | 3000 | 3000 |   30 | 0.09426812 |1578632262904 |     161 |   164.0 | 1,86 | mscp65.txt |1,0e+02 |
|31 |  200 | 3000 |   30 | 0.09426812 |1578632262904 |     161 |   164.0 | 1,86 | mscp65.txt |1,0e+02 |
