| # |    #ITER | #IterMAX | Nest |      %Desc |      semilla | BestFit |GottedFit |  RDP |  instancia | time |
-------------------------------------------------------------------------------------------------
| 1 |    1 | 3000 |   30 |       0.25 |1578627241009 |     265 |   361.0 |36,23 |mscp510.txt |0,039 |
| 1 |  100 | 3000 |   30 | 0.12196428 |1578627241009 |     265 |   303.0 |14,34 |mscp510.txt |  2,8 |
| 1 |  200 | 3000 |   30 | 0.12170062 |1578627241009 |     265 |   292.0 |10,19 |mscp510.txt |  5,6 |
| 1 |  300 | 3000 |   30 | 0.12926693 |1578627241009 |     265 |   291.0 | 9,81 |mscp510.txt |  8,4 |
| 1 |  400 | 3000 |   30 | 0.13586038 |1578627241009 |     265 |   284.0 | 7,17 |mscp510.txt |   11 |
| 1 |  500 | 3000 |   30 |  0.1288735 |1578627241009 |     265 |   280.0 | 5,66 |mscp510.txt |   14 |
| 1 |  600 | 3000 |   30 | 0.13561232 |1578627241009 |     265 |   280.0 | 5,66 |mscp510.txt |   17 |
| 1 |  700 | 3000 |   30 |  0.1350219 |1578627241009 |     265 |   280.0 | 5,66 |mscp510.txt |   19 |
| 1 |  800 | 3000 |   30 | 0.14142966 |1578627241009 |     265 |   280.0 | 5,66 |mscp510.txt |   22 |
| 1 |  900 | 3000 |   30 |  0.1388621 |1578627241009 |     265 |   276.0 | 4,15 |mscp510.txt |   25 |
| 1 | 1000 | 3000 |   30 | 0.12826736 |1578627241009 |     265 |   275.0 | 3,77 |mscp510.txt |   28 |
| 1 | 1100 | 3000 |   30 | 0.14885646 |1578627241009 |     265 |   274.0 | 3,40 |mscp510.txt |   31 |
| 1 | 1200 | 3000 |   30 | 0.14912629 |1578627241009 |     265 |   273.0 | 3,02 |mscp510.txt |   33 |
| 1 | 1300 | 3000 |   30 | 0.14711614 |1578627241009 |     265 |   272.0 | 2,64 |mscp510.txt |   36 |
| 1 | 1400 | 3000 |   30 |  0.1450426 |1578627241009 |     265 |   272.0 | 2,64 |mscp510.txt |   39 |
| 1 | 1500 | 3000 |   30 | 0.14324272 |1578627241009 |     265 |   271.0 | 2,26 |mscp510.txt |   41 |
| 1 | 1600 | 3000 |   30 |  0.1417004 |1578627241009 |     265 |   271.0 | 2,26 |mscp510.txt |   44 |
| 1 | 1700 | 3000 |   30 | 0.13451062 |1578627241009 |     265 |   271.0 | 2,26 |mscp510.txt |   47 |
| 1 | 1800 | 3000 |   30 |  0.1332206 |1578627241009 |     265 |   271.0 | 2,26 |mscp510.txt |   50 |
| 1 | 1900 | 3000 |   30 | 0.13382688 |1578627241009 |     265 |   271.0 | 2,26 |mscp510.txt |   52 |
| 1 | 2000 | 3000 |   30 |  0.1313744 |1578627241009 |     265 |   271.0 | 2,26 |mscp510.txt |   55 |
| 1 | 2100 | 3000 |   30 | 0.13670838 |1578627241009 |     265 |   269.0 | 1,51 |mscp510.txt |   58 |
| 1 | 2200 | 3000 |   30 |  0.1366141 |1578627241009 |     265 |   269.0 | 1,51 |mscp510.txt |   61 |
| 1 | 2300 | 3000 |   30 | 0.13215859 |1578627241009 |     265 |   267.0 | 0,75 |mscp510.txt |   63 |
| 1 | 2400 | 3000 |   30 | 0.12120665 |1578627241009 |     265 |   267.0 | 0,75 |mscp510.txt |   66 |
| 1 | 2500 | 3000 |   30 | 0.12152401 |1578627241009 |     265 |   267.0 | 0,75 |mscp510.txt |   69 |
| 1 | 2600 | 3000 |   30 |0.120113716 |1578627241009 |     265 |   267.0 | 0,75 |mscp510.txt |   72 |
| 1 | 2700 | 3000 |   30 |0.109911166 |1578627241009 |     265 |   267.0 | 0,75 |mscp510.txt |   74 |
| 1 | 2800 | 3000 |   30 |0.109128706 |1578627241009 |     265 |   267.0 | 0,75 |mscp510.txt |   77 |
| 1 | 2900 | 3000 |   30 | 0.10511945 |1578627241009 |     265 |   267.0 | 0,75 |mscp510.txt |   80 |
| 1 | 3000 | 3000 |   30 | 0.10798689 |1578627241009 |     265 |   267.0 | 0,75 |mscp510.txt |   83 |
| 1 |  200 | 3000 |   30 | 0.10798689 |1578627241009 |     265 |   267.0 | 0,75 |mscp510.txt |   83 |
| 2 |    1 | 3000 |   30 |       0.25 |1578627323768 |     265 |   344.0 |29,81 |mscp510.txt |0,044 |
| 2 |  100 | 3000 |   30 |0.118477486 |1578627323768 |     265 |   293.0 |10,57 |mscp510.txt |  2,8 |
| 2 |  200 | 3000 |   30 | 0.11993575 |1578627323768 |     265 |   290.0 | 9,43 |mscp510.txt |  5,6 |
| 2 |  300 | 3000 |   30 | 0.12123894 |1578627323768 |     265 |   284.0 | 7,17 |mscp510.txt |  8,3 |
| 2 |  400 | 3000 |   30 | 0.13084283 |1578627323768 |     265 |   280.0 | 5,66 |mscp510.txt |   11 |
| 2 |  500 | 3000 |   30 | 0.13072014 |1578627323768 |     265 |   277.0 | 4,53 |mscp510.txt |   14 |
| 2 |  600 | 3000 |   30 | 0.13649963 |1578627323768 |     265 |   277.0 | 4,53 |mscp510.txt |   17 |
| 2 |  700 | 3000 |   30 | 0.13757586 |1578627323768 |     265 |   274.0 | 3,40 |mscp510.txt |   19 |
| 2 |  800 | 3000 |   30 | 0.13518451 |1578627323768 |     265 |   274.0 | 3,40 |mscp510.txt |   22 |
| 2 |  900 | 3000 |   30 | 0.13502412 |1578627323768 |     265 |   273.0 | 3,02 |mscp510.txt |   25 |
| 2 | 1000 | 3000 |   30 | 0.13749549 |1578627323768 |     265 |   272.0 | 2,64 |mscp510.txt |   28 |
| 2 | 1100 | 3000 |   30 | 0.13902663 |1578627323768 |     265 |   272.0 | 2,64 |mscp510.txt |   31 |
| 2 | 1200 | 3000 |   30 | 0.13365889 |1578627323768 |     265 |   271.0 | 2,26 |mscp510.txt |   34 |
| 2 | 1300 | 3000 |   30 |  0.1360294 |1578627323768 |     265 |   271.0 | 2,26 |mscp510.txt |   36 |
| 2 | 1400 | 3000 |   30 | 0.13714603 |1578627323768 |     265 |   268.0 | 1,13 |mscp510.txt |   39 |
| 2 | 1500 | 3000 |   30 | 0.13613725 |1578627323768 |     265 |   268.0 | 1,13 |mscp510.txt |   42 |
| 2 |  200 | 3000 |   30 | 0.13613725 |1578627323768 |     265 |   265.0 | 0,00 |mscp510.txt |   43 |
| 3 |    1 | 3000 |   30 |       0.25 |1578627366443 |     265 |   347.0 |30,94 |mscp510.txt |0,040 |
| 3 |  100 | 3000 |   30 | 0.13490123 |1578627366443 |     265 |   305.0 |15,09 |mscp510.txt |  2,8 |
| 3 |  200 | 3000 |   30 | 0.14334536 |1578627366443 |     265 |   299.0 |12,83 |mscp510.txt |  5,6 |
| 3 |  300 | 3000 |   30 | 0.12491014 |1578627366443 |     265 |   291.0 | 9,81 |mscp510.txt |  8,4 |
| 3 |  400 | 3000 |   30 | 0.13722192 |1578627366443 |     265 |   283.0 | 6,79 |mscp510.txt |   11 |
| 3 |  500 | 3000 |   30 | 0.13555555 |1578627366443 |     265 |   280.0 | 5,66 |mscp510.txt |   14 |
| 3 |  600 | 3000 |   30 | 0.14607178 |1578627366443 |     265 |   279.0 | 5,28 |mscp510.txt |   17 |
| 3 |  700 | 3000 |   30 | 0.15051667 |1578627366443 |     265 |   279.0 | 5,28 |mscp510.txt |   20 |
| 3 |  800 | 3000 |   30 | 0.15254575 |1578627366443 |     265 |   276.0 | 4,15 |mscp510.txt |   22 |
| 3 |  900 | 3000 |   30 | 0.15121087 |1578627366443 |     265 |   276.0 | 4,15 |mscp510.txt |   25 |
| 3 | 1000 | 3000 |   30 | 0.14681059 |1578627366443 |     265 |   276.0 | 4,15 |mscp510.txt |   28 |
| 3 | 1100 | 3000 |   30 | 0.16251506 |1578627366443 |     265 |   275.0 | 3,77 |mscp510.txt |   31 |
| 3 | 1200 | 3000 |   30 | 0.15497716 |1578627366443 |     265 |   275.0 | 3,77 |mscp510.txt |   33 |
| 3 | 1300 | 3000 |   30 | 0.16761711 |1578627366443 |     265 |   275.0 | 3,77 |mscp510.txt |   36 |
| 3 | 1400 | 3000 |   30 |  0.1613687 |1578627366443 |     265 |   274.0 | 3,40 |mscp510.txt |   39 |
| 3 | 1500 | 3000 |   30 | 0.16453901 |1578627366443 |     265 |   274.0 | 3,40 |mscp510.txt |   42 |
| 3 | 1600 | 3000 |   30 | 0.18055263 |1578627366443 |     265 |   273.0 | 3,02 |mscp510.txt |   44 |
| 3 | 1700 | 3000 |   30 | 0.17331384 |1578627366443 |     265 |   273.0 | 3,02 |mscp510.txt |   47 |
| 3 | 1800 | 3000 |   30 |  0.1532714 |1578627366443 |     265 |   273.0 | 3,02 |mscp510.txt |   50 |
| 3 | 1900 | 3000 |   30 | 0.16724738 |1578627366443 |     265 |   273.0 | 3,02 |mscp510.txt |   53 |
| 3 | 2000 | 3000 |   30 | 0.16352458 |1578627366443 |     265 |   273.0 | 3,02 |mscp510.txt |   55 |
| 3 | 2100 | 3000 |   30 | 0.16920508 |1578627366443 |     265 |   273.0 | 3,02 |mscp510.txt |   58 |
| 3 | 2200 | 3000 |   30 |   0.172801 |1578627366443 |     265 |   273.0 | 3,02 |mscp510.txt |   61 |
| 3 | 2300 | 3000 |   30 | 0.16416354 |1578627366443 |     265 |   273.0 | 3,02 |mscp510.txt |   64 |
| 3 | 2400 | 3000 |   30 | 0.16806546 |1578627366443 |     265 |   273.0 | 3,02 |mscp510.txt |   66 |
| 3 | 2500 | 3000 |   30 | 0.17417732 |1578627366443 |     265 |   273.0 | 3,02 |mscp510.txt |   69 |
| 3 | 2600 | 3000 |   30 |  0.1677406 |1578627366443 |     265 |   273.0 | 3,02 |mscp510.txt |   72 |
| 3 | 2700 | 3000 |   30 | 0.17054752 |1578627366443 |     265 |   270.0 | 1,89 |mscp510.txt |   75 |
| 3 | 2800 | 3000 |   30 | 0.17285505 |1578627366443 |     265 |   270.0 | 1,89 |mscp510.txt |   77 |
| 3 | 2900 | 3000 |   30 | 0.17285505 |1578627366443 |     265 |   270.0 | 1,89 |mscp510.txt |   80 |
| 3 | 3000 | 3000 |   30 | 0.16413935 |1578627366443 |     265 |   270.0 | 1,89 |mscp510.txt |   83 |
| 3 |  200 | 3000 |   30 | 0.16413935 |1578627366443 |     265 |   270.0 | 1,89 |mscp510.txt |   83 |
| 4 |    1 | 3000 |   30 |       0.25 |1578627449510 |     265 |   351.0 |32,45 |mscp510.txt |0,040 |
| 4 |  100 | 3000 |   30 |  0.1254923 |1578627449510 |     265 |   298.0 |12,45 |mscp510.txt |  2,8 |
| 4 |  200 | 3000 |   30 | 0.11345921 |1578627449510 |     265 |   289.0 | 9,06 |mscp510.txt |  5,6 |
| 4 |  300 | 3000 |   30 | 0.11424073 |1578627449510 |     265 |   280.0 | 5,66 |mscp510.txt |  8,4 |
| 4 |  400 | 3000 |   30 | 0.12367997 |1578627449510 |     265 |   280.0 | 5,66 |mscp510.txt |   11 |
| 4 |  500 | 3000 |   30 |0.119344495 |1578627449510 |     265 |   274.0 | 3,40 |mscp510.txt |   14 |
| 4 |  600 | 3000 |   30 |0.119943224 |1578627449510 |     265 |   273.0 | 3,02 |mscp510.txt |   17 |
| 4 |  700 | 3000 |   30 | 0.11740455 |1578627449510 |     265 |   273.0 | 3,02 |mscp510.txt |   19 |
| 4 |  800 | 3000 |   30 | 0.13057032 |1578627449510 |     265 |   273.0 | 3,02 |mscp510.txt |   22 |
| 4 |  900 | 3000 |   30 | 0.11879965 |1578627449510 |     265 |   271.0 | 2,26 |mscp510.txt |   25 |
| 4 | 1000 | 3000 |   30 |0.111869745 |1578627449510 |     265 |   269.0 | 1,51 |mscp510.txt |   27 |
| 4 | 1100 | 3000 |   30 | 0.10771568 |1578627449510 |     265 |   269.0 | 1,51 |mscp510.txt |   30 |
| 4 | 1200 | 3000 |   30 |0.109220825 |1578627449510 |     265 |   269.0 | 1,51 |mscp510.txt |   33 |
| 4 | 1300 | 3000 |   30 | 0.10330579 |1578627449510 |     265 |   269.0 | 1,51 |mscp510.txt |   36 |
| 4 | 1400 | 3000 |   30 | 0.09854977 |1578627449510 |     265 |   269.0 | 1,51 |mscp510.txt |   39 |
| 4 | 1500 | 3000 |   30 | 0.09879361 |1578627449510 |     265 |   269.0 | 1,51 |mscp510.txt |   41 |
| 4 | 1600 | 3000 |   30 | 0.09860751 |1578627449510 |     265 |   269.0 | 1,51 |mscp510.txt |   44 |
| 4 | 1700 | 3000 |   30 | 0.09990363 |1578627449510 |     265 |   268.0 | 1,13 |mscp510.txt |   47 |
| 4 | 1800 | 3000 |   30 | 0.09948734 |1578627449510 |     265 |   268.0 | 1,13 |mscp510.txt |   50 |
| 4 | 1900 | 3000 |   30 | 0.09801727 |1578627449510 |     265 |   268.0 | 1,13 |mscp510.txt |   52 |
| 4 | 2000 | 3000 |   30 | 0.09459244 |1578627449510 |     265 |   268.0 | 1,13 |mscp510.txt |   55 |
| 4 | 2100 | 3000 |   30 |  0.0908802 |1578627449510 |     265 |   268.0 | 1,13 |mscp510.txt |   58 |
| 4 | 2200 | 3000 |   30 | 0.09305643 |1578627449510 |     265 |   268.0 | 1,13 |mscp510.txt |   61 |
| 4 | 2300 | 3000 |   30 | 0.09305643 |1578627449510 |     265 |   268.0 | 1,13 |mscp510.txt |   63 |
| 4 | 2400 | 3000 |   30 | 0.09172436 |1578627449510 |     265 |   268.0 | 1,13 |mscp510.txt |   66 |
| 4 | 2500 | 3000 |   30 | 0.09055118 |1578627449510 |     265 |   268.0 | 1,13 |mscp510.txt |   69 |
| 4 | 2600 | 3000 |   30 | 0.09055118 |1578627449510 |     265 |   268.0 | 1,13 |mscp510.txt |   72 |
| 4 | 2700 | 3000 |   30 | 0.09166798 |1578627449510 |     265 |   268.0 | 1,13 |mscp510.txt |   75 |
| 4 | 2800 | 3000 |   30 | 0.09136815 |1578627449510 |     265 |   268.0 | 1,13 |mscp510.txt |   77 |
| 4 | 2900 | 3000 |   30 |  0.0933079 |1578627449510 |     265 |   268.0 | 1,13 |mscp510.txt |   80 |
| 4 | 3000 | 3000 |   30 |0.095616266 |1578627449510 |     265 |   267.0 | 0,75 |mscp510.txt |   83 |
| 4 |  200 | 3000 |   30 |0.095616266 |1578627449510 |     265 |   267.0 | 0,75 |mscp510.txt |   83 |
| 5 |    1 | 3000 |   30 |       0.25 |1578627532398 |     265 |   339.0 |27,92 |mscp510.txt |0,042 |
| 5 |  100 | 3000 |   30 | 0.11944344 |1578627532398 |     265 |   298.0 |12,45 |mscp510.txt |  2,7 |
| 5 |  200 | 3000 |   30 | 0.12358357 |1578627532398 |     265 |   296.0 |11,70 |mscp510.txt |  5,4 |
| 5 |  300 | 3000 |   30 |0.124798566 |1578627532398 |     265 |   296.0 |11,70 |mscp510.txt |  8,2 |
| 5 |  400 | 3000 |   30 | 0.12213874 |1578627532398 |     265 |   291.0 | 9,81 |mscp510.txt |   11 |
| 5 |  500 | 3000 |   30 | 0.11784976 |1578627532398 |     265 |   285.0 | 7,55 |mscp510.txt |   14 |
| 5 |  600 | 3000 |   30 | 0.12154888 |1578627532398 |     265 |   284.0 | 7,17 |mscp510.txt |   17 |
| 5 |  700 | 3000 |   30 | 0.12540251 |1578627532398 |     265 |   284.0 | 7,17 |mscp510.txt |   20 |
| 5 |  800 | 3000 |   30 |  0.1278047 |1578627532398 |     265 |   282.0 | 6,42 |mscp510.txt |   23 |
| 5 |  900 | 3000 |   30 | 0.13028234 |1578627532398 |     265 |   278.0 | 4,91 |mscp510.txt |   26 |
| 5 | 1000 | 3000 |   30 | 0.12982714 |1578627532398 |     265 |   278.0 | 4,91 |mscp510.txt |   29 |
| 5 | 1100 | 3000 |   30 |  0.1216192 |1578627532398 |     265 |   274.0 | 3,40 |mscp510.txt |   32 |
| 5 | 1200 | 3000 |   30 | 0.11949797 |1578627532398 |     265 |   274.0 | 3,40 |mscp510.txt |   34 |
| 5 | 1300 | 3000 |   30 | 0.12452898 |1578627532398 |     265 |   271.0 | 2,26 |mscp510.txt |   37 |
| 5 | 1400 | 3000 |   30 |0.115997896 |1578627532398 |     265 |   271.0 | 2,26 |mscp510.txt |   40 |
| 5 | 1500 | 3000 |   30 |0.117545076 |1578627532398 |     265 |   271.0 | 2,26 |mscp510.txt |   42 |
| 5 | 1600 | 3000 |   30 | 0.11196713 |1578627532398 |     265 |   271.0 | 2,26 |mscp510.txt |   45 |
| 5 | 1700 | 3000 |   30 | 0.11571089 |1578627532398 |     265 |   271.0 | 2,26 |mscp510.txt |   48 |
| 5 | 1800 | 3000 |   30 | 0.11194157 |1578627532398 |     265 |   271.0 | 2,26 |mscp510.txt |   51 |
| 5 | 1900 | 3000 |   30 | 0.11871989 |1578627532398 |     265 |   271.0 | 2,26 |mscp510.txt |   54 |
| 5 | 2000 | 3000 |   30 |  0.1125233 |1578627532398 |     265 |   271.0 | 2,26 |mscp510.txt |   56 |
| 5 | 2100 | 3000 |   30 |  0.1159618 |1578627532398 |     265 |   271.0 | 2,26 |mscp510.txt |   59 |
| 5 | 2200 | 3000 |   30 |0.113230035 |1578627532398 |     265 |   271.0 | 2,26 |mscp510.txt |   62 |
| 5 | 2300 | 3000 |   30 | 0.11919587 |1578627532398 |     265 |   271.0 | 2,26 |mscp510.txt |   65 |
| 5 | 2400 | 3000 |   30 | 0.12215396 |1578627532398 |     265 |   268.0 | 1,13 |mscp510.txt |   67 |
| 5 | 2500 | 3000 |   30 |0.120765835 |1578627532398 |     265 |   268.0 | 1,13 |mscp510.txt |   70 |
| 5 | 2600 | 3000 |   30 | 0.11713978 |1578627532398 |     265 |   268.0 | 1,13 |mscp510.txt |   73 |
| 5 | 2700 | 3000 |   30 | 0.11132882 |1578627532398 |     265 |   268.0 | 1,13 |mscp510.txt |   75 |
| 5 | 2800 | 3000 |   30 |0.115364075 |1578627532398 |     265 |   268.0 | 1,13 |mscp510.txt |   78 |
| 5 | 2900 | 3000 |   30 | 0.11590585 |1578627532398 |     265 |   268.0 | 1,13 |mscp510.txt |   81 |
| 5 | 3000 | 3000 |   30 | 0.11773177 |1578627532398 |     265 |   268.0 | 1,13 |mscp510.txt |   84 |
| 5 |  200 | 3000 |   30 | 0.11773177 |1578627532398 |     265 |   268.0 | 1,13 |mscp510.txt |   84 |
| 6 |    1 | 3000 |   30 |       0.25 |1578627616141 |     265 |   366.0 |38,11 |mscp510.txt |0,038 |
| 6 |  100 | 3000 |   30 | 0.12649207 |1578627616141 |     265 |   305.0 |15,09 |mscp510.txt |  2,8 |
| 6 |  200 | 3000 |   30 |  0.1176574 |1578627616141 |     265 |   294.0 |10,94 |mscp510.txt |  5,5 |
| 6 |  300 | 3000 |   30 | 0.12069888 |1578627616141 |     265 |   294.0 |10,94 |mscp510.txt |  8,3 |
| 6 |  400 | 3000 |   30 | 0.12697849 |1578627616141 |     265 |   286.0 | 7,92 |mscp510.txt |   11 |
| 6 |  500 | 3000 |   30 | 0.11747094 |1578627616141 |     265 |   286.0 | 7,92 |mscp510.txt |   14 |
| 6 |  600 | 3000 |   30 | 0.12680776 |1578627616141 |     265 |   286.0 | 7,92 |mscp510.txt |   17 |
| 6 |  700 | 3000 |   30 |0.121031396 |1578627616141 |     265 |   284.0 | 7,17 |mscp510.txt |   20 |
| 6 |  800 | 3000 |   30 |0.121878296 |1578627616141 |     265 |   284.0 | 7,17 |mscp510.txt |   23 |
| 6 |  900 | 3000 |   30 | 0.12228832 |1578627616141 |     265 |   282.0 | 6,42 |mscp510.txt |   26 |
| 6 | 1000 | 3000 |   30 | 0.11702128 |1578627616141 |     265 |   281.0 | 6,04 |mscp510.txt |   28 |
| 6 | 1100 | 3000 |   30 | 0.11620017 |1578627616141 |     265 |   277.0 | 4,53 |mscp510.txt |   31 |
| 6 | 1200 | 3000 |   30 | 0.12283737 |1578627616141 |     265 |   277.0 | 4,53 |mscp510.txt |   34 |
| 6 | 1300 | 3000 |   30 | 0.11394558 |1578627616141 |     265 |   276.0 | 4,15 |mscp510.txt |   37 |
| 6 | 1400 | 3000 |   30 | 0.11568123 |1578627616141 |     265 |   276.0 | 4,15 |mscp510.txt |   40 |
| 6 | 1500 | 3000 |   30 | 0.12510683 |1578627616141 |     265 |   272.0 | 2,64 |mscp510.txt |   43 |
| 6 | 1600 | 3000 |   30 |0.123353295 |1578627616141 |     265 |   272.0 | 2,64 |mscp510.txt |   46 |
| 6 | 1700 | 3000 |   30 |  0.1195985 |1578627616141 |     265 |   272.0 | 2,64 |mscp510.txt |   49 |
| 6 | 1800 | 3000 |   30 |0.117438324 |1578627616141 |     265 |   272.0 | 2,64 |mscp510.txt |   52 |
| 6 | 1900 | 3000 |   30 | 0.11765702 |1578627616141 |     265 |   272.0 | 2,64 |mscp510.txt |   55 |
| 6 | 2000 | 3000 |   30 |0.115890086 |1578627616141 |     265 |   272.0 | 2,64 |mscp510.txt |   58 |
| 6 | 2100 | 3000 |   30 |0.122149274 |1578627616141 |     265 |   272.0 | 2,64 |mscp510.txt |   60 |
| 6 | 2200 | 3000 |   30 | 0.11030528 |1578627616141 |     265 |   272.0 | 2,64 |mscp510.txt |   63 |
| 6 | 2300 | 3000 |   30 | 0.11080758 |1578627616141 |     265 |   272.0 | 2,64 |mscp510.txt |   66 |
| 6 | 2400 | 3000 |   30 | 0.11291688 |1578627616141 |     265 |   272.0 | 2,64 |mscp510.txt |   69 |
| 6 | 2500 | 3000 |   30 | 0.11435898 |1578627616141 |     265 |   272.0 | 2,64 |mscp510.txt |   72 |
| 6 | 2600 | 3000 |   30 | 0.11246201 |1578627616141 |     265 |   272.0 | 2,64 |mscp510.txt |   75 |
| 6 | 2700 | 3000 |   30 | 0.10810811 |1578627616141 |     265 |   272.0 | 2,64 |mscp510.txt |   78 |
| 6 | 2800 | 3000 |   30 |0.106522836 |1578627616141 |     265 |   272.0 | 2,64 |mscp510.txt |   81 |
| 6 | 2900 | 3000 |   30 | 0.10580148 |1578627616141 |     265 |   272.0 | 2,64 |mscp510.txt |   85 |
| 6 | 3000 | 3000 |   30 |0.104771435 |1578627616141 |     265 |   272.0 | 2,64 |mscp510.txt |   88 |
| 6 |  200 | 3000 |   30 |0.104771435 |1578627616141 |     265 |   272.0 | 2,64 |mscp510.txt |   88 |
| 7 |    1 | 3000 |   30 |       0.25 |1578627704274 |     265 |   341.0 |28,68 |mscp510.txt |0,041 |
| 7 |  100 | 3000 |   30 | 0.12854478 |1578627704274 |     265 |   288.0 | 8,68 |mscp510.txt |  2,9 |
| 7 |  200 | 3000 |   30 | 0.13090444 |1578627704274 |     265 |   277.0 | 4,53 |mscp510.txt |  5,8 |
| 7 |  300 | 3000 |   30 | 0.13034698 |1578627704274 |     265 |   269.0 | 1,51 |mscp510.txt |  8,6 |
| 7 |  400 | 3000 |   30 |   0.131741 |1578627704274 |     265 |   269.0 | 1,51 |mscp510.txt |   11 |
| 7 |  500 | 3000 |   30 |0.116657816 |1578627704274 |     265 |   269.0 | 1,51 |mscp510.txt |   14 |
| 7 |  600 | 3000 |   30 |   0.116717 |1578627704274 |     265 |   269.0 | 1,51 |mscp510.txt |   17 |
| 7 |  700 | 3000 |   30 |   0.127533 |1578627704274 |     265 |   269.0 | 1,51 |mscp510.txt |   20 |
| 7 |  800 | 3000 |   30 | 0.12987505 |1578627704274 |     265 |   269.0 | 1,51 |mscp510.txt |   23 |
| 7 |  900 | 3000 |   30 | 0.13138956 |1578627704274 |     265 |   269.0 | 1,51 |mscp510.txt |   26 |
| 7 | 1000 | 3000 |   30 |  0.1281198 |1578627704274 |     265 |   269.0 | 1,51 |mscp510.txt |   29 |
| 7 | 1100 | 3000 |   30 | 0.13162267 |1578627704274 |     265 |   269.0 | 1,51 |mscp510.txt |   32 |
| 7 | 1200 | 3000 |   30 | 0.12628958 |1578627704274 |     265 |   269.0 | 1,51 |mscp510.txt |   34 |
| 7 | 1300 | 3000 |   30 | 0.12079813 |1578627704274 |     265 |   269.0 | 1,51 |mscp510.txt |   37 |
| 7 | 1400 | 3000 |   30 | 0.12801151 |1578627704274 |     265 |   269.0 | 1,51 |mscp510.txt |   40 |
| 7 | 1500 | 3000 |   30 | 0.12174855 |1578627704274 |     265 |   269.0 | 1,51 |mscp510.txt |   43 |
| 7 | 1600 | 3000 |   30 |0.124887206 |1578627704274 |     265 |   269.0 | 1,51 |mscp510.txt |   46 |
| 7 | 1700 | 3000 |   30 |0.123373054 |1578627704274 |     265 |   269.0 | 1,51 |mscp510.txt |   49 |
| 7 | 1800 | 3000 |   30 | 0.12705968 |1578627704274 |     265 |   269.0 | 1,51 |mscp510.txt |   52 |
| 7 | 1900 | 3000 |   30 | 0.12096195 |1578627704274 |     265 |   269.0 | 1,51 |mscp510.txt |   55 |
| 7 | 2000 | 3000 |   30 | 0.11574074 |1578627704274 |     265 |   269.0 | 1,51 |mscp510.txt |   58 |
| 7 | 2100 | 3000 |   30 | 0.11595988 |1578627704274 |     265 |   269.0 | 1,51 |mscp510.txt |   60 |
| 7 | 2200 | 3000 |   30 | 0.11132505 |1578627704274 |     265 |   269.0 | 1,51 |mscp510.txt |   63 |
| 7 | 2300 | 3000 |   30 |0.120538116 |1578627704274 |     265 |   269.0 | 1,51 |mscp510.txt |   66 |
| 7 | 2400 | 3000 |   30 | 0.11510792 |1578627704274 |     265 |   269.0 | 1,51 |mscp510.txt |   69 |
| 7 | 2500 | 3000 |   30 | 0.11510792 |1578627704274 |     265 |   269.0 | 1,51 |mscp510.txt |   72 |
| 7 | 2600 | 3000 |   30 | 0.11642882 |1578627704274 |     265 |   269.0 | 1,51 |mscp510.txt |   75 |
| 7 | 2700 | 3000 |   30 | 0.11474839 |1578627704274 |     265 |   269.0 | 1,51 |mscp510.txt |   77 |
| 7 | 2800 | 3000 |   30 | 0.11474839 |1578627704274 |     265 |   269.0 | 1,51 |mscp510.txt |   80 |
| 7 | 2900 | 3000 |   30 | 0.11474839 |1578627704274 |     265 |   269.0 | 1,51 |mscp510.txt |   83 |
| 7 | 3000 | 3000 |   30 |0.112532414 |1578627704274 |     265 |   269.0 | 1,51 |mscp510.txt |   86 |
| 7 |  200 | 3000 |   30 |0.112532414 |1578627704274 |     265 |   269.0 | 1,51 |mscp510.txt |   86 |
| 8 |    1 | 3000 |   30 |       0.25 |1578627789965 |     265 |   352.0 |32,83 |mscp510.txt |0,043 |
| 8 |  100 | 3000 |   30 | 0.11840689 |1578627789965 |     265 |   309.0 |16,60 |mscp510.txt |  2,8 |
| 8 |  200 | 3000 |   30 |  0.1390741 |1578627789965 |     265 |   302.0 |13,96 |mscp510.txt |  5,7 |
| 8 |  300 | 3000 |   30 | 0.11878066 |1578627789965 |     265 |   293.0 |10,57 |mscp510.txt |  8,6 |
| 8 |  400 | 3000 |   30 | 0.12393466 |1578627789965 |     265 |   290.0 | 9,43 |mscp510.txt |   12 |
| 8 |  500 | 3000 |   30 | 0.11456177 |1578627789965 |     265 |   281.0 | 6,04 |mscp510.txt |   14 |
| 8 |  600 | 3000 |   30 |0.123903126 |1578627789965 |     265 |   281.0 | 6,04 |mscp510.txt |   17 |
| 8 |  700 | 3000 |   30 |0.114779875 |1578627789965 |     265 |   281.0 | 6,04 |mscp510.txt |   20 |
| 8 |  800 | 3000 |   30 | 0.11434405 |1578627789965 |     265 |   281.0 | 6,04 |mscp510.txt |   23 |
| 8 |  900 | 3000 |   30 | 0.10992728 |1578627789965 |     265 |   281.0 | 6,04 |mscp510.txt |   26 |
| 8 | 1000 | 3000 |   30 |0.108347245 |1578627789965 |     265 |   271.0 | 2,26 |mscp510.txt |   29 |
| 8 | 1100 | 3000 |   30 |0.108924106 |1578627789965 |     265 |   271.0 | 2,26 |mscp510.txt |   32 |
| 8 | 1200 | 3000 |   30 |0.111720696 |1578627789965 |     265 |   271.0 | 2,26 |mscp510.txt |   35 |
| 8 | 1300 | 3000 |   30 | 0.11013143 |1578627789965 |     265 |   271.0 | 2,26 |mscp510.txt |   38 |
| 8 | 1400 | 3000 |   30 | 0.11627907 |1578627789965 |     265 |   271.0 | 2,26 |mscp510.txt |   41 |
| 8 | 1500 | 3000 |   30 |0.110165246 |1578627789965 |     265 |   271.0 | 2,26 |mscp510.txt |   44 |
| 8 | 1600 | 3000 |   30 | 0.10709527 |1578627789965 |     265 |   271.0 | 2,26 |mscp510.txt |   47 |
| 8 | 1700 | 3000 |   30 | 0.10800529 |1578627789965 |     265 |   268.0 | 1,13 |mscp510.txt |   50 |
| 8 | 1800 | 3000 |   30 | 0.11266667 |1578627789965 |     265 |   268.0 | 1,13 |mscp510.txt |   53 |
| 8 | 1900 | 3000 |   30 | 0.11518413 |1578627789965 |     265 |   268.0 | 1,13 |mscp510.txt |   56 |
| 8 | 2000 | 3000 |   30 | 0.11513715 |1578627789965 |     265 |   268.0 | 1,13 |mscp510.txt |   59 |
| 8 | 2100 | 3000 |   30 | 0.11628704 |1578627789965 |     265 |   268.0 | 1,13 |mscp510.txt |   62 |
| 8 | 2200 | 3000 |   30 | 0.11190965 |1578627789965 |     265 |   267.0 | 0,75 |mscp510.txt |   65 |
| 8 | 2300 | 3000 |   30 |0.110862836 |1578627789965 |     265 |   267.0 | 0,75 |mscp510.txt |   68 |
| 8 | 2400 | 3000 |   30 |0.111226074 |1578627789965 |     265 |   267.0 | 0,75 |mscp510.txt |   71 |
| 8 | 2500 | 3000 |   30 |0.116871856 |1578627789965 |     265 |   267.0 | 0,75 |mscp510.txt |   74 |
| 8 | 2600 | 3000 |   30 | 0.11425146 |1578627789965 |     265 |   267.0 | 0,75 |mscp510.txt |   77 |
| 8 | 2700 | 3000 |   30 | 0.11039621 |1578627789965 |     265 |   267.0 | 0,75 |mscp510.txt |   80 |
| 8 | 2800 | 3000 |   30 | 0.11429052 |1578627789965 |     265 |   267.0 | 0,75 |mscp510.txt |   83 |
| 8 | 2900 | 3000 |   30 | 0.11576059 |1578627789965 |     265 |   267.0 | 0,75 |mscp510.txt |   85 |
| 8 | 3000 | 3000 |   30 | 0.11997895 |1578627789965 |     265 |   267.0 | 0,75 |mscp510.txt |   88 |
| 8 |  200 | 3000 |   30 | 0.11997895 |1578627789965 |     265 |   267.0 | 0,75 |mscp510.txt |   88 |
| 9 |    1 | 3000 |   30 |       0.25 |1578627878401 |     265 |   360.0 |35,85 |mscp510.txt |0,043 |
| 9 |  100 | 3000 |   30 | 0.12384907 |1578627878401 |     265 |   300.0 |13,21 |mscp510.txt |  2,9 |
| 9 |  200 | 3000 |   30 | 0.14784314 |1578627878401 |     265 |   300.0 |13,21 |mscp510.txt |  5,8 |
| 9 |  300 | 3000 |   30 |  0.1518659 |1578627878401 |     265 |   285.0 | 7,55 |mscp510.txt |  8,7 |
| 9 |  400 | 3000 |   30 | 0.15199506 |1578627878401 |     265 |   285.0 | 7,55 |mscp510.txt |   12 |
| 9 |  500 | 3000 |   30 |  0.1448749 |1578627878401 |     265 |   285.0 | 7,55 |mscp510.txt |   14 |
| 9 |  600 | 3000 |   30 |  0.1538937 |1578627878401 |     265 |   278.0 | 4,91 |mscp510.txt |   17 |
| 9 |  700 | 3000 |   30 | 0.14282915 |1578627878401 |     265 |   275.0 | 3,77 |mscp510.txt |   20 |
| 9 |  800 | 3000 |   30 | 0.13894442 |1578627878401 |     265 |   272.0 | 2,64 |mscp510.txt |   23 |
| 9 |  900 | 3000 |   30 | 0.14944613 |1578627878401 |     265 |   272.0 | 2,64 |mscp510.txt |   26 |
| 9 | 1000 | 3000 |   30 |  0.1481407 |1578627878401 |     265 |   272.0 | 2,64 |mscp510.txt |   29 |
| 9 | 1100 | 3000 |   30 | 0.14913176 |1578627878401 |     265 |   270.0 | 1,89 |mscp510.txt |   32 |
| 9 | 1200 | 3000 |   30 | 0.15078555 |1578627878401 |     265 |   269.0 | 1,51 |mscp510.txt |   34 |
| 9 | 1300 | 3000 |   30 | 0.15327565 |1578627878401 |     265 |   269.0 | 1,51 |mscp510.txt |   37 |
| 9 | 1400 | 3000 |   30 | 0.15867835 |1578627878401 |     265 |   269.0 | 1,51 |mscp510.txt |   40 |
| 9 | 1500 | 3000 |   30 | 0.15479314 |1578627878401 |     265 |   269.0 | 1,51 |mscp510.txt |   43 |
| 9 | 1600 | 3000 |   30 | 0.14596336 |1578627878401 |     265 |   269.0 | 1,51 |mscp510.txt |   46 |
| 9 | 1700 | 3000 |   30 | 0.14981656 |1578627878401 |     265 |   269.0 | 1,51 |mscp510.txt |   49 |
| 9 | 1800 | 3000 |   30 | 0.15164347 |1578627878401 |     265 |   269.0 | 1,51 |mscp510.txt |   52 |
| 9 | 1900 | 3000 |   30 | 0.15394038 |1578627878401 |     265 |   269.0 | 1,51 |mscp510.txt |   54 |
| 9 | 2000 | 3000 |   30 | 0.15237708 |1578627878401 |     265 |   269.0 | 1,51 |mscp510.txt |   57 |
| 9 | 2100 | 3000 |   30 | 0.14838184 |1578627878401 |     265 |   269.0 | 1,51 |mscp510.txt |   60 |
| 9 | 2200 | 3000 |   30 | 0.14564867 |1578627878401 |     265 |   269.0 | 1,51 |mscp510.txt |   63 |
| 9 | 2300 | 3000 |   30 | 0.14997956 |1578627878401 |     265 |   269.0 | 1,51 |mscp510.txt |   66 |
| 9 | 2400 | 3000 |   30 | 0.15197879 |1578627878401 |     265 |   269.0 | 1,51 |mscp510.txt |   69 |
| 9 | 2500 | 3000 |   30 | 0.15231113 |1578627878401 |     265 |   269.0 | 1,51 |mscp510.txt |   71 |
| 9 | 2600 | 3000 |   30 | 0.14488061 |1578627878401 |     265 |   269.0 | 1,51 |mscp510.txt |   74 |
| 9 | 2700 | 3000 |   30 | 0.14488061 |1578627878401 |     265 |   269.0 | 1,51 |mscp510.txt |   78 |
| 9 | 2800 | 3000 |   30 | 0.14884189 |1578627878401 |     265 |   269.0 | 1,51 |mscp510.txt |   81 |
| 9 | 2900 | 3000 |   30 |  0.1469534 |1578627878401 |     265 |   269.0 | 1,51 |mscp510.txt |   84 |
| 9 | 3000 | 3000 |   30 |  0.1461169 |1578627878401 |     265 |   269.0 | 1,51 |mscp510.txt |   87 |
| 9 |  200 | 3000 |   30 |  0.1461169 |1578627878401 |     265 |   269.0 | 1,51 |mscp510.txt |   87 |
|10 |    1 | 3000 |   30 |       0.25 |1578627965199 |     265 |   337.0 |27,17 |mscp510.txt |0,043 |
|10 |  100 | 3000 |   30 | 0.11909833 |1578627965199 |     265 |   305.0 |15,09 |mscp510.txt |  2,9 |
|10 |  200 | 3000 |   30 | 0.12580113 |1578627965199 |     265 |   294.0 |10,94 |mscp510.txt |  5,7 |
|10 |  300 | 3000 |   30 |0.123795934 |1578627965199 |     265 |   291.0 | 9,81 |mscp510.txt |  8,6 |
|10 |  400 | 3000 |   30 | 0.11827957 |1578627965199 |     265 |   279.0 | 5,28 |mscp510.txt |   11 |
|10 |  500 | 3000 |   30 | 0.11552409 |1578627965199 |     265 |   279.0 | 5,28 |mscp510.txt |   14 |
|10 |  600 | 3000 |   30 | 0.11141397 |1578627965199 |     265 |   279.0 | 5,28 |mscp510.txt |   17 |
|10 |  700 | 3000 |   30 | 0.11936386 |1578627965199 |     265 |   277.0 | 4,53 |mscp510.txt |   20 |
|10 |  800 | 3000 |   30 | 0.12037037 |1578627965199 |     265 |   276.0 | 4,15 |mscp510.txt |   23 |
|10 |  900 | 3000 |   30 |  0.1180459 |1578627965199 |     265 |   273.0 | 3,02 |mscp510.txt |   26 |
|10 | 1000 | 3000 |   30 | 0.11463785 |1578627965199 |     265 |   273.0 | 3,02 |mscp510.txt |   29 |
|10 | 1100 | 3000 |   30 | 0.11037975 |1578627965199 |     265 |   273.0 | 3,02 |mscp510.txt |   32 |
|10 | 1200 | 3000 |   30 | 0.11114888 |1578627965199 |     265 |   273.0 | 3,02 |mscp510.txt |   35 |
|10 | 1300 | 3000 |   30 | 0.11241496 |1578627965199 |     265 |   273.0 | 3,02 |mscp510.txt |   38 |
|10 | 1400 | 3000 |   30 | 0.11238063 |1578627965199 |     265 |   273.0 | 3,02 |mscp510.txt |   41 |
|10 | 1500 | 3000 |   30 | 0.11695407 |1578627965199 |     265 |   273.0 | 3,02 |mscp510.txt |   43 |
|10 | 1600 | 3000 |   30 | 0.11599931 |1578627965199 |     265 |   273.0 | 3,02 |mscp510.txt |   46 |
|10 | 1700 | 3000 |   30 | 0.11519141 |1578627965199 |     265 |   271.0 | 2,26 |mscp510.txt |   49 |
|10 | 1800 | 3000 |   30 | 0.11305977 |1578627965199 |     265 |   271.0 | 2,26 |mscp510.txt |   52 |
|10 | 1900 | 3000 |   30 |0.108902484 |1578627965199 |     265 |   271.0 | 2,26 |mscp510.txt |   55 |
|10 | 2000 | 3000 |   30 | 0.11271922 |1578627965199 |     265 |   271.0 | 2,26 |mscp510.txt |   58 |
|10 | 2100 | 3000 |   30 | 0.11096167 |1578627965199 |     265 |   269.0 | 1,51 |mscp510.txt |   61 |
|10 | 2200 | 3000 |   30 | 0.11425682 |1578627965199 |     265 |   269.0 | 1,51 |mscp510.txt |   63 |
|10 | 2300 | 3000 |   30 | 0.11209089 |1578627965199 |     265 |   269.0 | 1,51 |mscp510.txt |   66 |
|10 | 2400 | 3000 |   30 | 0.11209089 |1578627965199 |     265 |   269.0 | 1,51 |mscp510.txt |   69 |
|10 | 2500 | 3000 |   30 | 0.12004157 |1578627965199 |     265 |   269.0 | 1,51 |mscp510.txt |   72 |
|10 | 2600 | 3000 |   30 | 0.11555094 |1578627965199 |     265 |   269.0 | 1,51 |mscp510.txt |   75 |
|10 | 2700 | 3000 |   30 | 0.11643599 |1578627965199 |     265 |   269.0 | 1,51 |mscp510.txt |   78 |
|10 | 2800 | 3000 |   30 | 0.11982044 |1578627965199 |     265 |   269.0 | 1,51 |mscp510.txt |   81 |
|10 | 2900 | 3000 |   30 |   0.117162 |1578627965199 |     265 |   269.0 | 1,51 |mscp510.txt |   84 |
|10 | 3000 | 3000 |   30 | 0.11610358 |1578627965199 |     265 |   269.0 | 1,51 |mscp510.txt |   87 |
|10 |  200 | 3000 |   30 | 0.11610358 |1578627965199 |     265 |   269.0 | 1,51 |mscp510.txt |   87 |
|11 |    1 | 3000 |   30 |       0.25 |1578628051779 |     265 |   373.0 |40,75 |mscp510.txt |0,042 |
|11 |  100 | 3000 |   30 |  0.1274003 |1578628051779 |     265 |   316.0 |19,25 |mscp510.txt |  2,9 |
|11 |  200 | 3000 |   30 | 0.13328241 |1578628051779 |     265 |   294.0 |10,94 |mscp510.txt |  5,7 |
|11 |  300 | 3000 |   30 | 0.14009939 |1578628051779 |     265 |   284.0 | 7,17 |mscp510.txt |  8,7 |
|11 |  400 | 3000 |   30 | 0.13010535 |1578628051779 |     265 |   275.0 | 3,77 |mscp510.txt |   12 |
|11 |  500 | 3000 |   30 | 0.14512962 |1578628051779 |     265 |   273.0 | 3,02 |mscp510.txt |   14 |
|11 |  600 | 3000 |   30 | 0.14487155 |1578628051779 |     265 |   273.0 | 3,02 |mscp510.txt |   17 |
|11 |  700 | 3000 |   30 | 0.14862458 |1578628051779 |     265 |   272.0 | 2,64 |mscp510.txt |   20 |
|11 |  800 | 3000 |   30 | 0.14887188 |1578628051779 |     265 |   272.0 | 2,64 |mscp510.txt |   23 |
|11 |  900 | 3000 |   30 | 0.16035816 |1578628051779 |     265 |   272.0 | 2,64 |mscp510.txt |   26 |
|11 | 1000 | 3000 |   30 | 0.16754256 |1578628051779 |     265 |   272.0 | 2,64 |mscp510.txt |   29 |
|11 | 1100 | 3000 |   30 | 0.16793731 |1578628051779 |     265 |   272.0 | 2,64 |mscp510.txt |   32 |
|11 | 1200 | 3000 |   30 | 0.16808692 |1578628051779 |     265 |   272.0 | 2,64 |mscp510.txt |   34 |
|11 | 1300 | 3000 |   30 | 0.16836183 |1578628051779 |     265 |   272.0 | 2,64 |mscp510.txt |   37 |
|11 | 1400 | 3000 |   30 |  0.1573322 |1578628051779 |     265 |   272.0 | 2,64 |mscp510.txt |   40 |
|11 | 1500 | 3000 |   30 | 0.16169943 |1578628051779 |     265 |   272.0 | 2,64 |mscp510.txt |   43 |
|11 | 1600 | 3000 |   30 | 0.16009232 |1578628051779 |     265 |   272.0 | 2,64 |mscp510.txt |   46 |
|11 | 1700 | 3000 |   30 | 0.15500629 |1578628051779 |     265 |   272.0 | 2,64 |mscp510.txt |   49 |
|11 | 1800 | 3000 |   30 | 0.16307563 |1578628051779 |     265 |   272.0 | 2,64 |mscp510.txt |   51 |
|11 | 1900 | 3000 |   30 | 0.16184238 |1578628051779 |     265 |   272.0 | 2,64 |mscp510.txt |   54 |
|11 | 2000 | 3000 |   30 | 0.16184238 |1578628051779 |     265 |   272.0 | 2,64 |mscp510.txt |   57 |
|11 | 2100 | 3000 |   30 | 0.16722831 |1578628051779 |     265 |   272.0 | 2,64 |mscp510.txt |   60 |
|11 | 2200 | 3000 |   30 | 0.16722831 |1578628051779 |     265 |   272.0 | 2,64 |mscp510.txt |   63 |
|11 | 2300 | 3000 |   30 | 0.16557412 |1578628051779 |     265 |   272.0 | 2,64 |mscp510.txt |   66 |
|11 | 2400 | 3000 |   30 | 0.15974107 |1578628051779 |     265 |   271.0 | 2,26 |mscp510.txt |   68 |
|11 | 2500 | 3000 |   30 |  0.1569888 |1578628051779 |     265 |   271.0 | 2,26 |mscp510.txt |   71 |
|11 | 2600 | 3000 |   30 | 0.16057469 |1578628051779 |     265 |   271.0 | 2,26 |mscp510.txt |   74 |
|11 | 2700 | 3000 |   30 | 0.16057469 |1578628051779 |     265 |   271.0 | 2,26 |mscp510.txt |   77 |
|11 | 2800 | 3000 |   30 | 0.16372426 |1578628051779 |     265 |   271.0 | 2,26 |mscp510.txt |   80 |
|11 | 2900 | 3000 |   30 |  0.1601695 |1578628051779 |     265 |   271.0 | 2,26 |mscp510.txt |   83 |
|11 | 3000 | 3000 |   30 | 0.16578446 |1578628051779 |     265 |   271.0 | 2,26 |mscp510.txt |   85 |
|11 |  200 | 3000 |   30 | 0.16578446 |1578628051779 |     265 |   271.0 | 2,26 |mscp510.txt |   85 |
|12 |    1 | 3000 |   30 |       0.25 |1578628137235 |     265 |   347.0 |30,94 |mscp510.txt |0,043 |
|12 |  100 | 3000 |   30 |  0.1178789 |1578628137235 |     265 |   303.0 |14,34 |mscp510.txt |  2,9 |
|12 |  200 | 3000 |   30 |  0.1211643 |1578628137235 |     265 |   289.0 | 9,06 |mscp510.txt |  5,8 |
|12 |  300 | 3000 |   30 | 0.13485864 |1578628137235 |     265 |   285.0 | 7,55 |mscp510.txt |  8,7 |
|12 |  400 | 3000 |   30 | 0.14221528 |1578628137235 |     265 |   285.0 | 7,55 |mscp510.txt |   11 |
|12 |  500 | 3000 |   30 | 0.15075277 |1578628137235 |     265 |   285.0 | 7,55 |mscp510.txt |   15 |
|12 |  600 | 3000 |   30 | 0.13318494 |1578628137235 |     265 |   278.0 | 4,91 |mscp510.txt |   18 |
|12 |  700 | 3000 |   30 | 0.13713318 |1578628137235 |     265 |   278.0 | 4,91 |mscp510.txt |   21 |
|12 |  800 | 3000 |   30 | 0.13878328 |1578628137235 |     265 |   278.0 | 4,91 |mscp510.txt |   24 |
|12 |  900 | 3000 |   30 | 0.14174868 |1578628137235 |     265 |   273.0 | 3,02 |mscp510.txt |   27 |
|12 | 1000 | 3000 |   30 | 0.13872832 |1578628137235 |     265 |   272.0 | 2,64 |mscp510.txt |   30 |
|12 | 1100 | 3000 |   30 | 0.13475046 |1578628137235 |     265 |   272.0 | 2,64 |mscp510.txt |   33 |
|12 | 1200 | 3000 |   30 | 0.13389893 |1578628137235 |     265 |   271.0 | 2,26 |mscp510.txt |   36 |
|12 | 1300 | 3000 |   30 | 0.13859111 |1578628137235 |     265 |   267.0 | 0,75 |mscp510.txt |   38 |
|12 | 1400 | 3000 |   30 | 0.14010307 |1578628137235 |     265 |   267.0 | 0,75 |mscp510.txt |   41 |
|12 | 1500 | 3000 |   30 | 0.13862899 |1578628137235 |     265 |   267.0 | 0,75 |mscp510.txt |   44 |
|12 | 1600 | 3000 |   30 | 0.13129999 |1578628137235 |     265 |   267.0 | 0,75 |mscp510.txt |   47 |
|12 | 1700 | 3000 |   30 | 0.13020258 |1578628137235 |     265 |   267.0 | 0,75 |mscp510.txt |   50 |
|12 | 1800 | 3000 |   30 | 0.13168648 |1578628137235 |     265 |   267.0 | 0,75 |mscp510.txt |   53 |
|12 | 1900 | 3000 |   30 | 0.13339518 |1578628137235 |     265 |   267.0 | 0,75 |mscp510.txt |   56 |
|12 | 2000 | 3000 |   30 | 0.13242346 |1578628137235 |     265 |   267.0 | 0,75 |mscp510.txt |   58 |
|12 | 2100 | 3000 |   30 |  0.1316956 |1578628137235 |     265 |   267.0 | 0,75 |mscp510.txt |   61 |
|12 | 2200 | 3000 |   30 |  0.1295848 |1578628137235 |     265 |   267.0 | 0,75 |mscp510.txt |   64 |
|12 |  200 | 3000 |   30 |  0.1295848 |1578628137235 |     265 |   265.0 | 0,00 |mscp510.txt |   64 |
|13 |    1 | 3000 |   30 |       0.25 |1578628201555 |     265 |   335.0 |26,42 |mscp510.txt |0,038 |
|13 |  100 | 3000 |   30 |  0.1359708 |1578628201555 |     265 |   292.0 |10,19 |mscp510.txt |  2,8 |
|13 |  200 | 3000 |   30 | 0.13570213 |1578628201555 |     265 |   284.0 | 7,17 |mscp510.txt |  5,6 |
|13 |  300 | 3000 |   30 | 0.12275341 |1578628201555 |     265 |   284.0 | 7,17 |mscp510.txt |  8,5 |
|13 |  400 | 3000 |   30 | 0.13584691 |1578628201555 |     265 |   284.0 | 7,17 |mscp510.txt |   11 |
|13 |  500 | 3000 |   30 | 0.12585348 |1578628201555 |     265 |   273.0 | 3,02 |mscp510.txt |   14 |
|13 |  600 | 3000 |   30 | 0.12245646 |1578628201555 |     265 |   271.0 | 2,26 |mscp510.txt |   17 |
|13 |  700 | 3000 |   30 | 0.12247865 |1578628201555 |     265 |   271.0 | 2,26 |mscp510.txt |   20 |
|13 |  800 | 3000 |   30 | 0.13079862 |1578628201555 |     265 |   271.0 | 2,26 |mscp510.txt |   23 |
|13 |  900 | 3000 |   30 | 0.12759374 |1578628201555 |     265 |   271.0 | 2,26 |mscp510.txt |   26 |
|13 | 1000 | 3000 |   30 |0.121924944 |1578628201555 |     265 |   271.0 | 2,26 |mscp510.txt |   29 |
|13 | 1100 | 3000 |   30 |0.120947175 |1578628201555 |     265 |   271.0 | 2,26 |mscp510.txt |   31 |
|13 | 1200 | 3000 |   30 |0.124683775 |1578628201555 |     265 |   271.0 | 2,26 |mscp510.txt |   34 |
|13 | 1300 | 3000 |   30 |0.119635195 |1578628201555 |     265 |   271.0 | 2,26 |mscp510.txt |   37 |
|13 | 1400 | 3000 |   30 |0.121049814 |1578628201555 |     265 |   271.0 | 2,26 |mscp510.txt |   40 |
|13 | 1500 | 3000 |   30 | 0.12192052 |1578628201555 |     265 |   267.0 | 0,75 |mscp510.txt |   43 |
|13 | 1600 | 3000 |   30 | 0.11652731 |1578628201555 |     265 |   267.0 | 0,75 |mscp510.txt |   46 |
|13 | 1700 | 3000 |   30 | 0.11744847 |1578628201555 |     265 |   267.0 | 0,75 |mscp510.txt |   49 |
|13 | 1800 | 3000 |   30 | 0.11413138 |1578628201555 |     265 |   267.0 | 0,75 |mscp510.txt |   51 |
|13 | 1900 | 3000 |   30 | 0.10922918 |1578628201555 |     265 |   267.0 | 0,75 |mscp510.txt |   54 |
|13 |  200 | 3000 |   30 | 0.10922918 |1578628201555 |     265 |   265.0 | 0,00 |mscp510.txt |   55 |
|14 |    1 | 3000 |   30 |       0.25 |1578628256451 |     265 |   371.0 |40,00 |mscp510.txt |0,041 |
|14 |  100 | 3000 |   30 | 0.11848173 |1578628256451 |     265 |   300.0 |13,21 |mscp510.txt |  2,9 |
|14 |  200 | 3000 |   30 |  0.1316948 |1578628256451 |     265 |   288.0 | 8,68 |mscp510.txt |  5,7 |
|14 |  300 | 3000 |   30 |  0.1261468 |1578628256451 |     265 |   287.0 | 8,30 |mscp510.txt |  8,6 |
|14 |  400 | 3000 |   30 | 0.12468739 |1578628256451 |     265 |   281.0 | 6,04 |mscp510.txt |   12 |
|14 |  500 | 3000 |   30 | 0.12656003 |1578628256451 |     265 |   280.0 | 5,66 |mscp510.txt |   14 |
|14 |  600 | 3000 |   30 | 0.11845584 |1578628256451 |     265 |   275.0 | 3,77 |mscp510.txt |   17 |
|14 |  700 | 3000 |   30 | 0.12591535 |1578628256451 |     265 |   275.0 | 3,77 |mscp510.txt |   20 |
|14 |  800 | 3000 |   30 | 0.12619469 |1578628256451 |     265 |   275.0 | 3,77 |mscp510.txt |   23 |
|14 |  900 | 3000 |   30 | 0.12648572 |1578628256451 |     265 |   275.0 | 3,77 |mscp510.txt |   26 |
|14 | 1000 | 3000 |   30 | 0.12793177 |1578628256451 |     265 |   275.0 | 3,77 |mscp510.txt |   29 |
|14 | 1100 | 3000 |   30 |  0.1267481 |1578628256451 |     265 |   273.0 | 3,02 |mscp510.txt |   32 |
|14 | 1200 | 3000 |   30 | 0.12245608 |1578628256451 |     265 |   273.0 | 3,02 |mscp510.txt |   35 |
|14 | 1300 | 3000 |   30 | 0.12213877 |1578628256451 |     265 |   273.0 | 3,02 |mscp510.txt |   38 |
|14 | 1400 | 3000 |   30 | 0.12632145 |1578628256451 |     265 |   273.0 | 3,02 |mscp510.txt |   41 |
|14 | 1500 | 3000 |   30 | 0.12778577 |1578628256451 |     265 |   273.0 | 3,02 |mscp510.txt |   43 |
|14 | 1600 | 3000 |   30 | 0.12662104 |1578628256451 |     265 |   273.0 | 3,02 |mscp510.txt |   46 |
|14 | 1700 | 3000 |   30 |  0.1275794 |1578628256451 |     265 |   272.0 | 2,64 |mscp510.txt |   49 |
|14 | 1800 | 3000 |   30 |0.124328196 |1578628256451 |     265 |   272.0 | 2,64 |mscp510.txt |   52 |
|14 | 1900 | 3000 |   30 | 0.12529252 |1578628256451 |     265 |   270.0 | 1,89 |mscp510.txt |   55 |
|14 | 2000 | 3000 |   30 | 0.12216312 |1578628256451 |     265 |   270.0 | 1,89 |mscp510.txt |   58 |
|14 | 2100 | 3000 |   30 | 0.12179712 |1578628256451 |     265 |   270.0 | 1,89 |mscp510.txt |   61 |
|14 | 2200 | 3000 |   30 |  0.1163875 |1578628256451 |     265 |   270.0 | 1,89 |mscp510.txt |   64 |
|14 | 2300 | 3000 |   30 | 0.11862045 |1578628256451 |     265 |   270.0 | 1,89 |mscp510.txt |   67 |
|14 | 2400 | 3000 |   30 | 0.11540452 |1578628256451 |     265 |   270.0 | 1,89 |mscp510.txt |   70 |
|14 | 2500 | 3000 |   30 | 0.11806767 |1578628256451 |     265 |   270.0 | 1,89 |mscp510.txt |   73 |
|14 | 2600 | 3000 |   30 | 0.12168758 |1578628256451 |     265 |   270.0 | 1,89 |mscp510.txt |   76 |
|14 | 2700 | 3000 |   30 | 0.11849913 |1578628256451 |     265 |   270.0 | 1,89 |mscp510.txt |   78 |
|14 | 2800 | 3000 |   30 |0.115868576 |1578628256451 |     265 |   270.0 | 1,89 |mscp510.txt |   81 |
|14 | 2900 | 3000 |   30 |0.120973386 |1578628256451 |     265 |   270.0 | 1,89 |mscp510.txt |   84 |
|14 | 3000 | 3000 |   30 | 0.12449659 |1578628256451 |     265 |   269.0 | 1,51 |mscp510.txt |   87 |
|14 |  200 | 3000 |   30 | 0.12449659 |1578628256451 |     265 |   269.0 | 1,51 |mscp510.txt |   87 |
|15 |    1 | 3000 |   30 |       0.25 |1578628343503 |     265 |   362.0 |36,60 |mscp510.txt |0,042 |
|15 |  100 | 3000 |   30 | 0.13033219 |1578628343503 |     265 |   291.0 | 9,81 |mscp510.txt |  3,1 |
|15 |  200 | 3000 |   30 |  0.1261572 |1578628343503 |     265 |   280.0 | 5,66 |mscp510.txt |  6,0 |
|15 |  300 | 3000 |   30 | 0.12220067 |1578628343503 |     265 |   279.0 | 5,28 |mscp510.txt |  8,8 |
|15 |  400 | 3000 |   30 | 0.12588428 |1578628343503 |     265 |   276.0 | 4,15 |mscp510.txt |   12 |
|15 |  500 | 3000 |   30 |  0.1267117 |1578628343503 |     265 |   272.0 | 2,64 |mscp510.txt |   15 |
|15 |  600 | 3000 |   30 | 0.12653585 |1578628343503 |     265 |   272.0 | 2,64 |mscp510.txt |   18 |
|15 |  700 | 3000 |   30 |  0.1321644 |1578628343503 |     265 |   272.0 | 2,64 |mscp510.txt |   20 |
|15 |  800 | 3000 |   30 | 0.13424452 |1578628343503 |     265 |   272.0 | 2,64 |mscp510.txt |   23 |
|15 |  900 | 3000 |   30 | 0.13658446 |1578628343503 |     265 |   272.0 | 2,64 |mscp510.txt |   26 |
|15 | 1000 | 3000 |   30 | 0.13219342 |1578628343503 |     265 |   271.0 | 2,26 |mscp510.txt |   29 |
|15 | 1100 | 3000 |   30 | 0.13983051 |1578628343503 |     265 |   271.0 | 2,26 |mscp510.txt |   32 |
|15 | 1200 | 3000 |   30 | 0.12525141 |1578628343503 |     265 |   271.0 | 2,26 |mscp510.txt |   35 |
|15 | 1300 | 3000 |   30 | 0.12891921 |1578628343503 |     265 |   270.0 | 1,89 |mscp510.txt |   38 |
|15 | 1400 | 3000 |   30 | 0.12630422 |1578628343503 |     265 |   269.0 | 1,51 |mscp510.txt |   41 |
|15 | 1500 | 3000 |   30 | 0.12279104 |1578628343503 |     265 |   269.0 | 1,51 |mscp510.txt |   44 |
|15 | 1600 | 3000 |   30 | 0.12255708 |1578628343503 |     265 |   268.0 | 1,13 |mscp510.txt |   46 |
|15 | 1700 | 3000 |   30 | 0.12070835 |1578628343503 |     265 |   268.0 | 1,13 |mscp510.txt |   49 |
|15 | 1800 | 3000 |   30 | 0.12781677 |1578628343503 |     265 |   268.0 | 1,13 |mscp510.txt |   52 |
|15 | 1900 | 3000 |   30 | 0.12648077 |1578628343503 |     265 |   268.0 | 1,13 |mscp510.txt |   55 |
|15 | 2000 | 3000 |   30 | 0.12062116 |1578628343503 |     265 |   268.0 | 1,13 |mscp510.txt |   58 |
|15 | 2100 | 3000 |   30 | 0.12758043 |1578628343503 |     265 |   268.0 | 1,13 |mscp510.txt |   61 |
|15 | 2200 | 3000 |   30 | 0.12527554 |1578628343503 |     265 |   268.0 | 1,13 |mscp510.txt |   64 |
|15 | 2300 | 3000 |   30 | 0.12021858 |1578628343503 |     265 |   268.0 | 1,13 |mscp510.txt |   68 |
|15 | 2400 | 3000 |   30 |0.118862115 |1578628343503 |     265 |   268.0 | 1,13 |mscp510.txt |   72 |
|15 | 2500 | 3000 |   30 | 0.12058664 |1578628343503 |     265 |   268.0 | 1,13 |mscp510.txt |   75 |
|15 | 2600 | 3000 |   30 | 0.11970803 |1578628343503 |     265 |   268.0 | 1,13 |mscp510.txt |   78 |
|15 | 2700 | 3000 |   30 | 0.11970803 |1578628343503 |     265 |   268.0 | 1,13 |mscp510.txt |   81 |
|15 | 2800 | 3000 |   30 | 0.12190684 |1578628343503 |     265 |   268.0 | 1,13 |mscp510.txt |   83 |
|15 | 2900 | 3000 |   30 | 0.12755564 |1578628343503 |     265 |   268.0 | 1,13 |mscp510.txt |   86 |
|15 | 3000 | 3000 |   30 | 0.11872639 |1578628343503 |     265 |   268.0 | 1,13 |mscp510.txt |   89 |
|15 |  200 | 3000 |   30 | 0.11872639 |1578628343503 |     265 |   268.0 | 1,13 |mscp510.txt |   89 |
|16 |    1 | 3000 |   30 |       0.25 |1578628432634 |     265 |   351.0 |32,45 |mscp510.txt |0,040 |
|16 |  100 | 3000 |   30 | 0.13631068 |1578628432634 |     265 |   299.0 |12,83 |mscp510.txt |  2,8 |
|16 |  200 | 3000 |   30 | 0.13748617 |1578628432634 |     265 |   296.0 |11,70 |mscp510.txt |  5,6 |
|16 |  300 | 3000 |   30 | 0.13620004 |1578628432634 |     265 |   288.0 | 8,68 |mscp510.txt |  8,4 |
|16 |  400 | 3000 |   30 | 0.14351596 |1578628432634 |     265 |   281.0 | 6,04 |mscp510.txt |   11 |
|16 |  500 | 3000 |   30 | 0.13583979 |1578628432634 |     265 |   278.0 | 4,91 |mscp510.txt |   14 |
|16 |  600 | 3000 |   30 | 0.15126213 |1578628432634 |     265 |   275.0 | 3,77 |mscp510.txt |   17 |
|16 |  700 | 3000 |   30 |  0.1431041 |1578628432634 |     265 |   275.0 | 3,77 |mscp510.txt |   20 |
|16 |  800 | 3000 |   30 | 0.14340861 |1578628432634 |     265 |   275.0 | 3,77 |mscp510.txt |   23 |
|16 |  900 | 3000 |   30 |  0.1479068 |1578628432634 |     265 |   275.0 | 3,77 |mscp510.txt |   26 |
|16 | 1000 | 3000 |   30 | 0.14467005 |1578628432634 |     265 |   273.0 | 3,02 |mscp510.txt |   29 |
|16 | 1100 | 3000 |   30 | 0.14353126 |1578628432634 |     265 |   269.0 | 1,51 |mscp510.txt |   31 |
|16 | 1200 | 3000 |   30 | 0.14443369 |1578628432634 |     265 |   269.0 | 1,51 |mscp510.txt |   34 |
|16 | 1300 | 3000 |   30 | 0.12929562 |1578628432634 |     265 |   269.0 | 1,51 |mscp510.txt |   37 |
|16 | 1400 | 3000 |   30 |  0.1375991 |1578628432634 |     265 |   269.0 | 1,51 |mscp510.txt |   40 |
|16 | 1500 | 3000 |   30 | 0.13787879 |1578628432634 |     265 |   269.0 | 1,51 |mscp510.txt |   43 |
|16 | 1600 | 3000 |   30 | 0.13424967 |1578628432634 |     265 |   269.0 | 1,51 |mscp510.txt |   46 |
|16 | 1700 | 3000 |   30 |  0.1365936 |1578628432634 |     265 |   269.0 | 1,51 |mscp510.txt |   49 |
|16 | 1800 | 3000 |   30 | 0.13913691 |1578628432634 |     265 |   269.0 | 1,51 |mscp510.txt |   52 |
|16 | 1900 | 3000 |   30 |  0.1375876 |1578628432634 |     265 |   269.0 | 1,51 |mscp510.txt |   54 |
|16 | 2000 | 3000 |   30 |  0.1318641 |1578628432634 |     265 |   269.0 | 1,51 |mscp510.txt |   57 |
|16 | 2100 | 3000 |   30 | 0.13207197 |1578628432634 |     265 |   269.0 | 1,51 |mscp510.txt |   60 |
|16 | 2200 | 3000 |   30 | 0.12790908 |1578628432634 |     265 |   269.0 | 1,51 |mscp510.txt |   63 |
|16 | 2300 | 3000 |   30 | 0.11910583 |1578628432634 |     265 |   269.0 | 1,51 |mscp510.txt |   66 |
|16 | 2400 | 3000 |   30 |  0.1183844 |1578628432634 |     265 |   269.0 | 1,51 |mscp510.txt |   69 |
|16 | 2500 | 3000 |   30 |0.113959126 |1578628432634 |     265 |   269.0 | 1,51 |mscp510.txt |   72 |
|16 | 2600 | 3000 |   30 | 0.11379727 |1578628432634 |     265 |   269.0 | 1,51 |mscp510.txt |   75 |
|16 | 2700 | 3000 |   30 |0.115085535 |1578628432634 |     265 |   269.0 | 1,51 |mscp510.txt |   77 |
|16 | 2800 | 3000 |   30 | 0.11574468 |1578628432634 |     265 |   269.0 | 1,51 |mscp510.txt |   80 |
|16 | 2900 | 3000 |   30 | 0.11342316 |1578628432634 |     265 |   269.0 | 1,51 |mscp510.txt |   83 |
|16 | 3000 | 3000 |   30 | 0.11834114 |1578628432634 |     265 |   269.0 | 1,51 |mscp510.txt |   86 |
|16 |  200 | 3000 |   30 | 0.11834114 |1578628432634 |     265 |   269.0 | 1,51 |mscp510.txt |   86 |
|17 |    1 | 3000 |   30 |       0.25 |1578628518658 |     265 |   370.0 |39,62 |mscp510.txt |0,041 |
|17 |  100 | 3000 |   30 |  0.1364479 |1578628518658 |     265 |   297.0 |12,08 |mscp510.txt |  2,9 |
|17 |  200 | 3000 |   30 | 0.14980769 |1578628518658 |     265 |   292.0 |10,19 |mscp510.txt |  5,7 |
|17 |  300 | 3000 |   30 | 0.14889851 |1578628518658 |     265 |   285.0 | 7,55 |mscp510.txt |  8,6 |
|17 |  400 | 3000 |   30 | 0.13614294 |1578628518658 |     265 |   282.0 | 6,42 |mscp510.txt |   11 |
|17 |  500 | 3000 |   30 |  0.1504864 |1578628518658 |     265 |   282.0 | 6,42 |mscp510.txt |   14 |
|17 |  600 | 3000 |   30 | 0.14602624 |1578628518658 |     265 |   282.0 | 6,42 |mscp510.txt |   17 |
|17 |  700 | 3000 |   30 | 0.13461185 |1578628518658 |     265 |   280.0 | 5,66 |mscp510.txt |   20 |
|17 |  800 | 3000 |   30 | 0.12336616 |1578628518658 |     265 |   280.0 | 5,66 |mscp510.txt |   23 |
|17 |  900 | 3000 |   30 | 0.11918656 |1578628518658 |     265 |   275.0 | 3,77 |mscp510.txt |   26 |
|17 | 1000 | 3000 |   30 | 0.11573111 |1578628518658 |     265 |   275.0 | 3,77 |mscp510.txt |   29 |
|17 | 1100 | 3000 |   30 | 0.12009077 |1578628518658 |     265 |   275.0 | 3,77 |mscp510.txt |   32 |
|17 | 1200 | 3000 |   30 | 0.11761658 |1578628518658 |     265 |   275.0 | 3,77 |mscp510.txt |   35 |
|17 | 1300 | 3000 |   30 |  0.1230339 |1578628518658 |     265 |   275.0 | 3,77 |mscp510.txt |   38 |
|17 | 1400 | 3000 |   30 |0.120734006 |1578628518658 |     265 |   275.0 | 3,77 |mscp510.txt |   40 |
|17 | 1500 | 3000 |   30 | 0.12682165 |1578628518658 |     265 |   275.0 | 3,77 |mscp510.txt |   43 |
|17 | 1600 | 3000 |   30 | 0.12339688 |1578628518658 |     265 |   275.0 | 3,77 |mscp510.txt |   46 |
|17 | 1700 | 3000 |   30 |0.121540315 |1578628518658 |     265 |   275.0 | 3,77 |mscp510.txt |   50 |
|17 | 1800 | 3000 |   30 | 0.11415289 |1578628518658 |     265 |   275.0 | 3,77 |mscp510.txt |   53 |
|17 | 1900 | 3000 |   30 | 0.11984044 |1578628518658 |     265 |   268.0 | 1,13 |mscp510.txt |   56 |
|17 | 2000 | 3000 |   30 |0.117401876 |1578628518658 |     265 |   268.0 | 1,13 |mscp510.txt |   59 |
|17 | 2100 | 3000 |   30 |0.120782144 |1578628518658 |     265 |   268.0 | 1,13 |mscp510.txt |   62 |
|17 | 2200 | 3000 |   30 | 0.11995863 |1578628518658 |     265 |   268.0 | 1,13 |mscp510.txt |   65 |
|17 | 2300 | 3000 |   30 | 0.12297791 |1578628518658 |     265 |   268.0 | 1,13 |mscp510.txt |   68 |
|17 | 2400 | 3000 |   30 | 0.11957086 |1578628518658 |     265 |   268.0 | 1,13 |mscp510.txt |   71 |
|17 | 2500 | 3000 |   30 | 0.11573361 |1578628518658 |     265 |   268.0 | 1,13 |mscp510.txt |   74 |
|17 | 2600 | 3000 |   30 | 0.11352368 |1578628518658 |     265 |   268.0 | 1,13 |mscp510.txt |   77 |
|17 | 2700 | 3000 |   30 | 0.12008353 |1578628518658 |     265 |   268.0 | 1,13 |mscp510.txt |   80 |
|17 | 2800 | 3000 |   30 | 0.12244898 |1578628518658 |     265 |   268.0 | 1,13 |mscp510.txt |   83 |
|17 | 2900 | 3000 |   30 | 0.11964002 |1578628518658 |     265 |   268.0 | 1,13 |mscp510.txt |   85 |
|17 | 3000 | 3000 |   30 |0.116951846 |1578628518658 |     265 |   268.0 | 1,13 |mscp510.txt |   88 |
|17 |  200 | 3000 |   30 |0.116951846 |1578628518658 |     265 |   268.0 | 1,13 |mscp510.txt |   88 |
|18 |    1 | 3000 |   30 |       0.25 |1578628607029 |     265 |   337.0 |27,17 |mscp510.txt |0,043 |
|18 |  100 | 3000 |   30 |  0.1306004 |1578628607029 |     265 |   304.0 |14,72 |mscp510.txt |  2,9 |
|18 |  200 | 3000 |   30 | 0.12690079 |1578628607029 |     265 |   296.0 |11,70 |mscp510.txt |  5,8 |
|18 |  300 | 3000 |   30 | 0.11860795 |1578628607029 |     265 |   291.0 | 9,81 |mscp510.txt |  8,6 |
|18 |  400 | 3000 |   30 | 0.12053649 |1578628607029 |     265 |   286.0 | 7,92 |mscp510.txt |   12 |
|18 |  500 | 3000 |   30 | 0.12429577 |1578628607029 |     265 |   286.0 | 7,92 |mscp510.txt |   15 |
|18 |  600 | 3000 |   30 | 0.12555183 |1578628607029 |     265 |   281.0 | 6,04 |mscp510.txt |   17 |
|18 |  700 | 3000 |   30 | 0.12555893 |1578628607029 |     265 |   278.0 | 4,91 |mscp510.txt |   20 |
|18 |  800 | 3000 |   30 | 0.13013825 |1578628607029 |     265 |   276.0 | 4,15 |mscp510.txt |   23 |
|18 |  900 | 3000 |   30 | 0.13118994 |1578628607029 |     265 |   276.0 | 4,15 |mscp510.txt |   26 |
|18 | 1000 | 3000 |   30 | 0.12933111 |1578628607029 |     265 |   276.0 | 4,15 |mscp510.txt |   29 |
|18 | 1100 | 3000 |   30 | 0.13019185 |1578628607029 |     265 |   276.0 | 4,15 |mscp510.txt |   32 |
|18 | 1200 | 3000 |   30 | 0.12872754 |1578628607029 |     265 |   276.0 | 4,15 |mscp510.txt |   35 |
|18 | 1300 | 3000 |   30 | 0.12876315 |1578628607029 |     265 |   271.0 | 2,26 |mscp510.txt |   38 |
|18 | 1400 | 3000 |   30 |  0.1277485 |1578628607029 |     265 |   271.0 | 2,26 |mscp510.txt |   41 |
|18 | 1500 | 3000 |   30 | 0.12659824 |1578628607029 |     265 |   271.0 | 2,26 |mscp510.txt |   43 |
|18 | 1600 | 3000 |   30 | 0.12641993 |1578628607029 |     265 |   271.0 | 2,26 |mscp510.txt |   46 |
|18 | 1700 | 3000 |   30 | 0.13031624 |1578628607029 |     265 |   270.0 | 1,89 |mscp510.txt |   49 |
|18 | 1800 | 3000 |   30 | 0.12224232 |1578628607029 |     265 |   270.0 | 1,89 |mscp510.txt |   52 |
|18 | 1900 | 3000 |   30 | 0.12326079 |1578628607029 |     265 |   270.0 | 1,89 |mscp510.txt |   55 |
|18 | 2000 | 3000 |   30 | 0.12095187 |1578628607029 |     265 |   267.0 | 0,75 |mscp510.txt |   58 |
|18 | 2100 | 3000 |   30 | 0.12330256 |1578628607029 |     265 |   267.0 | 0,75 |mscp510.txt |   61 |
|18 | 2200 | 3000 |   30 | 0.12285766 |1578628607029 |     265 |   267.0 | 0,75 |mscp510.txt |   64 |
|18 | 2300 | 3000 |   30 |0.109003104 |1578628607029 |     265 |   267.0 | 0,75 |mscp510.txt |   67 |
|18 | 2400 | 3000 |   30 | 0.10685971 |1578628607029 |     265 |   267.0 | 0,75 |mscp510.txt |   70 |
|18 | 2500 | 3000 |   30 |0.111263976 |1578628607029 |     265 |   267.0 | 0,75 |mscp510.txt |   73 |
|18 | 2600 | 3000 |   30 | 0.10341279 |1578628607029 |     265 |   267.0 | 0,75 |mscp510.txt |   75 |
|18 | 2700 | 3000 |   30 |0.108577445 |1578628607029 |     265 |   267.0 | 0,75 |mscp510.txt |   78 |
|18 | 2800 | 3000 |   30 |0.112866424 |1578628607029 |     265 |   267.0 | 0,75 |mscp510.txt |   81 |
|18 | 2900 | 3000 |   30 | 0.10938319 |1578628607029 |     265 |   267.0 | 0,75 |mscp510.txt |   84 |
|18 | 3000 | 3000 |   30 |0.111560084 |1578628607029 |     265 |   267.0 | 0,75 |mscp510.txt |   87 |
|18 |  200 | 3000 |   30 |0.111560084 |1578628607029 |     265 |   267.0 | 0,75 |mscp510.txt |   87 |
|19 |    1 | 3000 |   30 |       0.25 |1578628694173 |     265 |   345.0 |30,19 |mscp510.txt |0,043 |
|19 |  100 | 3000 |   30 | 0.14917453 |1578628694173 |     265 |   299.0 |12,83 |mscp510.txt |  2,9 |
|19 |  200 | 3000 |   30 | 0.14415842 |1578628694173 |     265 |   284.0 | 7,17 |mscp510.txt |  5,7 |
|19 |  300 | 3000 |   30 | 0.14271337 |1578628694173 |     265 |   283.0 | 6,79 |mscp510.txt |  8,5 |
|19 |  400 | 3000 |   30 | 0.14304915 |1578628694173 |     265 |   276.0 | 4,15 |mscp510.txt |   11 |
|19 |  500 | 3000 |   30 | 0.15321614 |1578628694173 |     265 |   274.0 | 3,40 |mscp510.txt |   14 |
|19 |  600 | 3000 |   30 | 0.13974912 |1578628694173 |     265 |   274.0 | 3,40 |mscp510.txt |   17 |
|19 |  700 | 3000 |   30 |  0.1355375 |1578628694173 |     265 |   271.0 | 2,26 |mscp510.txt |   20 |
|19 |  800 | 3000 |   30 |  0.1416309 |1578628694173 |     265 |   269.0 | 1,51 |mscp510.txt |   23 |
|19 |  900 | 3000 |   30 | 0.14172925 |1578628694173 |     265 |   268.0 | 1,13 |mscp510.txt |   26 |
|19 | 1000 | 3000 |   30 |0.122452594 |1578628694173 |     265 |   268.0 | 1,13 |mscp510.txt |   28 |
|19 | 1100 | 3000 |   30 | 0.12460121 |1578628694173 |     265 |   268.0 | 1,13 |mscp510.txt |   31 |
|19 | 1200 | 3000 |   30 | 0.12246377 |1578628694173 |     265 |   268.0 | 1,13 |mscp510.txt |   34 |
|19 | 1300 | 3000 |   30 |0.121190265 |1578628694173 |     265 |   268.0 | 1,13 |mscp510.txt |   37 |
|19 | 1400 | 3000 |   30 | 0.12556541 |1578628694173 |     265 |   268.0 | 1,13 |mscp510.txt |   40 |
|19 | 1500 | 3000 |   30 | 0.12808059 |1578628694173 |     265 |   268.0 | 1,13 |mscp510.txt |   43 |
|19 | 1600 | 3000 |   30 |0.119316176 |1578628694173 |     265 |   268.0 | 1,13 |mscp510.txt |   46 |
|19 | 1700 | 3000 |   30 | 0.11887494 |1578628694173 |     265 |   268.0 | 1,13 |mscp510.txt |   49 |
|19 | 1800 | 3000 |   30 | 0.11874232 |1578628694173 |     265 |   268.0 | 1,13 |mscp510.txt |   51 |
|19 | 1900 | 3000 |   30 |0.124566846 |1578628694173 |     265 |   268.0 | 1,13 |mscp510.txt |   54 |
|19 | 2000 | 3000 |   30 | 0.12167027 |1578628694173 |     265 |   268.0 | 1,13 |mscp510.txt |   57 |
|19 | 2100 | 3000 |   30 |0.120757416 |1578628694173 |     265 |   268.0 | 1,13 |mscp510.txt |   60 |
|19 | 2200 | 3000 |   30 | 0.12129332 |1578628694173 |     265 |   268.0 | 1,13 |mscp510.txt |   63 |
|19 | 2300 | 3000 |   30 | 0.11777226 |1578628694173 |     265 |   268.0 | 1,13 |mscp510.txt |   67 |
|19 | 2400 | 3000 |   30 | 0.11976987 |1578628694173 |     265 |   268.0 | 1,13 |mscp510.txt |   70 |
|19 | 2500 | 3000 |   30 | 0.11248476 |1578628694173 |     265 |   268.0 | 1,13 |mscp510.txt |   72 |
|19 | 2600 | 3000 |   30 | 0.11051539 |1578628694173 |     265 |   268.0 | 1,13 |mscp510.txt |   75 |
|19 | 2700 | 3000 |   30 | 0.11322057 |1578628694173 |     265 |   268.0 | 1,13 |mscp510.txt |   78 |
|19 | 2800 | 3000 |   30 | 0.11212854 |1578628694173 |     265 |   268.0 | 1,13 |mscp510.txt |   81 |
|19 | 2900 | 3000 |   30 | 0.10930551 |1578628694173 |     265 |   268.0 | 1,13 |mscp510.txt |   84 |
|19 | 3000 | 3000 |   30 | 0.10720918 |1578628694173 |     265 |   268.0 | 1,13 |mscp510.txt |   87 |
|19 |  200 | 3000 |   30 | 0.10720918 |1578628694173 |     265 |   268.0 | 1,13 |mscp510.txt |   87 |
|20 |    1 | 3000 |   30 |       0.25 |1578628781028 |     265 |   336.0 |26,79 |mscp510.txt |0,043 |
|20 |  100 | 3000 |   30 | 0.12778084 |1578628781028 |     265 |   283.0 | 6,79 |mscp510.txt |  2,8 |
|20 |  200 | 3000 |   30 | 0.13013698 |1578628781028 |     265 |   283.0 | 6,79 |mscp510.txt |  5,7 |
|20 |  300 | 3000 |   30 | 0.12568499 |1578628781028 |     265 |   281.0 | 6,04 |mscp510.txt |  8,7 |
|20 |  400 | 3000 |   30 |0.123112045 |1578628781028 |     265 |   281.0 | 6,04 |mscp510.txt |   12 |
|20 |  500 | 3000 |   30 | 0.12737471 |1578628781028 |     265 |   278.0 | 4,91 |mscp510.txt |   15 |
|20 |  600 | 3000 |   30 | 0.12899709 |1578628781028 |     265 |   278.0 | 4,91 |mscp510.txt |   17 |
|20 |  700 | 3000 |   30 | 0.13227122 |1578628781028 |     265 |   277.0 | 4,53 |mscp510.txt |   20 |
|20 |  800 | 3000 |   30 |0.121585906 |1578628781028 |     265 |   274.0 | 3,40 |mscp510.txt |   23 |
|20 |  900 | 3000 |   30 |  0.1224598 |1578628781028 |     265 |   274.0 | 3,40 |mscp510.txt |   26 |
|20 | 1000 | 3000 |   30 | 0.12351164 |1578628781028 |     265 |   274.0 | 3,40 |mscp510.txt |   29 |
|20 | 1100 | 3000 |   30 |0.118160754 |1578628781028 |     265 |   274.0 | 3,40 |mscp510.txt |   32 |
|20 | 1200 | 3000 |   30 |   0.128945 |1578628781028 |     265 |   274.0 | 3,40 |mscp510.txt |   35 |
|20 | 1300 | 3000 |   30 | 0.12951206 |1578628781028 |     265 |   272.0 | 2,64 |mscp510.txt |   38 |
|20 | 1400 | 3000 |   30 | 0.13104089 |1578628781028 |     265 |   272.0 | 2,64 |mscp510.txt |   40 |
|20 | 1500 | 3000 |   30 | 0.13304397 |1578628781028 |     265 |   272.0 | 2,64 |mscp510.txt |   43 |
|20 | 1600 | 3000 |   30 | 0.13464391 |1578628781028 |     265 |   272.0 | 2,64 |mscp510.txt |   46 |
|20 | 1700 | 3000 |   30 | 0.12934683 |1578628781028 |     265 |   272.0 | 2,64 |mscp510.txt |   49 |
|20 | 1800 | 3000 |   30 | 0.13217004 |1578628781028 |     265 |   272.0 | 2,64 |mscp510.txt |   52 |
|20 | 1900 | 3000 |   30 | 0.13786626 |1578628781028 |     265 |   272.0 | 2,64 |mscp510.txt |   55 |
|20 | 2000 | 3000 |   30 | 0.13603148 |1578628781028 |     265 |   272.0 | 2,64 |mscp510.txt |   58 |
|20 | 2100 | 3000 |   30 | 0.12516177 |1578628781028 |     265 |   272.0 | 2,64 |mscp510.txt |   61 |
|20 | 2200 | 3000 |   30 | 0.13081342 |1578628781028 |     265 |   271.0 | 2,26 |mscp510.txt |   63 |
|20 | 2300 | 3000 |   30 | 0.12709522 |1578628781028 |     265 |   271.0 | 2,26 |mscp510.txt |   66 |
|20 | 2400 | 3000 |   30 | 0.12839824 |1578628781028 |     265 |   271.0 | 2,26 |mscp510.txt |   69 |
|20 | 2500 | 3000 |   30 | 0.12759753 |1578628781028 |     265 |   271.0 | 2,26 |mscp510.txt |   72 |
|20 | 2600 | 3000 |   30 | 0.12387792 |1578628781028 |     265 |   271.0 | 2,26 |mscp510.txt |   75 |
|20 | 2700 | 3000 |   30 | 0.11975942 |1578628781028 |     265 |   271.0 | 2,26 |mscp510.txt |   78 |
|20 | 2800 | 3000 |   30 | 0.11642631 |1578628781028 |     265 |   271.0 | 2,26 |mscp510.txt |   81 |
|20 | 2900 | 3000 |   30 | 0.11389561 |1578628781028 |     265 |   271.0 | 2,26 |mscp510.txt |   84 |
|20 | 3000 | 3000 |   30 | 0.11465843 |1578628781028 |     265 |   271.0 | 2,26 |mscp510.txt |   87 |
|20 |  200 | 3000 |   30 | 0.11465843 |1578628781028 |     265 |   271.0 | 2,26 |mscp510.txt |   87 |
|21 |    1 | 3000 |   30 |       0.25 |1578628867564 |     265 |   366.0 |38,11 |mscp510.txt |0,043 |
|21 |  100 | 3000 |   30 | 0.12636761 |1578628867564 |     265 |   311.0 |17,36 |mscp510.txt |  2,9 |
|21 |  200 | 3000 |   30 | 0.11934157 |1578628867564 |     265 |   296.0 |11,70 |mscp510.txt |  5,8 |
|21 |  300 | 3000 |   30 | 0.11946356 |1578628867564 |     265 |   296.0 |11,70 |mscp510.txt |  8,7 |
|21 |  400 | 3000 |   30 | 0.12180504 |1578628867564 |     265 |   277.0 | 4,53 |mscp510.txt |   12 |
|21 |  500 | 3000 |   30 | 0.11690804 |1578628867564 |     265 |   277.0 | 4,53 |mscp510.txt |   14 |
|21 |  600 | 3000 |   30 | 0.11947368 |1578628867564 |     265 |   275.0 | 3,77 |mscp510.txt |   17 |
|21 |  700 | 3000 |   30 | 0.12096195 |1578628867564 |     265 |   272.0 | 2,64 |mscp510.txt |   20 |
|21 |  800 | 3000 |   30 | 0.12128484 |1578628867564 |     265 |   270.0 | 1,89 |mscp510.txt |   23 |
|21 |  900 | 3000 |   30 | 0.13795045 |1578628867564 |     265 |   270.0 | 1,89 |mscp510.txt |   26 |
|21 | 1000 | 3000 |   30 | 0.13197686 |1578628867564 |     265 |   270.0 | 1,89 |mscp510.txt |   29 |
|21 | 1100 | 3000 |   30 | 0.12513925 |1578628867564 |     265 |   270.0 | 1,89 |mscp510.txt |   31 |
|21 | 1200 | 3000 |   30 | 0.12628488 |1578628867564 |     265 |   270.0 | 1,89 |mscp510.txt |   34 |
|21 | 1300 | 3000 |   30 | 0.12755008 |1578628867564 |     265 |   270.0 | 1,89 |mscp510.txt |   37 |
|21 | 1400 | 3000 |   30 | 0.12912138 |1578628867564 |     265 |   270.0 | 1,89 |mscp510.txt |   40 |
|21 | 1500 | 3000 |   30 | 0.12717512 |1578628867564 |     265 |   270.0 | 1,89 |mscp510.txt |   43 |
|21 | 1600 | 3000 |   30 | 0.12550385 |1578628867564 |     265 |   270.0 | 1,89 |mscp510.txt |   46 |
|21 | 1700 | 3000 |   30 |  0.1229523 |1578628867564 |     265 |   270.0 | 1,89 |mscp510.txt |   48 |
|21 | 1800 | 3000 |   30 | 0.11773151 |1578628867564 |     265 |   270.0 | 1,89 |mscp510.txt |   51 |
|21 | 1900 | 3000 |   30 | 0.11706705 |1578628867564 |     265 |   270.0 | 1,89 |mscp510.txt |   54 |
|21 | 2000 | 3000 |   30 | 0.12073302 |1578628867564 |     265 |   270.0 | 1,89 |mscp510.txt |   57 |
|21 | 2100 | 3000 |   30 | 0.11877463 |1578628867564 |     265 |   270.0 | 1,89 |mscp510.txt |   60 |
|21 | 2200 | 3000 |   30 | 0.11883647 |1578628867564 |     265 |   270.0 | 1,89 |mscp510.txt |   62 |
|21 | 2300 | 3000 |   30 | 0.11879088 |1578628867564 |     265 |   267.0 | 0,75 |mscp510.txt |   65 |
|21 | 2400 | 3000 |   30 |0.121689335 |1578628867564 |     265 |   267.0 | 0,75 |mscp510.txt |   68 |
|21 | 2500 | 3000 |   30 | 0.11157025 |1578628867564 |     265 |   267.0 | 0,75 |mscp510.txt |   71 |
|21 | 2600 | 3000 |   30 | 0.11283977 |1578628867564 |     265 |   267.0 | 0,75 |mscp510.txt |   74 |
|21 | 2700 | 3000 |   30 |0.116950676 |1578628867564 |     265 |   267.0 | 0,75 |mscp510.txt |   77 |
|21 | 2800 | 3000 |   30 | 0.11427535 |1578628867564 |     265 |   267.0 | 0,75 |mscp510.txt |   79 |
|21 | 2900 | 3000 |   30 | 0.11813584 |1578628867564 |     265 |   267.0 | 0,75 |mscp510.txt |   82 |
|21 | 3000 | 3000 |   30 |0.117572695 |1578628867564 |     265 |   267.0 | 0,75 |mscp510.txt |   85 |
|21 |  200 | 3000 |   30 |0.117572695 |1578628867564 |     265 |   267.0 | 0,75 |mscp510.txt |   85 |
|22 |    1 | 3000 |   30 |       0.25 |1578628952553 |     265 |   365.0 |37,74 |mscp510.txt |0,041 |
|22 |  100 | 3000 |   30 | 0.13405031 |1578628952553 |     265 |   303.0 |14,34 |mscp510.txt |  2,9 |
|22 |  200 | 3000 |   30 | 0.13910761 |1578628952553 |     265 |   293.0 |10,57 |mscp510.txt |  5,7 |
|22 |  300 | 3000 |   30 |  0.1412668 |1578628952553 |     265 |   285.0 | 7,55 |mscp510.txt |  8,6 |
|22 |  400 | 3000 |   30 | 0.16517206 |1578628952553 |     265 |   275.0 | 3,77 |mscp510.txt |   12 |
|22 |  500 | 3000 |   30 | 0.15662402 |1578628952553 |     265 |   275.0 | 3,77 |mscp510.txt |   14 |
|22 |  600 | 3000 |   30 | 0.17091781 |1578628952553 |     265 |   275.0 | 3,77 |mscp510.txt |   17 |
|22 |  700 | 3000 |   30 | 0.16179541 |1578628952553 |     265 |   275.0 | 3,77 |mscp510.txt |   20 |
|22 |  800 | 3000 |   30 | 0.15198722 |1578628952553 |     265 |   268.0 | 1,13 |mscp510.txt |   23 |
|22 |  900 | 3000 |   30 | 0.14379737 |1578628952553 |     265 |   268.0 | 1,13 |mscp510.txt |   27 |
|22 | 1000 | 3000 |   30 | 0.14679085 |1578628952553 |     265 |   267.0 | 0,75 |mscp510.txt |   30 |
|22 |  200 | 3000 |   30 | 0.14679085 |1578628952553 |     265 |   265.0 | 0,00 |mscp510.txt |   32 |
|23 |    1 | 3000 |   30 |       0.25 |1578628984797 |     265 |   362.0 |36,60 |mscp510.txt |0,039 |
|23 |  100 | 3000 |   30 | 0.12568305 |1578628984797 |     265 |   292.0 |10,19 |mscp510.txt |  2,8 |
|23 |  200 | 3000 |   30 | 0.13464127 |1578628984797 |     265 |   291.0 | 9,81 |mscp510.txt |  5,7 |
|23 |  300 | 3000 |   30 | 0.13596244 |1578628984797 |     265 |   291.0 | 9,81 |mscp510.txt |  8,5 |
|23 |  400 | 3000 |   30 | 0.13899323 |1578628984797 |     265 |   279.0 | 5,28 |mscp510.txt |   11 |
|23 |  500 | 3000 |   30 | 0.13267182 |1578628984797 |     265 |   279.0 | 5,28 |mscp510.txt |   14 |
|23 |  600 | 3000 |   30 | 0.13702239 |1578628984797 |     265 |   277.0 | 4,53 |mscp510.txt |   17 |
|23 |  700 | 3000 |   30 | 0.13811088 |1578628984797 |     265 |   275.0 | 3,77 |mscp510.txt |   20 |
|23 |  800 | 3000 |   30 | 0.13598485 |1578628984797 |     265 |   274.0 | 3,40 |mscp510.txt |   23 |
|23 |  900 | 3000 |   30 | 0.12867443 |1578628984797 |     265 |   274.0 | 3,40 |mscp510.txt |   26 |
|23 | 1000 | 3000 |   30 | 0.12513863 |1578628984797 |     265 |   274.0 | 3,40 |mscp510.txt |   29 |
|23 | 1100 | 3000 |   30 |  0.1252809 |1578628984797 |     265 |   274.0 | 3,40 |mscp510.txt |   31 |
|23 | 1200 | 3000 |   30 | 0.12462798 |1578628984797 |     265 |   274.0 | 3,40 |mscp510.txt |   34 |
|23 | 1300 | 3000 |   30 | 0.13443485 |1578628984797 |     265 |   274.0 | 3,40 |mscp510.txt |   37 |
|23 | 1400 | 3000 |   30 | 0.13577875 |1578628984797 |     265 |   274.0 | 3,40 |mscp510.txt |   40 |
|23 | 1500 | 3000 |   30 | 0.13854489 |1578628984797 |     265 |   274.0 | 3,40 |mscp510.txt |   43 |
|23 | 1600 | 3000 |   30 | 0.13672028 |1578628984797 |     265 |   271.0 | 2,26 |mscp510.txt |   45 |
|23 | 1700 | 3000 |   30 |  0.1366141 |1578628984797 |     265 |   271.0 | 2,26 |mscp510.txt |   48 |
|23 | 1800 | 3000 |   30 |  0.1354998 |1578628984797 |     265 |   271.0 | 2,26 |mscp510.txt |   51 |
|23 | 1900 | 3000 |   30 | 0.13344626 |1578628984797 |     265 |   271.0 | 2,26 |mscp510.txt |   54 |
|23 | 2000 | 3000 |   30 | 0.13296972 |1578628984797 |     265 |   271.0 | 2,26 |mscp510.txt |   57 |
|23 | 2100 | 3000 |   30 | 0.13061532 |1578628984797 |     265 |   271.0 | 2,26 |mscp510.txt |   59 |
|23 | 2200 | 3000 |   30 | 0.12656571 |1578628984797 |     265 |   270.0 | 1,89 |mscp510.txt |   62 |
|23 | 2300 | 3000 |   30 | 0.12868534 |1578628984797 |     265 |   270.0 | 1,89 |mscp510.txt |   65 |
|23 | 2400 | 3000 |   30 | 0.12819555 |1578628984797 |     265 |   270.0 | 1,89 |mscp510.txt |   68 |
|23 | 2500 | 3000 |   30 | 0.12691018 |1578628984797 |     265 |   270.0 | 1,89 |mscp510.txt |   71 |
|23 | 2600 | 3000 |   30 | 0.12944257 |1578628984797 |     265 |   270.0 | 1,89 |mscp510.txt |   74 |
|23 | 2700 | 3000 |   30 | 0.12946011 |1578628984797 |     265 |   269.0 | 1,51 |mscp510.txt |   76 |
|23 | 2800 | 3000 |   30 | 0.13142644 |1578628984797 |     265 |   266.0 | 0,38 |mscp510.txt |   79 |
|23 | 2900 | 3000 |   30 |   0.130997 |1578628984797 |     265 |   266.0 | 0,38 |mscp510.txt |   82 |
|23 | 3000 | 3000 |   30 |   0.130997 |1578628984797 |     265 |   266.0 | 0,38 |mscp510.txt |   85 |
|23 |  200 | 3000 |   30 |   0.130997 |1578628984797 |     265 |   266.0 | 0,38 |mscp510.txt |   85 |
|24 |    1 | 3000 |   30 |       0.25 |1578629069719 |     265 |   364.0 |37,36 |mscp510.txt |0,044 |
|24 |  100 | 3000 |   30 | 0.11729377 |1578629069719 |     265 |   304.0 |14,72 |mscp510.txt |  2,9 |
|24 |  200 | 3000 |   30 | 0.12802066 |1578629069719 |     265 |   294.0 |10,94 |mscp510.txt |  5,8 |
|24 |  300 | 3000 |   30 |  0.1373057 |1578629069719 |     265 |   287.0 | 8,30 |mscp510.txt |  8,6 |
|24 |  400 | 3000 |   30 | 0.11992229 |1578629069719 |     265 |   283.0 | 6,79 |mscp510.txt |   12 |
|24 |  500 | 3000 |   30 |0.119760476 |1578629069719 |     265 |   277.0 | 4,53 |mscp510.txt |   14 |
|24 |  600 | 3000 |   30 | 0.12111638 |1578629069719 |     265 |   277.0 | 4,53 |mscp510.txt |   17 |
|24 |  700 | 3000 |   30 |0.117708884 |1578629069719 |     265 |   277.0 | 4,53 |mscp510.txt |   20 |
|24 |  800 | 3000 |   30 |      0.116 |1578629069719 |     265 |   277.0 | 4,53 |mscp510.txt |   23 |
|24 |  900 | 3000 |   30 | 0.11746469 |1578629069719 |     265 |   277.0 | 4,53 |mscp510.txt |   26 |
|24 | 1000 | 3000 |   30 | 0.11660839 |1578629069719 |     265 |   277.0 | 4,53 |mscp510.txt |   29 |
|24 | 1100 | 3000 |   30 | 0.12110786 |1578629069719 |     265 |   271.0 | 2,26 |mscp510.txt |   32 |
|24 | 1200 | 3000 |   30 | 0.12024456 |1578629069719 |     265 |   271.0 | 2,26 |mscp510.txt |   35 |
|24 | 1300 | 3000 |   30 | 0.11852723 |1578629069719 |     265 |   271.0 | 2,26 |mscp510.txt |   38 |
|24 | 1400 | 3000 |   30 |  0.1208547 |1578629069719 |     265 |   271.0 | 2,26 |mscp510.txt |   41 |
|24 | 1500 | 3000 |   30 | 0.11499077 |1578629069719 |     265 |   271.0 | 2,26 |mscp510.txt |   44 |
|24 | 1600 | 3000 |   30 |  0.1265911 |1578629069719 |     265 |   271.0 | 2,26 |mscp510.txt |   46 |
|24 | 1700 | 3000 |   30 | 0.12133819 |1578629069719 |     265 |   271.0 | 2,26 |mscp510.txt |   49 |
|24 | 1800 | 3000 |   30 | 0.12276945 |1578629069719 |     265 |   267.0 | 0,75 |mscp510.txt |   52 |
|24 | 1900 | 3000 |   30 | 0.12357347 |1578629069719 |     265 |   267.0 | 0,75 |mscp510.txt |   55 |
|24 | 2000 | 3000 |   30 | 0.12243816 |1578629069719 |     265 |   267.0 | 0,75 |mscp510.txt |   58 |
|24 |  200 | 3000 |   30 | 0.12243816 |1578629069719 |     265 |   265.0 | 0,00 |mscp510.txt |   60 |
|25 |    1 | 3000 |   30 |       0.25 |1578629129301 |     265 |   376.0 |41,89 |mscp510.txt |0,044 |
|25 |  100 | 3000 |   30 | 0.12687112 |1578629129301 |     265 |   307.0 |15,85 |mscp510.txt |  2,9 |
|25 |  200 | 3000 |   30 | 0.11322082 |1578629129301 |     265 |   294.0 |10,94 |mscp510.txt |  5,8 |
|25 |  300 | 3000 |   30 | 0.12050778 |1578629129301 |     265 |   289.0 | 9,06 |mscp510.txt |  8,7 |
|25 |  400 | 3000 |   30 | 0.11308395 |1578629129301 |     265 |   281.0 | 6,04 |mscp510.txt |   12 |
|25 |  500 | 3000 |   30 |0.121456765 |1578629129301 |     265 |   278.0 | 4,91 |mscp510.txt |   14 |
|25 |  600 | 3000 |   30 | 0.11699165 |1578629129301 |     265 |   276.0 | 4,15 |mscp510.txt |   17 |
|25 |  700 | 3000 |   30 | 0.12021954 |1578629129301 |     265 |   276.0 | 4,15 |mscp510.txt |   20 |
|25 |  800 | 3000 |   30 | 0.11664642 |1578629129301 |     265 |   274.0 | 3,40 |mscp510.txt |   23 |
|25 |  900 | 3000 |   30 | 0.10778339 |1578629129301 |     265 |   273.0 | 3,02 |mscp510.txt |   26 |
|25 | 1000 | 3000 |   30 | 0.10692149 |1578629129301 |     265 |   273.0 | 3,02 |mscp510.txt |   29 |
|25 | 1100 | 3000 |   30 | 0.10908776 |1578629129301 |     265 |   272.0 | 2,64 |mscp510.txt |   32 |
|25 | 1200 | 3000 |   30 | 0.12195549 |1578629129301 |     265 |   271.0 | 2,26 |mscp510.txt |   35 |
|25 | 1300 | 3000 |   30 | 0.11830396 |1578629129301 |     265 |   271.0 | 2,26 |mscp510.txt |   38 |
|25 | 1400 | 3000 |   30 |0.123674914 |1578629129301 |     265 |   271.0 | 2,26 |mscp510.txt |   41 |
|25 | 1500 | 3000 |   30 |0.121064536 |1578629129301 |     265 |   271.0 | 2,26 |mscp510.txt |   44 |
|25 | 1600 | 3000 |   30 | 0.11975009 |1578629129301 |     265 |   270.0 | 1,89 |mscp510.txt |   47 |
|25 | 1700 | 3000 |   30 |0.116970114 |1578629129301 |     265 |   270.0 | 1,89 |mscp510.txt |   49 |
|25 | 1800 | 3000 |   30 |0.116678104 |1578629129301 |     265 |   270.0 | 1,89 |mscp510.txt |   52 |
|25 | 1900 | 3000 |   30 | 0.11880165 |1578629129301 |     265 |   267.0 | 0,75 |mscp510.txt |   55 |
|25 | 2000 | 3000 |   30 | 0.11618399 |1578629129301 |     265 |   267.0 | 0,75 |mscp510.txt |   58 |
|25 | 2100 | 3000 |   30 |0.108098835 |1578629129301 |     265 |   267.0 | 0,75 |mscp510.txt |   61 |
|25 | 2200 | 3000 |   30 |0.110287786 |1578629129301 |     265 |   267.0 | 0,75 |mscp510.txt |   64 |
|25 | 2300 | 3000 |   30 |0.112676054 |1578629129301 |     265 |   267.0 | 0,75 |mscp510.txt |   67 |
|25 | 2400 | 3000 |   30 | 0.11328863 |1578629129301 |     265 |   267.0 | 0,75 |mscp510.txt |   70 |
|25 | 2500 | 3000 |   30 | 0.11700657 |1578629129301 |     265 |   267.0 | 0,75 |mscp510.txt |   73 |
|25 | 2600 | 3000 |   30 | 0.11700657 |1578629129301 |     265 |   267.0 | 0,75 |mscp510.txt |   76 |
|25 | 2700 | 3000 |   30 | 0.11700657 |1578629129301 |     265 |   267.0 | 0,75 |mscp510.txt |   79 |
|25 | 2800 | 3000 |   30 | 0.11091914 |1578629129301 |     265 |   267.0 | 0,75 |mscp510.txt |   81 |
|25 | 2900 | 3000 |   30 | 0.11335753 |1578629129301 |     265 |   267.0 | 0,75 |mscp510.txt |   84 |
|25 | 3000 | 3000 |   30 | 0.11335753 |1578629129301 |     265 |   267.0 | 0,75 |mscp510.txt |   87 |
|25 |  200 | 3000 |   30 | 0.11335753 |1578629129301 |     265 |   267.0 | 0,75 |mscp510.txt |   87 |
|26 |    1 | 3000 |   30 |       0.25 |1578629216520 |     265 |   360.0 |35,85 |mscp510.txt |0,046 |
|26 |  100 | 3000 |   30 | 0.12174855 |1578629216520 |     265 |   313.0 |18,11 |mscp510.txt |  2,9 |
|26 |  200 | 3000 |   30 | 0.12664385 |1578629216520 |     265 |   295.0 |11,32 |mscp510.txt |  5,7 |
|26 |  300 | 3000 |   30 | 0.12736785 |1578629216520 |     265 |   292.0 |10,19 |mscp510.txt |  8,5 |
|26 |  400 | 3000 |   30 | 0.13149562 |1578629216520 |     265 |   283.0 | 6,79 |mscp510.txt |   11 |
|26 |  500 | 3000 |   30 | 0.14299333 |1578629216520 |     265 |   283.0 | 6,79 |mscp510.txt |   14 |
|26 |  600 | 3000 |   30 | 0.14365171 |1578629216520 |     265 |   279.0 | 5,28 |mscp510.txt |   17 |
|26 |  700 | 3000 |   30 | 0.13889407 |1578629216520 |     265 |   278.0 | 4,91 |mscp510.txt |   20 |
|26 |  800 | 3000 |   30 | 0.12611142 |1578629216520 |     265 |   275.0 | 3,77 |mscp510.txt |   23 |
|26 |  900 | 3000 |   30 |  0.1336207 |1578629216520 |     265 |   275.0 | 3,77 |mscp510.txt |   26 |
|26 | 1000 | 3000 |   30 |0.124447584 |1578629216520 |     265 |   275.0 | 3,77 |mscp510.txt |   29 |
|26 | 1100 | 3000 |   30 | 0.11890402 |1578629216520 |     265 |   275.0 | 3,77 |mscp510.txt |   32 |
|26 | 1200 | 3000 |   30 |  0.1301576 |1578629216520 |     265 |   273.0 | 3,02 |mscp510.txt |   35 |
|26 | 1300 | 3000 |   30 | 0.12508772 |1578629216520 |     265 |   273.0 | 3,02 |mscp510.txt |   38 |
|26 | 1400 | 3000 |   30 | 0.13285841 |1578629216520 |     265 |   273.0 | 3,02 |mscp510.txt |   41 |
|26 | 1500 | 3000 |   30 |  0.1348132 |1578629216520 |     265 |   273.0 | 3,02 |mscp510.txt |   44 |
|26 | 1600 | 3000 |   30 | 0.12794673 |1578629216520 |     265 |   273.0 | 3,02 |mscp510.txt |   47 |
|26 | 1700 | 3000 |   30 | 0.13324733 |1578629216520 |     265 |   273.0 | 3,02 |mscp510.txt |   50 |
|26 | 1800 | 3000 |   30 | 0.13977104 |1578629216520 |     265 |   273.0 | 3,02 |mscp510.txt |   53 |
|26 | 1900 | 3000 |   30 | 0.14288376 |1578629216520 |     265 |   273.0 | 3,02 |mscp510.txt |   56 |
|26 | 2000 | 3000 |   30 | 0.14376877 |1578629216520 |     265 |   273.0 | 3,02 |mscp510.txt |   59 |
|26 | 2100 | 3000 |   30 | 0.14296421 |1578629216520 |     265 |   273.0 | 3,02 |mscp510.txt |   61 |
|26 | 2200 | 3000 |   30 | 0.14191356 |1578629216520 |     265 |   270.0 | 1,89 |mscp510.txt |   64 |
|26 | 2300 | 3000 |   30 | 0.14183192 |1578629216520 |     265 |   270.0 | 1,89 |mscp510.txt |   67 |
|26 | 2400 | 3000 |   30 |  0.1423997 |1578629216520 |     265 |   268.0 | 1,13 |mscp510.txt |   70 |
|26 | 2500 | 3000 |   30 | 0.14236902 |1578629216520 |     265 |   268.0 | 1,13 |mscp510.txt |   73 |
|26 | 2600 | 3000 |   30 | 0.13994335 |1578629216520 |     265 |   268.0 | 1,13 |mscp510.txt |   76 |
|26 | 2700 | 3000 |   30 | 0.14245014 |1578629216520 |     265 |   268.0 | 1,13 |mscp510.txt |   79 |
|26 | 2800 | 3000 |   30 | 0.14477469 |1578629216520 |     265 |   268.0 | 1,13 |mscp510.txt |   82 |
|26 | 2900 | 3000 |   30 | 0.14793357 |1578629216520 |     265 |   268.0 | 1,13 |mscp510.txt |   85 |
|26 | 3000 | 3000 |   30 | 0.14986481 |1578629216520 |     265 |   268.0 | 1,13 |mscp510.txt |   88 |
|26 |  200 | 3000 |   30 | 0.14986481 |1578629216520 |     265 |   268.0 | 1,13 |mscp510.txt |   88 |
|27 |    1 | 3000 |   30 |       0.25 |1578629304241 |     265 |   364.0 |37,36 |mscp510.txt |0,046 |
|27 |  100 | 3000 |   30 | 0.11645262 |1578629304241 |     265 |   304.0 |14,72 |mscp510.txt |  3,6 |
|27 |  200 | 3000 |   30 |  0.1349785 |1578629304241 |     265 |   290.0 | 9,43 |mscp510.txt |  6,7 |
|27 |  300 | 3000 |   30 | 0.12483672 |1578629304241 |     265 |   283.0 | 6,79 |mscp510.txt |  9,7 |
|27 |  400 | 3000 |   30 | 0.13445379 |1578629304241 |     265 |   283.0 | 6,79 |mscp510.txt |   13 |
|27 |  500 | 3000 |   30 | 0.12745278 |1578629304241 |     265 |   281.0 | 6,04 |mscp510.txt |   15 |
|27 |  600 | 3000 |   30 | 0.12363766 |1578629304241 |     265 |   276.0 | 4,15 |mscp510.txt |   18 |
|27 |  700 | 3000 |   30 | 0.12812905 |1578629304241 |     265 |   274.0 | 3,40 |mscp510.txt |   21 |
|27 |  800 | 3000 |   30 |0.122137405 |1578629304241 |     265 |   274.0 | 3,40 |mscp510.txt |   24 |
|27 |  900 | 3000 |   30 | 0.10824129 |1578629304241 |     265 |   274.0 | 3,40 |mscp510.txt |   27 |
|27 | 1000 | 3000 |   30 | 0.11381971 |1578629304241 |     265 |   271.0 | 2,26 |mscp510.txt |   30 |
|27 | 1100 | 3000 |   30 | 0.12419974 |1578629304241 |     265 |   270.0 | 1,89 |mscp510.txt |   33 |
|27 | 1200 | 3000 |   30 |0.123593435 |1578629304241 |     265 |   270.0 | 1,89 |mscp510.txt |   36 |
|27 | 1300 | 3000 |   30 |0.123336926 |1578629304241 |     265 |   270.0 | 1,89 |mscp510.txt |   39 |
|27 | 1400 | 3000 |   30 | 0.12162896 |1578629304241 |     265 |   269.0 | 1,51 |mscp510.txt |   42 |
|27 | 1500 | 3000 |   30 |0.122810155 |1578629304241 |     265 |   267.0 | 0,75 |mscp510.txt |   45 |
|27 | 1600 | 3000 |   30 | 0.12554505 |1578629304241 |     265 |   267.0 | 0,75 |mscp510.txt |   47 |
|27 | 1700 | 3000 |   30 | 0.13067758 |1578629304241 |     265 |   267.0 | 0,75 |mscp510.txt |   50 |
|27 | 1800 | 3000 |   30 |  0.1264624 |1578629304241 |     265 |   267.0 | 0,75 |mscp510.txt |   53 |
|27 | 1900 | 3000 |   30 | 0.12543811 |1578629304241 |     265 |   267.0 | 0,75 |mscp510.txt |   56 |
|27 | 2000 | 3000 |   30 | 0.12349507 |1578629304241 |     265 |   267.0 | 0,75 |mscp510.txt |   59 |
|27 | 2100 | 3000 |   30 | 0.12614259 |1578629304241 |     265 |   267.0 | 0,75 |mscp510.txt |   62 |
|27 | 2200 | 3000 |   30 | 0.12284209 |1578629304241 |     265 |   267.0 | 0,75 |mscp510.txt |   65 |
|27 | 2300 | 3000 |   30 |0.121079504 |1578629304241 |     265 |   267.0 | 0,75 |mscp510.txt |   67 |
|27 | 2400 | 3000 |   30 | 0.12513465 |1578629304241 |     265 |   267.0 | 0,75 |mscp510.txt |   70 |
|27 | 2500 | 3000 |   30 |0.123467915 |1578629304241 |     265 |   267.0 | 0,75 |mscp510.txt |   73 |
|27 | 2600 | 3000 |   30 | 0.12569883 |1578629304241 |     265 |   267.0 | 0,75 |mscp510.txt |   76 |
|27 | 2700 | 3000 |   30 | 0.12932771 |1578629304241 |     265 |   267.0 | 0,75 |mscp510.txt |   79 |
|27 | 2800 | 3000 |   30 | 0.12527594 |1578629304241 |     265 |   267.0 | 0,75 |mscp510.txt |   82 |
|27 | 2900 | 3000 |   30 | 0.12577583 |1578629304241 |     265 |   267.0 | 0,75 |mscp510.txt |   84 |
|27 | 3000 | 3000 |   30 | 0.12577583 |1578629304241 |     265 |   267.0 | 0,75 |mscp510.txt |   87 |
|27 |  200 | 3000 |   30 | 0.12577583 |1578629304241 |     265 |   267.0 | 0,75 |mscp510.txt |   87 |
|28 |    1 | 3000 |   30 |       0.25 |1578629391711 |     265 |   371.0 |40,00 |mscp510.txt |0,043 |
|28 |  100 | 3000 |   30 | 0.13333334 |1578629391711 |     265 |   302.0 |13,96 |mscp510.txt |  2,8 |
|28 |  200 | 3000 |   30 | 0.13418217 |1578629391711 |     265 |   280.0 | 5,66 |mscp510.txt |  5,7 |
|28 |  300 | 3000 |   30 | 0.13840495 |1578629391711 |     265 |   274.0 | 3,40 |mscp510.txt |  8,7 |
|28 |  400 | 3000 |   30 | 0.14070551 |1578629391711 |     265 |   272.0 | 2,64 |mscp510.txt |   12 |
|28 |  500 | 3000 |   30 | 0.13923806 |1578629391711 |     265 |   272.0 | 2,64 |mscp510.txt |   15 |
|28 |  600 | 3000 |   30 | 0.14452215 |1578629391711 |     265 |   272.0 | 2,64 |mscp510.txt |   18 |
|28 |  700 | 3000 |   30 | 0.13157895 |1578629391711 |     265 |   269.0 | 1,51 |mscp510.txt |   21 |
|28 |  200 | 3000 |   30 | 0.13157895 |1578629391711 |     265 |   265.0 | 0,00 |mscp510.txt |   23 |
|29 |    1 | 3000 |   30 |       0.25 |1578629414221 |     265 |   361.0 |36,23 |mscp510.txt |0,041 |
|29 |  100 | 3000 |   30 | 0.14040284 |1578629414221 |     265 |   298.0 |12,45 |mscp510.txt |  2,9 |
|29 |  200 | 3000 |   30 | 0.12753075 |1578629414221 |     265 |   287.0 | 8,30 |mscp510.txt |  5,7 |
|29 |  300 | 3000 |   30 | 0.12810601 |1578629414221 |     265 |   280.0 | 5,66 |mscp510.txt |  8,5 |
|29 |  400 | 3000 |   30 |0.122109324 |1578629414221 |     265 |   277.0 | 4,53 |mscp510.txt |   11 |
|29 |  500 | 3000 |   30 | 0.12270376 |1578629414221 |     265 |   274.0 | 3,40 |mscp510.txt |   14 |
|29 |  600 | 3000 |   30 | 0.11481096 |1578629414221 |     265 |   274.0 | 3,40 |mscp510.txt |   17 |
|29 |  700 | 3000 |   30 | 0.12258065 |1578629414221 |     265 |   270.0 | 1,89 |mscp510.txt |   20 |
|29 |  800 | 3000 |   30 |0.123120464 |1578629414221 |     265 |   270.0 | 1,89 |mscp510.txt |   23 |
|29 |  900 | 3000 |   30 | 0.11737008 |1578629414221 |     265 |   270.0 | 1,89 |mscp510.txt |   26 |
|29 | 1000 | 3000 |   30 |  0.1176988 |1578629414221 |     265 |   270.0 | 1,89 |mscp510.txt |   29 |
|29 | 1100 | 3000 |   30 | 0.12458501 |1578629414221 |     265 |   270.0 | 1,89 |mscp510.txt |   32 |
|29 | 1200 | 3000 |   30 | 0.12063826 |1578629414221 |     265 |   270.0 | 1,89 |mscp510.txt |   35 |
|29 | 1300 | 3000 |   30 | 0.12368749 |1578629414221 |     265 |   270.0 | 1,89 |mscp510.txt |   38 |
|29 | 1400 | 3000 |   30 | 0.12439936 |1578629414221 |     265 |   268.0 | 1,13 |mscp510.txt |   40 |
|29 | 1500 | 3000 |   30 | 0.12112982 |1578629414221 |     265 |   268.0 | 1,13 |mscp510.txt |   43 |
|29 | 1600 | 3000 |   30 | 0.11514841 |1578629414221 |     265 |   268.0 | 1,13 |mscp510.txt |   46 |
|29 | 1700 | 3000 |   30 | 0.11055794 |1578629414221 |     265 |   268.0 | 1,13 |mscp510.txt |   49 |
|29 | 1800 | 3000 |   30 | 0.11124443 |1578629414221 |     265 |   268.0 | 1,13 |mscp510.txt |   52 |
|29 | 1900 | 3000 |   30 |  0.1153779 |1578629414221 |     265 |   268.0 | 1,13 |mscp510.txt |   55 |
|29 | 2000 | 3000 |   30 | 0.11084044 |1578629414221 |     265 |   268.0 | 1,13 |mscp510.txt |   58 |
|29 | 2100 | 3000 |   30 |0.110670574 |1578629414221 |     265 |   268.0 | 1,13 |mscp510.txt |   61 |
|29 | 2200 | 3000 |   30 |0.108266026 |1578629414221 |     265 |   268.0 | 1,13 |mscp510.txt |   64 |
|29 | 2300 | 3000 |   30 | 0.10918455 |1578629414221 |     265 |   268.0 | 1,13 |mscp510.txt |   67 |
|29 | 2400 | 3000 |   30 | 0.10944425 |1578629414221 |     265 |   267.0 | 0,75 |mscp510.txt |   69 |
|29 | 2500 | 3000 |   30 |  0.1085034 |1578629414221 |     265 |   267.0 | 0,75 |mscp510.txt |   72 |
|29 | 2600 | 3000 |   30 | 0.11208527 |1578629414221 |     265 |   267.0 | 0,75 |mscp510.txt |   75 |
|29 | 2700 | 3000 |   30 |0.112382576 |1578629414221 |     265 |   267.0 | 0,75 |mscp510.txt |   78 |
|29 | 2800 | 3000 |   30 |0.107869744 |1578629414221 |     265 |   267.0 | 0,75 |mscp510.txt |   81 |
|29 | 2900 | 3000 |   30 | 0.10700487 |1578629414221 |     265 |   267.0 | 0,75 |mscp510.txt |   84 |
|29 | 3000 | 3000 |   30 |0.106655434 |1578629414221 |     265 |   267.0 | 0,75 |mscp510.txt |   87 |
|29 |  200 | 3000 |   30 |0.106655434 |1578629414221 |     265 |   267.0 | 0,75 |mscp510.txt |   87 |
|30 |    1 | 3000 |   30 |       0.25 |1578629501628 |     265 |   367.0 |38,49 |mscp510.txt |0,044 |
|30 |  100 | 3000 |   30 |0.123853214 |1578629501628 |     265 |   309.0 |16,60 |mscp510.txt |  3,0 |
|30 |  200 | 3000 |   30 |  0.1260997 |1578629501628 |     265 |   289.0 | 9,06 |mscp510.txt |  5,9 |
|30 |  300 | 3000 |   30 | 0.12443805 |1578629501628 |     265 |   286.0 | 7,92 |mscp510.txt |  8,9 |
|30 |  400 | 3000 |   30 | 0.13553719 |1578629501628 |     265 |   281.0 | 6,04 |mscp510.txt |   12 |
|30 |  500 | 3000 |   30 | 0.13497823 |1578629501628 |     265 |   279.0 | 5,28 |mscp510.txt |   15 |
|30 |  600 | 3000 |   30 | 0.12887149 |1578629501628 |     265 |   279.0 | 5,28 |mscp510.txt |   18 |
|30 |  700 | 3000 |   30 | 0.12286268 |1578629501628 |     265 |   279.0 | 5,28 |mscp510.txt |   21 |
|30 |  800 | 3000 |   30 | 0.11715915 |1578629501628 |     265 |   276.0 | 4,15 |mscp510.txt |   24 |
|30 |  900 | 3000 |   30 | 0.12482735 |1578629501628 |     265 |   276.0 | 4,15 |mscp510.txt |   27 |
|30 | 1000 | 3000 |   30 |0.122955054 |1578629501628 |     265 |   276.0 | 4,15 |mscp510.txt |   30 |
|30 | 1100 | 3000 |   30 | 0.11882373 |1578629501628 |     265 |   276.0 | 4,15 |mscp510.txt |   33 |
|30 | 1200 | 3000 |   30 | 0.12517606 |1578629501628 |     265 |   276.0 | 4,15 |mscp510.txt |   36 |
|30 | 1300 | 3000 |   30 | 0.11930435 |1578629501628 |     265 |   274.0 | 3,40 |mscp510.txt |   39 |
|30 | 1400 | 3000 |   30 | 0.12484505 |1578629501628 |     265 |   274.0 | 3,40 |mscp510.txt |   42 |
|30 | 1500 | 3000 |   30 |  0.1202454 |1578629501628 |     265 |   274.0 | 3,40 |mscp510.txt |   45 |
|30 | 1600 | 3000 |   30 | 0.12340199 |1578629501628 |     265 |   274.0 | 3,40 |mscp510.txt |   48 |
|30 | 1700 | 3000 |   30 | 0.12622721 |1578629501628 |     265 |   271.0 | 2,26 |mscp510.txt |   51 |
|30 | 1800 | 3000 |   30 | 0.12640056 |1578629501628 |     265 |   271.0 | 2,26 |mscp510.txt |   54 |
|30 | 1900 | 3000 |   30 | 0.12319835 |1578629501628 |     265 |   271.0 | 2,26 |mscp510.txt |   57 |
|30 | 2000 | 3000 |   30 | 0.12297344 |1578629501628 |     265 |   271.0 | 2,26 |mscp510.txt |   60 |
|30 | 2100 | 3000 |   30 | 0.12173913 |1578629501628 |     265 |   271.0 | 2,26 |mscp510.txt |   63 |
|30 | 2200 | 3000 |   30 |0.124125876 |1578629501628 |     265 |   271.0 | 2,26 |mscp510.txt |   66 |
|30 | 2300 | 3000 |   30 | 0.11731461 |1578629501628 |     265 |   271.0 | 2,26 |mscp510.txt |   69 |
|30 | 2400 | 3000 |   30 | 0.11725207 |1578629501628 |     265 |   271.0 | 2,26 |mscp510.txt |   72 |
|30 | 2500 | 3000 |   30 | 0.11438298 |1578629501628 |     265 |   270.0 | 1,89 |mscp510.txt |   75 |
|30 | 2600 | 3000 |   30 | 0.11512028 |1578629501628 |     265 |   270.0 | 1,89 |mscp510.txt |   78 |
|30 | 2700 | 3000 |   30 | 0.11512028 |1578629501628 |     265 |   270.0 | 1,89 |mscp510.txt |   81 |
|30 | 2800 | 3000 |   30 |0.119917296 |1578629501628 |     265 |   270.0 | 1,89 |mscp510.txt |   84 |
|30 | 2900 | 3000 |   30 | 0.12219366 |1578629501628 |     265 |   270.0 | 1,89 |mscp510.txt |   87 |
|30 | 3000 | 3000 |   30 | 0.12219366 |1578629501628 |     265 |   270.0 | 1,89 |mscp510.txt |   90 |
|30 |  200 | 3000 |   30 | 0.12219366 |1578629501628 |     265 |   270.0 | 1,89 |mscp510.txt |   90 |
|31 |    1 | 3000 |   30 |       0.25 |1578629591580 |     265 |   353.0 |33,21 |mscp510.txt |0,045 |
|31 |  100 | 3000 |   30 |  0.1167147 |1578629591580 |     265 |   304.0 |14,72 |mscp510.txt |  2,9 |
|31 |  200 | 3000 |   30 | 0.11401384 |1578629591580 |     265 |   296.0 |11,70 |mscp510.txt |  5,9 |
|31 |  300 | 3000 |   30 | 0.11702128 |1578629591580 |     265 |   284.0 | 7,17 |mscp510.txt |  8,7 |
|31 |  400 | 3000 |   30 | 0.10512038 |1578629591580 |     265 |   276.0 | 4,15 |mscp510.txt |   12 |
|31 |  500 | 3000 |   30 | 0.10582279 |1578629591580 |     265 |   276.0 | 4,15 |mscp510.txt |   14 |
|31 |  600 | 3000 |   30 |0.110012144 |1578629591580 |     265 |   276.0 | 4,15 |mscp510.txt |   17 |
|31 |  700 | 3000 |   30 | 0.11866197 |1578629591580 |     265 |   276.0 | 4,15 |mscp510.txt |   20 |
|31 |  800 | 3000 |   30 |0.118689105 |1578629591580 |     265 |   276.0 | 4,15 |mscp510.txt |   23 |
|31 |  900 | 3000 |   30 | 0.12020726 |1578629591580 |     265 |   272.0 | 2,64 |mscp510.txt |   26 |
|31 | 1000 | 3000 |   30 |0.115364805 |1578629591580 |     265 |   272.0 | 2,64 |mscp510.txt |   29 |
|31 | 1100 | 3000 |   30 |0.113259666 |1578629591580 |     265 |   272.0 | 2,64 |mscp510.txt |   32 |
|31 | 1200 | 3000 |   30 | 0.11072843 |1578629591580 |     265 |   272.0 | 2,64 |mscp510.txt |   35 |
|31 | 1300 | 3000 |   30 | 0.10502049 |1578629591580 |     265 |   271.0 | 2,26 |mscp510.txt |   38 |
|31 | 1400 | 3000 |   30 | 0.11278577 |1578629591580 |     265 |   271.0 | 2,26 |mscp510.txt |   41 |
|31 | 1500 | 3000 |   30 | 0.11128127 |1578629591580 |     265 |   271.0 | 2,26 |mscp510.txt |   44 |
|31 | 1600 | 3000 |   30 | 0.11032269 |1578629591580 |     265 |   271.0 | 2,26 |mscp510.txt |   47 |
|31 | 1700 | 3000 |   30 | 0.11468675 |1578629591580 |     265 |   269.0 | 1,51 |mscp510.txt |   49 |
|31 | 1800 | 3000 |   30 | 0.10880053 |1578629591580 |     265 |   269.0 | 1,51 |mscp510.txt |   52 |
|31 | 1900 | 3000 |   30 | 0.10566667 |1578629591580 |     265 |   269.0 | 1,51 |mscp510.txt |   55 |
|31 | 2000 | 3000 |   30 |0.103012964 |1578629591580 |     265 |   268.0 | 1,13 |mscp510.txt |   58 |
|31 | 2100 | 3000 |   30 | 0.11294158 |1578629591580 |     265 |   268.0 | 1,13 |mscp510.txt |   61 |
|31 | 2200 | 3000 |   30 | 0.10753599 |1578629591580 |     265 |   268.0 | 1,13 |mscp510.txt |   64 |
|31 | 2300 | 3000 |   30 |0.103269935 |1578629591580 |     265 |   268.0 | 1,13 |mscp510.txt |   67 |
|31 | 2400 | 3000 |   30 | 0.10215232 |1578629591580 |     265 |   268.0 | 1,13 |mscp510.txt |   70 |
|31 | 2500 | 3000 |   30 | 0.10029742 |1578629591580 |     265 |   268.0 | 1,13 |mscp510.txt |   73 |
|31 | 2600 | 3000 |   30 | 0.10029742 |1578629591580 |     265 |   268.0 | 1,13 |mscp510.txt |   76 |
|31 | 2700 | 3000 |   30 | 0.10418403 |1578629591580 |     265 |   268.0 | 1,13 |mscp510.txt |   79 |
|31 | 2800 | 3000 |   30 | 0.10300215 |1578629591580 |     265 |   268.0 | 1,13 |mscp510.txt |   82 |
|31 | 2900 | 3000 |   30 | 0.10205775 |1578629591580 |     265 |   268.0 | 1,13 |mscp510.txt |   85 |
|31 | 3000 | 3000 |   30 | 0.10568971 |1578629591580 |     265 |   268.0 | 1,13 |mscp510.txt |   88 |
|31 |  200 | 3000 |   30 | 0.10568971 |1578629591580 |     265 |   268.0 | 1,13 |mscp510.txt |   88 |
