| # |    #ITER | #IterMAX | Nest |      %Desc |      semilla | BestFit |GottedFit |  RDP |  instancia | time |
-------------------------------------------------------------------------------------------------
| 1 |    1 | 5000 |   35 |       0.25 |1585336456785 |      76 |  1761.0 |2217,11 | mscpb2.txt |0,0070 |
| 1 |  100 | 5000 |   35 |        0.4 |1585336456785 |      76 |   125.0 |64,47 | mscpb2.txt |  2,6 |
| 1 |  200 | 5000 |   35 | 0.37142858 |1585336456785 |      76 |    96.0 |26,32 | mscpb2.txt |   15 |
| 1 |  300 | 5000 |   35 | 0.34285715 |1585336456785 |      76 |    92.0 |21,05 | mscpb2.txt |   29 |
| 1 |  400 | 5000 |   40 |       0.45 |1585336456785 |      76 |    90.0 |18,42 | mscpb2.txt |   64 |
| 1 |  500 | 5000 |   40 |       0.45 |1585336456785 |      76 |    87.0 |14,47 | mscpb2.txt |1,0e+02 |
| 1 |  600 | 5000 |   40 |       0.45 |1585336456785 |      76 |    85.0 |11,84 | mscpb2.txt |1,4e+02 |
| 1 |  700 | 5000 |   40 |       0.45 |1585336456785 |      76 |    83.0 | 9,21 | mscpb2.txt |1,8e+02 |
| 1 |  800 | 5000 |   45 |       0.45 |1585336456785 |      76 |    83.0 | 9,21 | mscpb2.txt |2,3e+02 |
| 1 |  900 | 5000 |   45 |       0.45 |1585336456785 |      76 |    83.0 | 9,21 | mscpb2.txt |2,7e+02 |
| 1 | 1000 | 5000 |   45 |       0.45 |1585336456785 |      76 |    83.0 | 9,21 | mscpb2.txt |3,2e+02 |
| 1 | 1100 | 5000 |   45 |       0.45 |1585336456785 |      76 |    82.0 | 7,89 | mscpb2.txt |3,6e+02 |
| 1 | 1200 | 5000 |   50 |       0.45 |1585336456785 |      76 |    82.0 | 7,89 | mscpb2.txt |4,2e+02 |
| 1 | 1300 | 5000 |   50 |       0.45 |1585336456785 |      76 |    79.0 | 3,95 | mscpb2.txt |4,7e+02 |
| 1 | 1400 | 5000 |   50 |       0.45 |1585336456785 |      76 |    78.0 | 2,63 | mscpb2.txt |5,2e+02 |
| 1 | 1500 | 5000 |   50 |       0.45 |1585336456785 |      76 |    77.0 | 1,32 | mscpb2.txt |5,7e+02 |
| 1 | 1600 | 5000 |   55 |       0.45 |1585336456785 |      76 |    77.0 | 1,32 | mscpb2.txt |6,4e+02 |
| 1 | 1700 | 5000 |   55 |       0.45 |1585336456785 |      76 |    77.0 | 1,32 | mscpb2.txt |7,0e+02 |
| 1 | 1800 | 5000 |   55 |       0.45 |1585336456785 |      76 |    77.0 | 1,32 | mscpb2.txt |7,6e+02 |
| 1 | 1900 | 5000 |   55 |       0.45 |1585336456785 |      76 |    77.0 | 1,32 | mscpb2.txt |8,2e+02 |
| 1 | 2000 | 5000 |   60 |       0.45 |1585336456785 |      76 |    77.0 | 1,32 | mscpb2.txt |8,9e+02 |
| 1 | 2100 | 5000 |   60 |       0.45 |1585336456785 |      76 |    77.0 | 1,32 | mscpb2.txt |9,6e+02 |
| 1 | 2200 | 5000 |   60 |       0.45 |1585336456785 |      76 |    77.0 | 1,32 | mscpb2.txt |1,0e+03 |
| 1 | 2300 | 5000 |   60 |       0.45 |1585336456785 |      76 |    77.0 | 1,32 | mscpb2.txt |1,1e+03 |
| 1 | 2400 | 5000 |   65 |       0.45 |1585336456785 |      76 |    77.0 | 1,32 | mscpb2.txt |1,2e+03 |
| 1 | 2500 | 5000 |   65 |       0.45 |1585336456785 |      76 |    77.0 | 1,32 | mscpb2.txt |1,3e+03 |
| 1 | 2600 | 5000 |   65 |       0.45 |1585336456785 |      76 |    77.0 | 1,32 | mscpb2.txt |1,3e+03 |
| 1 | 2700 | 5000 |   65 |       0.45 |1585336456785 |      76 |    77.0 | 1,32 | mscpb2.txt |1,4e+03 |
| 1 | 2800 | 5000 |   70 |       0.45 |1585336456785 |      76 |    77.0 | 1,32 | mscpb2.txt |1,5e+03 |
| 1 | 2900 | 5000 |   70 |       0.45 |1585336456785 |      76 |    77.0 | 1,32 | mscpb2.txt |1,6e+03 |
| 1 |  300 | 5000 |   70 |       0.45 |1585336456785 |      76 |    76.0 | 0,00 | mscpb2.txt |1,6e+03 |
| 2 |    1 | 5000 |   35 |       0.25 |1585338073171 |      76 |  1505.0 |1880,26 | mscpb2.txt |0,012 |
| 2 |  100 | 5000 |   35 |       0.45 |1585338073171 |      76 |   111.0 |46,05 | mscpb2.txt |  3,0 |
| 2 |  200 | 5000 |   35 | 0.34285715 |1585338073171 |      76 |   106.0 |39,47 | mscpb2.txt |   13 |
| 2 |  300 | 5000 |   40 |       0.45 |1585338073171 |      76 |    87.0 |14,47 | mscpb2.txt |   49 |
| 2 |  400 | 5000 |   40 |       0.45 |1585338073171 |      76 |    84.0 |10,53 | mscpb2.txt |   91 |
| 2 |  500 | 5000 |   40 |      0.425 |1585338073171 |      76 |    84.0 |10,53 | mscpb2.txt |1,3e+02 |
| 2 |  600 | 5000 |   40 |       0.45 |1585338073171 |      76 |    82.0 | 7,89 | mscpb2.txt |1,8e+02 |
| 2 |  700 | 5000 |   45 |       0.45 |1585338073171 |      76 |    81.0 | 6,58 | mscpb2.txt |2,3e+02 |
| 2 |  800 | 5000 |   45 | 0.42222223 |1585338073171 |      76 |    81.0 | 6,58 | mscpb2.txt |2,8e+02 |
| 2 |  900 | 5000 |   45 | 0.44444445 |1585338073171 |      76 |    81.0 | 6,58 | mscpb2.txt |3,3e+02 |
| 2 | 1000 | 5000 |   45 | 0.44444445 |1585338073171 |      76 |    81.0 | 6,58 | mscpb2.txt |3,8e+02 |
| 2 | 1100 | 5000 |   50 |       0.45 |1585338073171 |      76 |    80.0 | 5,26 | mscpb2.txt |4,5e+02 |
| 2 | 1200 | 5000 |   50 |       0.45 |1585338073171 |      76 |    80.0 | 5,26 | mscpb2.txt |5,1e+02 |
| 2 | 1300 | 5000 |   50 |       0.45 |1585338073171 |      76 |    80.0 | 5,26 | mscpb2.txt |5,7e+02 |
| 2 | 1400 | 5000 |   50 |       0.44 |1585338073171 |      76 |    80.0 | 5,26 | mscpb2.txt |6,3e+02 |
| 2 | 1500 | 5000 |   55 |       0.45 |1585338073171 |      76 |    80.0 | 5,26 | mscpb2.txt |7,0e+02 |
| 2 | 1600 | 5000 |   55 |       0.45 |1585338073171 |      76 |    80.0 | 5,26 | mscpb2.txt |7,6e+02 |
| 2 | 1700 | 5000 |   55 |       0.45 |1585338073171 |      76 |    80.0 | 5,26 | mscpb2.txt |8,3e+02 |
| 2 | 1800 | 5000 |   55 |       0.45 |1585338073171 |      76 |    80.0 | 5,26 | mscpb2.txt |9,0e+02 |
| 2 | 1900 | 5000 |   60 |       0.45 |1585338073171 |      76 |    80.0 | 5,26 | mscpb2.txt |9,8e+02 |
| 2 | 2000 | 5000 |   60 |       0.45 |1585338073171 |      76 |    80.0 | 5,26 | mscpb2.txt |1,1e+03 |
| 2 | 2100 | 5000 |   60 |       0.45 |1585338073171 |      76 |    80.0 | 5,26 | mscpb2.txt |1,1e+03 |
| 2 | 2200 | 5000 |   60 |       0.45 |1585338073171 |      76 |    80.0 | 5,26 | mscpb2.txt |1,2e+03 |
| 2 | 2300 | 5000 |   65 | 0.41538462 |1585338073171 |      76 |    80.0 | 5,26 | mscpb2.txt |1,3e+03 |
| 2 | 2400 | 5000 |   65 |        0.4 |1585338073171 |      76 |    80.0 | 5,26 | mscpb2.txt |1,3e+03 |
| 2 | 2500 | 5000 |   65 |       0.45 |1585338073171 |      76 |    80.0 | 5,26 | mscpb2.txt |1,3e+03 |
| 2 | 2600 | 5000 |   65 |       0.45 |1585338073171 |      76 |    80.0 | 5,26 | mscpb2.txt |1,4e+03 |
| 2 | 2700 | 5000 |   70 |       0.45 |1585338073171 |      76 |    80.0 | 5,26 | mscpb2.txt |1,4e+03 |
| 2 | 2800 | 5000 |   70 |       0.45 |1585338073171 |      76 |    80.0 | 5,26 | mscpb2.txt |1,4e+03 |
| 2 | 2900 | 5000 |   70 |       0.45 |1585338073171 |      76 |    80.0 | 5,26 | mscpb2.txt |1,4e+03 |
| 2 | 3000 | 5000 |   70 |       0.45 |1585338073171 |      76 |    80.0 | 5,26 | mscpb2.txt |1,4e+03 |
| 2 | 3100 | 5000 |   75 |       0.45 |1585338073171 |      76 |    80.0 | 5,26 | mscpb2.txt |1,5e+03 |
| 2 | 3200 | 5000 |   75 |       0.45 |1585338073171 |      76 |    80.0 | 5,26 | mscpb2.txt |1,5e+03 |
| 2 | 3300 | 5000 |   75 |       0.45 |1585338073171 |      76 |    80.0 | 5,26 | mscpb2.txt |1,5e+03 |
| 2 | 3400 | 5000 |   75 |       0.45 |1585338073171 |      76 |    80.0 | 5,26 | mscpb2.txt |1,5e+03 |
| 2 | 3500 | 5000 |   80 |       0.45 |1585338073171 |      76 |    80.0 | 5,26 | mscpb2.txt |1,5e+03 |
| 2 | 3600 | 5000 |   80 |       0.45 |1585338073171 |      76 |    80.0 | 5,26 | mscpb2.txt |1,6e+03 |
| 2 | 3700 | 5000 |   80 |       0.45 |1585338073171 |      76 |    80.0 | 5,26 | mscpb2.txt |1,6e+03 |
| 2 | 3800 | 5000 |   80 |       0.45 |1585338073171 |      76 |    80.0 | 5,26 | mscpb2.txt |1,6e+03 |
| 2 | 3900 | 5000 |   85 |       0.45 |1585338073171 |      76 |    80.0 | 5,26 | mscpb2.txt |1,6e+03 |
| 2 | 4000 | 5000 |   85 |       0.45 |1585338073171 |      76 |    80.0 | 5,26 | mscpb2.txt |1,6e+03 |
| 2 | 4100 | 5000 |   85 |       0.45 |1585338073171 |      76 |    80.0 | 5,26 | mscpb2.txt |1,6e+03 |
| 2 | 4200 | 5000 |   85 |       0.45 |1585338073171 |      76 |    80.0 | 5,26 | mscpb2.txt |1,6e+03 |
| 2 | 4300 | 5000 |   90 |       0.45 |1585338073171 |      76 |    80.0 | 5,26 | mscpb2.txt |1,6e+03 |
| 2 | 4400 | 5000 |   90 |       0.45 |1585338073171 |      76 |    80.0 | 5,26 | mscpb2.txt |1,6e+03 |
| 2 | 4500 | 5000 |   90 |       0.45 |1585338073171 |      76 |    80.0 | 5,26 | mscpb2.txt |1,7e+03 |
| 2 | 4600 | 5000 |   90 |       0.45 |1585338073171 |      76 |    80.0 | 5,26 | mscpb2.txt |1,7e+03 |
| 2 | 4700 | 5000 |   95 |       0.45 |1585338073171 |      76 |    80.0 | 5,26 | mscpb2.txt |1,7e+03 |
| 2 | 4800 | 5000 |   95 |       0.45 |1585338073171 |      76 |    80.0 | 5,26 | mscpb2.txt |1,7e+03 |
| 2 | 4900 | 5000 |   95 |       0.45 |1585338073171 |      76 |    80.0 | 5,26 | mscpb2.txt |1,7e+03 |
| 2 | 5000 | 5000 |   95 |       0.45 |1585338073171 |      76 |    80.0 | 5,26 | mscpb2.txt |1,8e+03 |
| 2 |  300 | 5000 |  100 |       0.45 |1585338073171 |      76 |    80.0 | 5,26 | mscpb2.txt |1,8e+03 |
| 3 |    1 | 5000 |   35 |       0.25 |1585339824235 |      76 |  1713.0 |2153,95 | mscpb2.txt |0,0060 |
| 3 |  100 | 5000 |   35 | 0.37142858 |1585339824235 |      76 |   123.0 |61,84 | mscpb2.txt | 0,84 |
| 3 |  200 | 5000 |   35 |       0.45 |1585339824235 |      76 |   111.0 |46,05 | mscpb2.txt |  6,1 |
| 3 |  300 | 5000 |   35 |       0.45 |1585339824235 |      76 |   111.0 |46,05 | mscpb2.txt |   14 |
| 3 |  400 | 5000 |   35 |       0.45 |1585339824235 |      76 |   100.0 |31,58 | mscpb2.txt |   24 |
| 3 |  500 | 5000 |   40 |       0.45 |1585339824235 |      76 |    87.0 |14,47 | mscpb2.txt |   59 |
| 3 |  600 | 5000 |   40 |       0.45 |1585339824235 |      76 |    87.0 |14,47 | mscpb2.txt |   94 |
| 3 |  700 | 5000 |   40 |       0.45 |1585339824235 |      76 |    86.0 |13,16 | mscpb2.txt |1,3e+02 |
| 3 |  800 | 5000 |   40 |       0.45 |1585339824235 |      76 |    85.0 |11,84 | mscpb2.txt |1,7e+02 |
| 3 |  900 | 5000 |   45 |       0.45 |1585339824235 |      76 |    85.0 |11,84 | mscpb2.txt |2,1e+02 |
| 3 | 1000 | 5000 |   45 |       0.45 |1585339824235 |      76 |    85.0 |11,84 | mscpb2.txt |2,5e+02 |
| 3 | 1100 | 5000 |   45 |       0.45 |1585339824235 |      76 |    83.0 | 9,21 | mscpb2.txt |2,9e+02 |
| 3 | 1200 | 5000 |   45 |       0.45 |1585339824235 |      76 |    83.0 | 9,21 | mscpb2.txt |3,3e+02 |
| 3 | 1300 | 5000 |   50 |       0.45 |1585339824235 |      76 |    81.0 | 6,58 | mscpb2.txt |3,8e+02 |
| 3 | 1400 | 5000 |   50 |       0.45 |1585339824235 |      76 |    81.0 | 6,58 | mscpb2.txt |4,3e+02 |
| 3 | 1500 | 5000 |   50 |       0.45 |1585339824235 |      76 |    81.0 | 6,58 | mscpb2.txt |4,9e+02 |
| 3 | 1600 | 5000 |   50 |       0.45 |1585339824235 |      76 |    81.0 | 6,58 | mscpb2.txt |5,5e+02 |
| 3 | 1700 | 5000 |   55 |       0.45 |1585339824235 |      76 |    81.0 | 6,58 | mscpb2.txt |6,1e+02 |
| 3 | 1800 | 5000 |   55 |       0.45 |1585339824235 |      76 |    81.0 | 6,58 | mscpb2.txt |6,8e+02 |
| 3 | 1900 | 5000 |   55 |       0.45 |1585339824235 |      76 |    78.0 | 2,63 | mscpb2.txt |7,4e+02 |
| 3 | 2000 | 5000 |   55 |       0.45 |1585339824235 |      76 |    78.0 | 2,63 | mscpb2.txt |8,0e+02 |
| 3 | 2100 | 5000 |   60 |       0.45 |1585339824235 |      76 |    78.0 | 2,63 | mscpb2.txt |8,7e+02 |
| 3 | 2200 | 5000 |   60 |       0.45 |1585339824235 |      76 |    78.0 | 2,63 | mscpb2.txt |9,4e+02 |
| 3 | 2300 | 5000 |   60 |       0.45 |1585339824235 |      76 |    78.0 | 2,63 | mscpb2.txt |1,0e+03 |
| 3 | 2400 | 5000 |   60 |       0.45 |1585339824235 |      76 |    78.0 | 2,63 | mscpb2.txt |1,1e+03 |
| 3 | 2500 | 5000 |   65 |       0.45 |1585339824235 |      76 |    78.0 | 2,63 | mscpb2.txt |1,2e+03 |
| 3 | 2600 | 5000 |   65 |       0.45 |1585339824235 |      76 |    78.0 | 2,63 | mscpb2.txt |1,2e+03 |
| 3 | 2700 | 5000 |   65 |       0.45 |1585339824235 |      76 |    78.0 | 2,63 | mscpb2.txt |1,3e+03 |
| 3 | 2800 | 5000 |   65 |       0.45 |1585339824235 |      76 |    77.0 | 1,32 | mscpb2.txt |1,4e+03 |
| 3 | 2900 | 5000 |   70 |       0.45 |1585339824235 |      76 |    77.0 | 1,32 | mscpb2.txt |1,5e+03 |
| 3 | 3000 | 5000 |   70 |       0.45 |1585339824235 |      76 |    77.0 | 1,32 | mscpb2.txt |1,6e+03 |
| 3 | 3100 | 5000 |   70 |       0.45 |1585339824235 |      76 |    77.0 | 1,32 | mscpb2.txt |1,6e+03 |
| 3 | 3200 | 5000 |   70 |       0.45 |1585339824235 |      76 |    77.0 | 1,32 | mscpb2.txt |1,7e+03 |
| 3 | 3300 | 5000 |   75 |       0.45 |1585339824235 |      76 |    77.0 | 1,32 | mscpb2.txt |1,8e+03 |
| 3 | 3400 | 5000 |   75 |       0.45 |1585339824235 |      76 |    77.0 | 1,32 | mscpb2.txt |1,9e+03 |
| 3 | 3500 | 5000 |   75 |       0.45 |1585339824235 |      76 |    77.0 | 1,32 | mscpb2.txt |2,0e+03 |
| 3 | 3600 | 5000 |   75 |       0.45 |1585339824235 |      76 |    77.0 | 1,32 | mscpb2.txt |2,1e+03 |
| 3 | 3700 | 5000 |   80 |      0.425 |1585339824235 |      76 |    77.0 | 1,32 | mscpb2.txt |2,2e+03 |
| 3 | 3800 | 5000 |   80 |      0.425 |1585339824235 |      76 |    77.0 | 1,32 | mscpb2.txt |2,3e+03 |
| 3 | 3900 | 5000 |   80 |      0.425 |1585339824235 |      76 |    77.0 | 1,32 | mscpb2.txt |2,4e+03 |
| 3 | 4000 | 5000 |   80 |      0.425 |1585339824235 |      76 |    77.0 | 1,32 | mscpb2.txt |2,5e+03 |
| 3 | 4100 | 5000 |   85 |        0.4 |1585339824235 |      76 |    77.0 | 1,32 | mscpb2.txt |2,6e+03 |
| 3 | 4200 | 5000 |   85 |        0.4 |1585339824235 |      76 |    77.0 | 1,32 | mscpb2.txt |2,7e+03 |
| 3 | 4300 | 5000 |   85 |        0.4 |1585339824235 |      76 |    77.0 | 1,32 | mscpb2.txt |2,8e+03 |
| 3 | 4400 | 5000 |   85 |        0.4 |1585339824235 |      76 |    77.0 | 1,32 | mscpb2.txt |2,9e+03 |
| 3 | 4500 | 5000 |   90 | 0.37777779 |1585339824235 |      76 |    77.0 | 1,32 | mscpb2.txt |3,0e+03 |
| 3 | 4600 | 5000 |   90 | 0.37777779 |1585339824235 |      76 |    77.0 | 1,32 | mscpb2.txt |3,1e+03 |
| 3 | 4700 | 5000 |   90 | 0.37777779 |1585339824235 |      76 |    77.0 | 1,32 | mscpb2.txt |3,2e+03 |
| 3 | 4800 | 5000 |   90 | 0.37777779 |1585339824235 |      76 |    77.0 | 1,32 | mscpb2.txt |3,3e+03 |
| 3 | 4900 | 5000 |   95 | 0.35789475 |1585339824235 |      76 |    77.0 | 1,32 | mscpb2.txt |3,4e+03 |
| 3 | 5000 | 5000 |   95 | 0.35789475 |1585339824235 |      76 |    77.0 | 1,32 | mscpb2.txt |3,5e+03 |
| 3 |  300 | 5000 |   95 | 0.35789475 |1585339824235 |      76 |    77.0 | 1,32 | mscpb2.txt |3,5e+03 |
| 4 |    1 | 5000 |   35 |       0.25 |1585343349815 |      76 |  1657.0 |2080,26 | mscpb2.txt |0,0070 |
| 4 |  100 | 5000 |   35 |       0.45 |1585343349815 |      76 |   148.0 |94,74 | mscpb2.txt |  1,2 |
| 4 |  200 | 5000 |   35 | 0.42857143 |1585343349815 |      76 |   113.0 |48,68 | mscpb2.txt |  3,1 |
| 4 |  300 | 5000 |   40 |       0.45 |1585343349815 |      76 |    88.0 |15,79 | mscpb2.txt |   34 |
| 4 |  400 | 5000 |   40 |       0.45 |1585343349815 |      76 |    88.0 |15,79 | mscpb2.txt |   69 |
| 4 |  500 | 5000 |   40 |       0.45 |1585343349815 |      76 |    88.0 |15,79 | mscpb2.txt |1,0e+02 |
| 4 |  600 | 5000 |   40 |       0.35 |1585343349815 |      76 |    88.0 |15,79 | mscpb2.txt |1,3e+02 |
| 4 |  700 | 5000 |   45 | 0.44444445 |1585343349815 |      76 |    88.0 |15,79 | mscpb2.txt |1,5e+02 |
| 4 |  800 | 5000 |   45 | 0.44444445 |1585343349815 |      76 |    88.0 |15,79 | mscpb2.txt |1,7e+02 |
| 4 |  900 | 5000 |   45 |       0.45 |1585343349815 |      76 |    88.0 |15,79 | mscpb2.txt |1,9e+02 |
| 4 | 1000 | 5000 |   45 |       0.45 |1585343349815 |      76 |    88.0 |15,79 | mscpb2.txt |2,0e+02 |
| 4 | 1100 | 5000 |   50 |       0.45 |1585343349815 |      76 |    88.0 |15,79 | mscpb2.txt |2,2e+02 |
| 4 | 1200 | 5000 |   50 |       0.45 |1585343349815 |      76 |    88.0 |15,79 | mscpb2.txt |2,4e+02 |
| 4 | 1300 | 5000 |   50 |       0.45 |1585343349815 |      76 |    88.0 |15,79 | mscpb2.txt |2,6e+02 |
| 4 | 1400 | 5000 |   50 |       0.45 |1585343349815 |      76 |    88.0 |15,79 | mscpb2.txt |2,8e+02 |
| 4 | 1500 | 5000 |   55 |       0.45 |1585343349815 |      76 |    88.0 |15,79 | mscpb2.txt |2,9e+02 |
| 4 | 1600 | 5000 |   55 |       0.45 |1585343349815 |      76 |    88.0 |15,79 | mscpb2.txt |3,1e+02 |
| 4 | 1700 | 5000 |   55 |       0.45 |1585343349815 |      76 |    88.0 |15,79 | mscpb2.txt |3,2e+02 |
| 4 | 1800 | 5000 |   55 |       0.45 |1585343349815 |      76 |    87.0 |14,47 | mscpb2.txt |3,4e+02 |
| 4 | 1900 | 5000 |   60 |       0.45 |1585343349815 |      76 |    87.0 |14,47 | mscpb2.txt |3,6e+02 |
| 4 | 2000 | 5000 |   60 |       0.45 |1585343349815 |      76 |    87.0 |14,47 | mscpb2.txt |3,7e+02 |
| 4 | 2100 | 5000 |   60 |       0.45 |1585343349815 |      76 |    87.0 |14,47 | mscpb2.txt |3,8e+02 |
| 4 | 2200 | 5000 |   60 |       0.45 |1585343349815 |      76 |    87.0 |14,47 | mscpb2.txt |4,0e+02 |
| 4 | 2300 | 5000 |   65 |       0.45 |1585343349815 |      76 |    87.0 |14,47 | mscpb2.txt |4,1e+02 |
| 4 | 2400 | 5000 |   65 |       0.45 |1585343349815 |      76 |    87.0 |14,47 | mscpb2.txt |4,2e+02 |
| 4 | 2500 | 5000 |   65 |       0.45 |1585343349815 |      76 |    87.0 |14,47 | mscpb2.txt |4,3e+02 |
| 4 | 2600 | 5000 |   65 |       0.45 |1585343349815 |      76 |    87.0 |14,47 | mscpb2.txt |4,5e+02 |
| 4 | 2700 | 5000 |   70 |       0.45 |1585343349815 |      76 |    87.0 |14,47 | mscpb2.txt |4,6e+02 |
| 4 | 2800 | 5000 |   70 |       0.45 |1585343349815 |      76 |    87.0 |14,47 | mscpb2.txt |4,8e+02 |
| 4 | 2900 | 5000 |   70 |       0.45 |1585343349815 |      76 |    87.0 |14,47 | mscpb2.txt |5,0e+02 |
| 4 | 3000 | 5000 |   70 |       0.45 |1585343349815 |      76 |    87.0 |14,47 | mscpb2.txt |5,1e+02 |
| 4 | 3100 | 5000 |   75 |       0.45 |1585343349815 |      76 |    87.0 |14,47 | mscpb2.txt |5,4e+02 |
| 4 | 3200 | 5000 |   75 |       0.45 |1585343349815 |      76 |    87.0 |14,47 | mscpb2.txt |5,6e+02 |
| 4 | 3300 | 5000 |   75 |       0.45 |1585343349815 |      76 |    87.0 |14,47 | mscpb2.txt |5,8e+02 |
| 4 | 3400 | 5000 |   75 |       0.45 |1585343349815 |      76 |    87.0 |14,47 | mscpb2.txt |6,1e+02 |
| 4 | 3500 | 5000 |   80 |       0.45 |1585343349815 |      76 |    87.0 |14,47 | mscpb2.txt |6,5e+02 |
| 4 | 3600 | 5000 |   80 |       0.45 |1585343349815 |      76 |    87.0 |14,47 | mscpb2.txt |6,9e+02 |
| 4 | 3700 | 5000 |   80 |       0.45 |1585343349815 |      76 |    87.0 |14,47 | mscpb2.txt |7,3e+02 |
| 4 | 3800 | 5000 |   80 |       0.45 |1585343349815 |      76 |    87.0 |14,47 | mscpb2.txt |7,7e+02 |
| 4 | 3900 | 5000 |   85 |       0.45 |1585343349815 |      76 |    87.0 |14,47 | mscpb2.txt |8,2e+02 |
| 4 | 4000 | 5000 |   85 |       0.45 |1585343349815 |      76 |    87.0 |14,47 | mscpb2.txt |8,6e+02 |
| 4 | 4100 | 5000 |   85 |       0.45 |1585343349815 |      76 |    87.0 |14,47 | mscpb2.txt |9,1e+02 |
| 4 | 4200 | 5000 |   85 |       0.45 |1585343349815 |      76 |    87.0 |14,47 | mscpb2.txt |9,5e+02 |
| 4 | 4300 | 5000 |   90 |       0.45 |1585343349815 |      76 |    87.0 |14,47 | mscpb2.txt |9,9e+02 |
| 4 | 4400 | 5000 |   90 |       0.45 |1585343349815 |      76 |    87.0 |14,47 | mscpb2.txt |1,0e+03 |
| 4 | 4500 | 5000 |   90 |       0.45 |1585343349815 |      76 |    87.0 |14,47 | mscpb2.txt |1,1e+03 |
| 4 | 4600 | 5000 |   90 |       0.45 |1585343349815 |      76 |    87.0 |14,47 | mscpb2.txt |1,1e+03 |
| 4 | 4700 | 5000 |   95 |       0.45 |1585343349815 |      76 |    87.0 |14,47 | mscpb2.txt |1,2e+03 |
| 4 | 4800 | 5000 |   95 |       0.45 |1585343349815 |      76 |    87.0 |14,47 | mscpb2.txt |1,2e+03 |
| 4 | 4900 | 5000 |   95 |       0.45 |1585343349815 |      76 |    87.0 |14,47 | mscpb2.txt |1,3e+03 |
| 4 | 5000 | 5000 |   95 |       0.45 |1585343349815 |      76 |    87.0 |14,47 | mscpb2.txt |1,3e+03 |
| 4 |  300 | 5000 |  100 |       0.45 |1585343349815 |      76 |    87.0 |14,47 | mscpb2.txt |1,3e+03 |
| 5 |    1 | 5000 |   35 |       0.25 |1585344658644 |      76 |  1789.0 |2253,95 | mscpb2.txt |0,0050 |
| 5 |  100 | 5000 |   35 | 0.31428573 |1585344658644 |      76 |   122.0 |60,53 | mscpb2.txt |  1,6 |
| 5 |  200 | 5000 |   35 |       0.45 |1585344658644 |      76 |   111.0 |46,05 | mscpb2.txt |  8,5 |
| 5 |  300 | 5000 |   35 |       0.45 |1585344658644 |      76 |   105.0 |38,16 | mscpb2.txt |   20 |
| 5 |  400 | 5000 |   35 |       0.45 |1585344658644 |      76 |   104.0 |36,84 | mscpb2.txt |   34 |
| 5 |  500 | 5000 |   40 |       0.45 |1585344658644 |      76 |    90.0 |18,42 | mscpb2.txt |   69 |
| 5 |  600 | 5000 |   40 |       0.45 |1585344658644 |      76 |    90.0 |18,42 | mscpb2.txt |1,0e+02 |
| 5 |  700 | 5000 |   40 |       0.25 |1585344658644 |      76 |    85.0 |11,84 | mscpb2.txt |1,3e+02 |
| 5 |  800 | 5000 |   40 |       0.25 |1585344658644 |      76 |    85.0 |11,84 | mscpb2.txt |1,6e+02 |
| 5 |  900 | 5000 |   45 |       0.45 |1585344658644 |      76 |    85.0 |11,84 | mscpb2.txt |1,9e+02 |
| 5 | 1000 | 5000 |   45 | 0.44444445 |1585344658644 |      76 |    85.0 |11,84 | mscpb2.txt |2,2e+02 |
| 5 | 1100 | 5000 |   45 |       0.45 |1585344658644 |      76 |    84.0 |10,53 | mscpb2.txt |2,5e+02 |
| 5 | 1200 | 5000 |   45 |       0.45 |1585344658644 |      76 |    84.0 |10,53 | mscpb2.txt |2,8e+02 |
| 5 | 1300 | 5000 |   50 |       0.45 |1585344658644 |      76 |    84.0 |10,53 | mscpb2.txt |3,2e+02 |
| 5 | 1400 | 5000 |   50 |       0.45 |1585344658644 |      76 |    82.0 | 7,89 | mscpb2.txt |3,6e+02 |
| 5 | 1500 | 5000 |   50 |       0.45 |1585344658644 |      76 |    82.0 | 7,89 | mscpb2.txt |3,9e+02 |
| 5 | 1600 | 5000 |   50 |       0.45 |1585344658644 |      76 |    82.0 | 7,89 | mscpb2.txt |4,3e+02 |
| 5 | 1700 | 5000 |   55 |       0.45 |1585344658644 |      76 |    82.0 | 7,89 | mscpb2.txt |4,7e+02 |
| 5 | 1800 | 5000 |   55 |       0.45 |1585344658644 |      76 |    82.0 | 7,89 | mscpb2.txt |5,2e+02 |
| 5 | 1900 | 5000 |   55 |       0.45 |1585344658644 |      76 |    82.0 | 7,89 | mscpb2.txt |5,6e+02 |
| 5 | 2000 | 5000 |   55 |       0.45 |1585344658644 |      76 |    82.0 | 7,89 | mscpb2.txt |6,1e+02 |
| 5 | 2100 | 5000 |   60 |       0.45 |1585344658644 |      76 |    81.0 | 6,58 | mscpb2.txt |6,7e+02 |
| 5 | 2200 | 5000 |   60 |       0.45 |1585344658644 |      76 |    81.0 | 6,58 | mscpb2.txt |7,4e+02 |
| 5 | 2300 | 5000 |   60 |       0.45 |1585344658644 |      76 |    81.0 | 6,58 | mscpb2.txt |8,0e+02 |
| 5 | 2400 | 5000 |   60 |       0.45 |1585344658644 |      76 |    81.0 | 6,58 | mscpb2.txt |8,7e+02 |
| 5 | 2500 | 5000 |   65 |       0.45 |1585344658644 |      76 |    81.0 | 6,58 | mscpb2.txt |9,4e+02 |
| 5 | 2600 | 5000 |   65 |       0.45 |1585344658644 |      76 |    79.0 | 3,95 | mscpb2.txt |1,0e+03 |
| 5 | 2700 | 5000 |   65 |       0.45 |1585344658644 |      76 |    79.0 | 3,95 | mscpb2.txt |1,0e+03 |
| 5 | 2800 | 5000 |   65 |       0.45 |1585344658644 |      76 |    79.0 | 3,95 | mscpb2.txt |1,1e+03 |
| 5 | 2900 | 5000 |   70 |       0.45 |1585344658644 |      76 |    79.0 | 3,95 | mscpb2.txt |1,2e+03 |
| 5 | 3000 | 5000 |   70 |       0.45 |1585344658644 |      76 |    79.0 | 3,95 | mscpb2.txt |1,2e+03 |
| 5 | 3100 | 5000 |   70 |       0.45 |1585344658644 |      76 |    79.0 | 3,95 | mscpb2.txt |1,3e+03 |
| 5 | 3200 | 5000 |   70 |       0.45 |1585344658644 |      76 |    79.0 | 3,95 | mscpb2.txt |1,3e+03 |
| 5 | 3300 | 5000 |   75 |       0.45 |1585344658644 |      76 |    79.0 | 3,95 | mscpb2.txt |1,4e+03 |
| 5 | 3400 | 5000 |   75 |       0.45 |1585344658644 |      76 |    79.0 | 3,95 | mscpb2.txt |1,5e+03 |
| 5 | 3500 | 5000 |   75 |       0.45 |1585344658644 |      76 |    79.0 | 3,95 | mscpb2.txt |1,5e+03 |
| 5 | 3600 | 5000 |   75 |       0.45 |1585344658644 |      76 |    79.0 | 3,95 | mscpb2.txt |1,6e+03 |
| 5 | 3700 | 5000 |   80 |       0.45 |1585344658644 |      76 |    79.0 | 3,95 | mscpb2.txt |1,7e+03 |
| 5 | 3800 | 5000 |   80 |       0.45 |1585344658644 |      76 |    79.0 | 3,95 | mscpb2.txt |1,8e+03 |
| 5 | 3900 | 5000 |   80 |       0.45 |1585344658644 |      76 |    79.0 | 3,95 | mscpb2.txt |1,8e+03 |
| 5 | 4000 | 5000 |   80 |       0.45 |1585344658644 |      76 |    79.0 | 3,95 | mscpb2.txt |1,9e+03 |
| 5 | 4100 | 5000 |   85 | 0.43529412 |1585344658644 |      76 |    79.0 | 3,95 | mscpb2.txt |2,0e+03 |
| 5 | 4200 | 5000 |   85 | 0.43529412 |1585344658644 |      76 |    79.0 | 3,95 | mscpb2.txt |2,1e+03 |
| 5 | 4300 | 5000 |   85 | 0.43529412 |1585344658644 |      76 |    79.0 | 3,95 | mscpb2.txt |2,1e+03 |
| 5 | 4400 | 5000 |   85 | 0.43529412 |1585344658644 |      76 |    79.0 | 3,95 | mscpb2.txt |2,2e+03 |
| 5 | 4500 | 5000 |   90 | 0.41111112 |1585344658644 |      76 |    79.0 | 3,95 | mscpb2.txt |2,3e+03 |
| 5 | 4600 | 5000 |   90 | 0.41111112 |1585344658644 |      76 |    79.0 | 3,95 | mscpb2.txt |2,4e+03 |
| 5 | 4700 | 5000 |   90 | 0.41111112 |1585344658644 |      76 |    79.0 | 3,95 | mscpb2.txt |2,5e+03 |
| 5 | 4800 | 5000 |   90 | 0.41111112 |1585344658644 |      76 |    79.0 | 3,95 | mscpb2.txt |2,6e+03 |
| 5 | 4900 | 5000 |   95 | 0.38947368 |1585344658644 |      76 |    79.0 | 3,95 | mscpb2.txt |2,6e+03 |
| 5 | 5000 | 5000 |   95 | 0.38947368 |1585344658644 |      76 |    79.0 | 3,95 | mscpb2.txt |2,7e+03 |
| 5 |  300 | 5000 |   95 | 0.38947368 |1585344658644 |      76 |    79.0 | 3,95 | mscpb2.txt |2,7e+03 |
| 6 |    1 | 5000 |   35 |       0.25 |1585347397800 |      76 |  1740.0 |2189,47 | mscpb2.txt |0,0050 |
| 6 |  100 | 5000 |   35 |       0.45 |1585347397800 |      76 |   135.0 |77,63 | mscpb2.txt |  1,9 |
| 6 |  200 | 5000 |   35 |       0.45 |1585347397800 |      76 |   115.0 |51,32 | mscpb2.txt |  6,9 |
| 6 |  300 | 5000 |   40 |       0.45 |1585347397800 |      76 |    90.0 |18,42 | mscpb2.txt |   34 |
| 6 |  400 | 5000 |   40 |       0.45 |1585347397800 |      76 |    85.0 |11,84 | mscpb2.txt |   64 |
| 6 |  500 | 5000 |   40 |       0.45 |1585347397800 |      76 |    85.0 |11,84 | mscpb2.txt |   93 |
| 6 |  600 | 5000 |   40 |       0.45 |1585347397800 |      76 |    85.0 |11,84 | mscpb2.txt |1,2e+02 |
| 6 |  700 | 5000 |   45 |       0.45 |1585347397800 |      76 |    85.0 |11,84 | mscpb2.txt |1,6e+02 |
| 6 |  800 | 5000 |   45 |       0.45 |1585347397800 |      76 |    85.0 |11,84 | mscpb2.txt |2,0e+02 |
| 6 |  900 | 5000 |   45 |       0.45 |1585347397800 |      76 |    83.0 | 9,21 | mscpb2.txt |2,3e+02 |
| 6 | 1000 | 5000 |   45 |       0.45 |1585347397800 |      76 |    83.0 | 9,21 | mscpb2.txt |2,5e+02 |
| 6 | 1100 | 5000 |   50 |       0.45 |1585347397800 |      76 |    82.0 | 7,89 | mscpb2.txt |2,9e+02 |
| 6 | 1200 | 5000 |   50 |       0.45 |1585347397800 |      76 |    82.0 | 7,89 | mscpb2.txt |3,2e+02 |
| 6 | 1300 | 5000 |   50 |       0.45 |1585347397800 |      76 |    82.0 | 7,89 | mscpb2.txt |3,6e+02 |
| 6 | 1400 | 5000 |   50 |       0.45 |1585347397800 |      76 |    82.0 | 7,89 | mscpb2.txt |3,9e+02 |
| 6 | 1500 | 5000 |   55 |       0.45 |1585347397800 |      76 |    80.0 | 5,26 | mscpb2.txt |4,3e+02 |
| 6 | 1600 | 5000 |   55 |       0.45 |1585347397800 |      76 |    80.0 | 5,26 | mscpb2.txt |4,7e+02 |
| 6 | 1700 | 5000 |   55 |       0.45 |1585347397800 |      76 |    80.0 | 5,26 | mscpb2.txt |5,1e+02 |
| 6 | 1800 | 5000 |   55 |       0.45 |1585347397800 |      76 |    80.0 | 5,26 | mscpb2.txt |5,5e+02 |
| 6 | 1900 | 5000 |   60 |       0.45 |1585347397800 |      76 |    80.0 | 5,26 | mscpb2.txt |6,0e+02 |
| 6 | 2000 | 5000 |   60 |       0.45 |1585347397800 |      76 |    80.0 | 5,26 | mscpb2.txt |6,4e+02 |
| 6 | 2100 | 5000 |   60 |       0.45 |1585347397800 |      76 |    80.0 | 5,26 | mscpb2.txt |6,9e+02 |
| 6 | 2200 | 5000 |   60 |       0.45 |1585347397800 |      76 |    80.0 | 5,26 | mscpb2.txt |7,4e+02 |
| 6 | 2300 | 5000 |   65 |       0.45 |1585347397800 |      76 |    80.0 | 5,26 | mscpb2.txt |7,9e+02 |
| 6 | 2400 | 5000 |   65 |       0.45 |1585347397800 |      76 |    80.0 | 5,26 | mscpb2.txt |8,4e+02 |
| 6 | 2500 | 5000 |   65 |       0.45 |1585347397800 |      76 |    80.0 | 5,26 | mscpb2.txt |8,9e+02 |
| 6 | 2600 | 5000 |   65 |       0.45 |1585347397800 |      76 |    80.0 | 5,26 | mscpb2.txt |9,4e+02 |
| 6 | 2700 | 5000 |   70 |       0.45 |1585347397800 |      76 |    79.0 | 3,95 | mscpb2.txt |1,0e+03 |
| 6 | 2800 | 5000 |   70 |       0.45 |1585347397800 |      76 |    79.0 | 3,95 | mscpb2.txt |1,1e+03 |
| 6 | 2900 | 5000 |   70 |       0.45 |1585347397800 |      76 |    79.0 | 3,95 | mscpb2.txt |1,1e+03 |
| 6 | 3000 | 5000 |   70 |       0.45 |1585347397800 |      76 |    79.0 | 3,95 | mscpb2.txt |1,2e+03 |
| 6 | 3100 | 5000 |   75 |       0.45 |1585347397800 |      76 |    79.0 | 3,95 | mscpb2.txt |1,2e+03 |
| 6 | 3200 | 5000 |   75 |       0.45 |1585347397800 |      76 |    79.0 | 3,95 | mscpb2.txt |1,3e+03 |
| 6 | 3300 | 5000 |   75 |       0.45 |1585347397800 |      76 |    79.0 | 3,95 | mscpb2.txt |1,4e+03 |
| 6 | 3400 | 5000 |   75 |       0.45 |1585347397800 |      76 |    79.0 | 3,95 | mscpb2.txt |1,4e+03 |
| 6 | 3500 | 5000 |   80 |       0.45 |1585347397800 |      76 |    79.0 | 3,95 | mscpb2.txt |1,5e+03 |
| 6 | 3600 | 5000 |   80 |       0.45 |1585347397800 |      76 |    79.0 | 3,95 | mscpb2.txt |1,6e+03 |
| 6 | 3700 | 5000 |   80 |       0.45 |1585347397800 |      76 |    79.0 | 3,95 | mscpb2.txt |1,7e+03 |
| 6 | 3800 | 5000 |   80 |       0.45 |1585347397800 |      76 |    79.0 | 3,95 | mscpb2.txt |1,7e+03 |
| 6 | 3900 | 5000 |   85 |       0.45 |1585347397800 |      76 |    79.0 | 3,95 | mscpb2.txt |1,8e+03 |
| 6 | 4000 | 5000 |   85 |       0.45 |1585347397800 |      76 |    79.0 | 3,95 | mscpb2.txt |1,9e+03 |
| 6 | 4100 | 5000 |   85 |       0.45 |1585347397800 |      76 |    79.0 | 3,95 | mscpb2.txt |2,0e+03 |
| 6 | 4200 | 5000 |   85 |       0.45 |1585347397800 |      76 |    79.0 | 3,95 | mscpb2.txt |2,0e+03 |
| 6 | 4300 | 5000 |   90 | 0.43333334 |1585347397800 |      76 |    79.0 | 3,95 | mscpb2.txt |2,1e+03 |
| 6 | 4400 | 5000 |   90 | 0.43333334 |1585347397800 |      76 |    79.0 | 3,95 | mscpb2.txt |2,2e+03 |
| 6 | 4500 | 5000 |   90 | 0.43333334 |1585347397800 |      76 |    79.0 | 3,95 | mscpb2.txt |2,3e+03 |
| 6 | 4600 | 5000 |   90 | 0.43333334 |1585347397800 |      76 |    79.0 | 3,95 | mscpb2.txt |2,4e+03 |
| 6 | 4700 | 5000 |   95 |  0.4105263 |1585347397800 |      76 |    79.0 | 3,95 | mscpb2.txt |2,4e+03 |
| 6 | 4800 | 5000 |   95 |  0.4105263 |1585347397800 |      76 |    79.0 | 3,95 | mscpb2.txt |2,5e+03 |
| 6 | 4900 | 5000 |   95 |  0.4105263 |1585347397800 |      76 |    79.0 | 3,95 | mscpb2.txt |2,6e+03 |
| 6 | 5000 | 5000 |   95 |  0.4105263 |1585347397800 |      76 |    79.0 | 3,95 | mscpb2.txt |2,7e+03 |
| 6 |  300 | 5000 |  100 |  0.4105263 |1585347397800 |      76 |    79.0 | 3,95 | mscpb2.txt |2,7e+03 |
| 7 |    1 | 5000 |   35 |       0.25 |1585350107202 |      76 |  1689.0 |2122,37 | mscpb2.txt |0,0060 |
| 7 |  100 | 5000 |   35 | 0.25714287 |1585350107202 |      76 |   119.0 |56,58 | mscpb2.txt |  1,9 |
| 7 |  200 | 5000 |   35 |       0.45 |1585350107202 |      76 |   103.0 |35,53 | mscpb2.txt |  8,1 |
| 7 |  300 | 5000 |   35 |       0.45 |1585350107202 |      76 |    97.0 |27,63 | mscpb2.txt |   18 |
| 7 |  400 | 5000 |   35 |       0.45 |1585350107202 |      76 |    97.0 |27,63 | mscpb2.txt |   32 |
| 7 |  500 | 5000 |   40 |       0.45 |1585350107202 |      76 |    88.0 |15,79 | mscpb2.txt |   59 |
| 7 |  600 | 5000 |   40 |       0.45 |1585350107202 |      76 |    87.0 |14,47 | mscpb2.txt |   88 |
| 7 |  700 | 5000 |   40 |       0.45 |1585350107202 |      76 |    85.0 |11,84 | mscpb2.txt |1,2e+02 |
| 7 |  800 | 5000 |   40 |       0.45 |1585350107202 |      76 |    83.0 | 9,21 | mscpb2.txt |1,5e+02 |
| 7 |  900 | 5000 |   45 |       0.45 |1585350107202 |      76 |    83.0 | 9,21 | mscpb2.txt |1,9e+02 |
| 7 | 1000 | 5000 |   45 |       0.45 |1585350107202 |      76 |    81.0 | 6,58 | mscpb2.txt |2,2e+02 |
| 7 | 1100 | 5000 |   45 |       0.45 |1585350107202 |      76 |    81.0 | 6,58 | mscpb2.txt |2,6e+02 |
| 7 | 1200 | 5000 |   45 |       0.45 |1585350107202 |      76 |    81.0 | 6,58 | mscpb2.txt |2,9e+02 |
| 7 | 1300 | 5000 |   50 |       0.45 |1585350107202 |      76 |    81.0 | 6,58 | mscpb2.txt |3,4e+02 |
| 7 | 1400 | 5000 |   50 |       0.45 |1585350107202 |      76 |    79.0 | 3,95 | mscpb2.txt |3,8e+02 |
| 7 | 1500 | 5000 |   50 |       0.45 |1585350107202 |      76 |    79.0 | 3,95 | mscpb2.txt |4,2e+02 |
| 7 | 1600 | 5000 |   50 |       0.45 |1585350107202 |      76 |    79.0 | 3,95 | mscpb2.txt |4,7e+02 |
| 7 | 1700 | 5000 |   55 |       0.45 |1585350107202 |      76 |    79.0 | 3,95 | mscpb2.txt |5,2e+02 |
| 7 | 1800 | 5000 |   55 |       0.45 |1585350107202 |      76 |    79.0 | 3,95 | mscpb2.txt |5,7e+02 |
| 7 | 1900 | 5000 |   55 |       0.45 |1585350107202 |      76 |    79.0 | 3,95 | mscpb2.txt |6,2e+02 |
| 7 | 2000 | 5000 |   55 |       0.45 |1585350107202 |      76 |    79.0 | 3,95 | mscpb2.txt |6,6e+02 |
| 7 | 2100 | 5000 |   60 |       0.45 |1585350107202 |      76 |    79.0 | 3,95 | mscpb2.txt |7,2e+02 |
| 7 | 2200 | 5000 |   60 |       0.45 |1585350107202 |      76 |    79.0 | 3,95 | mscpb2.txt |7,8e+02 |
| 7 | 2300 | 5000 |   60 |       0.45 |1585350107202 |      76 |    79.0 | 3,95 | mscpb2.txt |8,3e+02 |
| 7 | 2400 | 5000 |   60 |       0.45 |1585350107202 |      76 |    79.0 | 3,95 | mscpb2.txt |8,9e+02 |
| 7 | 2500 | 5000 |   65 |       0.45 |1585350107202 |      76 |    79.0 | 3,95 | mscpb2.txt |9,5e+02 |
| 7 | 2600 | 5000 |   65 |       0.45 |1585350107202 |      76 |    79.0 | 3,95 | mscpb2.txt |1,0e+03 |
| 7 | 2700 | 5000 |   65 |       0.45 |1585350107202 |      76 |    79.0 | 3,95 | mscpb2.txt |1,1e+03 |
| 7 | 2800 | 5000 |   65 |       0.45 |1585350107202 |      76 |    79.0 | 3,95 | mscpb2.txt |1,1e+03 |
| 7 | 2900 | 5000 |   70 |       0.45 |1585350107202 |      76 |    79.0 | 3,95 | mscpb2.txt |1,2e+03 |
| 7 | 3000 | 5000 |   70 |       0.45 |1585350107202 |      76 |    79.0 | 3,95 | mscpb2.txt |1,3e+03 |
| 7 | 3100 | 5000 |   70 |       0.45 |1585350107202 |      76 |    79.0 | 3,95 | mscpb2.txt |1,3e+03 |
| 7 | 3200 | 5000 |   70 |       0.45 |1585350107202 |      76 |    79.0 | 3,95 | mscpb2.txt |1,4e+03 |
| 7 | 3300 | 5000 |   75 |       0.45 |1585350107202 |      76 |    79.0 | 3,95 | mscpb2.txt |1,5e+03 |
| 7 | 3400 | 5000 |   75 |       0.45 |1585350107202 |      76 |    79.0 | 3,95 | mscpb2.txt |1,6e+03 |
| 7 | 3500 | 5000 |   75 |       0.45 |1585350107202 |      76 |    79.0 | 3,95 | mscpb2.txt |1,6e+03 |
| 7 | 3600 | 5000 |   75 |       0.45 |1585350107202 |      76 |    79.0 | 3,95 | mscpb2.txt |1,7e+03 |
| 7 | 3700 | 5000 |   80 |      0.425 |1585350107202 |      76 |    79.0 | 3,95 | mscpb2.txt |1,8e+03 |
| 7 | 3800 | 5000 |   80 |      0.425 |1585350107202 |      76 |    79.0 | 3,95 | mscpb2.txt |1,9e+03 |
| 7 | 3900 | 5000 |   80 |      0.425 |1585350107202 |      76 |    79.0 | 3,95 | mscpb2.txt |1,9e+03 |
| 7 | 4000 | 5000 |   80 |      0.425 |1585350107202 |      76 |    79.0 | 3,95 | mscpb2.txt |2,0e+03 |
| 7 | 4100 | 5000 |   85 |        0.4 |1585350107202 |      76 |    79.0 | 3,95 | mscpb2.txt |2,1e+03 |
| 7 | 4200 | 5000 |   85 |        0.4 |1585350107202 |      76 |    79.0 | 3,95 | mscpb2.txt |2,2e+03 |
| 7 | 4300 | 5000 |   85 |        0.4 |1585350107202 |      76 |    79.0 | 3,95 | mscpb2.txt |2,3e+03 |
| 7 | 4400 | 5000 |   85 |        0.4 |1585350107202 |      76 |    79.0 | 3,95 | mscpb2.txt |2,4e+03 |
| 7 | 4500 | 5000 |   90 | 0.37777779 |1585350107202 |      76 |    79.0 | 3,95 | mscpb2.txt |2,5e+03 |
| 7 | 4600 | 5000 |   90 | 0.37777779 |1585350107202 |      76 |    79.0 | 3,95 | mscpb2.txt |2,6e+03 |
| 7 | 4700 | 5000 |   90 | 0.37777779 |1585350107202 |      76 |    79.0 | 3,95 | mscpb2.txt |2,6e+03 |
| 7 | 4800 | 5000 |   90 | 0.37777779 |1585350107202 |      76 |    79.0 | 3,95 | mscpb2.txt |2,7e+03 |
| 7 | 4900 | 5000 |   95 | 0.35789475 |1585350107202 |      76 |    79.0 | 3,95 | mscpb2.txt |2,8e+03 |
| 7 | 5000 | 5000 |   95 | 0.35789475 |1585350107202 |      76 |    79.0 | 3,95 | mscpb2.txt |2,9e+03 |
| 7 |  300 | 5000 |   95 | 0.35789475 |1585350107202 |      76 |    79.0 | 3,95 | mscpb2.txt |2,9e+03 |
| 8 |    1 | 5000 |   35 |       0.25 |1585353039615 |      76 |  1744.0 |2194,74 | mscpb2.txt |0,0050 |
| 8 |  100 | 5000 |   35 |        0.4 |1585353039615 |      76 |   131.0 |72,37 | mscpb2.txt |  3,6 |
| 8 |  200 | 5000 |   35 |       0.45 |1585353039615 |      76 |   108.0 |42,11 | mscpb2.txt |  8,1 |
| 8 |  300 | 5000 |   40 |       0.45 |1585353039615 |      76 |    86.0 |13,16 | mscpb2.txt |   35 |
| 8 |  400 | 5000 |   40 |       0.45 |1585353039615 |      76 |    86.0 |13,16 | mscpb2.txt |   66 |
| 8 |  500 | 5000 |   40 |       0.45 |1585353039615 |      76 |    86.0 |13,16 | mscpb2.txt |   98 |
| 8 |  600 | 5000 |   40 |       0.45 |1585353039615 |      76 |    86.0 |13,16 | mscpb2.txt |1,3e+02 |
| 8 |  700 | 5000 |   45 |       0.45 |1585353039615 |      76 |    86.0 |13,16 | mscpb2.txt |1,7e+02 |
| 8 |  800 | 5000 |   45 |       0.45 |1585353039615 |      76 |    84.0 |10,53 | mscpb2.txt |2,1e+02 |
| 8 |  900 | 5000 |   45 |       0.45 |1585353039615 |      76 |    84.0 |10,53 | mscpb2.txt |2,5e+02 |
| 8 | 1000 | 5000 |   45 |       0.45 |1585353039615 |      76 |    84.0 |10,53 | mscpb2.txt |2,8e+02 |
| 8 | 1100 | 5000 |   50 |       0.45 |1585353039615 |      76 |    84.0 |10,53 | mscpb2.txt |3,2e+02 |
| 8 | 1200 | 5000 |   50 |       0.45 |1585353039615 |      76 |    84.0 |10,53 | mscpb2.txt |3,5e+02 |
| 8 | 1300 | 5000 |   50 |       0.45 |1585353039615 |      76 |    84.0 |10,53 | mscpb2.txt |3,9e+02 |
| 8 | 1400 | 5000 |   50 |       0.45 |1585353039615 |      76 |    84.0 |10,53 | mscpb2.txt |4,1e+02 |
| 8 | 1500 | 5000 |   55 |       0.45 |1585353039615 |      76 |    84.0 |10,53 | mscpb2.txt |4,3e+02 |
| 8 | 1600 | 5000 |   55 |       0.45 |1585353039615 |      76 |    84.0 |10,53 | mscpb2.txt |4,5e+02 |
| 8 | 1700 | 5000 |   55 |       0.45 |1585353039615 |      76 |    84.0 |10,53 | mscpb2.txt |4,7e+02 |
| 8 | 1800 | 5000 |   55 |       0.45 |1585353039615 |      76 |    84.0 |10,53 | mscpb2.txt |4,8e+02 |
| 8 | 1900 | 5000 |   60 |       0.45 |1585353039615 |      76 |    84.0 |10,53 | mscpb2.txt |5,1e+02 |
| 8 | 2000 | 5000 |   60 |       0.45 |1585353039615 |      76 |    84.0 |10,53 | mscpb2.txt |5,3e+02 |
| 8 | 2100 | 5000 |   60 |       0.45 |1585353039615 |      76 |    84.0 |10,53 | mscpb2.txt |5,5e+02 |
| 8 | 2200 | 5000 |   60 |       0.45 |1585353039615 |      76 |    84.0 |10,53 | mscpb2.txt |5,7e+02 |
| 8 | 2300 | 5000 |   65 |       0.45 |1585353039615 |      76 |    84.0 |10,53 | mscpb2.txt |5,8e+02 |
| 8 | 2400 | 5000 |   65 |       0.45 |1585353039615 |      76 |    84.0 |10,53 | mscpb2.txt |5,9e+02 |
| 8 | 2500 | 5000 |   65 |       0.45 |1585353039615 |      76 |    84.0 |10,53 | mscpb2.txt |6,1e+02 |
| 8 | 2600 | 5000 |   65 |       0.45 |1585353039615 |      76 |    84.0 |10,53 | mscpb2.txt |6,2e+02 |
| 8 | 2700 | 5000 |   70 |       0.45 |1585353039615 |      76 |    84.0 |10,53 | mscpb2.txt |6,3e+02 |
| 8 | 2800 | 5000 |   70 |       0.45 |1585353039615 |      76 |    84.0 |10,53 | mscpb2.txt |6,4e+02 |
| 8 | 2900 | 5000 |   70 |       0.45 |1585353039615 |      76 |    84.0 |10,53 | mscpb2.txt |6,5e+02 |
| 8 | 3000 | 5000 |   70 |       0.45 |1585353039615 |      76 |    84.0 |10,53 | mscpb2.txt |6,7e+02 |
| 8 | 3100 | 5000 |   75 |       0.45 |1585353039615 |      76 |    84.0 |10,53 | mscpb2.txt |6,8e+02 |
| 8 | 3200 | 5000 |   75 |       0.45 |1585353039615 |      76 |    84.0 |10,53 | mscpb2.txt |6,9e+02 |
| 8 | 3300 | 5000 |   75 |       0.45 |1585353039615 |      76 |    84.0 |10,53 | mscpb2.txt |7,0e+02 |
| 8 | 3400 | 5000 |   75 |       0.45 |1585353039615 |      76 |    84.0 |10,53 | mscpb2.txt |7,1e+02 |
| 8 | 3500 | 5000 |   80 |       0.45 |1585353039615 |      76 |    84.0 |10,53 | mscpb2.txt |7,2e+02 |
| 8 | 3600 | 5000 |   80 |       0.45 |1585353039615 |      76 |    84.0 |10,53 | mscpb2.txt |7,3e+02 |
| 8 | 3700 | 5000 |   80 |       0.45 |1585353039615 |      76 |    84.0 |10,53 | mscpb2.txt |7,5e+02 |
| 8 | 3800 | 5000 |   80 |       0.45 |1585353039615 |      76 |    84.0 |10,53 | mscpb2.txt |7,6e+02 |
| 8 | 3900 | 5000 |   85 |       0.45 |1585353039615 |      76 |    84.0 |10,53 | mscpb2.txt |7,8e+02 |
| 8 | 4000 | 5000 |   85 |       0.45 |1585353039615 |      76 |    84.0 |10,53 | mscpb2.txt |8,0e+02 |
| 8 | 4100 | 5000 |   85 |       0.45 |1585353039615 |      76 |    84.0 |10,53 | mscpb2.txt |8,1e+02 |
| 8 | 4200 | 5000 |   85 |       0.45 |1585353039615 |      76 |    84.0 |10,53 | mscpb2.txt |8,2e+02 |
| 8 | 4300 | 5000 |   90 |       0.45 |1585353039615 |      76 |    84.0 |10,53 | mscpb2.txt |8,4e+02 |
| 8 | 4400 | 5000 |   90 |       0.45 |1585353039615 |      76 |    84.0 |10,53 | mscpb2.txt |8,5e+02 |
| 8 | 4500 | 5000 |   90 |       0.45 |1585353039615 |      76 |    84.0 |10,53 | mscpb2.txt |8,6e+02 |
| 8 | 4600 | 5000 |   90 |       0.45 |1585353039615 |      76 |    84.0 |10,53 | mscpb2.txt |8,7e+02 |
| 8 | 4700 | 5000 |   95 |       0.45 |1585353039615 |      76 |    84.0 |10,53 | mscpb2.txt |8,8e+02 |
| 8 | 4800 | 5000 |   95 |       0.45 |1585353039615 |      76 |    84.0 |10,53 | mscpb2.txt |9,0e+02 |
| 8 | 4900 | 5000 |   95 |       0.45 |1585353039615 |      76 |    84.0 |10,53 | mscpb2.txt |9,1e+02 |
| 8 | 5000 | 5000 |   95 |       0.45 |1585353039615 |      76 |    84.0 |10,53 | mscpb2.txt |9,2e+02 |
| 8 |  300 | 5000 |  100 |       0.45 |1585353039615 |      76 |    84.0 |10,53 | mscpb2.txt |9,2e+02 |
| 9 |    1 | 5000 |   35 |       0.25 |1585353958316 |      76 |  1773.0 |2232,89 | mscpb2.txt |0,0050 |
| 9 |  100 | 5000 |   35 |        0.4 |1585353958316 |      76 |   129.0 |69,74 | mscpb2.txt |  1,1 |
| 9 |  200 | 5000 |   35 |        0.4 |1585353958316 |      76 |   115.0 |51,32 | mscpb2.txt |  4,8 |
| 9 |  300 | 5000 |   35 | 0.37142858 |1585353958316 |      76 |   111.0 |46,05 | mscpb2.txt |   10 |
| 9 |  400 | 5000 |   35 | 0.34285715 |1585353958316 |      76 |   111.0 |46,05 | mscpb2.txt |   21 |
| 9 |  500 | 5000 |   40 |       0.45 |1585353958316 |      76 |    84.0 |10,53 | mscpb2.txt |   49 |
| 9 |  600 | 5000 |   40 |       0.45 |1585353958316 |      76 |    84.0 |10,53 | mscpb2.txt |   80 |
| 9 |  700 | 5000 |   40 |       0.45 |1585353958316 |      76 |    84.0 |10,53 | mscpb2.txt |1,1e+02 |
| 9 |  800 | 5000 |   40 |       0.45 |1585353958316 |      76 |    84.0 |10,53 | mscpb2.txt |1,4e+02 |
| 9 |  900 | 5000 |   45 |       0.45 |1585353958316 |      76 |    83.0 | 9,21 | mscpb2.txt |1,8e+02 |
| 9 | 1000 | 5000 |   45 |       0.45 |1585353958316 |      76 |    83.0 | 9,21 | mscpb2.txt |2,2e+02 |
| 9 | 1100 | 5000 |   45 |       0.45 |1585353958316 |      76 |    79.0 | 3,95 | mscpb2.txt |2,6e+02 |
| 9 | 1200 | 5000 |   45 |       0.45 |1585353958316 |      76 |    77.0 | 1,32 | mscpb2.txt |3,0e+02 |
| 9 | 1300 | 5000 |   50 |       0.45 |1585353958316 |      76 |    77.0 | 1,32 | mscpb2.txt |3,4e+02 |
| 9 | 1400 | 5000 |   50 |       0.45 |1585353958316 |      76 |    77.0 | 1,32 | mscpb2.txt |3,9e+02 |
| 9 | 1500 | 5000 |   50 |       0.45 |1585353958316 |      76 |    77.0 | 1,32 | mscpb2.txt |4,4e+02 |
| 9 |  300 | 5000 |   50 |       0.45 |1585353958316 |      76 |    76.0 | 0,00 | mscpb2.txt |4,5e+02 |
|10 |    1 | 5000 |   35 |       0.25 |1585354405900 |      76 |  1685.0 |2117,11 | mscpb2.txt |0,0060 |
|10 |  100 | 5000 |   35 | 0.34285715 |1585354405900 |      76 |   130.0 |71,05 | mscpb2.txt |  1,4 |
|10 |  200 | 5000 |   40 |       0.45 |1585354405900 |      76 |    90.0 |18,42 | mscpb2.txt |   32 |
|10 |  300 | 5000 |   40 |       0.45 |1585354405900 |      76 |    90.0 |18,42 | mscpb2.txt |   69 |
|10 |  400 | 5000 |   40 |       0.45 |1585354405900 |      76 |    90.0 |18,42 | mscpb2.txt |1,1e+02 |
|10 |  500 | 5000 |   40 |       0.45 |1585354405900 |      76 |    85.0 |11,84 | mscpb2.txt |1,5e+02 |
|10 |  600 | 5000 |   45 |       0.45 |1585354405900 |      76 |    85.0 |11,84 | mscpb2.txt |1,9e+02 |
|10 |  700 | 5000 |   45 |       0.45 |1585354405900 |      76 |    85.0 |11,84 | mscpb2.txt |2,4e+02 |
|10 |  800 | 5000 |   45 |       0.45 |1585354405900 |      76 |    84.0 |10,53 | mscpb2.txt |2,6e+02 |
|10 |  900 | 5000 |   45 |       0.45 |1585354405900 |      76 |    84.0 |10,53 | mscpb2.txt |2,8e+02 |
|10 | 1000 | 5000 |   50 |       0.45 |1585354405900 |      76 |    84.0 |10,53 | mscpb2.txt |3,1e+02 |
|10 | 1100 | 5000 |   50 |       0.45 |1585354405900 |      76 |    84.0 |10,53 | mscpb2.txt |3,3e+02 |
|10 | 1200 | 5000 |   50 |       0.45 |1585354405900 |      76 |    84.0 |10,53 | mscpb2.txt |3,6e+02 |
|10 | 1300 | 5000 |   50 |       0.45 |1585354405900 |      76 |    80.0 | 5,26 | mscpb2.txt |3,9e+02 |
|10 | 1400 | 5000 |   55 |       0.45 |1585354405900 |      76 |    80.0 | 5,26 | mscpb2.txt |4,2e+02 |
|10 | 1500 | 5000 |   55 |       0.45 |1585354405900 |      76 |    80.0 | 5,26 | mscpb2.txt |4,5e+02 |
|10 | 1600 | 5000 |   55 |       0.45 |1585354405900 |      76 |    80.0 | 5,26 | mscpb2.txt |4,8e+02 |
|10 | 1700 | 5000 |   55 |       0.45 |1585354405900 |      76 |    80.0 | 5,26 | mscpb2.txt |5,2e+02 |
|10 | 1800 | 5000 |   60 |       0.45 |1585354405900 |      76 |    80.0 | 5,26 | mscpb2.txt |5,5e+02 |
|10 | 1900 | 5000 |   60 |       0.45 |1585354405900 |      76 |    80.0 | 5,26 | mscpb2.txt |5,9e+02 |
|10 | 2000 | 5000 |   60 |       0.45 |1585354405900 |      76 |    80.0 | 5,26 | mscpb2.txt |6,4e+02 |
|10 | 2100 | 5000 |   60 |       0.45 |1585354405900 |      76 |    80.0 | 5,26 | mscpb2.txt |6,7e+02 |
|10 | 2200 | 5000 |   65 |       0.45 |1585354405900 |      76 |    80.0 | 5,26 | mscpb2.txt |7,0e+02 |
|10 | 2300 | 5000 |   65 |       0.45 |1585354405900 |      76 |    80.0 | 5,26 | mscpb2.txt |7,4e+02 |
|10 | 2400 | 5000 |   65 |       0.45 |1585354405900 |      76 |    80.0 | 5,26 | mscpb2.txt |7,7e+02 |
|10 | 2500 | 5000 |   65 |       0.45 |1585354405900 |      76 |    80.0 | 5,26 | mscpb2.txt |8,1e+02 |
|10 | 2600 | 5000 |   70 |       0.45 |1585354405900 |      76 |    80.0 | 5,26 | mscpb2.txt |8,5e+02 |
|10 | 2700 | 5000 |   70 |       0.45 |1585354405900 |      76 |    80.0 | 5,26 | mscpb2.txt |8,8e+02 |
|10 | 2800 | 5000 |   70 |       0.45 |1585354405900 |      76 |    80.0 | 5,26 | mscpb2.txt |9,0e+02 |
|10 | 2900 | 5000 |   70 |       0.45 |1585354405900 |      76 |    80.0 | 5,26 | mscpb2.txt |9,3e+02 |
|10 | 3000 | 5000 |   75 |       0.45 |1585354405900 |      76 |    80.0 | 5,26 | mscpb2.txt |9,5e+02 |
|10 | 3100 | 5000 |   75 |       0.45 |1585354405900 |      76 |    80.0 | 5,26 | mscpb2.txt |9,8e+02 |
|10 | 3200 | 5000 |   75 |       0.45 |1585354405900 |      76 |    80.0 | 5,26 | mscpb2.txt |1,0e+03 |
|10 | 3300 | 5000 |   75 |       0.45 |1585354405900 |      76 |    80.0 | 5,26 | mscpb2.txt |1,0e+03 |
|10 | 3400 | 5000 |   80 |       0.45 |1585354405900 |      76 |    80.0 | 5,26 | mscpb2.txt |1,1e+03 |
|10 | 3500 | 5000 |   80 |       0.45 |1585354405900 |      76 |    80.0 | 5,26 | mscpb2.txt |1,1e+03 |
|10 | 3600 | 5000 |   80 |       0.45 |1585354405900 |      76 |    80.0 | 5,26 | mscpb2.txt |1,1e+03 |
|10 | 3700 | 5000 |   80 |       0.45 |1585354405900 |      76 |    80.0 | 5,26 | mscpb2.txt |1,2e+03 |
|10 | 3800 | 5000 |   85 |       0.45 |1585354405900 |      76 |    80.0 | 5,26 | mscpb2.txt |1,2e+03 |
|10 | 3900 | 5000 |   85 |       0.45 |1585354405900 |      76 |    80.0 | 5,26 | mscpb2.txt |1,2e+03 |
|10 | 4000 | 5000 |   85 |       0.45 |1585354405900 |      76 |    80.0 | 5,26 | mscpb2.txt |1,2e+03 |
|10 | 4100 | 5000 |   85 |       0.45 |1585354405900 |      76 |    80.0 | 5,26 | mscpb2.txt |1,3e+03 |
|10 | 4200 | 5000 |   90 |       0.45 |1585354405900 |      76 |    80.0 | 5,26 | mscpb2.txt |1,3e+03 |
|10 | 4300 | 5000 |   90 |       0.45 |1585354405900 |      76 |    80.0 | 5,26 | mscpb2.txt |1,3e+03 |
|10 | 4400 | 5000 |   90 |       0.45 |1585354405900 |      76 |    80.0 | 5,26 | mscpb2.txt |1,4e+03 |
|10 | 4500 | 5000 |   90 |       0.45 |1585354405900 |      76 |    80.0 | 5,26 | mscpb2.txt |1,4e+03 |
|10 | 4600 | 5000 |   95 |       0.45 |1585354405900 |      76 |    80.0 | 5,26 | mscpb2.txt |1,4e+03 |
|10 | 4700 | 5000 |   95 |       0.45 |1585354405900 |      76 |    80.0 | 5,26 | mscpb2.txt |1,4e+03 |
|10 | 4800 | 5000 |   95 |       0.45 |1585354405900 |      76 |    80.0 | 5,26 | mscpb2.txt |1,5e+03 |
|10 | 4900 | 5000 |   95 |       0.45 |1585354405900 |      76 |    80.0 | 5,26 | mscpb2.txt |1,5e+03 |
|10 | 5000 | 5000 |  100 |       0.45 |1585354405900 |      76 |    80.0 | 5,26 | mscpb2.txt |1,5e+03 |
|10 |  300 | 5000 |  100 |       0.45 |1585354405900 |      76 |    80.0 | 5,26 | mscpb2.txt |1,5e+03 |
|11 |    1 | 5000 |   35 |       0.25 |1585355929581 |      76 |  1713.0 |2153,95 | mscpb2.txt |0,0060 |
|11 |  100 | 5000 |   35 |       0.45 |1585355929581 |      76 |   122.0 |60,53 | mscpb2.txt |  2,0 |
|11 |  200 | 5000 |   35 |        0.4 |1585355929581 |      76 |   109.0 |43,42 | mscpb2.txt |  7,3 |
|11 |  300 | 5000 |   35 |       0.45 |1585355929581 |      76 |   103.0 |35,53 | mscpb2.txt |   19 |
|11 |  400 | 5000 |   40 |       0.45 |1585355929581 |      76 |    89.0 |17,11 | mscpb2.txt |   53 |
|11 |  500 | 5000 |   40 |       0.45 |1585355929581 |      76 |    88.0 |15,79 | mscpb2.txt |   90 |
|11 |  600 | 5000 |   40 |       0.45 |1585355929581 |      76 |    86.0 |13,16 | mscpb2.txt |1,3e+02 |
|11 |  700 | 5000 |   40 |       0.45 |1585355929581 |      76 |    84.0 |10,53 | mscpb2.txt |1,6e+02 |
|11 |  800 | 5000 |   45 |       0.45 |1585355929581 |      76 |    83.0 | 9,21 | mscpb2.txt |2,0e+02 |
|11 |  900 | 5000 |   45 |       0.45 |1585355929581 |      76 |    83.0 | 9,21 | mscpb2.txt |2,5e+02 |
|11 | 1000 | 5000 |   45 |       0.45 |1585355929581 |      76 |    81.0 | 6,58 | mscpb2.txt |2,9e+02 |
|11 | 1100 | 5000 |   45 |       0.45 |1585355929581 |      76 |    81.0 | 6,58 | mscpb2.txt |3,3e+02 |
|11 | 1200 | 5000 |   50 |       0.45 |1585355929581 |      76 |    81.0 | 6,58 | mscpb2.txt |3,9e+02 |
|11 | 1300 | 5000 |   50 |       0.45 |1585355929581 |      76 |    81.0 | 6,58 | mscpb2.txt |4,4e+02 |
|11 | 1400 | 5000 |   50 |       0.45 |1585355929581 |      76 |    81.0 | 6,58 | mscpb2.txt |4,9e+02 |
|11 | 1500 | 5000 |   50 |       0.45 |1585355929581 |      76 |    81.0 | 6,58 | mscpb2.txt |5,4e+02 |
|11 | 1600 | 5000 |   55 |       0.45 |1585355929581 |      76 |    81.0 | 6,58 | mscpb2.txt |6,0e+02 |
|11 | 1700 | 5000 |   55 | 0.43636364 |1585355929581 |      76 |    81.0 | 6,58 | mscpb2.txt |6,6e+02 |
|11 | 1800 | 5000 |   55 |       0.45 |1585355929581 |      76 |    80.0 | 5,26 | mscpb2.txt |7,2e+02 |
|11 | 1900 | 5000 |   55 |       0.45 |1585355929581 |      76 |    80.0 | 5,26 | mscpb2.txt |7,7e+02 |
|11 | 2000 | 5000 |   60 |       0.45 |1585355929581 |      76 |    80.0 | 5,26 | mscpb2.txt |8,4e+02 |
|11 | 2100 | 5000 |   60 |       0.45 |1585355929581 |      76 |    80.0 | 5,26 | mscpb2.txt |9,1e+02 |
|11 | 2200 | 5000 |   60 |       0.45 |1585355929581 |      76 |    80.0 | 5,26 | mscpb2.txt |9,8e+02 |
|11 | 2300 | 5000 |   60 |       0.45 |1585355929581 |      76 |    80.0 | 5,26 | mscpb2.txt |1,0e+03 |
|11 | 2400 | 5000 |   65 |       0.45 |1585355929581 |      76 |    80.0 | 5,26 | mscpb2.txt |1,1e+03 |
|11 | 2500 | 5000 |   65 |       0.45 |1585355929581 |      76 |    80.0 | 5,26 | mscpb2.txt |1,2e+03 |
|11 | 2600 | 5000 |   65 | 0.44615385 |1585355929581 |      76 |    80.0 | 5,26 | mscpb2.txt |1,3e+03 |
|11 | 2700 | 5000 |   65 | 0.44615385 |1585355929581 |      76 |    80.0 | 5,26 | mscpb2.txt |1,3e+03 |
|11 | 2800 | 5000 |   70 | 0.42857143 |1585355929581 |      76 |    80.0 | 5,26 | mscpb2.txt |1,4e+03 |
|11 | 2900 | 5000 |   70 | 0.42857143 |1585355929581 |      76 |    80.0 | 5,26 | mscpb2.txt |1,5e+03 |
|11 | 3000 | 5000 |   70 | 0.42857143 |1585355929581 |      76 |    80.0 | 5,26 | mscpb2.txt |1,6e+03 |
|11 | 3100 | 5000 |   70 | 0.42857143 |1585355929581 |      76 |    80.0 | 5,26 | mscpb2.txt |1,6e+03 |
|11 | 3200 | 5000 |   75 |       0.45 |1585355929581 |      76 |    80.0 | 5,26 | mscpb2.txt |1,7e+03 |
|11 | 3300 | 5000 |   75 |       0.45 |1585355929581 |      76 |    80.0 | 5,26 | mscpb2.txt |1,7e+03 |
|11 | 3400 | 5000 |   75 |       0.45 |1585355929581 |      76 |    80.0 | 5,26 | mscpb2.txt |1,8e+03 |
|11 | 3500 | 5000 |   75 |       0.45 |1585355929581 |      76 |    80.0 | 5,26 | mscpb2.txt |1,8e+03 |
|11 | 3600 | 5000 |   80 |       0.45 |1585355929581 |      76 |    80.0 | 5,26 | mscpb2.txt |1,8e+03 |
|11 | 3700 | 5000 |   80 |       0.45 |1585355929581 |      76 |    80.0 | 5,26 | mscpb2.txt |1,8e+03 |
|11 | 3800 | 5000 |   80 |       0.45 |1585355929581 |      76 |    80.0 | 5,26 | mscpb2.txt |1,9e+03 |
|11 | 3900 | 5000 |   80 |       0.45 |1585355929581 |      76 |    80.0 | 5,26 | mscpb2.txt |1,9e+03 |
|11 | 4000 | 5000 |   85 |       0.45 |1585355929581 |      76 |    80.0 | 5,26 | mscpb2.txt |1,9e+03 |
|11 | 4100 | 5000 |   85 |       0.45 |1585355929581 |      76 |    80.0 | 5,26 | mscpb2.txt |1,9e+03 |
|11 | 4200 | 5000 |   85 | 0.27058825 |1585355929581 |      76 |    80.0 | 5,26 | mscpb2.txt |1,9e+03 |
|11 | 4300 | 5000 |   85 |        0.1 |1585355929581 |      76 |    80.0 | 5,26 | mscpb2.txt |1,9e+03 |
|11 | 4400 | 5000 |   90 |       0.45 |1585355929581 |      76 |    80.0 | 5,26 | mscpb2.txt |2,0e+03 |
|11 | 4500 | 5000 |   90 |       0.45 |1585355929581 |      76 |    80.0 | 5,26 | mscpb2.txt |2,0e+03 |
|11 | 4600 | 5000 |   90 |       0.45 |1585355929581 |      76 |    80.0 | 5,26 | mscpb2.txt |2,0e+03 |
|11 | 4700 | 5000 |   90 |       0.45 |1585355929581 |      76 |    80.0 | 5,26 | mscpb2.txt |2,0e+03 |
|11 | 4800 | 5000 |   95 |       0.45 |1585355929581 |      76 |    80.0 | 5,26 | mscpb2.txt |2,0e+03 |
|11 | 4900 | 5000 |   95 |       0.45 |1585355929581 |      76 |    80.0 | 5,26 | mscpb2.txt |2,0e+03 |
|11 | 5000 | 5000 |   95 |       0.45 |1585355929581 |      76 |    80.0 | 5,26 | mscpb2.txt |2,1e+03 |
|11 |  300 | 5000 |   95 |       0.45 |1585355929581 |      76 |    80.0 | 5,26 | mscpb2.txt |2,1e+03 |
|12 |    1 | 5000 |   35 |       0.25 |1585357982494 |      76 |  1792.0 |2257,89 | mscpb2.txt |0,0050 |
|12 |  100 | 5000 |   35 |        0.4 |1585357982494 |      76 |   101.0 |32,89 | mscpb2.txt |  5,1 |
|12 |  200 | 5000 |   40 |       0.45 |1585357982494 |      76 |    92.0 |21,05 | mscpb2.txt |   36 |
|12 |  300 | 5000 |   40 |       0.45 |1585357982494 |      76 |    88.0 |15,79 | mscpb2.txt |   74 |
|12 |  400 | 5000 |   40 |       0.45 |1585357982494 |      76 |    86.0 |13,16 | mscpb2.txt |1,1e+02 |
|12 |  500 | 5000 |   40 |       0.45 |1585357982494 |      76 |    86.0 |13,16 | mscpb2.txt |1,4e+02 |
|12 |  600 | 5000 |   45 |       0.45 |1585357982494 |      76 |    83.0 | 9,21 | mscpb2.txt |1,9e+02 |
|12 |  700 | 5000 |   45 |       0.45 |1585357982494 |      76 |    83.0 | 9,21 | mscpb2.txt |2,3e+02 |
|12 |  800 | 5000 |   45 |       0.45 |1585357982494 |      76 |    80.0 | 5,26 | mscpb2.txt |2,8e+02 |
|12 |  900 | 5000 |   45 |       0.45 |1585357982494 |      76 |    80.0 | 5,26 | mscpb2.txt |3,2e+02 |
|12 | 1000 | 5000 |   50 |       0.45 |1585357982494 |      76 |    80.0 | 5,26 | mscpb2.txt |3,7e+02 |
|12 | 1100 | 5000 |   50 |       0.45 |1585357982494 |      76 |    80.0 | 5,26 | mscpb2.txt |4,3e+02 |
|12 | 1200 | 5000 |   50 |       0.45 |1585357982494 |      76 |    78.0 | 2,63 | mscpb2.txt |4,9e+02 |
|12 | 1300 | 5000 |   50 |       0.45 |1585357982494 |      76 |    78.0 | 2,63 | mscpb2.txt |5,4e+02 |
|12 | 1400 | 5000 |   55 |       0.45 |1585357982494 |      76 |    78.0 | 2,63 | mscpb2.txt |6,0e+02 |
|12 | 1500 | 5000 |   55 |       0.45 |1585357982494 |      76 |    78.0 | 2,63 | mscpb2.txt |6,6e+02 |
|12 | 1600 | 5000 |   55 |       0.45 |1585357982494 |      76 |    78.0 | 2,63 | mscpb2.txt |7,0e+02 |
|12 | 1700 | 5000 |   55 |       0.45 |1585357982494 |      76 |    78.0 | 2,63 | mscpb2.txt |7,4e+02 |
|12 | 1800 | 5000 |   60 |       0.45 |1585357982494 |      76 |    78.0 | 2,63 | mscpb2.txt |7,8e+02 |
|12 | 1900 | 5000 |   60 |       0.45 |1585357982494 |      76 |    78.0 | 2,63 | mscpb2.txt |8,3e+02 |
|12 | 2000 | 5000 |   60 |       0.45 |1585357982494 |      76 |    78.0 | 2,63 | mscpb2.txt |8,8e+02 |
|12 | 2100 | 5000 |   60 |       0.45 |1585357982494 |      76 |    78.0 | 2,63 | mscpb2.txt |9,3e+02 |
|12 | 2200 | 5000 |   65 |       0.45 |1585357982494 |      76 |    78.0 | 2,63 | mscpb2.txt |9,9e+02 |
|12 | 2300 | 5000 |   65 |       0.45 |1585357982494 |      76 |    78.0 | 2,63 | mscpb2.txt |1,0e+03 |
|12 | 2400 | 5000 |   65 |       0.45 |1585357982494 |      76 |    78.0 | 2,63 | mscpb2.txt |1,1e+03 |
|12 | 2500 | 5000 |   65 |       0.45 |1585357982494 |      76 |    78.0 | 2,63 | mscpb2.txt |1,1e+03 |
|12 | 2600 | 5000 |   70 | 0.44285715 |1585357982494 |      76 |    78.0 | 2,63 | mscpb2.txt |1,2e+03 |
|12 | 2700 | 5000 |   70 |  0.3857143 |1585357982494 |      76 |    78.0 | 2,63 | mscpb2.txt |1,3e+03 |
|12 | 2800 | 5000 |   70 |  0.3857143 |1585357982494 |      76 |    78.0 | 2,63 | mscpb2.txt |1,3e+03 |
|12 | 2900 | 5000 |   70 |  0.3857143 |1585357982494 |      76 |    78.0 | 2,63 | mscpb2.txt |1,4e+03 |
|12 | 3000 | 5000 |   75 |       0.45 |1585357982494 |      76 |    78.0 | 2,63 | mscpb2.txt |1,4e+03 |
|12 | 3100 | 5000 |   75 |       0.45 |1585357982494 |      76 |    78.0 | 2,63 | mscpb2.txt |1,5e+03 |
|12 | 3200 | 5000 |   75 |       0.45 |1585357982494 |      76 |    78.0 | 2,63 | mscpb2.txt |1,5e+03 |
|12 | 3300 | 5000 |   75 |       0.45 |1585357982494 |      76 |    78.0 | 2,63 | mscpb2.txt |1,5e+03 |
|12 | 3400 | 5000 |   80 |       0.45 |1585357982494 |      76 |    78.0 | 2,63 | mscpb2.txt |1,5e+03 |
|12 | 3500 | 5000 |   80 |       0.45 |1585357982494 |      76 |    78.0 | 2,63 | mscpb2.txt |1,6e+03 |
|12 | 3600 | 5000 |   80 |       0.45 |1585357982494 |      76 |    78.0 | 2,63 | mscpb2.txt |1,6e+03 |
|12 | 3700 | 5000 |   80 |       0.45 |1585357982494 |      76 |    78.0 | 2,63 | mscpb2.txt |1,6e+03 |
|12 | 3800 | 5000 |   85 |       0.45 |1585357982494 |      76 |    78.0 | 2,63 | mscpb2.txt |1,6e+03 |
|12 | 3900 | 5000 |   85 |       0.45 |1585357982494 |      76 |    78.0 | 2,63 | mscpb2.txt |1,6e+03 |
|12 | 4000 | 5000 |   85 |       0.45 |1585357982494 |      76 |    78.0 | 2,63 | mscpb2.txt |1,7e+03 |
|12 | 4100 | 5000 |   85 |       0.45 |1585357982494 |      76 |    78.0 | 2,63 | mscpb2.txt |1,7e+03 |
|12 | 4200 | 5000 |   90 |       0.45 |1585357982494 |      76 |    78.0 | 2,63 | mscpb2.txt |1,7e+03 |
|12 | 4300 | 5000 |   90 |       0.45 |1585357982494 |      76 |    78.0 | 2,63 | mscpb2.txt |1,7e+03 |
|12 | 4400 | 5000 |   90 |       0.45 |1585357982494 |      76 |    78.0 | 2,63 | mscpb2.txt |1,7e+03 |
|12 | 4500 | 5000 |   90 |       0.45 |1585357982494 |      76 |    78.0 | 2,63 | mscpb2.txt |1,7e+03 |
|12 | 4600 | 5000 |   95 |       0.45 |1585357982494 |      76 |    78.0 | 2,63 | mscpb2.txt |1,8e+03 |
|12 | 4700 | 5000 |   95 |       0.45 |1585357982494 |      76 |    78.0 | 2,63 | mscpb2.txt |1,8e+03 |
|12 | 4800 | 5000 |   95 |       0.45 |1585357982494 |      76 |    78.0 | 2,63 | mscpb2.txt |1,8e+03 |
|12 | 4900 | 5000 |   95 |       0.45 |1585357982494 |      76 |    78.0 | 2,63 | mscpb2.txt |1,8e+03 |
|12 | 5000 | 5000 |  100 |       0.45 |1585357982494 |      76 |    78.0 | 2,63 | mscpb2.txt |1,9e+03 |
|12 |  300 | 5000 |  100 |       0.45 |1585357982494 |      76 |    78.0 | 2,63 | mscpb2.txt |1,9e+03 |
|13 |    1 | 5000 |   35 |       0.25 |1585359834940 |      76 |  1764.0 |2221,05 | mscpb2.txt |0,0070 |
|13 |  100 | 5000 |   35 |  0.2857143 |1585359834940 |      76 |   128.0 |68,42 | mscpb2.txt |  2,3 |
|13 |  200 | 5000 |   35 | 0.42857143 |1585359834940 |      76 |   112.0 |47,37 | mscpb2.txt |  6,0 |
|13 |  300 | 5000 |   35 |        0.4 |1585359834940 |      76 |   112.0 |47,37 | mscpb2.txt |   19 |
|13 |  400 | 5000 |   40 |       0.45 |1585359834940 |      76 |    89.0 |17,11 | mscpb2.txt |   49 |
|13 |  500 | 5000 |   40 |       0.45 |1585359834940 |      76 |    86.0 |13,16 | mscpb2.txt |   85 |
|13 |  600 | 5000 |   40 |       0.45 |1585359834940 |      76 |    84.0 |10,53 | mscpb2.txt |1,2e+02 |
|13 |  700 | 5000 |   40 |       0.45 |1585359834940 |      76 |    84.0 |10,53 | mscpb2.txt |1,6e+02 |
|13 |  800 | 5000 |   45 |       0.45 |1585359834940 |      76 |    84.0 |10,53 | mscpb2.txt |2,0e+02 |
|13 |  900 | 5000 |   45 |       0.45 |1585359834940 |      76 |    84.0 |10,53 | mscpb2.txt |2,4e+02 |
|13 | 1000 | 5000 |   45 |       0.45 |1585359834940 |      76 |    84.0 |10,53 | mscpb2.txt |2,7e+02 |
|13 | 1100 | 5000 |   45 | 0.42222223 |1585359834940 |      76 |    84.0 |10,53 | mscpb2.txt |3,0e+02 |
|13 | 1200 | 5000 |   50 |       0.45 |1585359834940 |      76 |    84.0 |10,53 | mscpb2.txt |3,2e+02 |
|13 | 1300 | 5000 |   50 |       0.45 |1585359834940 |      76 |    84.0 |10,53 | mscpb2.txt |3,4e+02 |
|13 | 1400 | 5000 |   50 |       0.45 |1585359834940 |      76 |    84.0 |10,53 | mscpb2.txt |3,5e+02 |
|13 | 1500 | 5000 |   50 |       0.45 |1585359834940 |      76 |    84.0 |10,53 | mscpb2.txt |3,6e+02 |
|13 | 1600 | 5000 |   55 |       0.45 |1585359834940 |      76 |    84.0 |10,53 | mscpb2.txt |3,8e+02 |
|13 | 1700 | 5000 |   55 |       0.45 |1585359834940 |      76 |    84.0 |10,53 | mscpb2.txt |4,0e+02 |
|13 | 1800 | 5000 |   55 |       0.45 |1585359834940 |      76 |    84.0 |10,53 | mscpb2.txt |4,2e+02 |
|13 | 1900 | 5000 |   55 |       0.45 |1585359834940 |      76 |    84.0 |10,53 | mscpb2.txt |4,2e+02 |
|13 | 2000 | 5000 |   60 |       0.45 |1585359834940 |      76 |    84.0 |10,53 | mscpb2.txt |4,4e+02 |
|13 | 2100 | 5000 |   60 |       0.45 |1585359834940 |      76 |    84.0 |10,53 | mscpb2.txt |4,5e+02 |
|13 | 2200 | 5000 |   60 |       0.45 |1585359834940 |      76 |    84.0 |10,53 | mscpb2.txt |4,6e+02 |
|13 | 2300 | 5000 |   60 |        0.1 |1585359834940 |      76 |    84.0 |10,53 | mscpb2.txt |4,7e+02 |
|13 | 2400 | 5000 |   65 |       0.45 |1585359834940 |      76 |    84.0 |10,53 | mscpb2.txt |4,8e+02 |
|13 | 2500 | 5000 |   65 |       0.45 |1585359834940 |      76 |    84.0 |10,53 | mscpb2.txt |5,0e+02 |
|13 | 2600 | 5000 |   65 |       0.45 |1585359834940 |      76 |    84.0 |10,53 | mscpb2.txt |5,1e+02 |
|13 | 2700 | 5000 |   65 |       0.45 |1585359834940 |      76 |    84.0 |10,53 | mscpb2.txt |5,2e+02 |
|13 | 2800 | 5000 |   70 |       0.45 |1585359834940 |      76 |    84.0 |10,53 | mscpb2.txt |5,4e+02 |
|13 | 2900 | 5000 |   70 |       0.45 |1585359834940 |      76 |    84.0 |10,53 | mscpb2.txt |5,5e+02 |
|13 | 3000 | 5000 |   70 |       0.45 |1585359834940 |      76 |    84.0 |10,53 | mscpb2.txt |5,7e+02 |
|13 | 3100 | 5000 |   70 |       0.45 |1585359834940 |      76 |    84.0 |10,53 | mscpb2.txt |5,8e+02 |
|13 | 3200 | 5000 |   75 |       0.45 |1585359834940 |      76 |    84.0 |10,53 | mscpb2.txt |5,9e+02 |
|13 | 3300 | 5000 |   75 |       0.45 |1585359834940 |      76 |    84.0 |10,53 | mscpb2.txt |6,0e+02 |
|13 | 3400 | 5000 |   75 |       0.45 |1585359834940 |      76 |    84.0 |10,53 | mscpb2.txt |6,1e+02 |
|13 | 3500 | 5000 |   75 |       0.45 |1585359834940 |      76 |    84.0 |10,53 | mscpb2.txt |6,2e+02 |
|13 | 3600 | 5000 |   80 |       0.45 |1585359834940 |      76 |    84.0 |10,53 | mscpb2.txt |6,4e+02 |
|13 | 3700 | 5000 |   80 |       0.45 |1585359834940 |      76 |    84.0 |10,53 | mscpb2.txt |6,5e+02 |
|13 | 3800 | 5000 |   80 |       0.45 |1585359834940 |      76 |    84.0 |10,53 | mscpb2.txt |6,6e+02 |
|13 | 3900 | 5000 |   80 |       0.45 |1585359834940 |      76 |    84.0 |10,53 | mscpb2.txt |6,8e+02 |
|13 | 4000 | 5000 |   85 |       0.45 |1585359834940 |      76 |    84.0 |10,53 | mscpb2.txt |7,0e+02 |
|13 | 4100 | 5000 |   85 |       0.45 |1585359834940 |      76 |    84.0 |10,53 | mscpb2.txt |7,2e+02 |
|13 | 4200 | 5000 |   85 |       0.45 |1585359834940 |      76 |    84.0 |10,53 | mscpb2.txt |7,3e+02 |
|13 | 4300 | 5000 |   85 |       0.45 |1585359834940 |      76 |    84.0 |10,53 | mscpb2.txt |7,3e+02 |
|13 | 4400 | 5000 |   90 |       0.45 |1585359834940 |      76 |    84.0 |10,53 | mscpb2.txt |7,5e+02 |
|13 | 4500 | 5000 |   90 |       0.45 |1585359834940 |      76 |    84.0 |10,53 | mscpb2.txt |7,6e+02 |
|13 | 4600 | 5000 |   90 |       0.45 |1585359834940 |      76 |    84.0 |10,53 | mscpb2.txt |7,7e+02 |
|13 | 4700 | 5000 |   90 |       0.45 |1585359834940 |      76 |    84.0 |10,53 | mscpb2.txt |7,8e+02 |
|13 | 4800 | 5000 |   95 |       0.45 |1585359834940 |      76 |    84.0 |10,53 | mscpb2.txt |8,1e+02 |
|13 | 4900 | 5000 |   95 |       0.45 |1585359834940 |      76 |    84.0 |10,53 | mscpb2.txt |8,3e+02 |
|13 | 5000 | 5000 |   95 |       0.45 |1585359834940 |      76 |    84.0 |10,53 | mscpb2.txt |8,5e+02 |
|13 |  300 | 5000 |   95 |       0.45 |1585359834940 |      76 |    84.0 |10,53 | mscpb2.txt |8,5e+02 |
|14 |    1 | 5000 |   35 |       0.25 |1585360680183 |      76 |  1707.0 |2146,05 | mscpb2.txt |0,0060 |
|14 |  100 | 5000 |   35 | 0.22857143 |1585360680183 |      76 |   139.0 |82,89 | mscpb2.txt | 0,78 |
|14 |  200 | 5000 |   40 |       0.45 |1585360680183 |      76 |    86.0 |13,16 | mscpb2.txt |   32 |
|14 |  300 | 5000 |   40 |       0.45 |1585360680183 |      76 |    84.0 |10,53 | mscpb2.txt |   70 |
|14 |  400 | 5000 |   40 |       0.45 |1585360680183 |      76 |    84.0 |10,53 | mscpb2.txt |1,1e+02 |
|14 |  500 | 5000 |   40 |       0.45 |1585360680183 |      76 |    84.0 |10,53 | mscpb2.txt |1,5e+02 |
|14 |  600 | 5000 |   45 |       0.45 |1585360680183 |      76 |    84.0 |10,53 | mscpb2.txt |1,9e+02 |
|14 |  700 | 5000 |   45 |       0.45 |1585360680183 |      76 |    84.0 |10,53 | mscpb2.txt |2,4e+02 |
|14 |  800 | 5000 |   45 |       0.45 |1585360680183 |      76 |    84.0 |10,53 | mscpb2.txt |2,8e+02 |
|14 |  900 | 5000 |   45 |       0.45 |1585360680183 |      76 |    84.0 |10,53 | mscpb2.txt |3,3e+02 |
|14 | 1000 | 5000 |   50 |       0.45 |1585360680183 |      76 |    84.0 |10,53 | mscpb2.txt |3,9e+02 |
|14 | 1100 | 5000 |   50 |       0.45 |1585360680183 |      76 |    84.0 |10,53 | mscpb2.txt |4,4e+02 |
|14 | 1200 | 5000 |   50 |       0.45 |1585360680183 |      76 |    84.0 |10,53 | mscpb2.txt |4,7e+02 |
|14 | 1300 | 5000 |   50 |       0.42 |1585360680183 |      76 |    84.0 |10,53 | mscpb2.txt |5,0e+02 |
|14 | 1400 | 5000 |   55 |       0.45 |1585360680183 |      76 |    84.0 |10,53 | mscpb2.txt |5,3e+02 |
|14 | 1500 | 5000 |   55 |       0.45 |1585360680183 |      76 |    84.0 |10,53 | mscpb2.txt |5,6e+02 |
|14 | 1600 | 5000 |   55 |       0.45 |1585360680183 |      76 |    84.0 |10,53 | mscpb2.txt |5,9e+02 |
|14 | 1700 | 5000 |   55 |       0.45 |1585360680183 |      76 |    84.0 |10,53 | mscpb2.txt |6,2e+02 |
|14 | 1800 | 5000 |   60 |       0.45 |1585360680183 |      76 |    84.0 |10,53 | mscpb2.txt |6,5e+02 |
|14 | 1900 | 5000 |   60 |       0.45 |1585360680183 |      76 |    84.0 |10,53 | mscpb2.txt |6,7e+02 |
|14 | 2000 | 5000 |   60 |       0.45 |1585360680183 |      76 |    84.0 |10,53 | mscpb2.txt |6,8e+02 |
|14 | 2100 | 5000 |   60 | 0.36666667 |1585360680183 |      76 |    84.0 |10,53 | mscpb2.txt |6,9e+02 |
|14 | 2200 | 5000 |   65 |       0.45 |1585360680183 |      76 |    84.0 |10,53 | mscpb2.txt |7,0e+02 |
|14 | 2300 | 5000 |   65 |       0.45 |1585360680183 |      76 |    84.0 |10,53 | mscpb2.txt |7,2e+02 |
|14 | 2400 | 5000 |   65 |       0.45 |1585360680183 |      76 |    84.0 |10,53 | mscpb2.txt |7,3e+02 |
|14 | 2500 | 5000 |   65 |       0.45 |1585360680183 |      76 |    84.0 |10,53 | mscpb2.txt |7,4e+02 |
|14 | 2600 | 5000 |   70 |       0.45 |1585360680183 |      76 |    84.0 |10,53 | mscpb2.txt |7,5e+02 |
|14 | 2700 | 5000 |   70 |       0.45 |1585360680183 |      76 |    84.0 |10,53 | mscpb2.txt |7,7e+02 |
|14 | 2800 | 5000 |   70 |       0.45 |1585360680183 |      76 |    84.0 |10,53 | mscpb2.txt |7,8e+02 |
|14 | 2900 | 5000 |   70 |       0.45 |1585360680183 |      76 |    84.0 |10,53 | mscpb2.txt |7,9e+02 |
|14 | 3000 | 5000 |   75 |       0.45 |1585360680183 |      76 |    84.0 |10,53 | mscpb2.txt |8,0e+02 |
|14 | 3100 | 5000 |   75 |       0.45 |1585360680183 |      76 |    84.0 |10,53 | mscpb2.txt |8,1e+02 |
|14 | 3200 | 5000 |   75 |       0.45 |1585360680183 |      76 |    84.0 |10,53 | mscpb2.txt |8,2e+02 |
|14 | 3300 | 5000 |   75 |       0.45 |1585360680183 |      76 |    84.0 |10,53 | mscpb2.txt |8,3e+02 |
|14 | 3400 | 5000 |   80 |       0.45 |1585360680183 |      76 |    84.0 |10,53 | mscpb2.txt |8,5e+02 |
|14 | 3500 | 5000 |   80 |       0.45 |1585360680183 |      76 |    84.0 |10,53 | mscpb2.txt |8,7e+02 |
|14 | 3600 | 5000 |   80 |       0.45 |1585360680183 |      76 |    84.0 |10,53 | mscpb2.txt |8,9e+02 |
|14 | 3700 | 5000 |   80 |       0.45 |1585360680183 |      76 |    84.0 |10,53 | mscpb2.txt |9,0e+02 |
|14 | 3800 | 5000 |   85 |       0.45 |1585360680183 |      76 |    84.0 |10,53 | mscpb2.txt |9,1e+02 |
|14 | 3900 | 5000 |   85 |       0.45 |1585360680183 |      76 |    84.0 |10,53 | mscpb2.txt |9,3e+02 |
|14 | 4000 | 5000 |   85 |       0.45 |1585360680183 |      76 |    84.0 |10,53 | mscpb2.txt |9,5e+02 |
|14 | 4100 | 5000 |   85 |       0.45 |1585360680183 |      76 |    84.0 |10,53 | mscpb2.txt |9,6e+02 |
|14 | 4200 | 5000 |   90 |       0.45 |1585360680183 |      76 |    84.0 |10,53 | mscpb2.txt |9,9e+02 |
|14 | 4300 | 5000 |   90 |       0.45 |1585360680183 |      76 |    84.0 |10,53 | mscpb2.txt |1,0e+03 |
|14 | 4400 | 5000 |   90 |       0.45 |1585360680183 |      76 |    84.0 |10,53 | mscpb2.txt |1,0e+03 |
|14 | 4500 | 5000 |   90 |       0.45 |1585360680183 |      76 |    84.0 |10,53 | mscpb2.txt |1,0e+03 |
|14 | 4600 | 5000 |   95 |       0.45 |1585360680183 |      76 |    84.0 |10,53 | mscpb2.txt |1,0e+03 |
|14 | 4700 | 5000 |   95 |       0.45 |1585360680183 |      76 |    84.0 |10,53 | mscpb2.txt |1,1e+03 |
|14 | 4800 | 5000 |   95 |       0.45 |1585360680183 |      76 |    84.0 |10,53 | mscpb2.txt |1,1e+03 |
|14 | 4900 | 5000 |   95 |       0.45 |1585360680183 |      76 |    84.0 |10,53 | mscpb2.txt |1,1e+03 |
|14 | 5000 | 5000 |  100 |       0.45 |1585360680183 |      76 |    84.0 |10,53 | mscpb2.txt |1,1e+03 |
|14 |  300 | 5000 |  100 |       0.45 |1585360680183 |      76 |    84.0 |10,53 | mscpb2.txt |1,1e+03 |
|15 |    1 | 5000 |   35 |       0.25 |1585361796731 |      76 |  1694.0 |2128,95 | mscpb2.txt |0,0060 |
|15 |  100 | 5000 |   35 | 0.37142858 |1585361796731 |      76 |   128.0 |68,42 | mscpb2.txt |  1,7 |
|15 |  200 | 5000 |   35 |       0.45 |1585361796731 |      76 |   113.0 |48,68 | mscpb2.txt |  9,6 |
|15 |  300 | 5000 |   35 | 0.37142858 |1585361796731 |      76 |   109.0 |43,42 | mscpb2.txt |   23 |
|15 |  400 | 5000 |   40 |       0.45 |1585361796731 |      76 |    89.0 |17,11 | mscpb2.txt |   54 |
|15 |  500 | 5000 |   40 |       0.45 |1585361796731 |      76 |    88.0 |15,79 | mscpb2.txt |   86 |
|15 |  600 | 5000 |   40 |       0.45 |1585361796731 |      76 |    86.0 |13,16 | mscpb2.txt |1,2e+02 |
|15 |  700 | 5000 |   40 |       0.45 |1585361796731 |      76 |    85.0 |11,84 | mscpb2.txt |1,5e+02 |
|15 |  800 | 5000 |   45 |       0.45 |1585361796731 |      76 |    85.0 |11,84 | mscpb2.txt |1,9e+02 |
|15 |  900 | 5000 |   45 |       0.45 |1585361796731 |      76 |    85.0 |11,84 | mscpb2.txt |2,3e+02 |
|15 | 1000 | 5000 |   45 |       0.45 |1585361796731 |      76 |    85.0 |11,84 | mscpb2.txt |2,7e+02 |
|15 | 1100 | 5000 |   45 |       0.45 |1585361796731 |      76 |    84.0 |10,53 | mscpb2.txt |3,1e+02 |
|15 | 1200 | 5000 |   50 |       0.45 |1585361796731 |      76 |    82.0 | 7,89 | mscpb2.txt |3,5e+02 |
|15 | 1300 | 5000 |   50 |       0.45 |1585361796731 |      76 |    82.0 | 7,89 | mscpb2.txt |4,0e+02 |
|15 | 1400 | 5000 |   50 |       0.45 |1585361796731 |      76 |    81.0 | 6,58 | mscpb2.txt |4,4e+02 |
|15 | 1500 | 5000 |   50 |       0.45 |1585361796731 |      76 |    81.0 | 6,58 | mscpb2.txt |4,9e+02 |
|15 | 1600 | 5000 |   55 |       0.45 |1585361796731 |      76 |    81.0 | 6,58 | mscpb2.txt |5,5e+02 |
|15 | 1700 | 5000 |   55 |       0.45 |1585361796731 |      76 |    81.0 | 6,58 | mscpb2.txt |6,1e+02 |
|15 | 1800 | 5000 |   55 |       0.45 |1585361796731 |      76 |    81.0 | 6,58 | mscpb2.txt |6,7e+02 |
|15 | 1900 | 5000 |   55 |       0.45 |1585361796731 |      76 |    81.0 | 6,58 | mscpb2.txt |7,3e+02 |
|15 | 2000 | 5000 |   60 |       0.45 |1585361796731 |      76 |    81.0 | 6,58 | mscpb2.txt |8,0e+02 |
|15 | 2100 | 5000 |   60 |       0.45 |1585361796731 |      76 |    81.0 | 6,58 | mscpb2.txt |8,6e+02 |
|15 | 2200 | 5000 |   60 |       0.45 |1585361796731 |      76 |    81.0 | 6,58 | mscpb2.txt |9,0e+02 |
|15 | 2300 | 5000 |   60 |       0.45 |1585361796731 |      76 |    81.0 | 6,58 | mscpb2.txt |9,3e+02 |
|15 | 2400 | 5000 |   65 |       0.45 |1585361796731 |      76 |    81.0 | 6,58 | mscpb2.txt |9,5e+02 |
|15 | 2500 | 5000 |   65 |       0.45 |1585361796731 |      76 |    81.0 | 6,58 | mscpb2.txt |9,7e+02 |
|15 | 2600 | 5000 |   65 |       0.45 |1585361796731 |      76 |    81.0 | 6,58 | mscpb2.txt |9,9e+02 |
|15 | 2700 | 5000 |   65 |       0.45 |1585361796731 |      76 |    81.0 | 6,58 | mscpb2.txt |1,0e+03 |
|15 | 2800 | 5000 |   70 |       0.45 |1585361796731 |      76 |    81.0 | 6,58 | mscpb2.txt |1,0e+03 |
|15 | 2900 | 5000 |   70 |       0.45 |1585361796731 |      76 |    81.0 | 6,58 | mscpb2.txt |1,1e+03 |
|15 | 3000 | 5000 |   70 |       0.45 |1585361796731 |      76 |    81.0 | 6,58 | mscpb2.txt |1,1e+03 |
|15 | 3100 | 5000 |   70 |       0.45 |1585361796731 |      76 |    81.0 | 6,58 | mscpb2.txt |1,1e+03 |
|15 | 3200 | 5000 |   75 |       0.45 |1585361796731 |      76 |    81.0 | 6,58 | mscpb2.txt |1,1e+03 |
|15 | 3300 | 5000 |   75 |       0.45 |1585361796731 |      76 |    81.0 | 6,58 | mscpb2.txt |1,1e+03 |
|15 | 3400 | 5000 |   75 |       0.45 |1585361796731 |      76 |    81.0 | 6,58 | mscpb2.txt |1,1e+03 |
|15 | 3500 | 5000 |   75 |       0.45 |1585361796731 |      76 |    81.0 | 6,58 | mscpb2.txt |1,1e+03 |
|15 | 3600 | 5000 |   80 |       0.45 |1585361796731 |      76 |    81.0 | 6,58 | mscpb2.txt |1,1e+03 |
|15 | 3700 | 5000 |   80 |       0.45 |1585361796731 |      76 |    81.0 | 6,58 | mscpb2.txt |1,1e+03 |
|15 | 3800 | 5000 |   80 |       0.45 |1585361796731 |      76 |    81.0 | 6,58 | mscpb2.txt |1,1e+03 |
|15 | 3900 | 5000 |   80 |       0.45 |1585361796731 |      76 |    81.0 | 6,58 | mscpb2.txt |1,1e+03 |
|15 | 4000 | 5000 |   85 |       0.45 |1585361796731 |      76 |    81.0 | 6,58 | mscpb2.txt |1,2e+03 |
|15 | 4100 | 5000 |   85 |       0.45 |1585361796731 |      76 |    81.0 | 6,58 | mscpb2.txt |1,2e+03 |
|15 | 4200 | 5000 |   85 |       0.45 |1585361796731 |      76 |    81.0 | 6,58 | mscpb2.txt |1,2e+03 |
|15 | 4300 | 5000 |   85 |       0.45 |1585361796731 |      76 |    81.0 | 6,58 | mscpb2.txt |1,2e+03 |
|15 | 4400 | 5000 |   90 |       0.45 |1585361796731 |      76 |    81.0 | 6,58 | mscpb2.txt |1,2e+03 |
|15 | 4500 | 5000 |   90 |       0.45 |1585361796731 |      76 |    81.0 | 6,58 | mscpb2.txt |1,2e+03 |
|15 | 4600 | 5000 |   90 |       0.45 |1585361796731 |      76 |    81.0 | 6,58 | mscpb2.txt |1,2e+03 |
|15 | 4700 | 5000 |   90 |       0.45 |1585361796731 |      76 |    81.0 | 6,58 | mscpb2.txt |1,3e+03 |
|15 | 4800 | 5000 |   95 |       0.45 |1585361796731 |      76 |    81.0 | 6,58 | mscpb2.txt |1,3e+03 |
|15 | 4900 | 5000 |   95 |       0.45 |1585361796731 |      76 |    81.0 | 6,58 | mscpb2.txt |1,3e+03 |
|15 | 5000 | 5000 |   95 |       0.45 |1585361796731 |      76 |    81.0 | 6,58 | mscpb2.txt |1,3e+03 |
|15 |  300 | 5000 |   95 |       0.45 |1585361796731 |      76 |    81.0 | 6,58 | mscpb2.txt |1,3e+03 |
