| # |    #ITER | #IterMAX | Nest |      %Desc |      semilla | BestFit |GottedFit |  RDP |  instancia | time |
-------------------------------------------------------------------------------------------------
| 1 |    1 | 5000 |   35 |       0.25 |1585615656153 |      14 |  2439.0 |17321,43 |mscpnrf4.txt |0,0080 |
| 1 |  100 | 5000 |   35 | 0.42857143 |1585615656153 |      14 |  2070.0 |14685,71 |mscpnrf4.txt | 0,68 |
| 1 |  200 | 5000 |   35 |        0.4 |1585615656153 |      14 |  1926.0 |13657,14 |mscpnrf4.txt |  1,3 |
| 1 |  300 | 5000 |   35 |        0.4 |1585615656153 |      14 |  1844.0 |13071,43 |mscpnrf4.txt |  2,0 |
| 1 |  400 | 5000 |   35 |        0.4 |1585615656153 |      14 |  1765.0 |12507,14 |mscpnrf4.txt |  2,8 |
| 1 |  500 | 5000 |   40 |       0.45 |1585615656153 |      14 |    16.0 |14,29 |mscpnrf4.txt |   84 |
| 1 |  600 | 5000 |   40 |       0.35 |1585615656153 |      14 |    16.0 |14,29 |mscpnrf4.txt |2,3e+02 |
| 1 |  700 | 5000 |   40 |        0.3 |1585615656153 |      14 |    16.0 |14,29 |mscpnrf4.txt |4,0e+02 |
| 1 |  800 | 5000 |   40 |      0.225 |1585615656153 |      14 |    16.0 |14,29 |mscpnrf4.txt |6,0e+02 |
| 1 |  900 | 5000 |   45 | 0.24444444 |1585615656153 |      14 |    16.0 |14,29 |mscpnrf4.txt |7,7e+02 |
| 1 | 1000 | 5000 |   45 | 0.37777779 |1585615656153 |      14 |    16.0 |14,29 |mscpnrf4.txt |8,6e+02 |
| 1 | 1100 | 5000 |   45 | 0.37777779 |1585615656153 |      14 |    16.0 |14,29 |mscpnrf4.txt |9,4e+02 |
| 1 | 1200 | 5000 |   45 | 0.37777779 |1585615656153 |      14 |    16.0 |14,29 |mscpnrf4.txt |1,0e+03 |
| 1 | 1300 | 5000 |   50 |       0.34 |1585615656153 |      14 |    15.0 | 7,14 |mscpnrf4.txt |1,1e+03 |
| 1 | 1400 | 5000 |   50 |       0.34 |1585615656153 |      14 |    15.0 | 7,14 |mscpnrf4.txt |1,2e+03 |
| 1 | 1500 | 5000 |   50 |       0.34 |1585615656153 |      14 |    15.0 | 7,14 |mscpnrf4.txt |1,3e+03 |
| 1 | 1600 | 5000 |   50 |       0.34 |1585615656153 |      14 |    15.0 | 7,14 |mscpnrf4.txt |1,4e+03 |
| 1 | 1700 | 5000 |   55 |  0.3272727 |1585615656153 |      14 |    15.0 | 7,14 |mscpnrf4.txt |1,5e+03 |
| 1 | 1800 | 5000 |   55 |  0.3272727 |1585615656153 |      14 |    15.0 | 7,14 |mscpnrf4.txt |1,6e+03 |
| 1 | 1900 | 5000 |   55 |  0.3272727 |1585615656153 |      14 |    15.0 | 7,14 |mscpnrf4.txt |1,7e+03 |
| 1 | 2000 | 5000 |   55 |  0.3272727 |1585615656153 |      14 |    15.0 | 7,14 |mscpnrf4.txt |1,8e+03 |
| 1 | 2100 | 5000 |   60 | 0.31666666 |1585615656153 |      14 |    15.0 | 7,14 |mscpnrf4.txt |2,0e+03 |
| 1 | 2200 | 5000 |   60 | 0.33333334 |1585615656153 |      14 |    15.0 | 7,14 |mscpnrf4.txt |2,1e+03 |
| 1 | 2300 | 5000 |   60 | 0.33333334 |1585615656153 |      14 |    15.0 | 7,14 |mscpnrf4.txt |2,2e+03 |
| 1 | 2400 | 5000 |   60 | 0.33333334 |1585615656153 |      14 |    15.0 | 7,14 |mscpnrf4.txt |2,3e+03 |
| 1 | 2500 | 5000 |   65 | 0.32307693 |1585615656153 |      14 |    15.0 | 7,14 |mscpnrf4.txt |2,5e+03 |
| 1 | 2600 | 5000 |   65 |       0.45 |1585615656153 |      14 |    15.0 | 7,14 |mscpnrf4.txt |2,5e+03 |
| 1 | 2700 | 5000 |   65 |       0.45 |1585615656153 |      14 |    15.0 | 7,14 |mscpnrf4.txt |2,6e+03 |
| 1 | 2800 | 5000 |   65 |       0.45 |1585615656153 |      14 |    15.0 | 7,14 |mscpnrf4.txt |2,6e+03 |
| 1 | 2900 | 5000 |   70 |       0.45 |1585615656153 |      14 |    15.0 | 7,14 |mscpnrf4.txt |2,7e+03 |
| 1 | 3000 | 5000 |   70 |       0.45 |1585615656153 |      14 |    15.0 | 7,14 |mscpnrf4.txt |2,8e+03 |
| 1 | 3100 | 5000 |   70 |       0.45 |1585615656153 |      14 |    15.0 | 7,14 |mscpnrf4.txt |2,9e+03 |
| 1 | 3200 | 5000 |   70 |       0.45 |1585615656153 |      14 |    15.0 | 7,14 |mscpnrf4.txt |3,0e+03 |
| 1 | 3300 | 5000 |   75 |       0.45 |1585615656153 |      14 |    15.0 | 7,14 |mscpnrf4.txt |3,1e+03 |
| 1 | 3400 | 5000 |   75 |       0.45 |1585615656153 |      14 |    15.0 | 7,14 |mscpnrf4.txt |3,2e+03 |
| 1 | 3500 | 5000 |   75 |       0.45 |1585615656153 |      14 |    15.0 | 7,14 |mscpnrf4.txt |3,3e+03 |
| 1 | 3600 | 5000 |   75 |       0.45 |1585615656153 |      14 |    15.0 | 7,14 |mscpnrf4.txt |3,4e+03 |
| 1 | 3700 | 5000 |   80 |       0.45 |1585615656153 |      14 |    15.0 | 7,14 |mscpnrf4.txt |3,5e+03 |
| 1 | 3800 | 5000 |   80 |       0.45 |1585615656153 |      14 |    15.0 | 7,14 |mscpnrf4.txt |3,6e+03 |
| 1 | 3900 | 5000 |   80 |       0.45 |1585615656153 |      14 |    15.0 | 7,14 |mscpnrf4.txt |3,7e+03 |
| 1 | 4000 | 5000 |   80 |       0.45 |1585615656153 |      14 |    15.0 | 7,14 |mscpnrf4.txt |3,8e+03 |
| 1 | 4100 | 5000 |   85 |       0.45 |1585615656153 |      14 |    15.0 | 7,14 |mscpnrf4.txt |3,9e+03 |
| 1 | 4200 | 5000 |   85 |       0.45 |1585615656153 |      14 |    15.0 | 7,14 |mscpnrf4.txt |4,0e+03 |
| 1 | 4300 | 5000 |   85 |       0.45 |1585615656153 |      14 |    15.0 | 7,14 |mscpnrf4.txt |4,1e+03 |
| 1 | 4400 | 5000 |   85 |       0.45 |1585615656153 |      14 |    15.0 | 7,14 |mscpnrf4.txt |4,2e+03 |
| 1 | 4500 | 5000 |   90 | 0.43333334 |1585615656153 |      14 |    15.0 | 7,14 |mscpnrf4.txt |4,3e+03 |
| 1 | 4600 | 5000 |   90 | 0.43333334 |1585615656153 |      14 |    15.0 | 7,14 |mscpnrf4.txt |4,4e+03 |
| 1 | 4700 | 5000 |   90 | 0.43333334 |1585615656153 |      14 |    15.0 | 7,14 |mscpnrf4.txt |4,5e+03 |
| 1 | 4800 | 5000 |   90 |       0.45 |1585615656153 |      14 |    15.0 | 7,14 |mscpnrf4.txt |4,6e+03 |
| 1 | 4900 | 5000 |   95 |       0.45 |1585615656153 |      14 |    15.0 | 7,14 |mscpnrf4.txt |4,6e+03 |
| 1 | 5000 | 5000 |   95 |       0.45 |1585615656153 |      14 |    15.0 | 7,14 |mscpnrf4.txt |4,6e+03 |
| 1 |  500 | 5000 |   95 |       0.45 |1585615656153 |      14 |    15.0 | 7,14 |mscpnrf4.txt |4,6e+03 |
| 2 |    1 | 5000 |   35 |       0.25 |1585620285788 |      14 |  2403.0 |17064,29 |mscpnrf4.txt |0,0050 |
| 2 |  100 | 5000 |   35 |        0.4 |1585620285788 |      14 |  2018.0 |14314,29 |mscpnrf4.txt | 0,36 |
| 2 |  200 | 5000 |   35 |       0.45 |1585620285788 |      14 |  1867.0 |13235,71 |mscpnrf4.txt | 0,72 |
| 2 |  300 | 5000 |   35 |       0.45 |1585620285788 |      14 |  1783.0 |12635,71 |mscpnrf4.txt |  1,1 |
| 2 |  400 | 5000 |   35 | 0.42857143 |1585620285788 |      14 |  1620.0 |11471,43 |mscpnrf4.txt |  1,4 |
| 2 |  500 | 5000 |   40 |       0.45 |1585620285788 |      14 |    17.0 |21,43 |mscpnrf4.txt |   36 |
| 2 |  600 | 5000 |   40 |        0.4 |1585620285788 |      14 |    17.0 |21,43 |mscpnrf4.txt |1,1e+02 |
| 2 |  700 | 5000 |   40 |       0.35 |1585620285788 |      14 |    17.0 |21,43 |mscpnrf4.txt |1,9e+02 |
| 2 |  800 | 5000 |   40 |       0.35 |1585620285788 |      14 |    16.0 |14,29 |mscpnrf4.txt |2,7e+02 |
| 2 |  900 | 5000 |   45 |  0.2888889 |1585620285788 |      14 |    16.0 |14,29 |mscpnrf4.txt |3,7e+02 |
| 2 | 1000 | 5000 |   45 | 0.35555556 |1585620285788 |      14 |    16.0 |14,29 |mscpnrf4.txt |4,1e+02 |
| 2 | 1100 | 5000 |   45 | 0.35555556 |1585620285788 |      14 |    16.0 |14,29 |mscpnrf4.txt |4,6e+02 |
| 2 | 1200 | 5000 |   45 | 0.35555556 |1585620285788 |      14 |    16.0 |14,29 |mscpnrf4.txt |5,2e+02 |
| 2 | 1300 | 5000 |   50 |       0.32 |1585620285788 |      14 |    16.0 |14,29 |mscpnrf4.txt |5,8e+02 |
| 2 | 1400 | 5000 |   50 |       0.32 |1585620285788 |      14 |    16.0 |14,29 |mscpnrf4.txt |6,5e+02 |
| 2 | 1500 | 5000 |   50 |       0.32 |1585620285788 |      14 |    16.0 |14,29 |mscpnrf4.txt |7,2e+02 |
| 2 | 1600 | 5000 |   50 |       0.32 |1585620285788 |      14 |    16.0 |14,29 |mscpnrf4.txt |8,0e+02 |
| 2 | 1700 | 5000 |   55 | 0.29090908 |1585620285788 |      14 |    16.0 |14,29 |mscpnrf4.txt |9,0e+02 |
| 2 | 1800 | 5000 |   55 | 0.29090908 |1585620285788 |      14 |    16.0 |14,29 |mscpnrf4.txt |9,9e+02 |
| 2 | 1900 | 5000 |   55 | 0.29090908 |1585620285788 |      14 |    16.0 |14,29 |mscpnrf4.txt |1,1e+03 |
| 2 | 2000 | 5000 |   55 | 0.29090908 |1585620285788 |      14 |    16.0 |14,29 |mscpnrf4.txt |1,2e+03 |
| 2 | 2100 | 5000 |   60 |        0.3 |1585620285788 |      14 |    16.0 |14,29 |mscpnrf4.txt |1,3e+03 |
| 2 | 2200 | 5000 |   60 |        0.3 |1585620285788 |      14 |    16.0 |14,29 |mscpnrf4.txt |1,4e+03 |
| 2 | 2300 | 5000 |   60 |        0.3 |1585620285788 |      14 |    16.0 |14,29 |mscpnrf4.txt |1,5e+03 |
| 2 | 2400 | 5000 |   60 |        0.3 |1585620285788 |      14 |    16.0 |14,29 |mscpnrf4.txt |1,6e+03 |
| 2 | 2500 | 5000 |   65 |  0.2769231 |1585620285788 |      14 |    16.0 |14,29 |mscpnrf4.txt |1,8e+03 |
| 2 | 2600 | 5000 |   65 |  0.2769231 |1585620285788 |      14 |    16.0 |14,29 |mscpnrf4.txt |1,9e+03 |
| 2 | 2700 | 5000 |   65 |  0.2923077 |1585620285788 |      14 |    16.0 |14,29 |mscpnrf4.txt |2,0e+03 |
| 2 | 2800 | 5000 |   65 |  0.2923077 |1585620285788 |      14 |    16.0 |14,29 |mscpnrf4.txt |2,1e+03 |
| 2 | 2900 | 5000 |   70 | 0.31428573 |1585620285788 |      14 |    16.0 |14,29 |mscpnrf4.txt |2,3e+03 |
| 2 | 3000 | 5000 |   70 |       0.45 |1585620285788 |      14 |    16.0 |14,29 |mscpnrf4.txt |2,3e+03 |
| 2 | 3100 | 5000 |   70 |       0.45 |1585620285788 |      14 |    16.0 |14,29 |mscpnrf4.txt |2,4e+03 |
| 2 | 3200 | 5000 |   70 |       0.45 |1585620285788 |      14 |    16.0 |14,29 |mscpnrf4.txt |2,5e+03 |
| 2 | 3300 | 5000 |   75 |       0.45 |1585620285788 |      14 |    16.0 |14,29 |mscpnrf4.txt |2,6e+03 |
| 2 | 3400 | 5000 |   75 |       0.45 |1585620285788 |      14 |    16.0 |14,29 |mscpnrf4.txt |2,7e+03 |
| 2 | 3500 | 5000 |   75 |       0.45 |1585620285788 |      14 |    16.0 |14,29 |mscpnrf4.txt |2,8e+03 |
| 2 | 3600 | 5000 |   75 |       0.45 |1585620285788 |      14 |    16.0 |14,29 |mscpnrf4.txt |2,8e+03 |
| 2 | 3700 | 5000 |   80 |       0.45 |1585620285788 |      14 |    16.0 |14,29 |mscpnrf4.txt |3,0e+03 |
| 2 | 3800 | 5000 |   80 |       0.45 |1585620285788 |      14 |    16.0 |14,29 |mscpnrf4.txt |3,1e+03 |
| 2 | 3900 | 5000 |   80 |       0.45 |1585620285788 |      14 |    16.0 |14,29 |mscpnrf4.txt |3,2e+03 |
| 2 | 4000 | 5000 |   80 |       0.45 |1585620285788 |      14 |    16.0 |14,29 |mscpnrf4.txt |3,3e+03 |
| 2 | 4100 | 5000 |   85 |       0.45 |1585620285788 |      14 |    16.0 |14,29 |mscpnrf4.txt |3,4e+03 |
| 2 | 4200 | 5000 |   85 |       0.45 |1585620285788 |      14 |    16.0 |14,29 |mscpnrf4.txt |3,5e+03 |
| 2 | 4300 | 5000 |   85 |       0.45 |1585620285788 |      14 |    16.0 |14,29 |mscpnrf4.txt |3,6e+03 |
| 2 | 4400 | 5000 |   85 |       0.45 |1585620285788 |      14 |    16.0 |14,29 |mscpnrf4.txt |3,7e+03 |
| 2 | 4500 | 5000 |   90 | 0.44444445 |1585620285788 |      14 |    16.0 |14,29 |mscpnrf4.txt |3,9e+03 |
| 2 | 4600 | 5000 |   90 | 0.44444445 |1585620285788 |      14 |    16.0 |14,29 |mscpnrf4.txt |4,0e+03 |
| 2 | 4700 | 5000 |   90 | 0.44444445 |1585620285788 |      14 |    16.0 |14,29 |mscpnrf4.txt |4,2e+03 |
| 2 | 4800 | 5000 |   90 | 0.44444445 |1585620285788 |      14 |    16.0 |14,29 |mscpnrf4.txt |4,3e+03 |
| 2 | 4900 | 5000 |   95 | 0.42105263 |1585620285788 |      14 |    16.0 |14,29 |mscpnrf4.txt |4,4e+03 |
| 2 | 5000 | 5000 |   95 | 0.42105263 |1585620285788 |      14 |    16.0 |14,29 |mscpnrf4.txt |4,6e+03 |
| 2 |  500 | 5000 |   95 | 0.42105263 |1585620285788 |      14 |    16.0 |14,29 |mscpnrf4.txt |4,6e+03 |
| 3 |    1 | 5000 |   35 |       0.25 |1585624878993 |      14 |  2456.0 |17442,86 |mscpnrf4.txt |0,0050 |
| 3 |  100 | 5000 |   35 |       0.45 |1585624878993 |      14 |  2096.0 |14871,43 |mscpnrf4.txt | 0,39 |
| 3 |  200 | 5000 |   35 |       0.45 |1585624878993 |      14 |  1932.0 |13700,00 |mscpnrf4.txt | 0,82 |
| 3 |  300 | 5000 |   40 |       0.45 |1585624878993 |      14 |    17.0 |21,43 |mscpnrf4.txt |   38 |
| 3 |  400 | 5000 |   40 |       0.45 |1585624878993 |      14 |    17.0 |21,43 |mscpnrf4.txt |1,2e+02 |
| 3 |  500 | 5000 |   40 |      0.425 |1585624878993 |      14 |    16.0 |14,29 |mscpnrf4.txt |2,2e+02 |
| 3 |  600 | 5000 |   40 |      0.375 |1585624878993 |      14 |    16.0 |14,29 |mscpnrf4.txt |3,1e+02 |
| 3 |  700 | 5000 |   45 |  0.2888889 |1585624878993 |      14 |    16.0 |14,29 |mscpnrf4.txt |4,3e+02 |
| 3 |  800 | 5000 |   45 | 0.24444444 |1585624878993 |      14 |    15.0 | 7,14 |mscpnrf4.txt |5,4e+02 |
| 3 |  900 | 5000 |   45 | 0.24444444 |1585624878993 |      14 |    15.0 | 7,14 |mscpnrf4.txt |6,6e+02 |
| 3 | 1000 | 5000 |   45 | 0.24444444 |1585624878993 |      14 |    15.0 | 7,14 |mscpnrf4.txt |7,8e+02 |
| 3 | 1100 | 5000 |   50 |       0.22 |1585624878993 |      14 |    15.0 | 7,14 |mscpnrf4.txt |9,1e+02 |
| 3 | 1200 | 5000 |   50 |       0.24 |1585624878993 |      14 |    15.0 | 7,14 |mscpnrf4.txt |1,0e+03 |
| 3 | 1300 | 5000 |   50 |       0.24 |1585624878993 |      14 |    15.0 | 7,14 |mscpnrf4.txt |1,2e+03 |
| 3 | 1400 | 5000 |   50 |       0.38 |1585624878993 |      14 |    15.0 | 7,14 |mscpnrf4.txt |1,2e+03 |
| 3 | 1500 | 5000 |   55 | 0.34545454 |1585624878993 |      14 |    15.0 | 7,14 |mscpnrf4.txt |1,3e+03 |
| 3 | 1600 | 5000 |   55 | 0.34545454 |1585624878993 |      14 |    15.0 | 7,14 |mscpnrf4.txt |1,4e+03 |
| 3 | 1700 | 5000 |   55 | 0.34545454 |1585624878993 |      14 |    15.0 | 7,14 |mscpnrf4.txt |1,5e+03 |
| 3 | 1800 | 5000 |   55 | 0.34545454 |1585624878993 |      14 |    15.0 | 7,14 |mscpnrf4.txt |1,6e+03 |
| 3 | 1900 | 5000 |   60 | 0.33333334 |1585624878993 |      14 |    15.0 | 7,14 |mscpnrf4.txt |1,7e+03 |
| 3 | 2000 | 5000 |   60 | 0.33333334 |1585624878993 |      14 |    15.0 | 7,14 |mscpnrf4.txt |1,8e+03 |
| 3 | 2100 | 5000 |   60 | 0.33333334 |1585624878993 |      14 |    15.0 | 7,14 |mscpnrf4.txt |1,9e+03 |
| 3 | 2200 | 5000 |   60 | 0.33333334 |1585624878993 |      14 |    15.0 | 7,14 |mscpnrf4.txt |2,0e+03 |
| 3 | 2300 | 5000 |   65 | 0.30769232 |1585624878993 |      14 |    15.0 | 7,14 |mscpnrf4.txt |2,1e+03 |
| 3 | 2400 | 5000 |   65 | 0.30769232 |1585624878993 |      14 |    15.0 | 7,14 |mscpnrf4.txt |2,2e+03 |
| 3 | 2500 | 5000 |   65 | 0.30769232 |1585624878993 |      14 |    15.0 | 7,14 |mscpnrf4.txt |2,3e+03 |
| 3 | 2600 | 5000 |   65 | 0.30769232 |1585624878993 |      14 |    15.0 | 7,14 |mscpnrf4.txt |2,4e+03 |
| 3 | 2700 | 5000 |   70 | 0.35714287 |1585624878993 |      14 |    15.0 | 7,14 |mscpnrf4.txt |2,5e+03 |
| 3 | 2800 | 5000 |   70 | 0.35714287 |1585624878993 |      14 |    15.0 | 7,14 |mscpnrf4.txt |2,7e+03 |
| 3 | 2900 | 5000 |   70 | 0.35714287 |1585624878993 |      14 |    15.0 | 7,14 |mscpnrf4.txt |2,8e+03 |
| 3 | 3000 | 5000 |   70 | 0.35714287 |1585624878993 |      14 |    15.0 | 7,14 |mscpnrf4.txt |2,9e+03 |
| 3 | 3100 | 5000 |   75 | 0.34666666 |1585624878993 |      14 |    15.0 | 7,14 |mscpnrf4.txt |3,1e+03 |
| 3 | 3200 | 5000 |   75 | 0.34666666 |1585624878993 |      14 |    15.0 | 7,14 |mscpnrf4.txt |3,2e+03 |
| 3 | 3300 | 5000 |   75 | 0.34666666 |1585624878993 |      14 |    15.0 | 7,14 |mscpnrf4.txt |3,4e+03 |
| 3 | 3400 | 5000 |   75 | 0.34666666 |1585624878993 |      14 |    15.0 | 7,14 |mscpnrf4.txt |3,5e+03 |
| 3 | 3500 | 5000 |   80 |     0.3625 |1585624878993 |      14 |    15.0 | 7,14 |mscpnrf4.txt |3,7e+03 |
| 3 | 3600 | 5000 |   80 |       0.45 |1585624878993 |      14 |    15.0 | 7,14 |mscpnrf4.txt |3,8e+03 |
| 3 | 3700 | 5000 |   80 |       0.45 |1585624878993 |      14 |    15.0 | 7,14 |mscpnrf4.txt |3,9e+03 |
| 3 | 3800 | 5000 |   80 |       0.45 |1585624878993 |      14 |    15.0 | 7,14 |mscpnrf4.txt |3,9e+03 |
| 3 | 3900 | 5000 |   85 |       0.45 |1585624878993 |      14 |    15.0 | 7,14 |mscpnrf4.txt |4,0e+03 |
| 3 | 4000 | 5000 |   85 |       0.45 |1585624878993 |      14 |    15.0 | 7,14 |mscpnrf4.txt |4,1e+03 |
| 3 | 4100 | 5000 |   85 |       0.45 |1585624878993 |      14 |    15.0 | 7,14 |mscpnrf4.txt |4,2e+03 |
| 3 | 4200 | 5000 |   85 |       0.45 |1585624878993 |      14 |    15.0 | 7,14 |mscpnrf4.txt |4,3e+03 |
| 3 | 4300 | 5000 |   90 |       0.45 |1585624878993 |      14 |    15.0 | 7,14 |mscpnrf4.txt |4,4e+03 |
| 3 | 4400 | 5000 |   90 |       0.45 |1585624878993 |      14 |    15.0 | 7,14 |mscpnrf4.txt |4,6e+03 |
| 3 | 4500 | 5000 |   90 |       0.45 |1585624878993 |      14 |    15.0 | 7,14 |mscpnrf4.txt |4,7e+03 |
| 3 | 4600 | 5000 |   90 |       0.45 |1585624878993 |      14 |    15.0 | 7,14 |mscpnrf4.txt |4,8e+03 |
| 3 | 4700 | 5000 |   95 |       0.45 |1585624878993 |      14 |    15.0 | 7,14 |mscpnrf4.txt |4,9e+03 |
| 3 | 4800 | 5000 |   95 |       0.45 |1585624878993 |      14 |    15.0 | 7,14 |mscpnrf4.txt |5,0e+03 |
| 3 | 4900 | 5000 |   95 |       0.45 |1585624878993 |      14 |    15.0 | 7,14 |mscpnrf4.txt |5,2e+03 |
| 3 | 5000 | 5000 |   95 |       0.45 |1585624878993 |      14 |    15.0 | 7,14 |mscpnrf4.txt |5,3e+03 |
| 3 |  500 | 5000 |  100 |       0.45 |1585624878993 |      14 |    15.0 | 7,14 |mscpnrf4.txt |5,3e+03 |
| 4 |    1 | 5000 |   35 |       0.25 |1585630157616 |      14 |  2382.0 |16914,29 |mscpnrf4.txt |0,0050 |
| 4 |  100 | 5000 |   35 | 0.31428573 |1585630157616 |      14 |  2193.0 |15564,29 |mscpnrf4.txt | 0,47 |
| 4 |  200 | 5000 |   35 |       0.45 |1585630157616 |      14 |  1955.0 |13864,29 |mscpnrf4.txt | 0,92 |
| 4 |  300 | 5000 |   35 | 0.42857143 |1585630157616 |      14 |  1862.0 |13200,00 |mscpnrf4.txt |  1,4 |
| 4 |  400 | 5000 |   35 | 0.37142858 |1585630157616 |      14 |  1697.0 |12021,43 |mscpnrf4.txt |  1,8 |
| 4 |  500 | 5000 |   35 | 0.34285715 |1585630157616 |      14 |  1638.0 |11600,00 |mscpnrf4.txt |  2,3 |
| 4 |  600 | 5000 |   40 |       0.45 |1585630157616 |      14 |    18.0 |28,57 |mscpnrf4.txt |   58 |
| 4 |  700 | 5000 |   40 |      0.425 |1585630157616 |      14 |    16.0 |14,29 |mscpnrf4.txt |1,5e+02 |
| 4 |  800 | 5000 |   40 |        0.3 |1585630157616 |      14 |    15.0 | 7,14 |mscpnrf4.txt |2,6e+02 |
| 4 |  900 | 5000 |   40 |       0.25 |1585630157616 |      14 |    15.0 | 7,14 |mscpnrf4.txt |3,7e+02 |
| 4 | 1000 | 5000 |   45 |        0.2 |1585630157616 |      14 |    15.0 | 7,14 |mscpnrf4.txt |5,0e+02 |
| 4 | 1100 | 5000 |   45 | 0.15555556 |1585630157616 |      14 |    15.0 | 7,14 |mscpnrf4.txt |6,2e+02 |
| 4 | 1200 | 5000 |   45 | 0.42222223 |1585630157616 |      14 |    15.0 | 7,14 |mscpnrf4.txt |6,8e+02 |
| 4 | 1300 | 5000 |   45 | 0.42222223 |1585630157616 |      14 |    15.0 | 7,14 |mscpnrf4.txt |7,5e+02 |
| 4 | 1400 | 5000 |   50 |       0.38 |1585630157616 |      14 |    15.0 | 7,14 |mscpnrf4.txt |8,2e+02 |
| 4 | 1500 | 5000 |   50 |       0.38 |1585630157616 |      14 |    15.0 | 7,14 |mscpnrf4.txt |9,0e+02 |
| 4 | 1600 | 5000 |   50 |       0.38 |1585630157616 |      14 |    15.0 | 7,14 |mscpnrf4.txt |9,8e+02 |
| 4 | 1700 | 5000 |   50 |       0.38 |1585630157616 |      14 |    15.0 | 7,14 |mscpnrf4.txt |1,1e+03 |
| 4 | 1800 | 5000 |   55 | 0.34545454 |1585630157616 |      14 |    15.0 | 7,14 |mscpnrf4.txt |1,1e+03 |
| 4 | 1900 | 5000 |   55 | 0.34545454 |1585630157616 |      14 |    15.0 | 7,14 |mscpnrf4.txt |1,2e+03 |
| 4 | 2000 | 5000 |   55 | 0.34545454 |1585630157616 |      14 |    15.0 | 7,14 |mscpnrf4.txt |1,3e+03 |
| 4 | 2100 | 5000 |   55 | 0.34545454 |1585630157616 |      14 |    15.0 | 7,14 |mscpnrf4.txt |1,4e+03 |
| 4 | 2200 | 5000 |   60 | 0.33333334 |1585630157616 |      14 |    15.0 | 7,14 |mscpnrf4.txt |1,5e+03 |
| 4 | 2300 | 5000 |   60 | 0.33333334 |1585630157616 |      14 |    15.0 | 7,14 |mscpnrf4.txt |1,6e+03 |
| 4 | 2400 | 5000 |   60 | 0.33333334 |1585630157616 |      14 |    15.0 | 7,14 |mscpnrf4.txt |1,7e+03 |
| 4 | 2500 | 5000 |   60 | 0.33333334 |1585630157616 |      14 |    15.0 | 7,14 |mscpnrf4.txt |1,8e+03 |
| 4 | 2600 | 5000 |   65 | 0.33846155 |1585630157616 |      14 |    15.0 | 7,14 |mscpnrf4.txt |1,9e+03 |
| 4 | 2700 | 5000 |   65 | 0.35384616 |1585630157616 |      14 |    15.0 | 7,14 |mscpnrf4.txt |2,0e+03 |
| 4 | 2800 | 5000 |   65 |       0.45 |1585630157616 |      14 |    15.0 | 7,14 |mscpnrf4.txt |2,1e+03 |
| 4 | 2900 | 5000 |   65 |       0.45 |1585630157616 |      14 |    15.0 | 7,14 |mscpnrf4.txt |2,1e+03 |
| 4 | 3000 | 5000 |   70 |       0.45 |1585630157616 |      14 |    15.0 | 7,14 |mscpnrf4.txt |2,2e+03 |
| 4 | 3100 | 5000 |   70 |       0.45 |1585630157616 |      14 |    15.0 | 7,14 |mscpnrf4.txt |2,3e+03 |
| 4 | 3200 | 5000 |   70 |       0.45 |1585630157616 |      14 |    15.0 | 7,14 |mscpnrf4.txt |2,3e+03 |
| 4 | 3300 | 5000 |   70 |       0.45 |1585630157616 |      14 |    15.0 | 7,14 |mscpnrf4.txt |2,4e+03 |
| 4 | 3400 | 5000 |   75 |       0.45 |1585630157616 |      14 |    15.0 | 7,14 |mscpnrf4.txt |2,5e+03 |
| 4 | 3500 | 5000 |   75 |       0.45 |1585630157616 |      14 |    15.0 | 7,14 |mscpnrf4.txt |2,6e+03 |
| 4 | 3600 | 5000 |   75 |       0.45 |1585630157616 |      14 |    15.0 | 7,14 |mscpnrf4.txt |2,7e+03 |
| 4 | 3700 | 5000 |   75 |       0.45 |1585630157616 |      14 |    15.0 | 7,14 |mscpnrf4.txt |2,7e+03 |
| 4 | 3800 | 5000 |   80 |       0.45 |1585630157616 |      14 |    15.0 | 7,14 |mscpnrf4.txt |2,8e+03 |
| 4 | 3900 | 5000 |   80 |       0.45 |1585630157616 |      14 |    15.0 | 7,14 |mscpnrf4.txt |2,9e+03 |
| 4 | 4000 | 5000 |   80 |       0.45 |1585630157616 |      14 |    15.0 | 7,14 |mscpnrf4.txt |3,0e+03 |
| 4 | 4100 | 5000 |   80 |       0.45 |1585630157616 |      14 |    15.0 | 7,14 |mscpnrf4.txt |3,1e+03 |
| 4 | 4200 | 5000 |   85 |       0.45 |1585630157616 |      14 |    15.0 | 7,14 |mscpnrf4.txt |3,3e+03 |
| 4 | 4300 | 5000 |   85 |       0.45 |1585630157616 |      14 |    15.0 | 7,14 |mscpnrf4.txt |3,4e+03 |
| 4 | 4400 | 5000 |   85 |       0.45 |1585630157616 |      14 |    15.0 | 7,14 |mscpnrf4.txt |3,5e+03 |
| 4 | 4500 | 5000 |   85 |       0.45 |1585630157616 |      14 |    15.0 | 7,14 |mscpnrf4.txt |3,5e+03 |
| 4 | 4600 | 5000 |   90 |       0.45 |1585630157616 |      14 |    15.0 | 7,14 |mscpnrf4.txt |3,6e+03 |
| 4 | 4700 | 5000 |   90 |       0.45 |1585630157616 |      14 |    15.0 | 7,14 |mscpnrf4.txt |3,6e+03 |
| 4 | 4800 | 5000 |   90 |       0.45 |1585630157616 |      14 |    15.0 | 7,14 |mscpnrf4.txt |3,6e+03 |
| 4 | 4900 | 5000 |   90 |       0.45 |1585630157616 |      14 |    15.0 | 7,14 |mscpnrf4.txt |3,6e+03 |
| 4 | 5000 | 5000 |   95 |       0.45 |1585630157616 |      14 |    15.0 | 7,14 |mscpnrf4.txt |3,6e+03 |
| 4 |  500 | 5000 |   95 |       0.45 |1585630157616 |      14 |    15.0 | 7,14 |mscpnrf4.txt |3,6e+03 |
| 5 |    1 | 5000 |   35 |       0.25 |1585633802302 |      14 |  2381.0 |16907,14 |mscpnrf4.txt |0,0040 |
| 5 |  100 | 5000 |   35 | 0.37142858 |1585633802302 |      14 |  2097.0 |14878,57 |mscpnrf4.txt | 0,45 |
| 5 |  200 | 5000 |   35 |       0.45 |1585633802302 |      14 |  1901.0 |13478,57 |mscpnrf4.txt | 0,89 |
| 5 |  300 | 5000 |   35 | 0.37142858 |1585633802302 |      14 |  1802.0 |12771,43 |mscpnrf4.txt |  1,3 |
| 5 |  400 | 5000 |   40 |       0.45 |1585633802302 |      14 |    17.0 |21,43 |mscpnrf4.txt |   46 |
| 5 |  500 | 5000 |   40 |       0.45 |1585633802302 |      14 |    17.0 |21,43 |mscpnrf4.txt |1,3e+02 |
| 5 |  600 | 5000 |   40 |       0.35 |1585633802302 |      14 |    15.0 | 7,14 |mscpnrf4.txt |2,2e+02 |
| 5 |  700 | 5000 |   40 |      0.375 |1585633802302 |      14 |    15.0 | 7,14 |mscpnrf4.txt |3,1e+02 |
| 5 |  800 | 5000 |   45 | 0.31111112 |1585633802302 |      14 |    15.0 | 7,14 |mscpnrf4.txt |4,2e+02 |
| 5 |  900 | 5000 |   45 | 0.31111112 |1585633802302 |      14 |    15.0 | 7,14 |mscpnrf4.txt |5,3e+02 |
| 5 | 1000 | 5000 |   45 | 0.24444444 |1585633802302 |      14 |    15.0 | 7,14 |mscpnrf4.txt |6,5e+02 |
| 5 | 1100 | 5000 |   45 | 0.24444444 |1585633802302 |      14 |    15.0 | 7,14 |mscpnrf4.txt |7,6e+02 |
| 5 | 1200 | 5000 |   50 |       0.34 |1585633802302 |      14 |    15.0 | 7,14 |mscpnrf4.txt |8,3e+02 |
| 5 | 1300 | 5000 |   50 |       0.34 |1585633802302 |      14 |    15.0 | 7,14 |mscpnrf4.txt |9,1e+02 |
| 5 | 1400 | 5000 |   50 |       0.34 |1585633802302 |      14 |    15.0 | 7,14 |mscpnrf4.txt |9,8e+02 |
| 5 | 1500 | 5000 |   50 |       0.34 |1585633802302 |      14 |    15.0 | 7,14 |mscpnrf4.txt |1,0e+03 |
| 5 | 1600 | 5000 |   55 |  0.3090909 |1585633802302 |      14 |    15.0 | 7,14 |mscpnrf4.txt |1,1e+03 |
| 5 | 1700 | 5000 |   55 |  0.3090909 |1585633802302 |      14 |    15.0 | 7,14 |mscpnrf4.txt |1,2e+03 |
| 5 | 1800 | 5000 |   55 |  0.3090909 |1585633802302 |      14 |    15.0 | 7,14 |mscpnrf4.txt |1,3e+03 |
| 5 | 1900 | 5000 |   55 |  0.3090909 |1585633802302 |      14 |    15.0 | 7,14 |mscpnrf4.txt |1,4e+03 |
| 5 | 2000 | 5000 |   60 | 0.31666666 |1585633802302 |      14 |    15.0 | 7,14 |mscpnrf4.txt |1,5e+03 |
| 5 | 2100 | 5000 |   60 | 0.31666666 |1585633802302 |      14 |    15.0 | 7,14 |mscpnrf4.txt |1,6e+03 |
| 5 | 2200 | 5000 |   60 | 0.31666666 |1585633802302 |      14 |    15.0 | 7,14 |mscpnrf4.txt |1,7e+03 |
| 5 | 2300 | 5000 |   60 | 0.31666666 |1585633802302 |      14 |    15.0 | 7,14 |mscpnrf4.txt |1,8e+03 |
| 5 | 2400 | 5000 |   65 | 0.35384616 |1585633802302 |      14 |    15.0 | 7,14 |mscpnrf4.txt |1,9e+03 |
| 5 | 2500 | 5000 |   65 | 0.35384616 |1585633802302 |      14 |    15.0 | 7,14 |mscpnrf4.txt |2,0e+03 |
| 5 | 2600 | 5000 |   65 | 0.35384616 |1585633802302 |      14 |    15.0 | 7,14 |mscpnrf4.txt |2,2e+03 |
| 5 | 2700 | 5000 |   65 | 0.35384616 |1585633802302 |      14 |    15.0 | 7,14 |mscpnrf4.txt |2,3e+03 |
| 5 | 2800 | 5000 |   70 | 0.35714287 |1585633802302 |      14 |    15.0 | 7,14 |mscpnrf4.txt |2,4e+03 |
| 5 | 2900 | 5000 |   70 | 0.35714287 |1585633802302 |      14 |    15.0 | 7,14 |mscpnrf4.txt |2,5e+03 |
| 5 | 3000 | 5000 |   70 | 0.35714287 |1585633802302 |      14 |    15.0 | 7,14 |mscpnrf4.txt |2,7e+03 |
| 5 | 3100 | 5000 |   70 | 0.35714287 |1585633802302 |      14 |    15.0 | 7,14 |mscpnrf4.txt |2,8e+03 |
| 5 | 3200 | 5000 |   75 |       0.36 |1585633802302 |      14 |    15.0 | 7,14 |mscpnrf4.txt |3,0e+03 |
| 5 | 3300 | 5000 |   75 |       0.45 |1585633802302 |      14 |    15.0 | 7,14 |mscpnrf4.txt |3,0e+03 |
| 5 | 3400 | 5000 |   75 |       0.45 |1585633802302 |      14 |    15.0 | 7,14 |mscpnrf4.txt |3,1e+03 |
| 5 | 3500 | 5000 |   75 |       0.45 |1585633802302 |      14 |    15.0 | 7,14 |mscpnrf4.txt |3,2e+03 |
| 5 | 3600 | 5000 |   80 |       0.45 |1585633802302 |      14 |    15.0 | 7,14 |mscpnrf4.txt |3,3e+03 |
| 5 | 3700 | 5000 |   80 |       0.45 |1585633802302 |      14 |    15.0 | 7,14 |mscpnrf4.txt |3,4e+03 |
| 5 | 3800 | 5000 |   80 |       0.45 |1585633802302 |      14 |    15.0 | 7,14 |mscpnrf4.txt |3,5e+03 |
| 5 | 3900 | 5000 |   80 |       0.45 |1585633802302 |      14 |    15.0 | 7,14 |mscpnrf4.txt |3,6e+03 |
| 5 | 4000 | 5000 |   85 |       0.45 |1585633802302 |      14 |    15.0 | 7,14 |mscpnrf4.txt |3,7e+03 |
| 5 | 4100 | 5000 |   85 |       0.45 |1585633802302 |      14 |    15.0 | 7,14 |mscpnrf4.txt |3,8e+03 |
| 5 | 4200 | 5000 |   85 |       0.45 |1585633802302 |      14 |    15.0 | 7,14 |mscpnrf4.txt |3,9e+03 |
| 5 | 4300 | 5000 |   85 |       0.45 |1585633802302 |      14 |    15.0 | 7,14 |mscpnrf4.txt |4,0e+03 |
| 5 | 4400 | 5000 |   90 |       0.45 |1585633802302 |      14 |    15.0 | 7,14 |mscpnrf4.txt |4,2e+03 |
| 5 | 4500 | 5000 |   90 |       0.45 |1585633802302 |      14 |    15.0 | 7,14 |mscpnrf4.txt |4,3e+03 |
| 5 | 4600 | 5000 |   90 |       0.45 |1585633802302 |      14 |    15.0 | 7,14 |mscpnrf4.txt |4,4e+03 |
| 5 | 4700 | 5000 |   90 |       0.45 |1585633802302 |      14 |    15.0 | 7,14 |mscpnrf4.txt |4,5e+03 |
| 5 | 4800 | 5000 |   95 | 0.43157893 |1585633802302 |      14 |    15.0 | 7,14 |mscpnrf4.txt |4,7e+03 |
| 5 | 4900 | 5000 |   95 | 0.43157893 |1585633802302 |      14 |    15.0 | 7,14 |mscpnrf4.txt |4,8e+03 |
| 5 | 5000 | 5000 |   95 | 0.43157893 |1585633802302 |      14 |    15.0 | 7,14 |mscpnrf4.txt |5,0e+03 |
| 5 |  500 | 5000 |   95 | 0.43157893 |1585633802302 |      14 |    15.0 | 7,14 |mscpnrf4.txt |5,0e+03 |
| 6 |    1 | 5000 |   35 |       0.25 |1585638771585 |      14 |  2412.0 |17128,57 |mscpnrf4.txt |0,0060 |
| 6 |  100 | 5000 |   35 |        0.4 |1585638771585 |      14 |  1973.0 |13992,86 |mscpnrf4.txt | 0,48 |
| 6 |  200 | 5000 |   40 |       0.45 |1585638771585 |      14 |    15.0 | 7,14 |mscpnrf4.txt |   40 |
| 6 |  300 | 5000 |   40 |       0.45 |1585638771585 |      14 |    15.0 | 7,14 |mscpnrf4.txt |1,2e+02 |
| 6 |  400 | 5000 |   40 |      0.375 |1585638771585 |      14 |    15.0 | 7,14 |mscpnrf4.txt |2,3e+02 |
| 6 |  500 | 5000 |   40 |       0.35 |1585638771585 |      14 |    15.0 | 7,14 |mscpnrf4.txt |3,4e+02 |
| 6 |  600 | 5000 |   45 | 0.26666668 |1585638771585 |      14 |    15.0 | 7,14 |mscpnrf4.txt |4,8e+02 |
| 6 |  700 | 5000 |   45 | 0.26666668 |1585638771585 |      14 |    15.0 | 7,14 |mscpnrf4.txt |6,2e+02 |
| 6 |  800 | 5000 |   45 | 0.26666668 |1585638771585 |      14 |    15.0 | 7,14 |mscpnrf4.txt |7,5e+02 |
| 6 |  900 | 5000 |   45 | 0.26666668 |1585638771585 |      14 |    15.0 | 7,14 |mscpnrf4.txt |8,9e+02 |
| 6 | 1000 | 5000 |   50 |       0.34 |1585638771585 |      14 |    15.0 | 7,14 |mscpnrf4.txt |9,7e+02 |
| 6 | 1100 | 5000 |   50 |       0.34 |1585638771585 |      14 |    15.0 | 7,14 |mscpnrf4.txt |1,1e+03 |
| 6 | 1200 | 5000 |   50 |       0.34 |1585638771585 |      14 |    15.0 | 7,14 |mscpnrf4.txt |1,1e+03 |
| 6 | 1300 | 5000 |   50 |       0.34 |1585638771585 |      14 |    15.0 | 7,14 |mscpnrf4.txt |1,2e+03 |
| 6 | 1400 | 5000 |   55 |  0.3090909 |1585638771585 |      14 |    15.0 | 7,14 |mscpnrf4.txt |1,3e+03 |
| 6 | 1500 | 5000 |   55 |  0.3090909 |1585638771585 |      14 |    15.0 | 7,14 |mscpnrf4.txt |1,4e+03 |
| 6 | 1600 | 5000 |   55 |  0.3090909 |1585638771585 |      14 |    15.0 | 7,14 |mscpnrf4.txt |1,5e+03 |
| 6 | 1700 | 5000 |   55 |  0.3090909 |1585638771585 |      14 |    15.0 | 7,14 |mscpnrf4.txt |1,7e+03 |
| 6 | 1800 | 5000 |   60 | 0.28333333 |1585638771585 |      14 |    15.0 | 7,14 |mscpnrf4.txt |1,8e+03 |
| 6 | 1900 | 5000 |   60 | 0.28333333 |1585638771585 |      14 |    15.0 | 7,14 |mscpnrf4.txt |1,9e+03 |
| 6 | 2000 | 5000 |   60 | 0.28333333 |1585638771585 |      14 |    15.0 | 7,14 |mscpnrf4.txt |2,0e+03 |
| 6 | 2100 | 5000 |   60 | 0.28333333 |1585638771585 |      14 |    15.0 | 7,14 |mscpnrf4.txt |2,1e+03 |
| 6 | 2200 | 5000 |   65 | 0.26153848 |1585638771585 |      14 |    15.0 | 7,14 |mscpnrf4.txt |2,3e+03 |
| 6 | 2300 | 5000 |   65 |  0.2769231 |1585638771585 |      14 |    15.0 | 7,14 |mscpnrf4.txt |2,4e+03 |
| 6 | 2400 | 5000 |   65 |  0.2769231 |1585638771585 |      14 |    15.0 | 7,14 |mscpnrf4.txt |2,6e+03 |
| 6 | 2500 | 5000 |   65 |  0.2769231 |1585638771585 |      14 |    15.0 | 7,14 |mscpnrf4.txt |2,7e+03 |
| 6 | 2600 | 5000 |   70 |        0.3 |1585638771585 |      14 |    15.0 | 7,14 |mscpnrf4.txt |2,9e+03 |
| 6 | 2700 | 5000 |   70 |        0.3 |1585638771585 |      14 |    15.0 | 7,14 |mscpnrf4.txt |3,1e+03 |
| 6 | 2800 | 5000 |   70 |        0.3 |1585638771585 |      14 |    15.0 | 7,14 |mscpnrf4.txt |3,2e+03 |
| 6 | 2900 | 5000 |   70 |        0.3 |1585638771585 |      14 |    15.0 | 7,14 |mscpnrf4.txt |3,4e+03 |
| 6 | 3000 | 5000 |   75 |       0.28 |1585638771585 |      14 |    15.0 | 7,14 |mscpnrf4.txt |3,5e+03 |
| 6 | 3100 | 5000 |   75 |       0.28 |1585638771585 |      14 |    15.0 | 7,14 |mscpnrf4.txt |3,7e+03 |
| 6 | 3200 | 5000 |   75 |       0.28 |1585638771585 |      14 |    15.0 | 7,14 |mscpnrf4.txt |3,8e+03 |
| 6 | 3300 | 5000 |   75 |       0.28 |1585638771585 |      14 |    15.0 | 7,14 |mscpnrf4.txt |4,0e+03 |
| 6 | 3400 | 5000 |   80 |       0.45 |1585638771585 |      14 |    15.0 | 7,14 |mscpnrf4.txt |4,1e+03 |
| 6 | 3500 | 5000 |   80 |       0.45 |1585638771585 |      14 |    15.0 | 7,14 |mscpnrf4.txt |4,2e+03 |
| 6 | 3600 | 5000 |   80 |       0.45 |1585638771585 |      14 |    15.0 | 7,14 |mscpnrf4.txt |4,3e+03 |
| 6 | 3700 | 5000 |   80 |       0.45 |1585638771585 |      14 |    15.0 | 7,14 |mscpnrf4.txt |4,4e+03 |
| 6 | 3800 | 5000 |   85 |       0.45 |1585638771585 |      14 |    15.0 | 7,14 |mscpnrf4.txt |4,5e+03 |
| 6 | 3900 | 5000 |   85 |       0.45 |1585638771585 |      14 |    15.0 | 7,14 |mscpnrf4.txt |4,6e+03 |
| 6 | 4000 | 5000 |   85 |       0.45 |1585638771585 |      14 |    15.0 | 7,14 |mscpnrf4.txt |4,7e+03 |
| 6 | 4100 | 5000 |   85 |       0.45 |1585638771585 |      14 |    15.0 | 7,14 |mscpnrf4.txt |4,8e+03 |
| 6 | 4200 | 5000 |   90 |       0.45 |1585638771585 |      14 |    15.0 | 7,14 |mscpnrf4.txt |4,9e+03 |
| 6 | 4300 | 5000 |   90 |       0.45 |1585638771585 |      14 |    15.0 | 7,14 |mscpnrf4.txt |5,0e+03 |
| 6 | 4400 | 5000 |   90 |       0.45 |1585638771585 |      14 |    15.0 | 7,14 |mscpnrf4.txt |5,1e+03 |
| 6 | 4500 | 5000 |   90 |       0.45 |1585638771585 |      14 |    15.0 | 7,14 |mscpnrf4.txt |5,1e+03 |
| 6 | 4600 | 5000 |   95 |       0.45 |1585638771585 |      14 |    15.0 | 7,14 |mscpnrf4.txt |5,2e+03 |
| 6 | 4700 | 5000 |   95 |       0.45 |1585638771585 |      14 |    15.0 | 7,14 |mscpnrf4.txt |5,2e+03 |
| 6 | 4800 | 5000 |   95 |       0.45 |1585638771585 |      14 |    15.0 | 7,14 |mscpnrf4.txt |5,2e+03 |
| 6 | 4900 | 5000 |   95 |       0.45 |1585638771585 |      14 |    15.0 | 7,14 |mscpnrf4.txt |5,2e+03 |
| 6 | 5000 | 5000 |  100 |       0.45 |1585638771585 |      14 |    15.0 | 7,14 |mscpnrf4.txt |5,3e+03 |
| 6 |  500 | 5000 |  100 |       0.45 |1585638771585 |      14 |    15.0 | 7,14 |mscpnrf4.txt |5,3e+03 |
| 7 |    1 | 5000 |   35 |       0.25 |1585644024382 |      14 |  2373.0 |16850,00 |mscpnrf4.txt |0,0050 |
| 7 |  100 | 5000 |   35 |        0.4 |1585644024382 |      14 |  2092.0 |14842,86 |mscpnrf4.txt | 0,47 |
| 7 |  200 | 5000 |   35 |       0.45 |1585644024382 |      14 |  1917.0 |13592,86 |mscpnrf4.txt | 0,92 |
| 7 |  300 | 5000 |   35 | 0.42857143 |1585644024382 |      14 |  1806.0 |12800,00 |mscpnrf4.txt |  1,4 |
| 7 |  400 | 5000 |   40 |       0.45 |1585644024382 |      14 |    16.0 |14,29 |mscpnrf4.txt |   54 |
| 7 |  500 | 5000 |   40 |      0.325 |1585644024382 |      14 |    16.0 |14,29 |mscpnrf4.txt |1,5e+02 |
| 7 |  600 | 5000 |   40 |      0.225 |1585644024382 |      14 |    16.0 |14,29 |mscpnrf4.txt |2,5e+02 |
| 7 |  700 | 5000 |   40 |        0.4 |1585644024382 |      14 |    16.0 |14,29 |mscpnrf4.txt |3,1e+02 |
| 7 |  800 | 5000 |   45 | 0.35555556 |1585644024382 |      14 |    16.0 |14,29 |mscpnrf4.txt |3,8e+02 |
| 7 |  900 | 5000 |   45 | 0.35555556 |1585644024382 |      14 |    16.0 |14,29 |mscpnrf4.txt |4,5e+02 |
| 7 | 1000 | 5000 |   45 | 0.35555556 |1585644024382 |      14 |    16.0 |14,29 |mscpnrf4.txt |5,2e+02 |
| 7 | 1100 | 5000 |   45 | 0.35555556 |1585644024382 |      14 |    16.0 |14,29 |mscpnrf4.txt |5,9e+02 |
| 7 | 1200 | 5000 |   50 |       0.32 |1585644024382 |      14 |    16.0 |14,29 |mscpnrf4.txt |6,8e+02 |
| 7 | 1300 | 5000 |   50 |       0.32 |1585644024382 |      14 |    16.0 |14,29 |mscpnrf4.txt |7,6e+02 |
| 7 | 1400 | 5000 |   50 |       0.32 |1585644024382 |      14 |    16.0 |14,29 |mscpnrf4.txt |8,5e+02 |
| 7 | 1500 | 5000 |   50 |       0.32 |1585644024382 |      14 |    15.0 | 7,14 |mscpnrf4.txt |9,3e+02 |
| 7 | 1600 | 5000 |   55 |  0.3090909 |1585644024382 |      14 |    15.0 | 7,14 |mscpnrf4.txt |1,0e+03 |
| 7 | 1700 | 5000 |   55 |  0.3090909 |1585644024382 |      14 |    15.0 | 7,14 |mscpnrf4.txt |1,1e+03 |
| 7 | 1800 | 5000 |   55 |  0.3090909 |1585644024382 |      14 |    15.0 | 7,14 |mscpnrf4.txt |1,2e+03 |
| 7 | 1900 | 5000 |   55 |  0.3090909 |1585644024382 |      14 |    15.0 | 7,14 |mscpnrf4.txt |1,3e+03 |
| 7 | 2000 | 5000 |   60 | 0.33333334 |1585644024382 |      14 |    15.0 | 7,14 |mscpnrf4.txt |1,5e+03 |
| 7 | 2100 | 5000 |   60 | 0.33333334 |1585644024382 |      14 |    15.0 | 7,14 |mscpnrf4.txt |1,6e+03 |
| 7 | 2200 | 5000 |   60 | 0.33333334 |1585644024382 |      14 |    15.0 | 7,14 |mscpnrf4.txt |1,7e+03 |
| 7 | 2300 | 5000 |   60 | 0.33333334 |1585644024382 |      14 |    15.0 | 7,14 |mscpnrf4.txt |1,8e+03 |
| 7 | 2400 | 5000 |   65 | 0.32307693 |1585644024382 |      14 |    15.0 | 7,14 |mscpnrf4.txt |1,9e+03 |
| 7 | 2500 | 5000 |   65 | 0.32307693 |1585644024382 |      14 |    15.0 | 7,14 |mscpnrf4.txt |2,1e+03 |
| 7 | 2600 | 5000 |   65 | 0.32307693 |1585644024382 |      14 |    15.0 | 7,14 |mscpnrf4.txt |2,2e+03 |
| 7 | 2700 | 5000 |   65 |       0.45 |1585644024382 |      14 |    15.0 | 7,14 |mscpnrf4.txt |2,3e+03 |
| 7 | 2800 | 5000 |   70 |       0.45 |1585644024382 |      14 |    15.0 | 7,14 |mscpnrf4.txt |2,3e+03 |
| 7 | 2900 | 5000 |   70 |       0.45 |1585644024382 |      14 |    15.0 | 7,14 |mscpnrf4.txt |2,4e+03 |
| 7 | 3000 | 5000 |   70 |       0.45 |1585644024382 |      14 |    15.0 | 7,14 |mscpnrf4.txt |2,5e+03 |
| 7 | 3100 | 5000 |   70 |       0.45 |1585644024382 |      14 |    15.0 | 7,14 |mscpnrf4.txt |2,6e+03 |
| 7 | 3200 | 5000 |   75 |       0.45 |1585644024382 |      14 |    15.0 | 7,14 |mscpnrf4.txt |2,7e+03 |
| 7 | 3300 | 5000 |   75 |       0.45 |1585644024382 |      14 |    15.0 | 7,14 |mscpnrf4.txt |2,8e+03 |
| 7 | 3400 | 5000 |   75 |       0.45 |1585644024382 |      14 |    15.0 | 7,14 |mscpnrf4.txt |2,8e+03 |
| 7 | 3500 | 5000 |   75 |       0.45 |1585644024382 |      14 |    15.0 | 7,14 |mscpnrf4.txt |2,9e+03 |
| 7 | 3600 | 5000 |   80 |       0.45 |1585644024382 |      14 |    15.0 | 7,14 |mscpnrf4.txt |3,1e+03 |
| 7 | 3700 | 5000 |   80 |       0.45 |1585644024382 |      14 |    15.0 | 7,14 |mscpnrf4.txt |3,2e+03 |
| 7 | 3800 | 5000 |   80 |       0.45 |1585644024382 |      14 |    15.0 | 7,14 |mscpnrf4.txt |3,3e+03 |
| 7 | 3900 | 5000 |   80 |       0.45 |1585644024382 |      14 |    15.0 | 7,14 |mscpnrf4.txt |3,4e+03 |
| 7 | 4000 | 5000 |   85 | 0.44705883 |1585644024382 |      14 |    15.0 | 7,14 |mscpnrf4.txt |3,5e+03 |
| 7 | 4100 | 5000 |   85 | 0.44705883 |1585644024382 |      14 |    15.0 | 7,14 |mscpnrf4.txt |3,6e+03 |
| 7 | 4200 | 5000 |   85 | 0.44705883 |1585644024382 |      14 |    15.0 | 7,14 |mscpnrf4.txt |3,7e+03 |
| 7 | 4300 | 5000 |   85 | 0.44705883 |1585644024382 |      14 |    15.0 | 7,14 |mscpnrf4.txt |3,9e+03 |
| 7 | 4400 | 5000 |   90 | 0.42222223 |1585644024382 |      14 |    15.0 | 7,14 |mscpnrf4.txt |4,0e+03 |
| 7 | 4500 | 5000 |   90 | 0.42222223 |1585644024382 |      14 |    15.0 | 7,14 |mscpnrf4.txt |4,2e+03 |
| 7 | 4600 | 5000 |   90 | 0.42222223 |1585644024382 |      14 |    15.0 | 7,14 |mscpnrf4.txt |4,3e+03 |
| 7 | 4700 | 5000 |   90 | 0.42222223 |1585644024382 |      14 |    15.0 | 7,14 |mscpnrf4.txt |4,4e+03 |
| 7 | 4800 | 5000 |   95 |        0.4 |1585644024382 |      14 |    15.0 | 7,14 |mscpnrf4.txt |4,6e+03 |
| 7 | 4900 | 5000 |   95 |        0.4 |1585644024382 |      14 |    15.0 | 7,14 |mscpnrf4.txt |4,7e+03 |
| 7 | 5000 | 5000 |   95 |        0.4 |1585644024382 |      14 |    15.0 | 7,14 |mscpnrf4.txt |4,9e+03 |
| 7 |  500 | 5000 |   95 |        0.4 |1585644024382 |      14 |    15.0 | 7,14 |mscpnrf4.txt |4,9e+03 |
| 8 |    1 | 5000 |   35 |       0.25 |1585648925499 |      14 |  2436.0 |17300,00 |mscpnrf4.txt |0,0060 |
| 8 |  100 | 5000 |   35 | 0.37142858 |1585648925499 |      14 |  1946.0 |13800,00 |mscpnrf4.txt | 0,46 |
| 8 |  200 | 5000 |   40 |       0.45 |1585648925499 |      14 |    17.0 |21,43 |mscpnrf4.txt |   44 |
| 8 |  300 | 5000 |   40 |      0.325 |1585648925499 |      14 |    17.0 |21,43 |mscpnrf4.txt |1,4e+02 |
| 8 |  400 | 5000 |   40 |      0.225 |1585648925499 |      14 |    17.0 |21,43 |mscpnrf4.txt |2,5e+02 |
| 8 |  500 | 5000 |   40 |        0.4 |1585648925499 |      14 |    17.0 |21,43 |mscpnrf4.txt |3,0e+02 |
| 8 |  600 | 5000 |   45 | 0.35555556 |1585648925499 |      14 |    17.0 |21,43 |mscpnrf4.txt |3,7e+02 |
| 8 |  700 | 5000 |   45 | 0.35555556 |1585648925499 |      14 |    17.0 |21,43 |mscpnrf4.txt |4,5e+02 |
| 8 |  800 | 5000 |   45 | 0.35555556 |1585648925499 |      14 |    17.0 |21,43 |mscpnrf4.txt |5,2e+02 |
| 8 |  900 | 5000 |   45 | 0.35555556 |1585648925499 |      14 |    17.0 |21,43 |mscpnrf4.txt |5,9e+02 |
| 8 | 1000 | 5000 |   50 |       0.32 |1585648925499 |      14 |    17.0 |21,43 |mscpnrf4.txt |6,7e+02 |
| 8 | 1100 | 5000 |   50 |       0.32 |1585648925499 |      14 |    17.0 |21,43 |mscpnrf4.txt |7,6e+02 |
| 8 | 1200 | 5000 |   50 |       0.32 |1585648925499 |      14 |    17.0 |21,43 |mscpnrf4.txt |8,4e+02 |
| 8 | 1300 | 5000 |   50 |       0.32 |1585648925499 |      14 |    16.0 |14,29 |mscpnrf4.txt |9,3e+02 |
| 8 | 1400 | 5000 |   55 |  0.3272727 |1585648925499 |      14 |    15.0 | 7,14 |mscpnrf4.txt |1,0e+03 |
| 8 | 1500 | 5000 |   55 |  0.3272727 |1585648925499 |      14 |    15.0 | 7,14 |mscpnrf4.txt |1,1e+03 |
| 8 | 1600 | 5000 |   55 |  0.3272727 |1585648925499 |      14 |    15.0 | 7,14 |mscpnrf4.txt |1,2e+03 |
| 8 | 1700 | 5000 |   55 |  0.3272727 |1585648925499 |      14 |    15.0 | 7,14 |mscpnrf4.txt |1,4e+03 |
| 8 | 1800 | 5000 |   60 | 0.33333334 |1585648925499 |      14 |    15.0 | 7,14 |mscpnrf4.txt |1,5e+03 |
| 8 | 1900 | 5000 |   60 | 0.33333334 |1585648925499 |      14 |    15.0 | 7,14 |mscpnrf4.txt |1,6e+03 |
| 8 | 2000 | 5000 |   60 | 0.33333334 |1585648925499 |      14 |    15.0 | 7,14 |mscpnrf4.txt |1,7e+03 |
| 8 | 2100 | 5000 |   60 | 0.33333334 |1585648925499 |      14 |    15.0 | 7,14 |mscpnrf4.txt |1,8e+03 |
| 8 | 2200 | 5000 |   65 | 0.32307693 |1585648925499 |      14 |    15.0 | 7,14 |mscpnrf4.txt |2,0e+03 |
| 8 | 2300 | 5000 |   65 |       0.45 |1585648925499 |      14 |    15.0 | 7,14 |mscpnrf4.txt |2,0e+03 |
| 8 | 2400 | 5000 |   65 |       0.45 |1585648925499 |      14 |    15.0 | 7,14 |mscpnrf4.txt |2,1e+03 |
| 8 | 2500 | 5000 |   65 |       0.45 |1585648925499 |      14 |    15.0 | 7,14 |mscpnrf4.txt |2,1e+03 |
| 8 | 2600 | 5000 |   70 |       0.45 |1585648925499 |      14 |    15.0 | 7,14 |mscpnrf4.txt |2,2e+03 |
| 8 | 2700 | 5000 |   70 |       0.45 |1585648925499 |      14 |    15.0 | 7,14 |mscpnrf4.txt |2,3e+03 |
| 8 | 2800 | 5000 |   70 |       0.45 |1585648925499 |      14 |    15.0 | 7,14 |mscpnrf4.txt |2,3e+03 |
| 8 | 2900 | 5000 |   70 |       0.45 |1585648925499 |      14 |    15.0 | 7,14 |mscpnrf4.txt |2,4e+03 |
| 8 | 3000 | 5000 |   75 |       0.45 |1585648925499 |      14 |    15.0 | 7,14 |mscpnrf4.txt |2,5e+03 |
| 8 | 3100 | 5000 |   75 |       0.45 |1585648925499 |      14 |    15.0 | 7,14 |mscpnrf4.txt |2,5e+03 |
| 8 | 3200 | 5000 |   75 |       0.45 |1585648925499 |      14 |    15.0 | 7,14 |mscpnrf4.txt |2,6e+03 |
| 8 | 3300 | 5000 |   75 |       0.45 |1585648925499 |      14 |    15.0 | 7,14 |mscpnrf4.txt |2,7e+03 |
| 8 | 3400 | 5000 |   80 |       0.45 |1585648925499 |      14 |    15.0 | 7,14 |mscpnrf4.txt |2,8e+03 |
| 8 | 3500 | 5000 |   80 |       0.45 |1585648925499 |      14 |    15.0 | 7,14 |mscpnrf4.txt |2,9e+03 |
| 8 | 3600 | 5000 |   80 |       0.45 |1585648925499 |      14 |    15.0 | 7,14 |mscpnrf4.txt |3,0e+03 |
| 8 | 3700 | 5000 |   80 |       0.45 |1585648925499 |      14 |    15.0 | 7,14 |mscpnrf4.txt |3,1e+03 |
| 8 | 3800 | 5000 |   85 | 0.44705883 |1585648925499 |      14 |    15.0 | 7,14 |mscpnrf4.txt |3,2e+03 |
| 8 | 3900 | 5000 |   85 | 0.44705883 |1585648925499 |      14 |    15.0 | 7,14 |mscpnrf4.txt |3,3e+03 |
| 8 | 4000 | 5000 |   85 | 0.44705883 |1585648925499 |      14 |    15.0 | 7,14 |mscpnrf4.txt |3,4e+03 |
| 8 | 4100 | 5000 |   85 | 0.44705883 |1585648925499 |      14 |    15.0 | 7,14 |mscpnrf4.txt |3,5e+03 |
| 8 | 4200 | 5000 |   90 | 0.42222223 |1585648925499 |      14 |    15.0 | 7,14 |mscpnrf4.txt |3,6e+03 |
| 8 | 4300 | 5000 |   90 | 0.42222223 |1585648925499 |      14 |    15.0 | 7,14 |mscpnrf4.txt |3,7e+03 |
| 8 | 4400 | 5000 |   90 | 0.42222223 |1585648925499 |      14 |    15.0 | 7,14 |mscpnrf4.txt |3,8e+03 |
| 8 | 4500 | 5000 |   90 | 0.42222223 |1585648925499 |      14 |    15.0 | 7,14 |mscpnrf4.txt |3,9e+03 |
| 8 | 4600 | 5000 |   95 |        0.4 |1585648925499 |      14 |    15.0 | 7,14 |mscpnrf4.txt |4,1e+03 |
| 8 | 4700 | 5000 |   95 |        0.4 |1585648925499 |      14 |    15.0 | 7,14 |mscpnrf4.txt |4,2e+03 |
| 8 | 4800 | 5000 |   95 |        0.4 |1585648925499 |      14 |    15.0 | 7,14 |mscpnrf4.txt |4,3e+03 |
| 8 | 4900 | 5000 |   95 |        0.4 |1585648925499 |      14 |    15.0 | 7,14 |mscpnrf4.txt |4,4e+03 |
| 8 | 5000 | 5000 |  100 |       0.38 |1585648925499 |      14 |    15.0 | 7,14 |mscpnrf4.txt |4,6e+03 |
| 8 |  500 | 5000 |  100 |       0.38 |1585648925499 |      14 |    15.0 | 7,14 |mscpnrf4.txt |4,6e+03 |
| 9 |    1 | 5000 |   35 |       0.25 |1585653502224 |      14 |  2528.0 |17957,14 |mscpnrf4.txt |0,0050 |
| 9 |  100 | 5000 |   35 | 0.37142858 |1585653502224 |      14 |  2064.0 |14642,86 |mscpnrf4.txt | 0,37 |
| 9 |  200 | 5000 |   35 |       0.45 |1585653502224 |      14 |  1928.0 |13671,43 |mscpnrf4.txt | 0,72 |
| 9 |  300 | 5000 |   35 | 0.42857143 |1585653502224 |      14 |  1815.0 |12864,29 |mscpnrf4.txt |  1,1 |
| 9 |  400 | 5000 |   40 |       0.45 |1585653502224 |      14 |    16.0 |14,29 |mscpnrf4.txt |   34 |
| 9 |  500 | 5000 |   40 |      0.375 |1585653502224 |      14 |    16.0 |14,29 |mscpnrf4.txt |1,1e+02 |
| 9 |  600 | 5000 |   40 |      0.325 |1585653502224 |      14 |    16.0 |14,29 |mscpnrf4.txt |1,9e+02 |
| 9 |  700 | 5000 |   40 |      0.275 |1585653502224 |      14 |    15.0 | 7,14 |mscpnrf4.txt |2,8e+02 |
| 9 |  800 | 5000 |   45 | 0.22222222 |1585653502224 |      14 |    15.0 | 7,14 |mscpnrf4.txt |4,2e+02 |
| 9 |  900 | 5000 |   45 | 0.22222222 |1585653502224 |      14 |    15.0 | 7,14 |mscpnrf4.txt |5,5e+02 |
| 9 | 1000 | 5000 |   45 |        0.4 |1585653502224 |      14 |    15.0 | 7,14 |mscpnrf4.txt |6,1e+02 |
| 9 | 1100 | 5000 |   45 |        0.4 |1585653502224 |      14 |    15.0 | 7,14 |mscpnrf4.txt |6,8e+02 |
| 9 | 1200 | 5000 |   50 |       0.36 |1585653502224 |      14 |    15.0 | 7,14 |mscpnrf4.txt |7,6e+02 |
| 9 | 1300 | 5000 |   50 |       0.36 |1585653502224 |      14 |    15.0 | 7,14 |mscpnrf4.txt |8,3e+02 |
| 9 | 1400 | 5000 |   50 |       0.36 |1585653502224 |      14 |    15.0 | 7,14 |mscpnrf4.txt |9,0e+02 |
| 9 | 1500 | 5000 |   50 |       0.36 |1585653502224 |      14 |    15.0 | 7,14 |mscpnrf4.txt |9,7e+02 |
| 9 | 1600 | 5000 |   55 |  0.3272727 |1585653502224 |      14 |    15.0 | 7,14 |mscpnrf4.txt |1,1e+03 |
| 9 | 1700 | 5000 |   55 |  0.3272727 |1585653502224 |      14 |    15.0 | 7,14 |mscpnrf4.txt |1,2e+03 |
| 9 | 1800 | 5000 |   55 |  0.3272727 |1585653502224 |      14 |    15.0 | 7,14 |mscpnrf4.txt |1,2e+03 |
| 9 | 1900 | 5000 |   55 |  0.3272727 |1585653502224 |      14 |    15.0 | 7,14 |mscpnrf4.txt |1,3e+03 |
| 9 | 2000 | 5000 |   60 | 0.31666666 |1585653502224 |      14 |    15.0 | 7,14 |mscpnrf4.txt |1,4e+03 |
| 9 | 2100 | 5000 |   60 | 0.31666666 |1585653502224 |      14 |    15.0 | 7,14 |mscpnrf4.txt |1,5e+03 |
| 9 | 2200 | 5000 |   60 | 0.31666666 |1585653502224 |      14 |    15.0 | 7,14 |mscpnrf4.txt |1,6e+03 |
| 9 | 2300 | 5000 |   60 | 0.31666666 |1585653502224 |      14 |    15.0 | 7,14 |mscpnrf4.txt |1,7e+03 |
| 9 | 2400 | 5000 |   65 | 0.32307693 |1585653502224 |      14 |    15.0 | 7,14 |mscpnrf4.txt |1,8e+03 |
| 9 | 2500 | 5000 |   65 | 0.32307693 |1585653502224 |      14 |    15.0 | 7,14 |mscpnrf4.txt |2,0e+03 |
| 9 | 2600 | 5000 |   65 | 0.33846155 |1585653502224 |      14 |    15.0 | 7,14 |mscpnrf4.txt |2,1e+03 |
| 9 | 2700 | 5000 |   65 | 0.33846155 |1585653502224 |      14 |    15.0 | 7,14 |mscpnrf4.txt |2,2e+03 |
| 9 | 2800 | 5000 |   70 | 0.34285715 |1585653502224 |      14 |    15.0 | 7,14 |mscpnrf4.txt |2,3e+03 |
| 9 | 2900 | 5000 |   70 |       0.45 |1585653502224 |      14 |    15.0 | 7,14 |mscpnrf4.txt |2,4e+03 |
| 9 | 3000 | 5000 |   70 |       0.45 |1585653502224 |      14 |    15.0 | 7,14 |mscpnrf4.txt |2,4e+03 |
| 9 | 3100 | 5000 |   70 |       0.45 |1585653502224 |      14 |    15.0 | 7,14 |mscpnrf4.txt |2,5e+03 |
| 9 | 3200 | 5000 |   75 |       0.45 |1585653502224 |      14 |    15.0 | 7,14 |mscpnrf4.txt |2,6e+03 |
| 9 | 3300 | 5000 |   75 |       0.45 |1585653502224 |      14 |    15.0 | 7,14 |mscpnrf4.txt |2,7e+03 |
| 9 | 3400 | 5000 |   75 |       0.45 |1585653502224 |      14 |    15.0 | 7,14 |mscpnrf4.txt |2,8e+03 |
| 9 | 3500 | 5000 |   75 |       0.45 |1585653502224 |      14 |    15.0 | 7,14 |mscpnrf4.txt |2,8e+03 |
| 9 | 3600 | 5000 |   80 |       0.45 |1585653502224 |      14 |    15.0 | 7,14 |mscpnrf4.txt |2,9e+03 |
| 9 | 3700 | 5000 |   80 |       0.45 |1585653502224 |      14 |    15.0 | 7,14 |mscpnrf4.txt |3,0e+03 |
| 9 | 3800 | 5000 |   80 |       0.45 |1585653502224 |      14 |    15.0 | 7,14 |mscpnrf4.txt |3,1e+03 |
| 9 | 3900 | 5000 |   80 |       0.45 |1585653502224 |      14 |    15.0 | 7,14 |mscpnrf4.txt |3,2e+03 |
| 9 | 4000 | 5000 |   85 |       0.45 |1585653502224 |      14 |    15.0 | 7,14 |mscpnrf4.txt |3,3e+03 |
| 9 | 4100 | 5000 |   85 |       0.45 |1585653502224 |      14 |    15.0 | 7,14 |mscpnrf4.txt |3,4e+03 |
| 9 | 4200 | 5000 |   85 |       0.45 |1585653502224 |      14 |    15.0 | 7,14 |mscpnrf4.txt |3,5e+03 |
| 9 | 4300 | 5000 |   85 |       0.45 |1585653502224 |      14 |    15.0 | 7,14 |mscpnrf4.txt |3,6e+03 |
| 9 | 4400 | 5000 |   90 |       0.45 |1585653502224 |      14 |    15.0 | 7,14 |mscpnrf4.txt |3,7e+03 |
| 9 | 4500 | 5000 |   90 |       0.45 |1585653502224 |      14 |    15.0 | 7,14 |mscpnrf4.txt |3,8e+03 |
| 9 | 4600 | 5000 |   90 |       0.45 |1585653502224 |      14 |    15.0 | 7,14 |mscpnrf4.txt |4,0e+03 |
| 9 | 4700 | 5000 |   90 |       0.45 |1585653502224 |      14 |    15.0 | 7,14 |mscpnrf4.txt |4,1e+03 |
| 9 | 4800 | 5000 |   95 | 0.43157893 |1585653502224 |      14 |    15.0 | 7,14 |mscpnrf4.txt |4,2e+03 |
| 9 | 4900 | 5000 |   95 | 0.43157893 |1585653502224 |      14 |    15.0 | 7,14 |mscpnrf4.txt |4,4e+03 |
| 9 | 5000 | 5000 |   95 | 0.43157893 |1585653502224 |      14 |    15.0 | 7,14 |mscpnrf4.txt |4,6e+03 |
| 9 |  500 | 5000 |   95 | 0.43157893 |1585653502224 |      14 |    15.0 | 7,14 |mscpnrf4.txt |4,6e+03 |
|10 |    1 | 5000 |   35 |       0.25 |1585658080756 |      14 |  2446.0 |17371,43 |mscpnrf4.txt |0,0060 |
|10 |  100 | 5000 |   35 | 0.37142858 |1585658080756 |      14 |  2067.0 |14664,29 |mscpnrf4.txt | 0,47 |
|10 |  200 | 5000 |   40 |       0.45 |1585658080756 |      14 |    16.0 |14,29 |mscpnrf4.txt |   48 |
|10 |  300 | 5000 |   40 |       0.45 |1585658080756 |      14 |    16.0 |14,29 |mscpnrf4.txt |1,4e+02 |
|10 |  400 | 5000 |   40 |        0.4 |1585658080756 |      14 |    16.0 |14,29 |mscpnrf4.txt |2,4e+02 |
|10 |  500 | 5000 |   40 |      0.325 |1585658080756 |      14 |    16.0 |14,29 |mscpnrf4.txt |3,4e+02 |
|10 |  600 | 5000 |   45 | 0.31111112 |1585658080756 |      14 |    16.0 |14,29 |mscpnrf4.txt |4,7e+02 |
|10 |  700 | 5000 |   45 | 0.35555556 |1585658080756 |      14 |    15.0 | 7,14 |mscpnrf4.txt |5,3e+02 |
|10 |  800 | 5000 |   45 | 0.35555556 |1585658080756 |      14 |    15.0 | 7,14 |mscpnrf4.txt |5,9e+02 |
|10 |  900 | 5000 |   45 | 0.35555556 |1585658080756 |      14 |    15.0 | 7,14 |mscpnrf4.txt |6,6e+02 |
|10 | 1000 | 5000 |   50 |       0.32 |1585658080756 |      14 |    15.0 | 7,14 |mscpnrf4.txt |7,4e+02 |
|10 | 1100 | 5000 |   50 |       0.32 |1585658080756 |      14 |    15.0 | 7,14 |mscpnrf4.txt |8,2e+02 |
|10 | 1200 | 5000 |   50 |       0.32 |1585658080756 |      14 |    15.0 | 7,14 |mscpnrf4.txt |9,0e+02 |
|10 | 1300 | 5000 |   50 |       0.32 |1585658080756 |      14 |    15.0 | 7,14 |mscpnrf4.txt |9,8e+02 |
|10 | 1400 | 5000 |   55 |  0.3090909 |1585658080756 |      14 |    15.0 | 7,14 |mscpnrf4.txt |1,1e+03 |
|10 | 1500 | 5000 |   55 |  0.3090909 |1585658080756 |      14 |    15.0 | 7,14 |mscpnrf4.txt |1,2e+03 |
|10 | 1600 | 5000 |   55 |  0.3090909 |1585658080756 |      14 |    15.0 | 7,14 |mscpnrf4.txt |1,3e+03 |
|10 | 1700 | 5000 |   55 |  0.3090909 |1585658080756 |      14 |    15.0 | 7,14 |mscpnrf4.txt |1,4e+03 |
|10 | 1800 | 5000 |   60 | 0.31666666 |1585658080756 |      14 |    15.0 | 7,14 |mscpnrf4.txt |1,5e+03 |
|10 | 1900 | 5000 |   60 | 0.31666666 |1585658080756 |      14 |    15.0 | 7,14 |mscpnrf4.txt |1,6e+03 |
|10 | 2000 | 5000 |   60 | 0.31666666 |1585658080756 |      14 |    15.0 | 7,14 |mscpnrf4.txt |1,7e+03 |
|10 | 2100 | 5000 |   60 | 0.31666666 |1585658080756 |      14 |    15.0 | 7,14 |mscpnrf4.txt |1,8e+03 |
|10 | 2200 | 5000 |   65 | 0.35384616 |1585658080756 |      14 |    15.0 | 7,14 |mscpnrf4.txt |2,0e+03 |
|10 | 2300 | 5000 |   65 | 0.33846155 |1585658080756 |      14 |    15.0 | 7,14 |mscpnrf4.txt |2,1e+03 |
|10 | 2400 | 5000 |   65 | 0.35384616 |1585658080756 |      14 |    15.0 | 7,14 |mscpnrf4.txt |2,3e+03 |
|10 | 2500 | 5000 |   65 |  0.3846154 |1585658080756 |      14 |    15.0 | 7,14 |mscpnrf4.txt |2,4e+03 |
|10 | 2600 | 5000 |   70 |  0.3857143 |1585658080756 |      14 |    15.0 | 7,14 |mscpnrf4.txt |2,5e+03 |
|10 | 2700 | 5000 |   70 |       0.45 |1585658080756 |      14 |    15.0 | 7,14 |mscpnrf4.txt |2,6e+03 |
|10 | 2800 | 5000 |   70 |       0.45 |1585658080756 |      14 |    15.0 | 7,14 |mscpnrf4.txt |2,7e+03 |
|10 | 2900 | 5000 |   70 |       0.45 |1585658080756 |      14 |    15.0 | 7,14 |mscpnrf4.txt |2,8e+03 |
|10 | 3000 | 5000 |   75 |       0.45 |1585658080756 |      14 |    15.0 | 7,14 |mscpnrf4.txt |2,9e+03 |
|10 | 3100 | 5000 |   75 |       0.45 |1585658080756 |      14 |    15.0 | 7,14 |mscpnrf4.txt |3,0e+03 |
|10 | 3200 | 5000 |   75 |       0.45 |1585658080756 |      14 |    15.0 | 7,14 |mscpnrf4.txt |3,1e+03 |
|10 | 3300 | 5000 |   75 |       0.45 |1585658080756 |      14 |    15.0 | 7,14 |mscpnrf4.txt |3,1e+03 |
|10 | 3400 | 5000 |   80 |       0.45 |1585658080756 |      14 |    15.0 | 7,14 |mscpnrf4.txt |3,3e+03 |
|10 | 3500 | 5000 |   80 |       0.45 |1585658080756 |      14 |    15.0 | 7,14 |mscpnrf4.txt |3,4e+03 |
|10 | 3600 | 5000 |   80 |       0.45 |1585658080756 |      14 |    15.0 | 7,14 |mscpnrf4.txt |3,5e+03 |
|10 | 3700 | 5000 |   80 |       0.45 |1585658080756 |      14 |    15.0 | 7,14 |mscpnrf4.txt |3,6e+03 |
|10 | 3800 | 5000 |   85 | 0.44705883 |1585658080756 |      14 |    15.0 | 7,14 |mscpnrf4.txt |3,7e+03 |
|10 | 3900 | 5000 |   85 | 0.44705883 |1585658080756 |      14 |    15.0 | 7,14 |mscpnrf4.txt |3,8e+03 |
|10 | 4000 | 5000 |   85 | 0.44705883 |1585658080756 |      14 |    15.0 | 7,14 |mscpnrf4.txt |3,9e+03 |
|10 | 4100 | 5000 |   85 | 0.44705883 |1585658080756 |      14 |    15.0 | 7,14 |mscpnrf4.txt |4,0e+03 |
|10 | 4200 | 5000 |   90 | 0.42222223 |1585658080756 |      14 |    15.0 | 7,14 |mscpnrf4.txt |4,2e+03 |
|10 | 4300 | 5000 |   90 | 0.42222223 |1585658080756 |      14 |    15.0 | 7,14 |mscpnrf4.txt |4,3e+03 |
|10 | 4400 | 5000 |   90 | 0.42222223 |1585658080756 |      14 |    15.0 | 7,14 |mscpnrf4.txt |4,5e+03 |
|10 | 4500 | 5000 |   90 | 0.42222223 |1585658080756 |      14 |    15.0 | 7,14 |mscpnrf4.txt |4,6e+03 |
|10 | 4600 | 5000 |   95 |        0.4 |1585658080756 |      14 |    15.0 | 7,14 |mscpnrf4.txt |4,8e+03 |
|10 | 4700 | 5000 |   95 |        0.4 |1585658080756 |      14 |    15.0 | 7,14 |mscpnrf4.txt |5,0e+03 |
|10 | 4800 | 5000 |   95 |        0.4 |1585658080756 |      14 |    15.0 | 7,14 |mscpnrf4.txt |5,2e+03 |
|10 | 4900 | 5000 |   95 |        0.4 |1585658080756 |      14 |    15.0 | 7,14 |mscpnrf4.txt |5,3e+03 |
|10 | 5000 | 5000 |  100 |       0.38 |1585658080756 |      14 |    15.0 | 7,14 |mscpnrf4.txt |5,5e+03 |
|10 |  500 | 5000 |  100 |       0.38 |1585658080756 |      14 |    15.0 | 7,14 |mscpnrf4.txt |5,5e+03 |
|11 |    1 | 5000 |   35 |       0.25 |1585663609610 |      14 |  2539.0 |18035,71 |mscpnrf4.txt |0,0060 |
|11 |  100 | 5000 |   35 |       0.45 |1585663609610 |      14 |  2103.0 |14921,43 |mscpnrf4.txt | 0,60 |
|11 |  200 | 5000 |   35 | 0.42857143 |1585663609610 |      14 |  1941.0 |13764,29 |mscpnrf4.txt |  1,2 |
|11 |  300 | 5000 |   35 |       0.45 |1585663609610 |      14 |  1801.0 |12764,29 |mscpnrf4.txt |  1,7 |
|11 |  400 | 5000 |   40 |       0.45 |1585663609610 |      14 |    16.0 |14,29 |mscpnrf4.txt |   60 |
|11 |  500 | 5000 |   40 |        0.4 |1585663609610 |      14 |    16.0 |14,29 |mscpnrf4.txt |1,7e+02 |
|11 |  600 | 5000 |   40 |      0.325 |1585663609610 |      14 |    16.0 |14,29 |mscpnrf4.txt |2,9e+02 |
|11 |  700 | 5000 |   40 |      0.325 |1585663609610 |      14 |    15.0 | 7,14 |mscpnrf4.txt |4,2e+02 |
|11 |  800 | 5000 |   40 |        0.3 |1585663609610 |      14 |    15.0 | 7,14 |mscpnrf4.txt |5,6e+02 |
|11 |  900 | 5000 |   45 | 0.22222222 |1585663609610 |      14 |    15.0 | 7,14 |mscpnrf4.txt |7,2e+02 |
|11 | 1000 | 5000 |   45 | 0.22222222 |1585663609610 |      14 |    15.0 | 7,14 |mscpnrf4.txt |8,3e+02 |
|11 | 1100 | 5000 |   45 |        0.4 |1585663609610 |      14 |    15.0 | 7,14 |mscpnrf4.txt |8,9e+02 |
|11 | 1200 | 5000 |   45 |        0.4 |1585663609610 |      14 |    15.0 | 7,14 |mscpnrf4.txt |9,5e+02 |
|11 | 1300 | 5000 |   50 |       0.36 |1585663609610 |      14 |    15.0 | 7,14 |mscpnrf4.txt |1,0e+03 |
|11 | 1400 | 5000 |   50 |       0.36 |1585663609610 |      14 |    15.0 | 7,14 |mscpnrf4.txt |1,1e+03 |
|11 | 1500 | 5000 |   50 |       0.36 |1585663609610 |      14 |    15.0 | 7,14 |mscpnrf4.txt |1,2e+03 |
|11 | 1600 | 5000 |   50 |       0.36 |1585663609610 |      14 |    15.0 | 7,14 |mscpnrf4.txt |1,3e+03 |
|11 | 1700 | 5000 |   55 |  0.3272727 |1585663609610 |      14 |    15.0 | 7,14 |mscpnrf4.txt |1,4e+03 |
|11 | 1800 | 5000 |   55 |  0.3272727 |1585663609610 |      14 |    15.0 | 7,14 |mscpnrf4.txt |1,5e+03 |
|11 | 1900 | 5000 |   55 |  0.3272727 |1585663609610 |      14 |    15.0 | 7,14 |mscpnrf4.txt |1,6e+03 |
|11 | 2000 | 5000 |   55 |  0.3272727 |1585663609610 |      14 |    15.0 | 7,14 |mscpnrf4.txt |1,7e+03 |
|11 | 2100 | 5000 |   60 |        0.3 |1585663609610 |      14 |    15.0 | 7,14 |mscpnrf4.txt |1,8e+03 |
|11 | 2200 | 5000 |   60 | 0.31666666 |1585663609610 |      14 |    15.0 | 7,14 |mscpnrf4.txt |1,9e+03 |
|11 | 2300 | 5000 |   60 | 0.31666666 |1585663609610 |      14 |    15.0 | 7,14 |mscpnrf4.txt |2,0e+03 |
|11 | 2400 | 5000 |   60 | 0.31666666 |1585663609610 |      14 |    15.0 | 7,14 |mscpnrf4.txt |2,1e+03 |
|11 | 2500 | 5000 |   65 | 0.35384616 |1585663609610 |      14 |    15.0 | 7,14 |mscpnrf4.txt |2,3e+03 |
|11 | 2600 | 5000 |   65 |       0.45 |1585663609610 |      14 |    15.0 | 7,14 |mscpnrf4.txt |2,4e+03 |
|11 | 2700 | 5000 |   65 |       0.45 |1585663609610 |      14 |    15.0 | 7,14 |mscpnrf4.txt |2,4e+03 |
|11 | 2800 | 5000 |   65 |       0.45 |1585663609610 |      14 |    15.0 | 7,14 |mscpnrf4.txt |2,5e+03 |
|11 | 2900 | 5000 |   70 |       0.45 |1585663609610 |      14 |    15.0 | 7,14 |mscpnrf4.txt |2,6e+03 |
|11 | 3000 | 5000 |   70 |       0.45 |1585663609610 |      14 |    15.0 | 7,14 |mscpnrf4.txt |2,7e+03 |
|11 | 3100 | 5000 |   70 |       0.45 |1585663609610 |      14 |    15.0 | 7,14 |mscpnrf4.txt |2,8e+03 |
|11 | 3200 | 5000 |   70 |       0.45 |1585663609610 |      14 |    15.0 | 7,14 |mscpnrf4.txt |2,8e+03 |
|11 | 3300 | 5000 |   75 |       0.45 |1585663609610 |      14 |    15.0 | 7,14 |mscpnrf4.txt |2,9e+03 |
|11 | 3400 | 5000 |   75 |       0.45 |1585663609610 |      14 |    15.0 | 7,14 |mscpnrf4.txt |3,0e+03 |
|11 | 3500 | 5000 |   75 |       0.45 |1585663609610 |      14 |    15.0 | 7,14 |mscpnrf4.txt |3,1e+03 |
|11 | 3600 | 5000 |   75 |       0.45 |1585663609610 |      14 |    15.0 | 7,14 |mscpnrf4.txt |3,2e+03 |
|11 | 3700 | 5000 |   80 |       0.45 |1585663609610 |      14 |    15.0 | 7,14 |mscpnrf4.txt |3,3e+03 |
|11 | 3800 | 5000 |   80 |       0.45 |1585663609610 |      14 |    15.0 | 7,14 |mscpnrf4.txt |3,4e+03 |
|11 | 3900 | 5000 |   80 |       0.45 |1585663609610 |      14 |    15.0 | 7,14 |mscpnrf4.txt |3,5e+03 |
|11 | 4000 | 5000 |   80 |       0.45 |1585663609610 |      14 |    15.0 | 7,14 |mscpnrf4.txt |3,6e+03 |
|11 | 4100 | 5000 |   85 |       0.45 |1585663609610 |      14 |    15.0 | 7,14 |mscpnrf4.txt |3,8e+03 |
|11 | 4200 | 5000 |   85 |       0.45 |1585663609610 |      14 |    15.0 | 7,14 |mscpnrf4.txt |3,9e+03 |
|11 | 4300 | 5000 |   85 |       0.45 |1585663609610 |      14 |    15.0 | 7,14 |mscpnrf4.txt |4,0e+03 |
|11 | 4400 | 5000 |   85 |       0.45 |1585663609610 |      14 |    15.0 | 7,14 |mscpnrf4.txt |4,1e+03 |
|11 | 4500 | 5000 |   90 | 0.43333334 |1585663609610 |      14 |    15.0 | 7,14 |mscpnrf4.txt |4,2e+03 |
|11 | 4600 | 5000 |   90 | 0.43333334 |1585663609610 |      14 |    15.0 | 7,14 |mscpnrf4.txt |4,4e+03 |
|11 | 4700 | 5000 |   90 | 0.43333334 |1585663609610 |      14 |    15.0 | 7,14 |mscpnrf4.txt |4,5e+03 |
|11 | 4800 | 5000 |   90 | 0.43333334 |1585663609610 |      14 |    15.0 | 7,14 |mscpnrf4.txt |4,7e+03 |
|11 | 4900 | 5000 |   95 |  0.4105263 |1585663609610 |      14 |    15.0 | 7,14 |mscpnrf4.txt |4,8e+03 |
|11 | 5000 | 5000 |   95 |  0.4105263 |1585663609610 |      14 |    15.0 | 7,14 |mscpnrf4.txt |5,0e+03 |
|11 |  500 | 5000 |   95 |  0.4105263 |1585663609610 |      14 |    15.0 | 7,14 |mscpnrf4.txt |5,0e+03 |
|12 |    1 | 5000 |   35 |       0.25 |1585668612080 |      14 |  2429.0 |17250,00 |mscpnrf4.txt |0,0080 |
|12 |  100 | 5000 |   35 |       0.45 |1585668612080 |      14 |  2081.0 |14764,29 |mscpnrf4.txt | 0,55 |
|12 |  200 | 5000 |   35 | 0.22857143 |1585668612080 |      14 |  1864.0 |13214,29 |mscpnrf4.txt |  1,1 |
|12 |  300 | 5000 |   35 | 0.42857143 |1585668612080 |      14 |  1786.0 |12657,14 |mscpnrf4.txt |  1,6 |
|12 |  400 | 5000 |   40 |       0.45 |1585668612080 |      14 |    17.0 |21,43 |mscpnrf4.txt |   41 |
|12 |  500 | 5000 |   40 |       0.45 |1585668612080 |      14 |    17.0 |21,43 |mscpnrf4.txt |1,3e+02 |
|12 |  600 | 5000 |   40 |       0.35 |1585668612080 |      14 |    16.0 |14,29 |mscpnrf4.txt |2,3e+02 |
|12 |  700 | 5000 |   40 |      0.275 |1585668612080 |      14 |    16.0 |14,29 |mscpnrf4.txt |3,5e+02 |
