| # |    #ITER | #IterMAX | Nest |      %Desc |      semilla | BestFit |GottedFit |  RDP |  instancia | time |
-------------------------------------------------------------------------------------------------
| 1 |    1 | 5000 |   35 |       0.25 |1585324486148 |     253 |   394.0 |55,73 | mscpa1.txt | 0,55 |
| 1 |  100 | 5000 |   35 |       0.45 |1585324486148 |     253 |   319.0 |26,09 | mscpa1.txt |   13 |
| 1 |  200 | 5000 |   35 |       0.45 |1585324486148 |     253 |   319.0 |26,09 | mscpa1.txt |   27 |
| 1 |  300 | 5000 |   35 | 0.34285715 |1585324486148 |     253 |   315.0 |24,51 | mscpa1.txt |   40 |
| 1 |  400 | 5000 |   40 |      0.375 |1585324486148 |     253 |   259.0 | 2,37 | mscpa1.txt |   55 |
| 1 |  500 | 5000 |   40 |       0.35 |1585324486148 |     253 |   256.0 | 1,19 | mscpa1.txt |   71 |
| 1 |  600 | 5000 |   40 |      0.425 |1585324486148 |     253 |   256.0 | 1,19 | mscpa1.txt |   87 |
| 1 |  700 | 5000 |   40 |      0.375 |1585324486148 |     253 |   256.0 | 1,19 | mscpa1.txt |1,0e+02 |
| 1 |  800 | 5000 |   45 |       0.45 |1585324486148 |     253 |   256.0 | 1,19 | mscpa1.txt |1,2e+02 |
| 1 |  900 | 5000 |   45 |       0.45 |1585324486148 |     253 |   256.0 | 1,19 | mscpa1.txt |1,4e+02 |
| 1 | 1000 | 5000 |   45 |       0.45 |1585324486148 |     253 |   256.0 | 1,19 | mscpa1.txt |1,6e+02 |
| 1 | 1100 | 5000 |   45 |       0.45 |1585324486148 |     253 |   256.0 | 1,19 | mscpa1.txt |1,7e+02 |
| 1 | 1200 | 5000 |   50 |       0.45 |1585324486148 |     253 |   256.0 | 1,19 | mscpa1.txt |1,9e+02 |
| 1 | 1300 | 5000 |   50 |       0.42 |1585324486148 |     253 |   256.0 | 1,19 | mscpa1.txt |2,1e+02 |
| 1 | 1400 | 5000 |   50 |       0.44 |1585324486148 |     253 |   256.0 | 1,19 | mscpa1.txt |2,3e+02 |
| 1 | 1500 | 5000 |   50 |       0.44 |1585324486148 |     253 |   256.0 | 1,19 | mscpa1.txt |2,5e+02 |
| 1 | 1600 | 5000 |   55 |       0.45 |1585324486148 |     253 |   256.0 | 1,19 | mscpa1.txt |2,8e+02 |
| 1 | 1700 | 5000 |   55 |       0.45 |1585324486148 |     253 |   256.0 | 1,19 | mscpa1.txt |3,0e+02 |
| 1 | 1800 | 5000 |   55 |       0.45 |1585324486148 |     253 |   256.0 | 1,19 | mscpa1.txt |3,2e+02 |
| 1 | 1900 | 5000 |   55 |       0.45 |1585324486148 |     253 |   256.0 | 1,19 | mscpa1.txt |3,5e+02 |
| 1 | 2000 | 5000 |   60 |       0.45 |1585324486148 |     253 |   256.0 | 1,19 | mscpa1.txt |3,8e+02 |
| 1 | 2100 | 5000 |   60 |       0.45 |1585324486148 |     253 |   256.0 | 1,19 | mscpa1.txt |4,1e+02 |
| 1 | 2200 | 5000 |   60 |       0.45 |1585324486148 |     253 |   256.0 | 1,19 | mscpa1.txt |4,5e+02 |
| 1 | 2300 | 5000 |   60 |       0.45 |1585324486148 |     253 |   256.0 | 1,19 | mscpa1.txt |4,8e+02 |
| 1 | 2400 | 5000 |   65 |       0.45 |1585324486148 |     253 |   256.0 | 1,19 | mscpa1.txt |5,3e+02 |
| 1 | 2500 | 5000 |   65 |       0.45 |1585324486148 |     253 |   256.0 | 1,19 | mscpa1.txt |5,7e+02 |
| 1 | 2600 | 5000 |   65 |       0.45 |1585324486148 |     253 |   256.0 | 1,19 | mscpa1.txt |6,2e+02 |
| 1 | 2700 | 5000 |   65 |       0.45 |1585324486148 |     253 |   256.0 | 1,19 | mscpa1.txt |6,7e+02 |
| 1 | 2800 | 5000 |   70 |       0.45 |1585324486148 |     253 |   256.0 | 1,19 | mscpa1.txt |7,2e+02 |
| 1 | 2900 | 5000 |   70 |       0.45 |1585324486148 |     253 |   256.0 | 1,19 | mscpa1.txt |7,8e+02 |
| 1 | 3000 | 5000 |   70 |       0.45 |1585324486148 |     253 |   256.0 | 1,19 | mscpa1.txt |8,4e+02 |
| 1 | 3100 | 5000 |   70 |       0.45 |1585324486148 |     253 |   256.0 | 1,19 | mscpa1.txt |9,0e+02 |
| 1 | 3200 | 5000 |   75 |       0.45 |1585324486148 |     253 |   256.0 | 1,19 | mscpa1.txt |9,6e+02 |
| 1 | 3300 | 5000 |   75 |       0.45 |1585324486148 |     253 |   256.0 | 1,19 | mscpa1.txt |1,0e+03 |
| 1 | 3400 | 5000 |   75 |       0.45 |1585324486148 |     253 |   256.0 | 1,19 | mscpa1.txt |1,1e+03 |
| 1 | 3500 | 5000 |   75 |       0.45 |1585324486148 |     253 |   256.0 | 1,19 | mscpa1.txt |1,1e+03 |
| 1 | 3600 | 5000 |   80 |       0.45 |1585324486148 |     253 |   256.0 | 1,19 | mscpa1.txt |1,2e+03 |
| 1 | 3700 | 5000 |   80 |       0.45 |1585324486148 |     253 |   256.0 | 1,19 | mscpa1.txt |1,3e+03 |
| 1 | 3800 | 5000 |   80 |       0.45 |1585324486148 |     253 |   256.0 | 1,19 | mscpa1.txt |1,4e+03 |
| 1 | 3900 | 5000 |   80 |       0.45 |1585324486148 |     253 |   256.0 | 1,19 | mscpa1.txt |1,4e+03 |
| 1 | 4000 | 5000 |   85 |       0.45 |1585324486148 |     253 |   256.0 | 1,19 | mscpa1.txt |1,5e+03 |
| 1 | 4100 | 5000 |   85 |       0.45 |1585324486148 |     253 |   256.0 | 1,19 | mscpa1.txt |1,5e+03 |
| 1 | 4200 | 5000 |   85 |       0.45 |1585324486148 |     253 |   256.0 | 1,19 | mscpa1.txt |1,6e+03 |
| 1 | 4300 | 5000 |   85 |        0.1 |1585324486148 |     253 |   256.0 | 1,19 | mscpa1.txt |1,7e+03 |
| 1 | 4400 | 5000 |   90 |       0.45 |1585324486148 |     253 |   256.0 | 1,19 | mscpa1.txt |1,7e+03 |
| 1 | 4500 | 5000 |   90 | 0.17777778 |1585324486148 |     253 |   256.0 | 1,19 | mscpa1.txt |1,8e+03 |
| 1 | 4600 | 5000 |   90 | 0.17777778 |1585324486148 |     253 |   256.0 | 1,19 | mscpa1.txt |1,8e+03 |
| 1 | 4700 | 5000 |   90 | 0.17777778 |1585324486148 |     253 |   256.0 | 1,19 | mscpa1.txt |1,9e+03 |
| 1 | 4800 | 5000 |   95 |       0.45 |1585324486148 |     253 |   256.0 | 1,19 | mscpa1.txt |2,0e+03 |
| 1 | 4900 | 5000 |   95 |       0.45 |1585324486148 |     253 |   256.0 | 1,19 | mscpa1.txt |2,0e+03 |
| 1 | 5000 | 5000 |   95 |       0.45 |1585324486148 |     253 |   256.0 | 1,19 | mscpa1.txt |2,1e+03 |
| 1 |  300 | 5000 |   95 |       0.45 |1585324486148 |     253 |   256.0 | 1,19 | mscpa1.txt |2,1e+03 |
| 2 |    1 | 5000 |   35 |       0.25 |1585326602006 |     253 |   370.0 |46,25 | mscpa1.txt | 0,25 |
| 2 |  100 | 5000 |   35 | 0.42857143 |1585326602006 |     253 |   312.0 |23,32 | mscpa1.txt |   29 |
| 2 |  200 | 5000 |   40 |        0.4 |1585326602006 |     253 |   259.0 | 2,37 | mscpa1.txt |   65 |
| 2 |  300 | 5000 |   40 |      0.275 |1585326602006 |     253 |   256.0 | 1,19 | mscpa1.txt |   99 |
| 2 |  400 | 5000 |   40 |       0.25 |1585326602006 |     253 |   256.0 | 1,19 | mscpa1.txt |1,3e+02 |
| 2 |  500 | 5000 |   40 |       0.45 |1585326602006 |     253 |   256.0 | 1,19 | mscpa1.txt |1,6e+02 |
| 2 |  600 | 5000 |   45 |       0.45 |1585326602006 |     253 |   256.0 | 1,19 | mscpa1.txt |2,0e+02 |
| 2 |  700 | 5000 |   45 |       0.45 |1585326602006 |     253 |   256.0 | 1,19 | mscpa1.txt |2,3e+02 |
| 2 |  800 | 5000 |   45 |       0.45 |1585326602006 |     253 |   256.0 | 1,19 | mscpa1.txt |2,7e+02 |
| 2 |  900 | 5000 |   45 |       0.45 |1585326602006 |     253 |   256.0 | 1,19 | mscpa1.txt |3,0e+02 |
| 2 | 1000 | 5000 |   50 |       0.45 |1585326602006 |     253 |   256.0 | 1,19 | mscpa1.txt |3,3e+02 |
| 2 | 1100 | 5000 |   50 |       0.45 |1585326602006 |     253 |   256.0 | 1,19 | mscpa1.txt |3,6e+02 |
| 2 | 1200 | 5000 |   50 |       0.45 |1585326602006 |     253 |   256.0 | 1,19 | mscpa1.txt |4,0e+02 |
| 2 | 1300 | 5000 |   50 |       0.45 |1585326602006 |     253 |   256.0 | 1,19 | mscpa1.txt |4,3e+02 |
| 2 | 1400 | 5000 |   55 |       0.45 |1585326602006 |     253 |   256.0 | 1,19 | mscpa1.txt |4,7e+02 |
| 2 | 1500 | 5000 |   55 |       0.45 |1585326602006 |     253 |   256.0 | 1,19 | mscpa1.txt |5,1e+02 |
| 2 | 1600 | 5000 |   55 |       0.45 |1585326602006 |     253 |   256.0 | 1,19 | mscpa1.txt |5,5e+02 |
| 2 | 1700 | 5000 |   55 |       0.45 |1585326602006 |     253 |   256.0 | 1,19 | mscpa1.txt |5,8e+02 |
| 2 | 1800 | 5000 |   60 |       0.45 |1585326602006 |     253 |   256.0 | 1,19 | mscpa1.txt |6,3e+02 |
| 2 | 1900 | 5000 |   60 |       0.45 |1585326602006 |     253 |   256.0 | 1,19 | mscpa1.txt |6,7e+02 |
| 2 | 2000 | 5000 |   60 |       0.45 |1585326602006 |     253 |   256.0 | 1,19 | mscpa1.txt |7,1e+02 |
| 2 | 2100 | 5000 |   60 |       0.45 |1585326602006 |     253 |   256.0 | 1,19 | mscpa1.txt |7,6e+02 |
| 2 | 2200 | 5000 |   65 |       0.45 |1585326602006 |     253 |   256.0 | 1,19 | mscpa1.txt |8,0e+02 |
| 2 | 2300 | 5000 |   65 |       0.45 |1585326602006 |     253 |   256.0 | 1,19 | mscpa1.txt |8,5e+02 |
| 2 | 2400 | 5000 |   65 |       0.45 |1585326602006 |     253 |   256.0 | 1,19 | mscpa1.txt |8,9e+02 |
| 2 | 2500 | 5000 |   65 |       0.45 |1585326602006 |     253 |   256.0 | 1,19 | mscpa1.txt |9,4e+02 |
| 2 | 2600 | 5000 |   70 |       0.45 |1585326602006 |     253 |   256.0 | 1,19 | mscpa1.txt |9,9e+02 |
| 2 | 2700 | 5000 |   70 |       0.45 |1585326602006 |     253 |   256.0 | 1,19 | mscpa1.txt |1,0e+03 |
| 2 | 2800 | 5000 |   70 |       0.45 |1585326602006 |     253 |   256.0 | 1,19 | mscpa1.txt |1,1e+03 |
| 2 | 2900 | 5000 |   70 |       0.45 |1585326602006 |     253 |   256.0 | 1,19 | mscpa1.txt |1,1e+03 |
| 2 | 3000 | 5000 |   75 |       0.45 |1585326602006 |     253 |   256.0 | 1,19 | mscpa1.txt |1,2e+03 |
| 2 | 3100 | 5000 |   75 |       0.45 |1585326602006 |     253 |   256.0 | 1,19 | mscpa1.txt |1,2e+03 |
| 2 | 3200 | 5000 |   75 |       0.45 |1585326602006 |     253 |   256.0 | 1,19 | mscpa1.txt |1,3e+03 |
| 2 | 3300 | 5000 |   75 |       0.45 |1585326602006 |     253 |   256.0 | 1,19 | mscpa1.txt |1,3e+03 |
| 2 | 3400 | 5000 |   80 |       0.45 |1585326602006 |     253 |   256.0 | 1,19 | mscpa1.txt |1,4e+03 |
| 2 | 3500 | 5000 |   80 |       0.45 |1585326602006 |     253 |   256.0 | 1,19 | mscpa1.txt |1,4e+03 |
| 2 | 3600 | 5000 |   80 |       0.45 |1585326602006 |     253 |   256.0 | 1,19 | mscpa1.txt |1,5e+03 |
| 2 | 3700 | 5000 |   80 |       0.45 |1585326602006 |     253 |   256.0 | 1,19 | mscpa1.txt |1,5e+03 |
| 2 | 3800 | 5000 |   85 |       0.45 |1585326602006 |     253 |   256.0 | 1,19 | mscpa1.txt |1,6e+03 |
| 2 | 3900 | 5000 |   85 |       0.45 |1585326602006 |     253 |   256.0 | 1,19 | mscpa1.txt |1,6e+03 |
| 2 | 4000 | 5000 |   85 |       0.45 |1585326602006 |     253 |   256.0 | 1,19 | mscpa1.txt |1,7e+03 |
| 2 | 4100 | 5000 |   85 | 0.44705883 |1585326602006 |     253 |   256.0 | 1,19 | mscpa1.txt |1,7e+03 |
| 2 | 4200 | 5000 |   90 |       0.45 |1585326602006 |     253 |   256.0 | 1,19 | mscpa1.txt |1,8e+03 |
| 2 | 4300 | 5000 |   90 |       0.45 |1585326602006 |     253 |   256.0 | 1,19 | mscpa1.txt |1,9e+03 |
| 2 | 4400 | 5000 |   90 |       0.45 |1585326602006 |     253 |   256.0 | 1,19 | mscpa1.txt |1,9e+03 |
| 2 | 4500 | 5000 |   90 |       0.45 |1585326602006 |     253 |   256.0 | 1,19 | mscpa1.txt |2,0e+03 |
| 2 | 4600 | 5000 |   95 |       0.45 |1585326602006 |     253 |   256.0 | 1,19 | mscpa1.txt |2,0e+03 |
| 2 | 4700 | 5000 |   95 |       0.45 |1585326602006 |     253 |   256.0 | 1,19 | mscpa1.txt |2,1e+03 |
| 2 | 4800 | 5000 |   95 |       0.45 |1585326602006 |     253 |   256.0 | 1,19 | mscpa1.txt |2,1e+03 |
| 2 | 4900 | 5000 |   95 |       0.45 |1585326602006 |     253 |   256.0 | 1,19 | mscpa1.txt |2,2e+03 |
| 2 | 5000 | 5000 |  100 |       0.45 |1585326602006 |     253 |   256.0 | 1,19 | mscpa1.txt |2,3e+03 |
| 2 |  300 | 5000 |  100 |       0.45 |1585326602006 |     253 |   256.0 | 1,19 | mscpa1.txt |2,3e+03 |
| 3 |    1 | 5000 |   35 |       0.25 |1585328873258 |     253 |   395.0 |56,13 | mscpa1.txt | 0,22 |
| 3 |  100 | 5000 |   35 | 0.37142858 |1585328873258 |     253 |   323.0 |27,67 | mscpa1.txt |   23 |
| 3 |  200 | 5000 |   35 | 0.31428573 |1585328873258 |     253 |   316.0 |24,90 | mscpa1.txt |   46 |
| 3 |  300 | 5000 |   35 | 0.42857143 |1585328873258 |     253 |   295.0 |16,60 | mscpa1.txt |   69 |
| 3 |  400 | 5000 |   40 |       0.45 |1585328873258 |     253 |   262.0 | 3,56 | mscpa1.txt |   97 |
| 3 |  500 | 5000 |   40 |      0.425 |1585328873258 |     253 |   259.0 | 2,37 | mscpa1.txt |1,2e+02 |
| 3 |  600 | 5000 |   40 |      0.325 |1585328873258 |     253 |   259.0 | 2,37 | mscpa1.txt |1,5e+02 |
| 3 |  700 | 5000 |   40 |        0.4 |1585328873258 |     253 |   256.0 | 1,19 | mscpa1.txt |1,8e+02 |
| 3 |  800 | 5000 |   45 | 0.44444445 |1585328873258 |     253 |   256.0 | 1,19 | mscpa1.txt |2,2e+02 |
| 3 |  900 | 5000 |   45 |       0.45 |1585328873258 |     253 |   256.0 | 1,19 | mscpa1.txt |2,5e+02 |
| 3 | 1000 | 5000 |   45 |       0.45 |1585328873258 |     253 |   256.0 | 1,19 | mscpa1.txt |2,9e+02 |
| 3 | 1100 | 5000 |   45 |       0.45 |1585328873258 |     253 |   256.0 | 1,19 | mscpa1.txt |3,2e+02 |
| 3 | 1200 | 5000 |   50 |       0.45 |1585328873258 |     253 |   256.0 | 1,19 | mscpa1.txt |3,5e+02 |
| 3 | 1300 | 5000 |   50 |       0.45 |1585328873258 |     253 |   256.0 | 1,19 | mscpa1.txt |3,9e+02 |
| 3 | 1400 | 5000 |   50 |        0.4 |1585328873258 |     253 |   256.0 | 1,19 | mscpa1.txt |4,2e+02 |
| 3 | 1500 | 5000 |   50 |        0.4 |1585328873258 |     253 |   256.0 | 1,19 | mscpa1.txt |4,5e+02 |
| 3 | 1600 | 5000 |   55 |       0.45 |1585328873258 |     253 |   256.0 | 1,19 | mscpa1.txt |4,9e+02 |
| 3 | 1700 | 5000 |   55 |       0.45 |1585328873258 |     253 |   256.0 | 1,19 | mscpa1.txt |5,2e+02 |
| 3 | 1800 | 5000 |   55 |       0.45 |1585328873258 |     253 |   256.0 | 1,19 | mscpa1.txt |5,6e+02 |
| 3 | 1900 | 5000 |   55 |       0.45 |1585328873258 |     253 |   256.0 | 1,19 | mscpa1.txt |6,0e+02 |
| 3 | 2000 | 5000 |   60 |       0.45 |1585328873258 |     253 |   256.0 | 1,19 | mscpa1.txt |6,4e+02 |
| 3 | 2100 | 5000 |   60 |       0.45 |1585328873258 |     253 |   256.0 | 1,19 | mscpa1.txt |6,8e+02 |
| 3 | 2200 | 5000 |   60 |       0.45 |1585328873258 |     253 |   256.0 | 1,19 | mscpa1.txt |7,2e+02 |
| 3 | 2300 | 5000 |   60 |       0.45 |1585328873258 |     253 |   256.0 | 1,19 | mscpa1.txt |7,6e+02 |
| 3 | 2400 | 5000 |   65 |       0.45 |1585328873258 |     253 |   256.0 | 1,19 | mscpa1.txt |8,1e+02 |
| 3 | 2500 | 5000 |   65 |       0.45 |1585328873258 |     253 |   256.0 | 1,19 | mscpa1.txt |8,5e+02 |
| 3 | 2600 | 5000 |   65 |       0.45 |1585328873258 |     253 |   256.0 | 1,19 | mscpa1.txt |9,0e+02 |
| 3 | 2700 | 5000 |   65 |       0.45 |1585328873258 |     253 |   256.0 | 1,19 | mscpa1.txt |9,4e+02 |
| 3 | 2800 | 5000 |   70 |       0.45 |1585328873258 |     253 |   256.0 | 1,19 | mscpa1.txt |9,9e+02 |
| 3 | 2900 | 5000 |   70 |       0.45 |1585328873258 |     253 |   256.0 | 1,19 | mscpa1.txt |1,0e+03 |
| 3 | 3000 | 5000 |   70 |       0.45 |1585328873258 |     253 |   256.0 | 1,19 | mscpa1.txt |1,1e+03 |
| 3 | 3100 | 5000 |   70 |       0.45 |1585328873258 |     253 |   256.0 | 1,19 | mscpa1.txt |1,1e+03 |
| 3 | 3200 | 5000 |   75 |       0.45 |1585328873258 |     253 |   256.0 | 1,19 | mscpa1.txt |1,2e+03 |
| 3 | 3300 | 5000 |   75 |       0.45 |1585328873258 |     253 |   256.0 | 1,19 | mscpa1.txt |1,3e+03 |
| 3 | 3400 | 5000 |   75 |       0.45 |1585328873258 |     253 |   256.0 | 1,19 | mscpa1.txt |1,3e+03 |
| 3 | 3500 | 5000 |   75 |       0.45 |1585328873258 |     253 |   256.0 | 1,19 | mscpa1.txt |1,4e+03 |
| 3 | 3600 | 5000 |   80 |       0.45 |1585328873258 |     253 |   256.0 | 1,19 | mscpa1.txt |1,4e+03 |
| 3 | 3700 | 5000 |   80 |       0.45 |1585328873258 |     253 |   256.0 | 1,19 | mscpa1.txt |1,5e+03 |
| 3 | 3800 | 5000 |   80 |       0.45 |1585328873258 |     253 |   256.0 | 1,19 | mscpa1.txt |1,6e+03 |
| 3 | 3900 | 5000 |   80 |       0.45 |1585328873258 |     253 |   256.0 | 1,19 | mscpa1.txt |1,6e+03 |
| 3 | 4000 | 5000 |   85 |       0.45 |1585328873258 |     253 |   256.0 | 1,19 | mscpa1.txt |1,7e+03 |
| 3 | 4100 | 5000 |   85 |       0.45 |1585328873258 |     253 |   256.0 | 1,19 | mscpa1.txt |1,7e+03 |
| 3 | 4200 | 5000 |   85 |       0.45 |1585328873258 |     253 |   256.0 | 1,19 | mscpa1.txt |1,8e+03 |
| 3 | 4300 | 5000 |   85 |       0.45 |1585328873258 |     253 |   256.0 | 1,19 | mscpa1.txt |1,9e+03 |
| 3 | 4400 | 5000 |   90 |       0.45 |1585328873258 |     253 |   256.0 | 1,19 | mscpa1.txt |1,9e+03 |
| 3 | 4500 | 5000 |   90 |       0.45 |1585328873258 |     253 |   256.0 | 1,19 | mscpa1.txt |2,0e+03 |
| 3 | 4600 | 5000 |   90 |       0.45 |1585328873258 |     253 |   256.0 | 1,19 | mscpa1.txt |2,1e+03 |
| 3 | 4700 | 5000 |   90 |       0.45 |1585328873258 |     253 |   256.0 | 1,19 | mscpa1.txt |2,1e+03 |
| 3 | 4800 | 5000 |   95 |       0.45 |1585328873258 |     253 |   256.0 | 1,19 | mscpa1.txt |2,2e+03 |
| 3 | 4900 | 5000 |   95 |       0.45 |1585328873258 |     253 |   256.0 | 1,19 | mscpa1.txt |2,3e+03 |
| 3 | 5000 | 5000 |   95 |       0.45 |1585328873258 |     253 |   256.0 | 1,19 | mscpa1.txt |2,4e+03 |
| 3 |  300 | 5000 |   95 |       0.45 |1585328873258 |     253 |   256.0 | 1,19 | mscpa1.txt |2,4e+03 |
| 4 |    1 | 5000 |   35 |       0.25 |1585331237960 |     253 |   400.0 |58,10 | mscpa1.txt | 0,19 |
| 4 |  100 | 5000 |   35 |       0.45 |1585331237960 |     253 |   318.0 |25,69 | mscpa1.txt |   22 |
| 4 |  200 | 5000 |   40 |       0.35 |1585331237960 |     253 |   257.0 | 1,58 | mscpa1.txt |   51 |
| 4 |  300 | 5000 |   40 |      0.175 |1585331237960 |     253 |   256.0 | 1,19 | mscpa1.txt |   79 |
| 4 |  400 | 5000 |   40 |        0.2 |1585331237960 |     253 |   256.0 | 1,19 | mscpa1.txt |1,1e+02 |
| 4 |  500 | 5000 |   40 |       0.45 |1585331237960 |     253 |   256.0 | 1,19 | mscpa1.txt |1,3e+02 |
| 4 |  600 | 5000 |   40 |       0.45 |1585331237960 |     253 |   256.0 | 1,19 | mscpa1.txt |1,6e+02 |
| 4 |  700 | 5000 |   45 |        0.4 |1585331237960 |     253 |   256.0 | 1,19 | mscpa1.txt |1,9e+02 |
| 4 |  800 | 5000 |   45 |       0.45 |1585331237960 |     253 |   256.0 | 1,19 | mscpa1.txt |2,2e+02 |
| 4 |  900 | 5000 |   45 |       0.45 |1585331237960 |     253 |   256.0 | 1,19 | mscpa1.txt |2,5e+02 |
| 4 | 1000 | 5000 |   45 |       0.45 |1585331237960 |     253 |   256.0 | 1,19 | mscpa1.txt |2,8e+02 |
| 4 | 1100 | 5000 |   50 |       0.45 |1585331237960 |     253 |   256.0 | 1,19 | mscpa1.txt |3,1e+02 |
| 4 | 1200 | 5000 |   50 |       0.45 |1585331237960 |     253 |   256.0 | 1,19 | mscpa1.txt |3,4e+02 |
| 4 | 1300 | 5000 |   50 |       0.45 |1585331237960 |     253 |   256.0 | 1,19 | mscpa1.txt |3,8e+02 |
| 4 | 1400 | 5000 |   50 |       0.45 |1585331237960 |     253 |   256.0 | 1,19 | mscpa1.txt |4,1e+02 |
| 4 | 1500 | 5000 |   55 |       0.45 |1585331237960 |     253 |   256.0 | 1,19 | mscpa1.txt |4,4e+02 |
| 4 | 1600 | 5000 |   55 |       0.45 |1585331237960 |     253 |   256.0 | 1,19 | mscpa1.txt |4,8e+02 |
| 4 | 1700 | 5000 |   55 |       0.45 |1585331237960 |     253 |   256.0 | 1,19 | mscpa1.txt |5,1e+02 |
| 4 | 1800 | 5000 |   55 |       0.45 |1585331237960 |     253 |   256.0 | 1,19 | mscpa1.txt |5,5e+02 |
| 4 | 1900 | 5000 |   60 |       0.45 |1585331237960 |     253 |   256.0 | 1,19 | mscpa1.txt |5,9e+02 |
| 4 | 2000 | 5000 |   60 |       0.45 |1585331237960 |     253 |   256.0 | 1,19 | mscpa1.txt |6,3e+02 |
| 4 | 2100 | 5000 |   60 |       0.45 |1585331237960 |     253 |   256.0 | 1,19 | mscpa1.txt |6,7e+02 |
| 4 | 2200 | 5000 |   60 |       0.45 |1585331237960 |     253 |   256.0 | 1,19 | mscpa1.txt |7,1e+02 |
| 4 | 2300 | 5000 |   65 |       0.45 |1585331237960 |     253 |   256.0 | 1,19 | mscpa1.txt |7,6e+02 |
| 4 | 2400 | 5000 |   65 |       0.45 |1585331237960 |     253 |   256.0 | 1,19 | mscpa1.txt |8,0e+02 |
| 4 | 2500 | 5000 |   65 |       0.45 |1585331237960 |     253 |   256.0 | 1,19 | mscpa1.txt |8,5e+02 |
| 4 | 2600 | 5000 |   65 |       0.45 |1585331237960 |     253 |   256.0 | 1,19 | mscpa1.txt |8,9e+02 |
| 4 | 2700 | 5000 |   70 |       0.45 |1585331237960 |     253 |   256.0 | 1,19 | mscpa1.txt |9,4e+02 |
| 4 | 2800 | 5000 |   70 |       0.45 |1585331237960 |     253 |   256.0 | 1,19 | mscpa1.txt |9,9e+02 |
| 4 | 2900 | 5000 |   70 |       0.45 |1585331237960 |     253 |   256.0 | 1,19 | mscpa1.txt |1,0e+03 |
| 4 | 3000 | 5000 |   70 |       0.45 |1585331237960 |     253 |   256.0 | 1,19 | mscpa1.txt |1,1e+03 |
| 4 | 3100 | 5000 |   75 |       0.45 |1585331237960 |     253 |   256.0 | 1,19 | mscpa1.txt |1,1e+03 |
| 4 | 3200 | 5000 |   75 |       0.45 |1585331237960 |     253 |   256.0 | 1,19 | mscpa1.txt |1,2e+03 |
| 4 | 3300 | 5000 |   75 |       0.45 |1585331237960 |     253 |   256.0 | 1,19 | mscpa1.txt |1,3e+03 |
| 4 | 3400 | 5000 |   75 |       0.45 |1585331237960 |     253 |   256.0 | 1,19 | mscpa1.txt |1,3e+03 |
| 4 | 3500 | 5000 |   80 |       0.45 |1585331237960 |     253 |   256.0 | 1,19 | mscpa1.txt |1,4e+03 |
| 4 | 3600 | 5000 |   80 |       0.45 |1585331237960 |     253 |   256.0 | 1,19 | mscpa1.txt |1,4e+03 |
| 4 | 3700 | 5000 |   80 |       0.45 |1585331237960 |     253 |   256.0 | 1,19 | mscpa1.txt |1,5e+03 |
| 4 | 3800 | 5000 |   80 |       0.45 |1585331237960 |     253 |   256.0 | 1,19 | mscpa1.txt |1,6e+03 |
| 4 | 3900 | 5000 |   85 |       0.45 |1585331237960 |     253 |   256.0 | 1,19 | mscpa1.txt |1,6e+03 |
| 4 | 4000 | 5000 |   85 |       0.45 |1585331237960 |     253 |   256.0 | 1,19 | mscpa1.txt |1,7e+03 |
| 4 | 4100 | 5000 |   85 |       0.45 |1585331237960 |     253 |   256.0 | 1,19 | mscpa1.txt |1,8e+03 |
| 4 | 4200 | 5000 |   85 |       0.45 |1585331237960 |     253 |   256.0 | 1,19 | mscpa1.txt |1,9e+03 |
| 4 | 4300 | 5000 |   90 |       0.45 |1585331237960 |     253 |   256.0 | 1,19 | mscpa1.txt |1,9e+03 |
| 4 | 4400 | 5000 |   90 |       0.45 |1585331237960 |     253 |   256.0 | 1,19 | mscpa1.txt |2,0e+03 |
| 4 | 4500 | 5000 |   90 |       0.45 |1585331237960 |     253 |   256.0 | 1,19 | mscpa1.txt |2,1e+03 |
| 4 | 4600 | 5000 |   90 |       0.45 |1585331237960 |     253 |   256.0 | 1,19 | mscpa1.txt |2,2e+03 |
| 4 | 4700 | 5000 |   95 |       0.45 |1585331237960 |     253 |   256.0 | 1,19 | mscpa1.txt |2,3e+03 |
| 4 | 4800 | 5000 |   95 |       0.45 |1585331237960 |     253 |   256.0 | 1,19 | mscpa1.txt |2,4e+03 |
| 4 | 4900 | 5000 |   95 |       0.45 |1585331237960 |     253 |   256.0 | 1,19 | mscpa1.txt |2,4e+03 |
| 4 | 5000 | 5000 |   95 |       0.45 |1585331237960 |     253 |   256.0 | 1,19 | mscpa1.txt |2,5e+03 |
| 4 |  300 | 5000 |  100 |       0.45 |1585331237960 |     253 |   256.0 | 1,19 | mscpa1.txt |2,5e+03 |
| 5 |    1 | 5000 |   35 |       0.25 |1585333763864 |     253 |   374.0 |47,83 | mscpa1.txt | 0,18 |
| 5 |  100 | 5000 |   35 | 0.34285715 |1585333763864 |     253 |   321.0 |26,88 | mscpa1.txt |   26 |
| 5 |  200 | 5000 |   35 | 0.31428573 |1585333763864 |     253 |   317.0 |25,30 | mscpa1.txt |   52 |
| 5 |  300 | 5000 |   35 | 0.34285715 |1585333763864 |     253 |   311.0 |22,92 | mscpa1.txt |   77 |
| 5 |  400 | 5000 |   35 | 0.31428573 |1585333763864 |     253 |   307.0 |21,34 | mscpa1.txt |1,0e+02 |
| 5 |  500 | 5000 |   40 |      0.375 |1585333763864 |     253 |   260.0 | 2,77 | mscpa1.txt |1,4e+02 |
| 5 |  600 | 5000 |   40 |       0.25 |1585333763864 |     253 |   257.0 | 1,58 | mscpa1.txt |1,7e+02 |
| 5 |  700 | 5000 |   40 |        0.2 |1585333763864 |     253 |   256.0 | 1,19 | mscpa1.txt |2,0e+02 |
| 5 |  800 | 5000 |   40 |        0.2 |1585333763864 |     253 |   256.0 | 1,19 | mscpa1.txt |2,4e+02 |
| 5 |  900 | 5000 |   45 | 0.37777779 |1585333763864 |     253 |   256.0 | 1,19 | mscpa1.txt |2,7e+02 |
| 5 | 1000 | 5000 |   45 |       0.45 |1585333763864 |     253 |   256.0 | 1,19 | mscpa1.txt |3,1e+02 |
| 5 | 1100 | 5000 |   45 |       0.45 |1585333763864 |     253 |   256.0 | 1,19 | mscpa1.txt |3,4e+02 |
| 5 | 1200 | 5000 |   45 |       0.45 |1585333763864 |     253 |   256.0 | 1,19 | mscpa1.txt |3,8e+02 |
| 5 | 1300 | 5000 |   50 |       0.45 |1585333763864 |     253 |   256.0 | 1,19 | mscpa1.txt |4,1e+02 |
| 5 | 1400 | 5000 |   50 |       0.45 |1585333763864 |     253 |   254.0 | 0,40 | mscpa1.txt |4,5e+02 |
| 5 | 1500 | 5000 |   50 |       0.45 |1585333763864 |     253 |   254.0 | 0,40 | mscpa1.txt |4,9e+02 |
| 5 | 1600 | 5000 |   50 |       0.45 |1585333763864 |     253 |   254.0 | 0,40 | mscpa1.txt |5,2e+02 |
| 5 | 1700 | 5000 |   55 |       0.45 |1585333763864 |     253 |   254.0 | 0,40 | mscpa1.txt |5,7e+02 |
| 5 | 1800 | 5000 |   55 |       0.45 |1585333763864 |     253 |   254.0 | 0,40 | mscpa1.txt |6,1e+02 |
| 5 | 1900 | 5000 |   55 |       0.45 |1585333763864 |     253 |   254.0 | 0,40 | mscpa1.txt |6,5e+02 |
| 5 | 2000 | 5000 |   55 |       0.45 |1585333763864 |     253 |   254.0 | 0,40 | mscpa1.txt |6,9e+02 |
| 5 | 2100 | 5000 |   60 |       0.45 |1585333763864 |     253 |   254.0 | 0,40 | mscpa1.txt |7,4e+02 |
| 5 | 2200 | 5000 |   60 |       0.45 |1585333763864 |     253 |   254.0 | 0,40 | mscpa1.txt |7,8e+02 |
| 5 | 2300 | 5000 |   60 |       0.45 |1585333763864 |     253 |   254.0 | 0,40 | mscpa1.txt |8,2e+02 |
| 5 | 2400 | 5000 |   60 |       0.45 |1585333763864 |     253 |   254.0 | 0,40 | mscpa1.txt |8,7e+02 |
| 5 | 2500 | 5000 |   65 |       0.45 |1585333763864 |     253 |   254.0 | 0,40 | mscpa1.txt |9,2e+02 |
| 5 | 2600 | 5000 |   65 |       0.45 |1585333763864 |     253 |   254.0 | 0,40 | mscpa1.txt |9,7e+02 |
| 5 | 2700 | 5000 |   65 |       0.45 |1585333763864 |     253 |   254.0 | 0,40 | mscpa1.txt |1,0e+03 |
| 5 | 2800 | 5000 |   65 |       0.45 |1585333763864 |     253 |   254.0 | 0,40 | mscpa1.txt |1,1e+03 |
| 5 | 2900 | 5000 |   70 |       0.45 |1585333763864 |     253 |   254.0 | 0,40 | mscpa1.txt |1,1e+03 |
| 5 | 3000 | 5000 |   70 |       0.45 |1585333763864 |     253 |   254.0 | 0,40 | mscpa1.txt |1,2e+03 |
| 5 | 3100 | 5000 |   70 |       0.45 |1585333763864 |     253 |   254.0 | 0,40 | mscpa1.txt |1,2e+03 |
| 5 | 3200 | 5000 |   70 |       0.45 |1585333763864 |     253 |   254.0 | 0,40 | mscpa1.txt |1,3e+03 |
| 5 | 3300 | 5000 |   75 |       0.45 |1585333763864 |     253 |   254.0 | 0,40 | mscpa1.txt |1,4e+03 |
| 5 | 3400 | 5000 |   75 |       0.45 |1585333763864 |     253 |   254.0 | 0,40 | mscpa1.txt |1,4e+03 |
| 5 | 3500 | 5000 |   75 |       0.45 |1585333763864 |     253 |   254.0 | 0,40 | mscpa1.txt |1,5e+03 |
| 5 | 3600 | 5000 |   75 |       0.45 |1585333763864 |     253 |   254.0 | 0,40 | mscpa1.txt |1,5e+03 |
| 5 | 3700 | 5000 |   80 |       0.45 |1585333763864 |     253 |   254.0 | 0,40 | mscpa1.txt |1,6e+03 |
| 5 | 3800 | 5000 |   80 |       0.45 |1585333763864 |     253 |   254.0 | 0,40 | mscpa1.txt |1,7e+03 |
| 5 | 3900 | 5000 |   80 |       0.45 |1585333763864 |     253 |   254.0 | 0,40 | mscpa1.txt |1,7e+03 |
| 5 | 4000 | 5000 |   80 |       0.45 |1585333763864 |     253 |   254.0 | 0,40 | mscpa1.txt |1,8e+03 |
| 5 | 4100 | 5000 |   85 |       0.45 |1585333763864 |     253 |   254.0 | 0,40 | mscpa1.txt |1,9e+03 |
| 5 | 4200 | 5000 |   85 |       0.45 |1585333763864 |     253 |   254.0 | 0,40 | mscpa1.txt |1,9e+03 |
| 5 | 4300 | 5000 |   85 |       0.45 |1585333763864 |     253 |   254.0 | 0,40 | mscpa1.txt |2,0e+03 |
| 5 | 4400 | 5000 |   85 |       0.45 |1585333763864 |     253 |   254.0 | 0,40 | mscpa1.txt |2,1e+03 |
| 5 | 4500 | 5000 |   90 |       0.45 |1585333763864 |     253 |   254.0 | 0,40 | mscpa1.txt |2,1e+03 |
| 5 | 4600 | 5000 |   90 |       0.45 |1585333763864 |     253 |   254.0 | 0,40 | mscpa1.txt |2,2e+03 |
| 5 | 4700 | 5000 |   90 |       0.45 |1585333763864 |     253 |   254.0 | 0,40 | mscpa1.txt |2,2e+03 |
| 5 | 4800 | 5000 |   90 |       0.45 |1585333763864 |     253 |   254.0 | 0,40 | mscpa1.txt |2,3e+03 |
| 5 | 4900 | 5000 |   95 |       0.45 |1585333763864 |     253 |   254.0 | 0,40 | mscpa1.txt |2,4e+03 |
| 5 | 5000 | 5000 |   95 |       0.45 |1585333763864 |     253 |   254.0 | 0,40 | mscpa1.txt |2,4e+03 |
| 5 |  300 | 5000 |   95 |       0.45 |1585333763864 |     253 |   254.0 | 0,40 | mscpa1.txt |2,4e+03 |
| 6 |    1 | 5000 |   35 |       0.25 |1585336205226 |     253 |   398.0 |57,31 | mscpa1.txt | 0,20 |
| 6 |  100 | 5000 |   35 |        0.4 |1585336205226 |     253 |   339.0 |33,99 | mscpa1.txt |   24 |
| 6 |  200 | 5000 |   35 |       0.45 |1585336205226 |     253 |   301.0 |18,97 | mscpa1.txt |   51 |
| 6 |  300 | 5000 |   40 |       0.45 |1585336205226 |     253 |   260.0 | 2,77 | mscpa1.txt |   86 |
| 6 |  400 | 5000 |   40 |        0.4 |1585336205226 |     253 |   260.0 | 2,77 | mscpa1.txt |1,2e+02 |
| 6 |  500 | 5000 |   40 |       0.45 |1585336205226 |     253 |   260.0 | 2,77 | mscpa1.txt |1,5e+02 |
| 6 |  600 | 5000 |   40 |      0.325 |1585336205226 |     253 |   260.0 | 2,77 | mscpa1.txt |1,8e+02 |
| 6 |  700 | 5000 |   45 | 0.26666668 |1585336205226 |     253 |   260.0 | 2,77 | mscpa1.txt |2,2e+02 |
| 6 |  800 | 5000 |   45 |       0.45 |1585336205226 |     253 |   260.0 | 2,77 | mscpa1.txt |2,6e+02 |
| 6 |  900 | 5000 |   45 |       0.45 |1585336205226 |     253 |   260.0 | 2,77 | mscpa1.txt |2,9e+02 |
| 6 | 1000 | 5000 |   45 |       0.45 |1585336205226 |     253 |   260.0 | 2,77 | mscpa1.txt |3,2e+02 |
| 6 | 1100 | 5000 |   50 |       0.45 |1585336205226 |     253 |   260.0 | 2,77 | mscpa1.txt |3,5e+02 |
| 6 | 1200 | 5000 |   50 |       0.45 |1585336205226 |     253 |   260.0 | 2,77 | mscpa1.txt |3,9e+02 |
| 6 | 1300 | 5000 |   50 |       0.45 |1585336205226 |     253 |   260.0 | 2,77 | mscpa1.txt |4,3e+02 |
| 6 | 1400 | 5000 |   50 |       0.45 |1585336205226 |     253 |   260.0 | 2,77 | mscpa1.txt |4,7e+02 |
| 6 | 1500 | 5000 |   55 |       0.45 |1585336205226 |     253 |   260.0 | 2,77 | mscpa1.txt |5,1e+02 |
| 6 | 1600 | 5000 |   55 |       0.45 |1585336205226 |     253 |   260.0 | 2,77 | mscpa1.txt |5,4e+02 |
| 6 | 1700 | 5000 |   55 |       0.45 |1585336205226 |     253 |   260.0 | 2,77 | mscpa1.txt |5,8e+02 |
| 6 | 1800 | 5000 |   55 |       0.45 |1585336205226 |     253 |   260.0 | 2,77 | mscpa1.txt |6,2e+02 |
| 6 | 1900 | 5000 |   60 |       0.45 |1585336205226 |     253 |   260.0 | 2,77 | mscpa1.txt |6,7e+02 |
| 6 | 2000 | 5000 |   60 |       0.45 |1585336205226 |     253 |   260.0 | 2,77 | mscpa1.txt |7,1e+02 |
| 6 | 2100 | 5000 |   60 |       0.45 |1585336205226 |     253 |   260.0 | 2,77 | mscpa1.txt |7,5e+02 |
| 6 | 2200 | 5000 |   60 |       0.45 |1585336205226 |     253 |   260.0 | 2,77 | mscpa1.txt |8,0e+02 |
| 6 | 2300 | 5000 |   65 |       0.45 |1585336205226 |     253 |   260.0 | 2,77 | mscpa1.txt |8,4e+02 |
| 6 | 2400 | 5000 |   65 |       0.45 |1585336205226 |     253 |   260.0 | 2,77 | mscpa1.txt |8,9e+02 |
| 6 | 2500 | 5000 |   65 |       0.45 |1585336205226 |     253 |   260.0 | 2,77 | mscpa1.txt |9,4e+02 |
| 6 | 2600 | 5000 |   65 |       0.45 |1585336205226 |     253 |   260.0 | 2,77 | mscpa1.txt |9,9e+02 |
| 6 | 2700 | 5000 |   70 |       0.45 |1585336205226 |     253 |   260.0 | 2,77 | mscpa1.txt |1,0e+03 |
| 6 | 2800 | 5000 |   70 |       0.45 |1585336205226 |     253 |   260.0 | 2,77 | mscpa1.txt |1,1e+03 |
| 6 | 2900 | 5000 |   70 |       0.45 |1585336205226 |     253 |   260.0 | 2,77 | mscpa1.txt |1,1e+03 |
| 6 | 3000 | 5000 |   70 |       0.45 |1585336205226 |     253 |   260.0 | 2,77 | mscpa1.txt |1,2e+03 |
| 6 | 3100 | 5000 |   75 |       0.45 |1585336205226 |     253 |   259.0 | 2,37 | mscpa1.txt |1,2e+03 |
| 6 | 3200 | 5000 |   75 |       0.45 |1585336205226 |     253 |   259.0 | 2,37 | mscpa1.txt |1,3e+03 |
| 6 | 3300 | 5000 |   75 |       0.45 |1585336205226 |     253 |   259.0 | 2,37 | mscpa1.txt |1,3e+03 |
| 6 | 3400 | 5000 |   75 |       0.45 |1585336205226 |     253 |   259.0 | 2,37 | mscpa1.txt |1,4e+03 |
| 6 | 3500 | 5000 |   80 |       0.45 |1585336205226 |     253 |   259.0 | 2,37 | mscpa1.txt |1,5e+03 |
| 6 | 3600 | 5000 |   80 |       0.45 |1585336205226 |     253 |   259.0 | 2,37 | mscpa1.txt |1,5e+03 |
| 6 | 3700 | 5000 |   80 |       0.45 |1585336205226 |     253 |   259.0 | 2,37 | mscpa1.txt |1,6e+03 |
| 6 | 3800 | 5000 |   80 |       0.45 |1585336205226 |     253 |   259.0 | 2,37 | mscpa1.txt |1,6e+03 |
| 6 | 3900 | 5000 |   85 |       0.45 |1585336205226 |     253 |   259.0 | 2,37 | mscpa1.txt |1,7e+03 |
| 6 | 4000 | 5000 |   85 |       0.45 |1585336205226 |     253 |   259.0 | 2,37 | mscpa1.txt |1,7e+03 |
| 6 | 4100 | 5000 |   85 |       0.45 |1585336205226 |     253 |   259.0 | 2,37 | mscpa1.txt |1,8e+03 |
| 6 | 4200 | 5000 |   85 |       0.45 |1585336205226 |     253 |   259.0 | 2,37 | mscpa1.txt |1,9e+03 |
| 6 | 4300 | 5000 |   90 |       0.45 |1585336205226 |     253 |   259.0 | 2,37 | mscpa1.txt |1,9e+03 |
| 6 | 4400 | 5000 |   90 |       0.45 |1585336205226 |     253 |   259.0 | 2,37 | mscpa1.txt |2,0e+03 |
| 6 | 4500 | 5000 |   90 |       0.45 |1585336205226 |     253 |   259.0 | 2,37 | mscpa1.txt |2,1e+03 |
| 6 | 4600 | 5000 |   90 |       0.45 |1585336205226 |     253 |   259.0 | 2,37 | mscpa1.txt |2,1e+03 |
| 6 | 4700 | 5000 |   95 |       0.45 |1585336205226 |     253 |   259.0 | 2,37 | mscpa1.txt |2,2e+03 |
| 6 | 4800 | 5000 |   95 |       0.45 |1585336205226 |     253 |   259.0 | 2,37 | mscpa1.txt |2,3e+03 |
| 6 | 4900 | 5000 |   95 |       0.45 |1585336205226 |     253 |   259.0 | 2,37 | mscpa1.txt |2,3e+03 |
| 6 | 5000 | 5000 |   95 |       0.45 |1585336205226 |     253 |   259.0 | 2,37 | mscpa1.txt |2,4e+03 |
| 6 |  300 | 5000 |  100 |       0.45 |1585336205226 |     253 |   259.0 | 2,37 | mscpa1.txt |2,4e+03 |
| 7 |    1 | 5000 |   35 |       0.25 |1585338595790 |     253 |   418.0 |65,22 | mscpa1.txt | 0,19 |
| 7 |  100 | 5000 |   35 |       0.45 |1585338595790 |     253 |   319.0 |26,09 | mscpa1.txt |   30 |
| 7 |  200 | 5000 |   35 |        0.4 |1585338595790 |     253 |   301.0 |18,97 | mscpa1.txt |   57 |
| 7 |  300 | 5000 |   35 | 0.42857143 |1585338595790 |     253 |   288.0 |13,83 | mscpa1.txt |   86 |
| 7 |  400 | 5000 |   35 |       0.45 |1585338595790 |     253 |   288.0 |13,83 | mscpa1.txt |1,1e+02 |
| 7 |  500 | 5000 |   40 |       0.45 |1585338595790 |     253 |   260.0 | 2,77 | mscpa1.txt |1,4e+02 |
| 7 |  600 | 5000 |   40 |       0.45 |1585338595790 |     253 |   257.0 | 1,58 | mscpa1.txt |1,7e+02 |
| 7 |  700 | 5000 |   40 |      0.325 |1585338595790 |     253 |   256.0 | 1,19 | mscpa1.txt |2,1e+02 |
| 7 |  800 | 5000 |   40 |      0.425 |1585338595790 |     253 |   256.0 | 1,19 | mscpa1.txt |2,4e+02 |
| 7 |  900 | 5000 |   45 | 0.33333334 |1585338595790 |     253 |   256.0 | 1,19 | mscpa1.txt |2,7e+02 |
| 7 | 1000 | 5000 |   45 |       0.45 |1585338595790 |     253 |   256.0 | 1,19 | mscpa1.txt |3,0e+02 |
| 7 | 1100 | 5000 |   45 |       0.45 |1585338595790 |     253 |   256.0 | 1,19 | mscpa1.txt |3,4e+02 |
| 7 | 1200 | 5000 |   45 |       0.45 |1585338595790 |     253 |   256.0 | 1,19 | mscpa1.txt |3,7e+02 |
| 7 | 1300 | 5000 |   50 |       0.45 |1585338595790 |     253 |   256.0 | 1,19 | mscpa1.txt |4,1e+02 |
| 7 | 1400 | 5000 |   50 |       0.45 |1585338595790 |     253 |   256.0 | 1,19 | mscpa1.txt |4,4e+02 |
| 7 | 1500 | 5000 |   50 |       0.44 |1585338595790 |     253 |   256.0 | 1,19 | mscpa1.txt |4,8e+02 |
| 7 | 1600 | 5000 |   50 |       0.44 |1585338595790 |     253 |   256.0 | 1,19 | mscpa1.txt |5,1e+02 |
| 7 | 1700 | 5000 |   55 |       0.45 |1585338595790 |     253 |   256.0 | 1,19 | mscpa1.txt |5,5e+02 |
| 7 | 1800 | 5000 |   55 |       0.45 |1585338595790 |     253 |   256.0 | 1,19 | mscpa1.txt |5,9e+02 |
| 7 | 1900 | 5000 |   55 |       0.45 |1585338595790 |     253 |   256.0 | 1,19 | mscpa1.txt |6,3e+02 |
| 7 | 2000 | 5000 |   55 |       0.45 |1585338595790 |     253 |   256.0 | 1,19 | mscpa1.txt |6,6e+02 |
| 7 | 2100 | 5000 |   60 |       0.45 |1585338595790 |     253 |   256.0 | 1,19 | mscpa1.txt |7,0e+02 |
| 7 | 2200 | 5000 |   60 |       0.45 |1585338595790 |     253 |   256.0 | 1,19 | mscpa1.txt |7,4e+02 |
| 7 | 2300 | 5000 |   60 |       0.45 |1585338595790 |     253 |   256.0 | 1,19 | mscpa1.txt |7,9e+02 |
| 7 | 2400 | 5000 |   60 |       0.45 |1585338595790 |     253 |   256.0 | 1,19 | mscpa1.txt |8,4e+02 |
| 7 | 2500 | 5000 |   65 |       0.45 |1585338595790 |     253 |   256.0 | 1,19 | mscpa1.txt |9,1e+02 |
| 7 | 2600 | 5000 |   65 |       0.45 |1585338595790 |     253 |   256.0 | 1,19 | mscpa1.txt |9,8e+02 |
| 7 | 2700 | 5000 |   65 |       0.45 |1585338595790 |     253 |   256.0 | 1,19 | mscpa1.txt |1,0e+03 |
| 7 | 2800 | 5000 |   65 |       0.45 |1585338595790 |     253 |   256.0 | 1,19 | mscpa1.txt |1,1e+03 |
| 7 | 2900 | 5000 |   70 |       0.45 |1585338595790 |     253 |   256.0 | 1,19 | mscpa1.txt |1,1e+03 |
| 7 | 3000 | 5000 |   70 |       0.45 |1585338595790 |     253 |   256.0 | 1,19 | mscpa1.txt |1,2e+03 |
| 7 | 3100 | 5000 |   70 |       0.45 |1585338595790 |     253 |   256.0 | 1,19 | mscpa1.txt |1,3e+03 |
| 7 | 3200 | 5000 |   70 |       0.45 |1585338595790 |     253 |   256.0 | 1,19 | mscpa1.txt |1,3e+03 |
| 7 | 3300 | 5000 |   75 |       0.45 |1585338595790 |     253 |   256.0 | 1,19 | mscpa1.txt |1,4e+03 |
| 7 | 3400 | 5000 |   75 |       0.45 |1585338595790 |     253 |   256.0 | 1,19 | mscpa1.txt |1,4e+03 |
| 7 | 3500 | 5000 |   75 |       0.45 |1585338595790 |     253 |   256.0 | 1,19 | mscpa1.txt |1,5e+03 |
| 7 | 3600 | 5000 |   75 |       0.45 |1585338595790 |     253 |   256.0 | 1,19 | mscpa1.txt |1,5e+03 |
| 7 | 3700 | 5000 |   80 |       0.45 |1585338595790 |     253 |   256.0 | 1,19 | mscpa1.txt |1,6e+03 |
| 7 | 3800 | 5000 |   80 |       0.45 |1585338595790 |     253 |   256.0 | 1,19 | mscpa1.txt |1,7e+03 |
| 7 | 3900 | 5000 |   80 |       0.45 |1585338595790 |     253 |   256.0 | 1,19 | mscpa1.txt |1,7e+03 |
| 7 | 4000 | 5000 |   80 |       0.45 |1585338595790 |     253 |   256.0 | 1,19 | mscpa1.txt |1,8e+03 |
| 7 | 4100 | 5000 |   85 |       0.45 |1585338595790 |     253 |   256.0 | 1,19 | mscpa1.txt |1,9e+03 |
| 7 | 4200 | 5000 |   85 |       0.45 |1585338595790 |     253 |   256.0 | 1,19 | mscpa1.txt |1,9e+03 |
| 7 | 4300 | 5000 |   85 |       0.45 |1585338595790 |     253 |   256.0 | 1,19 | mscpa1.txt |2,0e+03 |
| 7 | 4400 | 5000 |   85 |       0.45 |1585338595790 |     253 |   256.0 | 1,19 | mscpa1.txt |2,1e+03 |
| 7 | 4500 | 5000 |   90 |       0.45 |1585338595790 |     253 |   256.0 | 1,19 | mscpa1.txt |2,2e+03 |
| 7 | 4600 | 5000 |   90 |       0.45 |1585338595790 |     253 |   256.0 | 1,19 | mscpa1.txt |2,3e+03 |
| 7 | 4700 | 5000 |   90 |       0.45 |1585338595790 |     253 |   256.0 | 1,19 | mscpa1.txt |2,3e+03 |
| 7 | 4800 | 5000 |   90 |       0.45 |1585338595790 |     253 |   256.0 | 1,19 | mscpa1.txt |2,4e+03 |
| 7 | 4900 | 5000 |   95 |       0.45 |1585338595790 |     253 |   256.0 | 1,19 | mscpa1.txt |2,5e+03 |
| 7 | 5000 | 5000 |   95 |       0.45 |1585338595790 |     253 |   255.0 | 0,79 | mscpa1.txt |2,6e+03 |
| 7 |  300 | 5000 |   95 |       0.45 |1585338595790 |     253 |   255.0 | 0,79 | mscpa1.txt |2,6e+03 |
| 8 |    1 | 5000 |   35 |       0.25 |1585341161744 |     253 |   411.0 |62,45 | mscpa1.txt | 0,21 |
| 8 |  100 | 5000 |   35 |  0.2857143 |1585341161744 |     253 |   340.0 |34,39 | mscpa1.txt |   32 |
| 8 |  200 | 5000 |   35 |        0.4 |1585341161744 |     253 |   326.0 |28,85 | mscpa1.txt |   57 |
| 8 |  300 | 5000 |   40 |       0.45 |1585341161744 |     253 |   261.0 | 3,16 | mscpa1.txt |   86 |
| 8 |  400 | 5000 |   40 |      0.375 |1585341161744 |     253 |   258.0 | 1,98 | mscpa1.txt |1,2e+02 |
| 8 |  500 | 5000 |   40 |       0.35 |1585341161744 |     253 |   257.0 | 1,58 | mscpa1.txt |1,5e+02 |
| 8 |  600 | 5000 |   40 |       0.35 |1585341161744 |     253 |   256.0 | 1,19 | mscpa1.txt |1,8e+02 |
| 8 |  700 | 5000 |   45 |       0.45 |1585341161744 |     253 |   256.0 | 1,19 | mscpa1.txt |2,2e+02 |
| 8 |  800 | 5000 |   45 | 0.22222222 |1585341161744 |     253 |   256.0 | 1,19 | mscpa1.txt |2,5e+02 |
| 8 |  900 | 5000 |   45 |        0.2 |1585341161744 |     253 |   256.0 | 1,19 | mscpa1.txt |2,9e+02 |
| 8 | 1000 | 5000 |   45 |        0.2 |1585341161744 |     253 |   256.0 | 1,19 | mscpa1.txt |3,2e+02 |
| 8 | 1100 | 5000 |   50 |       0.45 |1585341161744 |     253 |   256.0 | 1,19 | mscpa1.txt |3,6e+02 |
| 8 | 1200 | 5000 |   50 |       0.45 |1585341161744 |     253 |   256.0 | 1,19 | mscpa1.txt |3,9e+02 |
| 8 | 1300 | 5000 |   50 |       0.45 |1585341161744 |     253 |   256.0 | 1,19 | mscpa1.txt |4,3e+02 |
| 8 | 1400 | 5000 |   50 |       0.45 |1585341161744 |     253 |   256.0 | 1,19 | mscpa1.txt |4,6e+02 |
| 8 | 1500 | 5000 |   55 |       0.45 |1585341161744 |     253 |   256.0 | 1,19 | mscpa1.txt |5,1e+02 |
| 8 | 1600 | 5000 |   55 |       0.45 |1585341161744 |     253 |   256.0 | 1,19 | mscpa1.txt |5,5e+02 |
| 8 | 1700 | 5000 |   55 |       0.45 |1585341161744 |     253 |   256.0 | 1,19 | mscpa1.txt |6,0e+02 |
| 8 | 1800 | 5000 |   55 |       0.45 |1585341161744 |     253 |   256.0 | 1,19 | mscpa1.txt |6,4e+02 |
| 8 | 1900 | 5000 |   60 |       0.45 |1585341161744 |     253 |   256.0 | 1,19 | mscpa1.txt |6,9e+02 |
| 8 | 2000 | 5000 |   60 |       0.45 |1585341161744 |     253 |   256.0 | 1,19 | mscpa1.txt |7,3e+02 |
| 8 | 2100 | 5000 |   60 |       0.45 |1585341161744 |     253 |   256.0 | 1,19 | mscpa1.txt |7,7e+02 |
| 8 | 2200 | 5000 |   60 |       0.45 |1585341161744 |     253 |   256.0 | 1,19 | mscpa1.txt |8,2e+02 |
| 8 | 2300 | 5000 |   65 |       0.45 |1585341161744 |     253 |   256.0 | 1,19 | mscpa1.txt |8,6e+02 |
| 8 | 2400 | 5000 |   65 |       0.45 |1585341161744 |     253 |   256.0 | 1,19 | mscpa1.txt |9,1e+02 |
| 8 | 2500 | 5000 |   65 |       0.45 |1585341161744 |     253 |   256.0 | 1,19 | mscpa1.txt |9,5e+02 |
| 8 | 2600 | 5000 |   65 |       0.45 |1585341161744 |     253 |   256.0 | 1,19 | mscpa1.txt |1,0e+03 |
| 8 | 2700 | 5000 |   70 |       0.45 |1585341161744 |     253 |   256.0 | 1,19 | mscpa1.txt |1,1e+03 |
| 8 | 2800 | 5000 |   70 |       0.45 |1585341161744 |     253 |   256.0 | 1,19 | mscpa1.txt |1,1e+03 |
| 8 | 2900 | 5000 |   70 |       0.45 |1585341161744 |     253 |   256.0 | 1,19 | mscpa1.txt |1,2e+03 |
| 8 | 3000 | 5000 |   70 |       0.45 |1585341161744 |     253 |   256.0 | 1,19 | mscpa1.txt |1,2e+03 |
| 8 | 3100 | 5000 |   75 |       0.45 |1585341161744 |     253 |   256.0 | 1,19 | mscpa1.txt |1,3e+03 |
| 8 | 3200 | 5000 |   75 |       0.45 |1585341161744 |     253 |   254.0 | 0,40 | mscpa1.txt |1,3e+03 |
| 8 | 3300 | 5000 |   75 |       0.45 |1585341161744 |     253 |   254.0 | 0,40 | mscpa1.txt |1,4e+03 |
| 8 | 3400 | 5000 |   75 |       0.45 |1585341161744 |     253 |   254.0 | 0,40 | mscpa1.txt |1,4e+03 |
| 8 | 3500 | 5000 |   80 |       0.45 |1585341161744 |     253 |   254.0 | 0,40 | mscpa1.txt |1,5e+03 |
| 8 | 3600 | 5000 |   80 |       0.45 |1585341161744 |     253 |   254.0 | 0,40 | mscpa1.txt |1,6e+03 |
| 8 | 3700 | 5000 |   80 |       0.45 |1585341161744 |     253 |   254.0 | 0,40 | mscpa1.txt |1,6e+03 |
| 8 | 3800 | 5000 |   80 |       0.45 |1585341161744 |     253 |   254.0 | 0,40 | mscpa1.txt |1,7e+03 |
| 8 | 3900 | 5000 |   85 |       0.45 |1585341161744 |     253 |   254.0 | 0,40 | mscpa1.txt |1,7e+03 |
| 8 | 4000 | 5000 |   85 |       0.45 |1585341161744 |     253 |   254.0 | 0,40 | mscpa1.txt |1,8e+03 |
| 8 | 4100 | 5000 |   85 |       0.45 |1585341161744 |     253 |   254.0 | 0,40 | mscpa1.txt |1,9e+03 |
| 8 | 4200 | 5000 |   85 |       0.45 |1585341161744 |     253 |   254.0 | 0,40 | mscpa1.txt |1,9e+03 |
| 8 | 4300 | 5000 |   90 |       0.45 |1585341161744 |     253 |   254.0 | 0,40 | mscpa1.txt |2,0e+03 |
| 8 | 4400 | 5000 |   90 |       0.45 |1585341161744 |     253 |   254.0 | 0,40 | mscpa1.txt |2,1e+03 |
| 8 | 4500 | 5000 |   90 |       0.45 |1585341161744 |     253 |   254.0 | 0,40 | mscpa1.txt |2,1e+03 |
| 8 | 4600 | 5000 |   90 |       0.45 |1585341161744 |     253 |   254.0 | 0,40 | mscpa1.txt |2,2e+03 |
| 8 | 4700 | 5000 |   95 |       0.45 |1585341161744 |     253 |   254.0 | 0,40 | mscpa1.txt |2,3e+03 |
| 8 | 4800 | 5000 |   95 |       0.45 |1585341161744 |     253 |   254.0 | 0,40 | mscpa1.txt |2,3e+03 |
| 8 | 4900 | 5000 |   95 |       0.45 |1585341161744 |     253 |   254.0 | 0,40 | mscpa1.txt |2,4e+03 |
| 8 | 5000 | 5000 |   95 |       0.45 |1585341161744 |     253 |   254.0 | 0,40 | mscpa1.txt |2,5e+03 |
| 8 |  300 | 5000 |  100 |       0.45 |1585341161744 |     253 |   254.0 | 0,40 | mscpa1.txt |2,5e+03 |
| 9 |    1 | 5000 |   35 |       0.25 |1585343619040 |     253 |   405.0 |60,08 | mscpa1.txt | 0,43 |
| 9 |  100 | 5000 |   35 | 0.42857143 |1585343619040 |     253 |   313.0 |23,72 | mscpa1.txt |   24 |
| 9 |  200 | 5000 |   35 | 0.37142858 |1585343619040 |     253 |   309.0 |22,13 | mscpa1.txt |   48 |
| 9 |  300 | 5000 |   35 | 0.37142858 |1585343619040 |     253 |   309.0 |22,13 | mscpa1.txt |   72 |
| 9 |  400 | 5000 |   35 | 0.42857143 |1585343619040 |     253 |   302.0 |19,37 | mscpa1.txt |   96 |
| 9 |  500 | 5000 |   40 |       0.45 |1585343619040 |     253 |   264.0 | 4,35 | mscpa1.txt |1,2e+02 |
| 9 |  600 | 5000 |   40 |       0.45 |1585343619040 |     253 |   261.0 | 3,16 | mscpa1.txt |1,5e+02 |
| 9 |  700 | 5000 |   40 |       0.45 |1585343619040 |     253 |   260.0 | 2,77 | mscpa1.txt |1,8e+02 |
| 9 |  800 | 5000 |   40 |       0.45 |1585343619040 |     253 |   257.0 | 1,58 | mscpa1.txt |2,1e+02 |
| 9 |  900 | 5000 |   45 |       0.45 |1585343619040 |     253 |   257.0 | 1,58 | mscpa1.txt |2,5e+02 |
| 9 | 1000 | 5000 |   45 |       0.45 |1585343619040 |     253 |   256.0 | 1,19 | mscpa1.txt |2,8e+02 |
| 9 | 1100 | 5000 |   45 |       0.45 |1585343619040 |     253 |   256.0 | 1,19 | mscpa1.txt |3,2e+02 |
| 9 | 1200 | 5000 |   45 |       0.45 |1585343619040 |     253 |   256.0 | 1,19 | mscpa1.txt |3,6e+02 |
| 9 | 1300 | 5000 |   50 |       0.45 |1585343619040 |     253 |   256.0 | 1,19 | mscpa1.txt |4,1e+02 |
| 9 | 1400 | 5000 |   50 |       0.45 |1585343619040 |     253 |   256.0 | 1,19 | mscpa1.txt |4,6e+02 |
| 9 | 1500 | 5000 |   50 |       0.45 |1585343619040 |     253 |   256.0 | 1,19 | mscpa1.txt |5,1e+02 |
| 9 | 1600 | 5000 |   50 |       0.45 |1585343619040 |     253 |   256.0 | 1,19 | mscpa1.txt |5,6e+02 |
| 9 | 1700 | 5000 |   55 |       0.45 |1585343619040 |     253 |   256.0 | 1,19 | mscpa1.txt |6,2e+02 |
| 9 | 1800 | 5000 |   55 |       0.45 |1585343619040 |     253 |   256.0 | 1,19 | mscpa1.txt |6,7e+02 |
| 9 | 1900 | 5000 |   55 | 0.23636363 |1585343619040 |     253 |   256.0 | 1,19 | mscpa1.txt |7,1e+02 |
| 9 | 2000 | 5000 |   55 |       0.45 |1585343619040 |     253 |   256.0 | 1,19 | mscpa1.txt |7,4e+02 |
| 9 | 2100 | 5000 |   60 |       0.45 |1585343619040 |     253 |   256.0 | 1,19 | mscpa1.txt |7,8e+02 |
| 9 | 2200 | 5000 |   60 |       0.45 |1585343619040 |     253 |   256.0 | 1,19 | mscpa1.txt |8,2e+02 |
| 9 | 2300 | 5000 |   60 |       0.45 |1585343619040 |     253 |   256.0 | 1,19 | mscpa1.txt |8,6e+02 |
| 9 | 2400 | 5000 |   60 |       0.45 |1585343619040 |     253 |   256.0 | 1,19 | mscpa1.txt |9,0e+02 |
| 9 | 2500 | 5000 |   65 |       0.45 |1585343619040 |     253 |   256.0 | 1,19 | mscpa1.txt |9,4e+02 |
| 9 | 2600 | 5000 |   65 |       0.45 |1585343619040 |     253 |   256.0 | 1,19 | mscpa1.txt |9,9e+02 |
| 9 | 2700 | 5000 |   65 |       0.45 |1585343619040 |     253 |   256.0 | 1,19 | mscpa1.txt |1,0e+03 |
| 9 | 2800 | 5000 |   65 |       0.45 |1585343619040 |     253 |   256.0 | 1,19 | mscpa1.txt |1,1e+03 |
| 9 | 2900 | 5000 |   70 |       0.45 |1585343619040 |     253 |   256.0 | 1,19 | mscpa1.txt |1,1e+03 |
| 9 | 3000 | 5000 |   70 |       0.45 |1585343619040 |     253 |   256.0 | 1,19 | mscpa1.txt |1,2e+03 |
| 9 | 3100 | 5000 |   70 |       0.45 |1585343619040 |     253 |   256.0 | 1,19 | mscpa1.txt |1,2e+03 |
| 9 | 3200 | 5000 |   70 |       0.45 |1585343619040 |     253 |   256.0 | 1,19 | mscpa1.txt |1,3e+03 |
| 9 | 3300 | 5000 |   75 |       0.45 |1585343619040 |     253 |   256.0 | 1,19 | mscpa1.txt |1,3e+03 |
| 9 | 3400 | 5000 |   75 |       0.45 |1585343619040 |     253 |   256.0 | 1,19 | mscpa1.txt |1,4e+03 |
| 9 | 3500 | 5000 |   75 |       0.45 |1585343619040 |     253 |   256.0 | 1,19 | mscpa1.txt |1,4e+03 |
| 9 | 3600 | 5000 |   75 |       0.45 |1585343619040 |     253 |   256.0 | 1,19 | mscpa1.txt |1,5e+03 |
| 9 | 3700 | 5000 |   80 |       0.45 |1585343619040 |     253 |   256.0 | 1,19 | mscpa1.txt |1,5e+03 |
| 9 | 3800 | 5000 |   80 |       0.45 |1585343619040 |     253 |   256.0 | 1,19 | mscpa1.txt |1,6e+03 |
| 9 | 3900 | 5000 |   80 |       0.45 |1585343619040 |     253 |   256.0 | 1,19 | mscpa1.txt |1,6e+03 |
| 9 | 4000 | 5000 |   80 |       0.45 |1585343619040 |     253 |   256.0 | 1,19 | mscpa1.txt |1,7e+03 |
| 9 | 4100 | 5000 |   85 |       0.45 |1585343619040 |     253 |   256.0 | 1,19 | mscpa1.txt |1,8e+03 |
| 9 | 4200 | 5000 |   85 |       0.45 |1585343619040 |     253 |   256.0 | 1,19 | mscpa1.txt |1,9e+03 |
| 9 | 4300 | 5000 |   85 |       0.45 |1585343619040 |     253 |   256.0 | 1,19 | mscpa1.txt |1,9e+03 |
| 9 | 4400 | 5000 |   85 |       0.45 |1585343619040 |     253 |   256.0 | 1,19 | mscpa1.txt |2,0e+03 |
| 9 | 4500 | 5000 |   90 |       0.45 |1585343619040 |     253 |   256.0 | 1,19 | mscpa1.txt |2,1e+03 |
| 9 | 4600 | 5000 |   90 |       0.45 |1585343619040 |     253 |   256.0 | 1,19 | mscpa1.txt |2,1e+03 |
| 9 | 4700 | 5000 |   90 |       0.45 |1585343619040 |     253 |   256.0 | 1,19 | mscpa1.txt |2,2e+03 |
| 9 | 4800 | 5000 |   90 |       0.45 |1585343619040 |     253 |   256.0 | 1,19 | mscpa1.txt |2,2e+03 |
| 9 | 4900 | 5000 |   95 |       0.45 |1585343619040 |     253 |   256.0 | 1,19 | mscpa1.txt |2,3e+03 |
| 9 | 5000 | 5000 |   95 |       0.45 |1585343619040 |     253 |   256.0 | 1,19 | mscpa1.txt |2,4e+03 |
| 9 |  300 | 5000 |   95 |       0.45 |1585343619040 |     253 |   256.0 | 1,19 | mscpa1.txt |2,4e+03 |
|10 |    1 | 5000 |   35 |       0.25 |1585345970960 |     253 |   399.0 |57,71 | mscpa1.txt | 0,19 |
|10 |  100 | 5000 |   35 | 0.31428573 |1585345970960 |     253 |   308.0 |21,74 | mscpa1.txt |   22 |
|10 |  200 | 5000 |   35 |       0.45 |1585345970960 |     253 |   297.0 |17,39 | mscpa1.txt |   45 |
|10 |  300 | 5000 |   40 |       0.45 |1585345970960 |     253 |   261.0 | 3,16 | mscpa1.txt |   72 |
|10 |  400 | 5000 |   40 |      0.425 |1585345970960 |     253 |   261.0 | 3,16 | mscpa1.txt |1,0e+02 |
|10 |  500 | 5000 |   40 |       0.35 |1585345970960 |     253 |   257.0 | 1,58 | mscpa1.txt |1,3e+02 |
|10 |  600 | 5000 |   40 |       0.35 |1585345970960 |     253 |   255.0 | 0,79 | mscpa1.txt |1,5e+02 |
|10 |  700 | 5000 |   45 |  0.2888889 |1585345970960 |     253 |   255.0 | 0,79 | mscpa1.txt |1,8e+02 |
|10 |  800 | 5000 |   45 | 0.26666668 |1585345970960 |     253 |   255.0 | 0,79 | mscpa1.txt |2,2e+02 |
|10 |  900 | 5000 |   45 | 0.31111112 |1585345970960 |     253 |   255.0 | 0,79 | mscpa1.txt |2,5e+02 |
|10 | 1000 | 5000 |   45 | 0.31111112 |1585345970960 |     253 |   255.0 | 0,79 | mscpa1.txt |2,8e+02 |
|10 | 1100 | 5000 |   50 |       0.26 |1585345970960 |     253 |   255.0 | 0,79 | mscpa1.txt |3,2e+02 |
|10 | 1200 | 5000 |   50 |       0.26 |1585345970960 |     253 |   255.0 | 0,79 | mscpa1.txt |3,5e+02 |
|10 | 1300 | 5000 |   50 |       0.45 |1585345970960 |     253 |   255.0 | 0,79 | mscpa1.txt |3,9e+02 |
|10 | 1400 | 5000 |   50 |       0.45 |1585345970960 |     253 |   255.0 | 0,79 | mscpa1.txt |4,2e+02 |
|10 | 1500 | 5000 |   55 |       0.45 |1585345970960 |     253 |   255.0 | 0,79 | mscpa1.txt |4,6e+02 |
|10 | 1600 | 5000 |   55 |       0.45 |1585345970960 |     253 |   255.0 | 0,79 | mscpa1.txt |5,0e+02 |
|10 | 1700 | 5000 |   55 |       0.45 |1585345970960 |     253 |   255.0 | 0,79 | mscpa1.txt |5,3e+02 |
|10 | 1800 | 5000 |   55 |       0.45 |1585345970960 |     253 |   255.0 | 0,79 | mscpa1.txt |5,7e+02 |
|10 | 1900 | 5000 |   60 |       0.45 |1585345970960 |     253 |   255.0 | 0,79 | mscpa1.txt |6,1e+02 |
|10 | 2000 | 5000 |   60 |        0.4 |1585345970960 |     253 |   255.0 | 0,79 | mscpa1.txt |6,5e+02 |
|10 | 2100 | 5000 |   60 |        0.4 |1585345970960 |     253 |   255.0 | 0,79 | mscpa1.txt |6,9e+02 |
|10 | 2200 | 5000 |   60 |        0.4 |1585345970960 |     253 |   255.0 | 0,79 | mscpa1.txt |7,3e+02 |
|10 | 2300 | 5000 |   65 |       0.45 |1585345970960 |     253 |   255.0 | 0,79 | mscpa1.txt |7,7e+02 |
|10 | 2400 | 5000 |   65 |       0.45 |1585345970960 |     253 |   255.0 | 0,79 | mscpa1.txt |8,1e+02 |
|10 | 2500 | 5000 |   65 |       0.45 |1585345970960 |     253 |   255.0 | 0,79 | mscpa1.txt |8,6e+02 |
|10 | 2600 | 5000 |   65 |       0.45 |1585345970960 |     253 |   255.0 | 0,79 | mscpa1.txt |9,0e+02 |
|10 | 2700 | 5000 |   70 |       0.45 |1585345970960 |     253 |   255.0 | 0,79 | mscpa1.txt |9,5e+02 |
|10 | 2800 | 5000 |   70 |       0.45 |1585345970960 |     253 |   255.0 | 0,79 | mscpa1.txt |9,9e+02 |
|10 | 2900 | 5000 |   70 |       0.45 |1585345970960 |     253 |   255.0 | 0,79 | mscpa1.txt |1,0e+03 |
|10 | 3000 | 5000 |   70 |       0.45 |1585345970960 |     253 |   255.0 | 0,79 | mscpa1.txt |1,1e+03 |
|10 | 3100 | 5000 |   75 |       0.45 |1585345970960 |     253 |   255.0 | 0,79 | mscpa1.txt |1,1e+03 |
|10 | 3200 | 5000 |   75 |       0.45 |1585345970960 |     253 |   255.0 | 0,79 | mscpa1.txt |1,2e+03 |
|10 | 3300 | 5000 |   75 |       0.45 |1585345970960 |     253 |   255.0 | 0,79 | mscpa1.txt |1,2e+03 |
|10 | 3400 | 5000 |   75 |       0.45 |1585345970960 |     253 |   255.0 | 0,79 | mscpa1.txt |1,3e+03 |
|10 | 3500 | 5000 |   80 |       0.45 |1585345970960 |     253 |   255.0 | 0,79 | mscpa1.txt |1,4e+03 |
|10 | 3600 | 5000 |   80 |       0.45 |1585345970960 |     253 |   255.0 | 0,79 | mscpa1.txt |1,4e+03 |
|10 | 3700 | 5000 |   80 |       0.45 |1585345970960 |     253 |   255.0 | 0,79 | mscpa1.txt |1,5e+03 |
|10 | 3800 | 5000 |   80 |       0.45 |1585345970960 |     253 |   255.0 | 0,79 | mscpa1.txt |1,5e+03 |
|10 | 3900 | 5000 |   85 |       0.45 |1585345970960 |     253 |   255.0 | 0,79 | mscpa1.txt |1,6e+03 |
|10 | 4000 | 5000 |   85 |       0.45 |1585345970960 |     253 |   255.0 | 0,79 | mscpa1.txt |1,6e+03 |
|10 | 4100 | 5000 |   85 |       0.45 |1585345970960 |     253 |   255.0 | 0,79 | mscpa1.txt |1,7e+03 |
|10 | 4200 | 5000 |   85 |       0.45 |1585345970960 |     253 |   255.0 | 0,79 | mscpa1.txt |1,8e+03 |
|10 | 4300 | 5000 |   90 |       0.45 |1585345970960 |     253 |   255.0 | 0,79 | mscpa1.txt |1,8e+03 |
|10 | 4400 | 5000 |   90 |       0.45 |1585345970960 |     253 |   255.0 | 0,79 | mscpa1.txt |1,9e+03 |
|10 | 4500 | 5000 |   90 |       0.45 |1585345970960 |     253 |   255.0 | 0,79 | mscpa1.txt |2,0e+03 |
|10 | 4600 | 5000 |   90 |       0.45 |1585345970960 |     253 |   255.0 | 0,79 | mscpa1.txt |2,0e+03 |
|10 | 4700 | 5000 |   95 |       0.45 |1585345970960 |     253 |   255.0 | 0,79 | mscpa1.txt |2,1e+03 |
|10 | 4800 | 5000 |   95 |       0.45 |1585345970960 |     253 |   255.0 | 0,79 | mscpa1.txt |2,2e+03 |
|10 | 4900 | 5000 |   95 |       0.45 |1585345970960 |     253 |   255.0 | 0,79 | mscpa1.txt |2,2e+03 |
|10 | 5000 | 5000 |   95 |       0.45 |1585345970960 |     253 |   255.0 | 0,79 | mscpa1.txt |2,3e+03 |
|10 |  300 | 5000 |  100 |       0.45 |1585345970960 |     253 |   255.0 | 0,79 | mscpa1.txt |2,3e+03 |
|11 |    1 | 5000 |   35 |       0.25 |1585348287799 |     253 |   388.0 |53,36 | mscpa1.txt | 0,19 |
|11 |  100 | 5000 |   35 |       0.45 |1585348287799 |     253 |   300.0 |18,58 | mscpa1.txt |   22 |
|11 |  200 | 5000 |   35 | 0.42857143 |1585348287799 |     253 |   297.0 |17,39 | mscpa1.txt |   45 |
|11 |  300 | 5000 |   35 |       0.45 |1585348287799 |     253 |   287.0 |13,44 | mscpa1.txt |   68 |
|11 |  400 | 5000 |   35 |        0.4 |1585348287799 |     253 |   282.0 |11,46 | mscpa1.txt |   91 |
|11 |  500 | 5000 |   40 |       0.45 |1585348287799 |     253 |   260.0 | 2,77 | mscpa1.txt |1,2e+02 |
|11 |  600 | 5000 |   40 |       0.45 |1585348287799 |     253 |   256.0 | 1,19 | mscpa1.txt |1,5e+02 |
|11 |  700 | 5000 |   40 |       0.45 |1585348287799 |     253 |   256.0 | 1,19 | mscpa1.txt |1,8e+02 |
|11 |  800 | 5000 |   40 |       0.35 |1585348287799 |     253 |   256.0 | 1,19 | mscpa1.txt |2,1e+02 |
|11 |  900 | 5000 |   45 | 0.26666668 |1585348287799 |     253 |   256.0 | 1,19 | mscpa1.txt |2,4e+02 |
|11 | 1000 | 5000 |   45 | 0.26666668 |1585348287799 |     253 |   256.0 | 1,19 | mscpa1.txt |2,7e+02 |
|11 | 1100 | 5000 |   45 |       0.45 |1585348287799 |     253 |   256.0 | 1,19 | mscpa1.txt |3,0e+02 |
|11 | 1200 | 5000 |   45 |       0.45 |1585348287799 |     253 |   256.0 | 1,19 | mscpa1.txt |3,4e+02 |
|11 | 1300 | 5000 |   50 |       0.45 |1585348287799 |     253 |   256.0 | 1,19 | mscpa1.txt |3,7e+02 |
|11 | 1400 | 5000 |   50 |       0.45 |1585348287799 |     253 |   256.0 | 1,19 | mscpa1.txt |4,0e+02 |
|11 | 1500 | 5000 |   50 |       0.26 |1585348287799 |     253 |   256.0 | 1,19 | mscpa1.txt |4,3e+02 |
|11 | 1600 | 5000 |   50 |       0.26 |1585348287799 |     253 |   256.0 | 1,19 | mscpa1.txt |4,7e+02 |
|11 | 1700 | 5000 |   55 |       0.45 |1585348287799 |     253 |   256.0 | 1,19 | mscpa1.txt |5,1e+02 |
|11 | 1800 | 5000 |   55 |       0.45 |1585348287799 |     253 |   256.0 | 1,19 | mscpa1.txt |5,4e+02 |
|11 | 1900 | 5000 |   55 |       0.45 |1585348287799 |     253 |   256.0 | 1,19 | mscpa1.txt |5,8e+02 |
|11 | 2000 | 5000 |   55 |       0.45 |1585348287799 |     253 |   256.0 | 1,19 | mscpa1.txt |6,2e+02 |
|11 | 2100 | 5000 |   60 |       0.45 |1585348287799 |     253 |   256.0 | 1,19 | mscpa1.txt |6,6e+02 |
|11 | 2200 | 5000 |   60 |       0.45 |1585348287799 |     253 |   256.0 | 1,19 | mscpa1.txt |7,0e+02 |
|11 | 2300 | 5000 |   60 |       0.45 |1585348287799 |     253 |   256.0 | 1,19 | mscpa1.txt |7,4e+02 |
|11 | 2400 | 5000 |   60 |       0.45 |1585348287799 |     253 |   256.0 | 1,19 | mscpa1.txt |7,8e+02 |
|11 | 2500 | 5000 |   65 |       0.45 |1585348287799 |     253 |   256.0 | 1,19 | mscpa1.txt |8,3e+02 |
|11 | 2600 | 5000 |   65 |       0.45 |1585348287799 |     253 |   256.0 | 1,19 | mscpa1.txt |8,7e+02 |
|11 | 2700 | 5000 |   65 |       0.45 |1585348287799 |     253 |   256.0 | 1,19 | mscpa1.txt |9,2e+02 |
|11 | 2800 | 5000 |   65 |       0.45 |1585348287799 |     253 |   256.0 | 1,19 | mscpa1.txt |9,6e+02 |
|11 | 2900 | 5000 |   70 |       0.45 |1585348287799 |     253 |   256.0 | 1,19 | mscpa1.txt |1,0e+03 |
|11 | 3000 | 5000 |   70 |       0.45 |1585348287799 |     253 |   256.0 | 1,19 | mscpa1.txt |1,1e+03 |
|11 | 3100 | 5000 |   70 |       0.45 |1585348287799 |     253 |   256.0 | 1,19 | mscpa1.txt |1,1e+03 |
|11 | 3200 | 5000 |   70 |       0.45 |1585348287799 |     253 |   256.0 | 1,19 | mscpa1.txt |1,2e+03 |
|11 | 3300 | 5000 |   75 |       0.45 |1585348287799 |     253 |   256.0 | 1,19 | mscpa1.txt |1,2e+03 |
|11 | 3400 | 5000 |   75 |       0.45 |1585348287799 |     253 |   256.0 | 1,19 | mscpa1.txt |1,3e+03 |
|11 | 3500 | 5000 |   75 |       0.45 |1585348287799 |     253 |   256.0 | 1,19 | mscpa1.txt |1,3e+03 |
|11 | 3600 | 5000 |   75 |       0.45 |1585348287799 |     253 |   256.0 | 1,19 | mscpa1.txt |1,4e+03 |
|11 | 3700 | 5000 |   80 |       0.45 |1585348287799 |     253 |   256.0 | 1,19 | mscpa1.txt |1,4e+03 |
|11 | 3800 | 5000 |   80 |       0.45 |1585348287799 |     253 |   256.0 | 1,19 | mscpa1.txt |1,5e+03 |
|11 | 3900 | 5000 |   80 |       0.45 |1585348287799 |     253 |   256.0 | 1,19 | mscpa1.txt |1,6e+03 |
|11 | 4000 | 5000 |   80 |       0.45 |1585348287799 |     253 |   256.0 | 1,19 | mscpa1.txt |1,6e+03 |
|11 | 4100 | 5000 |   85 |       0.45 |1585348287799 |     253 |   256.0 | 1,19 | mscpa1.txt |1,7e+03 |
|11 | 4200 | 5000 |   85 |       0.45 |1585348287799 |     253 |   256.0 | 1,19 | mscpa1.txt |1,7e+03 |
|11 | 4300 | 5000 |   85 |       0.45 |1585348287799 |     253 |   256.0 | 1,19 | mscpa1.txt |1,8e+03 |
|11 | 4400 | 5000 |   85 |       0.45 |1585348287799 |     253 |   256.0 | 1,19 | mscpa1.txt |1,9e+03 |
|11 | 4500 | 5000 |   90 |       0.45 |1585348287799 |     253 |   256.0 | 1,19 | mscpa1.txt |1,9e+03 |
|11 | 4600 | 5000 |   90 |       0.45 |1585348287799 |     253 |   256.0 | 1,19 | mscpa1.txt |2,0e+03 |
|11 | 4700 | 5000 |   90 |       0.45 |1585348287799 |     253 |   256.0 | 1,19 | mscpa1.txt |2,1e+03 |
|11 | 4800 | 5000 |   90 |       0.45 |1585348287799 |     253 |   256.0 | 1,19 | mscpa1.txt |2,1e+03 |
|11 | 4900 | 5000 |   95 |       0.45 |1585348287799 |     253 |   256.0 | 1,19 | mscpa1.txt |2,2e+03 |
|11 | 5000 | 5000 |   95 |       0.45 |1585348287799 |     253 |   256.0 | 1,19 | mscpa1.txt |2,3e+03 |
|11 |  300 | 5000 |   95 |       0.45 |1585348287799 |     253 |   256.0 | 1,19 | mscpa1.txt |2,3e+03 |
|12 |    1 | 5000 |   35 |       0.25 |1585350571309 |     253 |   397.0 |56,92 | mscpa1.txt | 0,24 |
|12 |  100 | 5000 |   35 | 0.34285715 |1585350571309 |     253 |   335.0 |32,41 | mscpa1.txt |   25 |
|12 |  200 | 5000 |   35 | 0.42857143 |1585350571309 |     253 |   329.0 |30,04 | mscpa1.txt |   50 |
|12 |  300 | 5000 |   40 |       0.45 |1585350571309 |     253 |   261.0 | 3,16 | mscpa1.txt |   78 |
|12 |  400 | 5000 |   40 |      0.325 |1585350571309 |     253 |   260.0 | 2,77 | mscpa1.txt |1,1e+02 |
|12 |  500 | 5000 |   40 |       0.45 |1585350571309 |     253 |   259.0 | 2,37 | mscpa1.txt |1,4e+02 |
|12 |  600 | 5000 |   40 |      0.425 |1585350571309 |     253 |   259.0 | 2,37 | mscpa1.txt |1,6e+02 |
|12 |  700 | 5000 |   45 | 0.37777779 |1585350571309 |     253 |   259.0 | 2,37 | mscpa1.txt |2,0e+02 |
|12 |  800 | 5000 |   45 | 0.35555556 |1585350571309 |     253 |   259.0 | 2,37 | mscpa1.txt |2,3e+02 |
|12 |  900 | 5000 |   45 |       0.45 |1585350571309 |     253 |   257.0 | 1,58 | mscpa1.txt |2,6e+02 |
|12 | 1000 | 5000 |   45 |       0.45 |1585350571309 |     253 |   256.0 | 1,19 | mscpa1.txt |2,9e+02 |
|12 | 1100 | 5000 |   50 |       0.45 |1585350571309 |     253 |   256.0 | 1,19 | mscpa1.txt |3,3e+02 |
|12 | 1200 | 5000 |   50 |       0.45 |1585350571309 |     253 |   256.0 | 1,19 | mscpa1.txt |3,6e+02 |
|12 | 1300 | 5000 |   50 |       0.45 |1585350571309 |     253 |   256.0 | 1,19 | mscpa1.txt |4,0e+02 |
|12 | 1400 | 5000 |   50 |       0.45 |1585350571309 |     253 |   256.0 | 1,19 | mscpa1.txt |4,3e+02 |
|12 | 1500 | 5000 |   55 |       0.45 |1585350571309 |     253 |   256.0 | 1,19 | mscpa1.txt |4,7e+02 |
|12 | 1600 | 5000 |   55 |       0.45 |1585350571309 |     253 |   256.0 | 1,19 | mscpa1.txt |5,1e+02 |
|12 | 1700 | 5000 |   55 |       0.45 |1585350571309 |     253 |   256.0 | 1,19 | mscpa1.txt |5,5e+02 |
|12 | 1800 | 5000 |   55 |       0.45 |1585350571309 |     253 |   256.0 | 1,19 | mscpa1.txt |5,9e+02 |
|12 | 1900 | 5000 |   60 |       0.45 |1585350571309 |     253 |   256.0 | 1,19 | mscpa1.txt |6,4e+02 |
|12 | 2000 | 5000 |   60 |       0.45 |1585350571309 |     253 |   256.0 | 1,19 | mscpa1.txt |6,8e+02 |
|12 | 2100 | 5000 |   60 |       0.45 |1585350571309 |     253 |   256.0 | 1,19 | mscpa1.txt |7,2e+02 |
|12 | 2200 | 5000 |   60 |       0.45 |1585350571309 |     253 |   256.0 | 1,19 | mscpa1.txt |7,6e+02 |
|12 | 2300 | 5000 |   65 |       0.45 |1585350571309 |     253 |   256.0 | 1,19 | mscpa1.txt |8,1e+02 |
|12 | 2400 | 5000 |   65 |       0.45 |1585350571309 |     253 |   256.0 | 1,19 | mscpa1.txt |8,5e+02 |
|12 | 2500 | 5000 |   65 |       0.45 |1585350571309 |     253 |   256.0 | 1,19 | mscpa1.txt |8,9e+02 |
|12 | 2600 | 5000 |   65 |       0.45 |1585350571309 |     253 |   256.0 | 1,19 | mscpa1.txt |9,4e+02 |
|12 | 2700 | 5000 |   70 |       0.45 |1585350571309 |     253 |   256.0 | 1,19 | mscpa1.txt |9,8e+02 |
|12 | 2800 | 5000 |   70 |       0.45 |1585350571309 |     253 |   256.0 | 1,19 | mscpa1.txt |1,0e+03 |
|12 | 2900 | 5000 |   70 |       0.45 |1585350571309 |     253 |   256.0 | 1,19 | mscpa1.txt |1,1e+03 |
|12 | 3000 | 5000 |   70 |       0.45 |1585350571309 |     253 |   256.0 | 1,19 | mscpa1.txt |1,1e+03 |
|12 | 3100 | 5000 |   75 |       0.45 |1585350571309 |     253 |   256.0 | 1,19 | mscpa1.txt |1,2e+03 |
|12 | 3200 | 5000 |   75 |       0.45 |1585350571309 |     253 |   256.0 | 1,19 | mscpa1.txt |1,2e+03 |
|12 | 3300 | 5000 |   75 |       0.45 |1585350571309 |     253 |   256.0 | 1,19 | mscpa1.txt |1,3e+03 |
|12 | 3400 | 5000 |   75 |       0.45 |1585350571309 |     253 |   256.0 | 1,19 | mscpa1.txt |1,3e+03 |
|12 | 3500 | 5000 |   80 |       0.45 |1585350571309 |     253 |   256.0 | 1,19 | mscpa1.txt |1,4e+03 |
|12 | 3600 | 5000 |   80 |       0.45 |1585350571309 |     253 |   256.0 | 1,19 | mscpa1.txt |1,4e+03 |
|12 | 3700 | 5000 |   80 |       0.45 |1585350571309 |     253 |   256.0 | 1,19 | mscpa1.txt |1,5e+03 |
|12 | 3800 | 5000 |   80 |       0.45 |1585350571309 |     253 |   256.0 | 1,19 | mscpa1.txt |1,5e+03 |
|12 | 3900 | 5000 |   85 |       0.45 |1585350571309 |     253 |   256.0 | 1,19 | mscpa1.txt |1,6e+03 |
|12 | 4000 | 5000 |   85 |       0.45 |1585350571309 |     253 |   256.0 | 1,19 | mscpa1.txt |1,7e+03 |
|12 | 4100 | 5000 |   85 |       0.45 |1585350571309 |     253 |   256.0 | 1,19 | mscpa1.txt |1,7e+03 |
|12 | 4200 | 5000 |   85 |       0.45 |1585350571309 |     253 |   256.0 | 1,19 | mscpa1.txt |1,8e+03 |
|12 | 4300 | 5000 |   90 |       0.45 |1585350571309 |     253 |   256.0 | 1,19 | mscpa1.txt |1,9e+03 |
|12 | 4400 | 5000 |   90 |       0.45 |1585350571309 |     253 |   256.0 | 1,19 | mscpa1.txt |1,9e+03 |
|12 | 4500 | 5000 |   90 |       0.45 |1585350571309 |     253 |   256.0 | 1,19 | mscpa1.txt |2,0e+03 |
|12 | 4600 | 5000 |   90 |       0.45 |1585350571309 |     253 |   256.0 | 1,19 | mscpa1.txt |2,1e+03 |
|12 | 4700 | 5000 |   95 |       0.45 |1585350571309 |     253 |   256.0 | 1,19 | mscpa1.txt |2,1e+03 |
|12 | 4800 | 5000 |   95 |       0.45 |1585350571309 |     253 |   256.0 | 1,19 | mscpa1.txt |2,2e+03 |
|12 | 4900 | 5000 |   95 |       0.45 |1585350571309 |     253 |   256.0 | 1,19 | mscpa1.txt |2,3e+03 |
|12 | 5000 | 5000 |   95 |       0.45 |1585350571309 |     253 |   256.0 | 1,19 | mscpa1.txt |2,3e+03 |
|12 |  300 | 5000 |  100 |       0.45 |1585350571309 |     253 |   256.0 | 1,19 | mscpa1.txt |2,3e+03 |
|13 |    1 | 5000 |   35 |       0.25 |1585352898459 |     253 |   349.0 |37,94 | mscpa1.txt | 0,21 |
|13 |  100 | 5000 |   35 | 0.37142858 |1585352898459 |     253 |   313.0 |23,72 | mscpa1.txt |   22 |
|13 |  200 | 5000 |   35 |       0.45 |1585352898459 |     253 |   302.0 |19,37 | mscpa1.txt |   45 |
|13 |  300 | 5000 |   35 |       0.45 |1585352898459 |     253 |   302.0 |19,37 | mscpa1.txt |   70 |
|13 |  400 | 5000 |   35 |       0.45 |1585352898459 |     253 |   292.0 |15,42 | mscpa1.txt |   93 |
|13 |  500 | 5000 |   40 |       0.45 |1585352898459 |     253 |   260.0 | 2,77 | mscpa1.txt |1,2e+02 |
|13 |  600 | 5000 |   40 |      0.375 |1585352898459 |     253 |   259.0 | 2,37 | mscpa1.txt |1,5e+02 |
|13 |  700 | 5000 |   40 |        0.4 |1585352898459 |     253 |   256.0 | 1,19 | mscpa1.txt |1,8e+02 |
|13 |  800 | 5000 |   40 |        0.4 |1585352898459 |     253 |   256.0 | 1,19 | mscpa1.txt |2,1e+02 |
|13 |  900 | 5000 |   45 |  0.2888889 |1585352898459 |     253 |   256.0 | 1,19 | mscpa1.txt |2,4e+02 |
|13 | 1000 | 5000 |   45 |  0.2888889 |1585352898459 |     253 |   256.0 | 1,19 | mscpa1.txt |2,7e+02 |
|13 | 1100 | 5000 |   45 |       0.45 |1585352898459 |     253 |   256.0 | 1,19 | mscpa1.txt |3,0e+02 |
|13 | 1200 | 5000 |   45 |       0.45 |1585352898459 |     253 |   256.0 | 1,19 | mscpa1.txt |3,3e+02 |
|13 | 1300 | 5000 |   50 |       0.45 |1585352898459 |     253 |   256.0 | 1,19 | mscpa1.txt |3,7e+02 |
|13 | 1400 | 5000 |   50 |       0.45 |1585352898459 |     253 |   256.0 | 1,19 | mscpa1.txt |4,0e+02 |
|13 | 1500 | 5000 |   50 |       0.45 |1585352898459 |     253 |   256.0 | 1,19 | mscpa1.txt |4,3e+02 |
|13 | 1600 | 5000 |   50 |       0.45 |1585352898459 |     253 |   256.0 | 1,19 | mscpa1.txt |4,7e+02 |
|13 | 1700 | 5000 |   55 |       0.45 |1585352898459 |     253 |   256.0 | 1,19 | mscpa1.txt |5,0e+02 |
|13 | 1800 | 5000 |   55 |       0.45 |1585352898459 |     253 |   256.0 | 1,19 | mscpa1.txt |5,4e+02 |
|13 | 1900 | 5000 |   55 |       0.45 |1585352898459 |     253 |   256.0 | 1,19 | mscpa1.txt |5,8e+02 |
|13 | 2000 | 5000 |   55 |       0.45 |1585352898459 |     253 |   256.0 | 1,19 | mscpa1.txt |6,2e+02 |
|13 | 2100 | 5000 |   60 |       0.45 |1585352898459 |     253 |   256.0 | 1,19 | mscpa1.txt |6,6e+02 |
|13 | 2200 | 5000 |   60 |       0.45 |1585352898459 |     253 |   256.0 | 1,19 | mscpa1.txt |7,0e+02 |
|13 | 2300 | 5000 |   60 |       0.45 |1585352898459 |     253 |   256.0 | 1,19 | mscpa1.txt |7,5e+02 |
|13 | 2400 | 5000 |   60 |       0.45 |1585352898459 |     253 |   256.0 | 1,19 | mscpa1.txt |7,9e+02 |
|13 | 2500 | 5000 |   65 |       0.45 |1585352898459 |     253 |   256.0 | 1,19 | mscpa1.txt |8,3e+02 |
|13 | 2600 | 5000 |   65 |       0.45 |1585352898459 |     253 |   256.0 | 1,19 | mscpa1.txt |8,8e+02 |
|13 | 2700 | 5000 |   65 |       0.45 |1585352898459 |     253 |   256.0 | 1,19 | mscpa1.txt |9,3e+02 |
|13 | 2800 | 5000 |   65 |       0.45 |1585352898459 |     253 |   256.0 | 1,19 | mscpa1.txt |9,7e+02 |
|13 | 2900 | 5000 |   70 |       0.45 |1585352898459 |     253 |   256.0 | 1,19 | mscpa1.txt |1,0e+03 |
|13 | 3000 | 5000 |   70 |       0.45 |1585352898459 |     253 |   256.0 | 1,19 | mscpa1.txt |1,1e+03 |
|13 | 3100 | 5000 |   70 |       0.45 |1585352898459 |     253 |   256.0 | 1,19 | mscpa1.txt |1,1e+03 |
|13 | 3200 | 5000 |   70 |       0.45 |1585352898459 |     253 |   256.0 | 1,19 | mscpa1.txt |1,2e+03 |
|13 | 3300 | 5000 |   75 |       0.45 |1585352898459 |     253 |   256.0 | 1,19 | mscpa1.txt |1,2e+03 |
|13 | 3400 | 5000 |   75 |       0.45 |1585352898459 |     253 |   256.0 | 1,19 | mscpa1.txt |1,3e+03 |
|13 | 3500 | 5000 |   75 |       0.45 |1585352898459 |     253 |   256.0 | 1,19 | mscpa1.txt |1,3e+03 |
|13 | 3600 | 5000 |   75 |       0.45 |1585352898459 |     253 |   256.0 | 1,19 | mscpa1.txt |1,4e+03 |
|13 | 3700 | 5000 |   80 |       0.45 |1585352898459 |     253 |   256.0 | 1,19 | mscpa1.txt |1,5e+03 |
|13 | 3800 | 5000 |   80 |       0.45 |1585352898459 |     253 |   256.0 | 1,19 | mscpa1.txt |1,5e+03 |
|13 | 3900 | 5000 |   80 |       0.45 |1585352898459 |     253 |   256.0 | 1,19 | mscpa1.txt |1,6e+03 |
|13 | 4000 | 5000 |   80 |       0.45 |1585352898459 |     253 |   256.0 | 1,19 | mscpa1.txt |1,7e+03 |
|13 | 4100 | 5000 |   85 |       0.45 |1585352898459 |     253 |   256.0 | 1,19 | mscpa1.txt |1,7e+03 |
|13 | 4200 | 5000 |   85 |       0.45 |1585352898459 |     253 |   256.0 | 1,19 | mscpa1.txt |1,8e+03 |
|13 | 4300 | 5000 |   85 |       0.45 |1585352898459 |     253 |   256.0 | 1,19 | mscpa1.txt |1,9e+03 |
|13 | 4400 | 5000 |   85 |       0.45 |1585352898459 |     253 |   256.0 | 1,19 | mscpa1.txt |1,9e+03 |
|13 | 4500 | 5000 |   90 |       0.45 |1585352898459 |     253 |   256.0 | 1,19 | mscpa1.txt |2,0e+03 |
|13 | 4600 | 5000 |   90 |       0.45 |1585352898459 |     253 |   256.0 | 1,19 | mscpa1.txt |2,1e+03 |
|13 | 4700 | 5000 |   90 |       0.45 |1585352898459 |     253 |   256.0 | 1,19 | mscpa1.txt |2,2e+03 |
|13 | 4800 | 5000 |   90 |       0.45 |1585352898459 |     253 |   256.0 | 1,19 | mscpa1.txt |2,3e+03 |
|13 | 4900 | 5000 |   95 |       0.45 |1585352898459 |     253 |   256.0 | 1,19 | mscpa1.txt |2,4e+03 |
|13 | 5000 | 5000 |   95 |       0.45 |1585352898459 |     253 |   256.0 | 1,19 | mscpa1.txt |2,5e+03 |
|13 |  300 | 5000 |   95 |       0.45 |1585352898459 |     253 |   256.0 | 1,19 | mscpa1.txt |2,5e+03 |
|14 |    1 | 5000 |   35 |       0.25 |1585355411781 |     253 |   341.0 |34,78 | mscpa1.txt | 0,24 |
|14 |  100 | 5000 |   35 | 0.31428573 |1585355411781 |     253 |   286.0 |13,04 | mscpa1.txt |   29 |
|14 |  200 | 5000 |   35 | 0.37142858 |1585355411781 |     253 |   281.0 |11,07 | mscpa1.txt |   55 |
|14 |  300 | 5000 |   40 |        0.4 |1585355411781 |     253 |   257.0 | 1,58 | mscpa1.txt |   87 |
|14 |  400 | 5000 |   40 |        0.4 |1585355411781 |     253 |   256.0 | 1,19 | mscpa1.txt |1,2e+02 |
|14 |  500 | 5000 |   40 |       0.45 |1585355411781 |     253 |   256.0 | 1,19 | mscpa1.txt |1,6e+02 |
|14 |  600 | 5000 |   40 |       0.45 |1585355411781 |     253 |   256.0 | 1,19 | mscpa1.txt |1,9e+02 |
|14 |  700 | 5000 |   45 |       0.45 |1585355411781 |     253 |   256.0 | 1,19 | mscpa1.txt |2,3e+02 |
|14 |  800 | 5000 |   45 |       0.45 |1585355411781 |     253 |   256.0 | 1,19 | mscpa1.txt |2,6e+02 |
|14 |  900 | 5000 |   45 |       0.45 |1585355411781 |     253 |   256.0 | 1,19 | mscpa1.txt |3,0e+02 |
|14 | 1000 | 5000 |   45 |        0.4 |1585355411781 |     253 |   256.0 | 1,19 | mscpa1.txt |3,3e+02 |
|14 | 1100 | 5000 |   50 |       0.45 |1585355411781 |     253 |   256.0 | 1,19 | mscpa1.txt |3,7e+02 |
|14 | 1200 | 5000 |   50 |       0.45 |1585355411781 |     253 |   256.0 | 1,19 | mscpa1.txt |4,0e+02 |
|14 | 1300 | 5000 |   50 |       0.45 |1585355411781 |     253 |   256.0 | 1,19 | mscpa1.txt |4,4e+02 |
|14 | 1400 | 5000 |   50 |       0.45 |1585355411781 |     253 |   256.0 | 1,19 | mscpa1.txt |4,8e+02 |
|14 | 1500 | 5000 |   55 |       0.45 |1585355411781 |     253 |   256.0 | 1,19 | mscpa1.txt |5,2e+02 |
|14 | 1600 | 5000 |   55 |       0.45 |1585355411781 |     253 |   256.0 | 1,19 | mscpa1.txt |5,7e+02 |
|14 | 1700 | 5000 |   55 |       0.45 |1585355411781 |     253 |   256.0 | 1,19 | mscpa1.txt |6,1e+02 |
|14 | 1800 | 5000 |   55 |       0.45 |1585355411781 |     253 |   256.0 | 1,19 | mscpa1.txt |6,5e+02 |
|14 | 1900 | 5000 |   60 |       0.45 |1585355411781 |     253 |   256.0 | 1,19 | mscpa1.txt |7,0e+02 |
|14 | 2000 | 5000 |   60 |       0.45 |1585355411781 |     253 |   256.0 | 1,19 | mscpa1.txt |7,5e+02 |
|14 | 2100 | 5000 |   60 |       0.45 |1585355411781 |     253 |   256.0 | 1,19 | mscpa1.txt |8,0e+02 |
|14 | 2200 | 5000 |   60 |       0.45 |1585355411781 |     253 |   256.0 | 1,19 | mscpa1.txt |8,5e+02 |
|14 | 2300 | 5000 |   65 |       0.45 |1585355411781 |     253 |   256.0 | 1,19 | mscpa1.txt |9,0e+02 |
|14 | 2400 | 5000 |   65 |       0.45 |1585355411781 |     253 |   256.0 | 1,19 | mscpa1.txt |9,6e+02 |
|14 | 2500 | 5000 |   65 |       0.45 |1585355411781 |     253 |   256.0 | 1,19 | mscpa1.txt |1,0e+03 |
|14 | 2600 | 5000 |   65 |       0.45 |1585355411781 |     253 |   256.0 | 1,19 | mscpa1.txt |1,1e+03 |
|14 | 2700 | 5000 |   70 |       0.45 |1585355411781 |     253 |   256.0 | 1,19 | mscpa1.txt |1,1e+03 |
|14 | 2800 | 5000 |   70 |       0.45 |1585355411781 |     253 |   256.0 | 1,19 | mscpa1.txt |1,2e+03 |
|14 | 2900 | 5000 |   70 |       0.45 |1585355411781 |     253 |   256.0 | 1,19 | mscpa1.txt |1,2e+03 |
|14 | 3000 | 5000 |   70 |       0.45 |1585355411781 |     253 |   256.0 | 1,19 | mscpa1.txt |1,3e+03 |
|14 | 3100 | 5000 |   75 |       0.45 |1585355411781 |     253 |   256.0 | 1,19 | mscpa1.txt |1,4e+03 |
|14 | 3200 | 5000 |   75 |       0.45 |1585355411781 |     253 |   256.0 | 1,19 | mscpa1.txt |1,4e+03 |
|14 | 3300 | 5000 |   75 |       0.45 |1585355411781 |     253 |   256.0 | 1,19 | mscpa1.txt |1,5e+03 |
|14 | 3400 | 5000 |   75 |       0.45 |1585355411781 |     253 |   256.0 | 1,19 | mscpa1.txt |1,5e+03 |
|14 | 3500 | 5000 |   80 |       0.45 |1585355411781 |     253 |   256.0 | 1,19 | mscpa1.txt |1,6e+03 |
|14 | 3600 | 5000 |   80 |       0.45 |1585355411781 |     253 |   256.0 | 1,19 | mscpa1.txt |1,7e+03 |
|14 | 3700 | 5000 |   80 |       0.45 |1585355411781 |     253 |   256.0 | 1,19 | mscpa1.txt |1,8e+03 |
|14 | 3800 | 5000 |   80 |       0.45 |1585355411781 |     253 |   256.0 | 1,19 | mscpa1.txt |1,8e+03 |
|14 | 3900 | 5000 |   85 |       0.45 |1585355411781 |     253 |   256.0 | 1,19 | mscpa1.txt |1,9e+03 |
|14 | 4000 | 5000 |   85 |       0.45 |1585355411781 |     253 |   256.0 | 1,19 | mscpa1.txt |2,0e+03 |
|14 | 4100 | 5000 |   85 |       0.45 |1585355411781 |     253 |   256.0 | 1,19 | mscpa1.txt |2,1e+03 |
|14 | 4200 | 5000 |   85 |       0.45 |1585355411781 |     253 |   256.0 | 1,19 | mscpa1.txt |2,1e+03 |
|14 | 4300 | 5000 |   90 |       0.45 |1585355411781 |     253 |   256.0 | 1,19 | mscpa1.txt |2,2e+03 |
|14 | 4400 | 5000 |   90 |       0.45 |1585355411781 |     253 |   256.0 | 1,19 | mscpa1.txt |2,3e+03 |
|14 | 4500 | 5000 |   90 |       0.45 |1585355411781 |     253 |   256.0 | 1,19 | mscpa1.txt |2,4e+03 |
|14 | 4600 | 5000 |   90 |       0.45 |1585355411781 |     253 |   256.0 | 1,19 | mscpa1.txt |2,5e+03 |
|14 | 4700 | 5000 |   95 |       0.45 |1585355411781 |     253 |   256.0 | 1,19 | mscpa1.txt |2,5e+03 |
|14 | 4800 | 5000 |   95 |       0.45 |1585355411781 |     253 |   256.0 | 1,19 | mscpa1.txt |2,6e+03 |
|14 | 4900 | 5000 |   95 |       0.45 |1585355411781 |     253 |   256.0 | 1,19 | mscpa1.txt |2,7e+03 |
|14 | 5000 | 5000 |   95 |       0.45 |1585355411781 |     253 |   256.0 | 1,19 | mscpa1.txt |2,8e+03 |
|14 |  300 | 5000 |  100 |       0.45 |1585355411781 |     253 |   256.0 | 1,19 | mscpa1.txt |2,8e+03 |
|15 |    1 | 5000 |   35 |       0.25 |1585358205938 |     253 |   407.0 |60,87 | mscpa1.txt | 0,22 |
|15 |  100 | 5000 |   35 | 0.25714287 |1585358205938 |     253 |   323.0 |27,67 | mscpa1.txt |   26 |
|15 |  200 | 5000 |   35 |        0.4 |1585358205938 |     253 |   309.0 |22,13 | mscpa1.txt |   53 |
|15 |  300 | 5000 |   35 | 0.25714287 |1585358205938 |     253 |   309.0 |22,13 | mscpa1.txt |   78 |
|15 |  400 | 5000 |   35 | 0.22857143 |1585358205938 |     253 |   296.0 |17,00 | mscpa1.txt |1,0e+02 |
|15 |  500 | 5000 |   40 |       0.35 |1585358205938 |     253 |   261.0 | 3,16 | mscpa1.txt |1,3e+02 |
|15 |  600 | 5000 |   40 |      0.425 |1585358205938 |     253 |   258.0 | 1,98 | mscpa1.txt |1,6e+02 |
|15 |  700 | 5000 |   40 |        0.4 |1585358205938 |     253 |   255.0 | 0,79 | mscpa1.txt |2,0e+02 |
|15 |  800 | 5000 |   40 |        0.4 |1585358205938 |     253 |   255.0 | 0,79 | mscpa1.txt |2,3e+02 |
|15 |  900 | 5000 |   45 | 0.31111112 |1585358205938 |     253 |   255.0 | 0,79 | mscpa1.txt |2,6e+02 |
|15 | 1000 | 5000 |   45 | 0.31111112 |1585358205938 |     253 |   255.0 | 0,79 | mscpa1.txt |3,1e+02 |
|15 | 1100 | 5000 |   45 | 0.31111112 |1585358205938 |     253 |   255.0 | 0,79 | mscpa1.txt |3,5e+02 |
|15 | 1200 | 5000 |   45 | 0.31111112 |1585358205938 |     253 |   255.0 | 0,79 | mscpa1.txt |3,9e+02 |
|15 | 1300 | 5000 |   50 |       0.28 |1585358205938 |     253 |   255.0 | 0,79 | mscpa1.txt |4,3e+02 |
|15 | 1400 | 5000 |   50 |       0.45 |1585358205938 |     253 |   255.0 | 0,79 | mscpa1.txt |4,7e+02 |
|15 | 1500 | 5000 |   50 |       0.45 |1585358205938 |     253 |   255.0 | 0,79 | mscpa1.txt |5,0e+02 |
|15 | 1600 | 5000 |   50 |       0.45 |1585358205938 |     253 |   255.0 | 0,79 | mscpa1.txt |5,4e+02 |
|15 | 1700 | 5000 |   55 |       0.45 |1585358205938 |     253 |   255.0 | 0,79 | mscpa1.txt |5,8e+02 |
|15 | 1800 | 5000 |   55 |       0.45 |1585358205938 |     253 |   255.0 | 0,79 | mscpa1.txt |6,2e+02 |
|15 | 1900 | 5000 |   55 |       0.45 |1585358205938 |     253 |   255.0 | 0,79 | mscpa1.txt |6,6e+02 |
|15 | 2000 | 5000 |   55 |       0.45 |1585358205938 |     253 |   255.0 | 0,79 | mscpa1.txt |7,0e+02 |
|15 | 2100 | 5000 |   60 |       0.45 |1585358205938 |     253 |   255.0 | 0,79 | mscpa1.txt |7,5e+02 |
|15 | 2200 | 5000 |   60 |       0.45 |1585358205938 |     253 |   255.0 | 0,79 | mscpa1.txt |7,9e+02 |
|15 | 2300 | 5000 |   60 |       0.45 |1585358205938 |     253 |   255.0 | 0,79 | mscpa1.txt |8,4e+02 |
|15 | 2400 | 5000 |   60 |       0.45 |1585358205938 |     253 |   255.0 | 0,79 | mscpa1.txt |8,8e+02 |
|15 | 2500 | 5000 |   65 |       0.45 |1585358205938 |     253 |   255.0 | 0,79 | mscpa1.txt |9,3e+02 |
|15 | 2600 | 5000 |   65 |       0.45 |1585358205938 |     253 |   255.0 | 0,79 | mscpa1.txt |9,8e+02 |
|15 | 2700 | 5000 |   65 |       0.45 |1585358205938 |     253 |   255.0 | 0,79 | mscpa1.txt |1,0e+03 |
|15 | 2800 | 5000 |   65 |       0.45 |1585358205938 |     253 |   255.0 | 0,79 | mscpa1.txt |1,1e+03 |
|15 | 2900 | 5000 |   70 |       0.45 |1585358205938 |     253 |   254.0 | 0,40 | mscpa1.txt |1,1e+03 |
|15 | 3000 | 5000 |   70 |       0.45 |1585358205938 |     253 |   254.0 | 0,40 | mscpa1.txt |1,2e+03 |
|15 | 3100 | 5000 |   70 |       0.45 |1585358205938 |     253 |   254.0 | 0,40 | mscpa1.txt |1,2e+03 |
|15 | 3200 | 5000 |   70 |       0.45 |1585358205938 |     253 |   254.0 | 0,40 | mscpa1.txt |1,3e+03 |
|15 | 3300 | 5000 |   75 |       0.45 |1585358205938 |     253 |   254.0 | 0,40 | mscpa1.txt |1,4e+03 |
|15 | 3400 | 5000 |   75 |       0.45 |1585358205938 |     253 |   254.0 | 0,40 | mscpa1.txt |1,4e+03 |
|15 | 3500 | 5000 |   75 |       0.45 |1585358205938 |     253 |   254.0 | 0,40 | mscpa1.txt |1,5e+03 |
|15 | 3600 | 5000 |   75 |       0.45 |1585358205938 |     253 |   254.0 | 0,40 | mscpa1.txt |1,5e+03 |
|15 | 3700 | 5000 |   80 |       0.45 |1585358205938 |     253 |   254.0 | 0,40 | mscpa1.txt |1,6e+03 |
|15 | 3800 | 5000 |   80 |       0.45 |1585358205938 |     253 |   254.0 | 0,40 | mscpa1.txt |1,7e+03 |
|15 | 3900 | 5000 |   80 |       0.45 |1585358205938 |     253 |   254.0 | 0,40 | mscpa1.txt |1,7e+03 |
|15 | 4000 | 5000 |   80 |       0.45 |1585358205938 |     253 |   254.0 | 0,40 | mscpa1.txt |1,8e+03 |
|15 | 4100 | 5000 |   85 |       0.45 |1585358205938 |     253 |   254.0 | 0,40 | mscpa1.txt |1,8e+03 |
|15 | 4200 | 5000 |   85 |       0.45 |1585358205938 |     253 |   254.0 | 0,40 | mscpa1.txt |1,9e+03 |
|15 | 4300 | 5000 |   85 |       0.45 |1585358205938 |     253 |   254.0 | 0,40 | mscpa1.txt |2,0e+03 |
|15 | 4400 | 5000 |   85 |       0.45 |1585358205938 |     253 |   254.0 | 0,40 | mscpa1.txt |2,0e+03 |
|15 | 4500 | 5000 |   90 |       0.45 |1585358205938 |     253 |   254.0 | 0,40 | mscpa1.txt |2,1e+03 |
|15 | 4600 | 5000 |   90 |       0.45 |1585358205938 |     253 |   254.0 | 0,40 | mscpa1.txt |2,1e+03 |
|15 | 4700 | 5000 |   90 |       0.45 |1585358205938 |     253 |   254.0 | 0,40 | mscpa1.txt |2,2e+03 |
|15 | 4800 | 5000 |   90 |       0.45 |1585358205938 |     253 |   254.0 | 0,40 | mscpa1.txt |2,3e+03 |
|15 | 4900 | 5000 |   95 |       0.45 |1585358205938 |     253 |   254.0 | 0,40 | mscpa1.txt |2,3e+03 |
|15 | 5000 | 5000 |   95 |       0.45 |1585358205938 |     253 |   254.0 | 0,40 | mscpa1.txt |2,4e+03 |
|15 |  300 | 5000 |   95 |       0.45 |1585358205938 |     253 |   254.0 | 0,40 | mscpa1.txt |2,4e+03 |
