| # |    #ITER | #IterMAX | Nest |      %Desc |      semilla | BestFit |GottedFit |  RDP |  instancia | time |
-------------------------------------------------------------------------------------------------
| 1 |    1 | 5000 |   35 |       0.25 |1585397266819 |      30 |  4397.0 |14556,67 |mscpnre2.txt |0,011 |
| 1 |  100 | 5000 |   35 |        0.4 |1585397266819 |      30 |  3661.0 |12103,33 |mscpnre2.txt | 0,82 |
| 1 |  200 | 5000 |   40 |       0.45 |1585397266819 |      30 |    34.0 |13,33 |mscpnre2.txt |   65 |
| 1 |  300 | 5000 |   40 |       0.45 |1585397266819 |      30 |    34.0 |13,33 |mscpnre2.txt |1,9e+02 |
| 1 |  400 | 5000 |   40 |        0.4 |1585397266819 |      30 |    34.0 |13,33 |mscpnre2.txt |3,4e+02 |
| 1 |  500 | 5000 |   40 |      0.375 |1585397266819 |      30 |    34.0 |13,33 |mscpnre2.txt |5,0e+02 |
| 1 |  600 | 5000 |   45 | 0.33333334 |1585397266819 |      30 |    34.0 |13,33 |mscpnre2.txt |6,1e+02 |
| 1 |  700 | 5000 |   45 | 0.33333334 |1585397266819 |      30 |    34.0 |13,33 |mscpnre2.txt |7,2e+02 |
| 1 |  800 | 5000 |   45 | 0.33333334 |1585397266819 |      30 |    34.0 |13,33 |mscpnre2.txt |8,4e+02 |
| 1 |  900 | 5000 |   45 | 0.33333334 |1585397266819 |      30 |    34.0 |13,33 |mscpnre2.txt |9,5e+02 |
| 1 | 1000 | 5000 |   50 |       0.45 |1585397266819 |      30 |    34.0 |13,33 |mscpnre2.txt |1,1e+03 |
| 1 | 1100 | 5000 |   50 |       0.45 |1585397266819 |      30 |    34.0 |13,33 |mscpnre2.txt |1,2e+03 |
| 1 | 1200 | 5000 |   50 |       0.45 |1585397266819 |      30 |    34.0 |13,33 |mscpnre2.txt |1,4e+03 |
| 1 | 1300 | 5000 |   50 |       0.45 |1585397266819 |      30 |    34.0 |13,33 |mscpnre2.txt |1,5e+03 |
| 1 | 1400 | 5000 |   55 |       0.45 |1585397266819 |      30 |    34.0 |13,33 |mscpnre2.txt |1,7e+03 |
| 1 | 1500 | 5000 |   55 |       0.45 |1585397266819 |      30 |    34.0 |13,33 |mscpnre2.txt |1,8e+03 |
| 1 | 1600 | 5000 |   55 |       0.45 |1585397266819 |      30 |    34.0 |13,33 |mscpnre2.txt |1,9e+03 |
| 1 | 1700 | 5000 |   55 |       0.45 |1585397266819 |      30 |    34.0 |13,33 |mscpnre2.txt |2,0e+03 |
| 1 | 1800 | 5000 |   60 |       0.45 |1585397266819 |      30 |    34.0 |13,33 |mscpnre2.txt |2,1e+03 |
| 1 | 1900 | 5000 |   60 |       0.45 |1585397266819 |      30 |    34.0 |13,33 |mscpnre2.txt |2,2e+03 |
| 1 | 2000 | 5000 |   60 |       0.45 |1585397266819 |      30 |    34.0 |13,33 |mscpnre2.txt |2,3e+03 |
| 1 | 2100 | 5000 |   60 |       0.45 |1585397266819 |      30 |    34.0 |13,33 |mscpnre2.txt |2,5e+03 |
| 1 | 2200 | 5000 |   65 | 0.41538462 |1585397266819 |      30 |    34.0 |13,33 |mscpnre2.txt |2,7e+03 |
| 1 | 2300 | 5000 |   65 | 0.41538462 |1585397266819 |      30 |    34.0 |13,33 |mscpnre2.txt |2,8e+03 |
| 1 | 2400 | 5000 |   65 | 0.41538462 |1585397266819 |      30 |    34.0 |13,33 |mscpnre2.txt |3,0e+03 |
| 1 | 2500 | 5000 |   65 | 0.41538462 |1585397266819 |      30 |    34.0 |13,33 |mscpnre2.txt |3,1e+03 |
| 1 | 2600 | 5000 |   70 |        0.4 |1585397266819 |      30 |    34.0 |13,33 |mscpnre2.txt |3,3e+03 |
| 1 | 2700 | 5000 |   70 |        0.4 |1585397266819 |      30 |    34.0 |13,33 |mscpnre2.txt |3,5e+03 |
| 1 | 2800 | 5000 |   70 |        0.4 |1585397266819 |      30 |    34.0 |13,33 |mscpnre2.txt |3,6e+03 |
| 1 | 2900 | 5000 |   70 |        0.4 |1585397266819 |      30 |    34.0 |13,33 |mscpnre2.txt |3,8e+03 |
| 1 | 3000 | 5000 |   75 |        0.4 |1585397266819 |      30 |    34.0 |13,33 |mscpnre2.txt |4,0e+03 |
| 1 | 3100 | 5000 |   75 |        0.4 |1585397266819 |      30 |    34.0 |13,33 |mscpnre2.txt |4,2e+03 |
| 1 | 3200 | 5000 |   75 |        0.4 |1585397266819 |      30 |    34.0 |13,33 |mscpnre2.txt |4,4e+03 |
| 1 | 3300 | 5000 |   75 |        0.4 |1585397266819 |      30 |    34.0 |13,33 |mscpnre2.txt |4,6e+03 |
| 1 | 3400 | 5000 |   80 |       0.45 |1585397266819 |      30 |    34.0 |13,33 |mscpnre2.txt |4,8e+03 |
| 1 | 3500 | 5000 |   80 |       0.45 |1585397266819 |      30 |    34.0 |13,33 |mscpnre2.txt |5,0e+03 |
| 1 | 3600 | 5000 |   80 |       0.45 |1585397266819 |      30 |    34.0 |13,33 |mscpnre2.txt |5,3e+03 |
| 1 | 3700 | 5000 |   80 |       0.45 |1585397266819 |      30 |    34.0 |13,33 |mscpnre2.txt |5,5e+03 |
| 1 | 3800 | 5000 |   85 |       0.45 |1585397266819 |      30 |    34.0 |13,33 |mscpnre2.txt |5,8e+03 |
| 1 | 3900 | 5000 |   85 |       0.45 |1585397266819 |      30 |    34.0 |13,33 |mscpnre2.txt |6,1e+03 |
| 1 | 4000 | 5000 |   85 |       0.45 |1585397266819 |      30 |    34.0 |13,33 |mscpnre2.txt |6,4e+03 |
| 1 | 4100 | 5000 |   85 |       0.45 |1585397266819 |      30 |    34.0 |13,33 |mscpnre2.txt |6,7e+03 |
| 1 | 4200 | 5000 |   90 |       0.45 |1585397266819 |      30 |    34.0 |13,33 |mscpnre2.txt |7,1e+03 |
| 1 | 4300 | 5000 |   90 |       0.45 |1585397266819 |      30 |    34.0 |13,33 |mscpnre2.txt |7,3e+03 |
| 1 | 4400 | 5000 |   90 |       0.45 |1585397266819 |      30 |    34.0 |13,33 |mscpnre2.txt |7,7e+03 |
| 1 | 4500 | 5000 |   90 |       0.45 |1585397266819 |      30 |    34.0 |13,33 |mscpnre2.txt |8,0e+03 |
| 1 | 4600 | 5000 |   95 |       0.45 |1585397266819 |      30 |    34.0 |13,33 |mscpnre2.txt |8,3e+03 |
| 1 | 4700 | 5000 |   95 |       0.45 |1585397266819 |      30 |    34.0 |13,33 |mscpnre2.txt |8,7e+03 |
| 1 | 4800 | 5000 |   95 |       0.45 |1585397266819 |      30 |    34.0 |13,33 |mscpnre2.txt |9,0e+03 |
| 1 | 4900 | 5000 |   95 |       0.45 |1585397266819 |      30 |    34.0 |13,33 |mscpnre2.txt |9,3e+03 |
| 1 | 5000 | 5000 |  100 |       0.45 |1585397266819 |      30 |    34.0 |13,33 |mscpnre2.txt |9,7e+03 |
| 1 |  500 | 5000 |  100 |       0.45 |1585397266819 |      30 |    34.0 |13,33 |mscpnre2.txt |9,7e+03 |
| 2 |    1 | 5000 |   35 |       0.25 |1585406918076 |      30 |  4333.0 |14343,33 |mscpnre2.txt |0,0080 |
| 2 |  100 | 5000 |   35 |       0.45 |1585406918076 |      30 |  3732.0 |12340,00 |mscpnre2.txt |  1,5 |
| 2 |  200 | 5000 |   35 |       0.45 |1585406918076 |      30 |  3539.0 |11696,67 |mscpnre2.txt |  3,1 |
| 2 |  300 | 5000 |   35 | 0.31428573 |1585406918076 |      30 |  3427.0 |11323,33 |mscpnre2.txt |  4,5 |
| 2 |  400 | 5000 |   40 |       0.45 |1585406918076 |      30 |    34.0 |13,33 |mscpnre2.txt |1,5e+02 |
| 2 |  500 | 5000 |   40 |       0.45 |1585406918076 |      30 |    32.0 | 6,67 |mscpnre2.txt |4,2e+02 |
| 2 |  600 | 5000 |   40 |      0.425 |1585406918076 |      30 |    32.0 | 6,67 |mscpnre2.txt |7,0e+02 |
| 2 |  700 | 5000 |   40 |      0.425 |1585406918076 |      30 |    32.0 | 6,67 |mscpnre2.txt |9,9e+02 |
| 2 |  800 | 5000 |   45 | 0.35555556 |1585406918076 |      30 |    32.0 | 6,67 |mscpnre2.txt |1,4e+03 |
| 2 |  900 | 5000 |   45 | 0.33333334 |1585406918076 |      30 |    32.0 | 6,67 |mscpnre2.txt |1,6e+03 |
| 2 | 1000 | 5000 |   45 | 0.33333334 |1585406918076 |      30 |    32.0 | 6,67 |mscpnre2.txt |1,8e+03 |
| 2 | 1100 | 5000 |   45 | 0.33333334 |1585406918076 |      30 |    32.0 | 6,67 |mscpnre2.txt |2,0e+03 |
| 2 | 1200 | 5000 |   50 |       0.36 |1585406918076 |      30 |    32.0 | 6,67 |mscpnre2.txt |2,3e+03 |
| 2 | 1300 | 5000 |   50 |       0.36 |1585406918076 |      30 |    32.0 | 6,67 |mscpnre2.txt |2,6e+03 |
| 2 | 1400 | 5000 |   50 |       0.36 |1585406918076 |      30 |    32.0 | 6,67 |mscpnre2.txt |2,9e+03 |
| 2 | 1500 | 5000 |   50 |       0.36 |1585406918076 |      30 |    32.0 | 6,67 |mscpnre2.txt |3,2e+03 |
| 2 | 1600 | 5000 |   55 |       0.45 |1585406918076 |      30 |    32.0 | 6,67 |mscpnre2.txt |3,5e+03 |
| 2 | 1700 | 5000 |   55 |       0.45 |1585406918076 |      30 |    32.0 | 6,67 |mscpnre2.txt |3,8e+03 |
| 2 | 1800 | 5000 |   55 |       0.45 |1585406918076 |      30 |    32.0 | 6,67 |mscpnre2.txt |4,1e+03 |
| 2 | 1900 | 5000 |   55 |       0.45 |1585406918076 |      30 |    32.0 | 6,67 |mscpnre2.txt |4,4e+03 |
| 2 | 2000 | 5000 |   60 |       0.45 |1585406918076 |      30 |    32.0 | 6,67 |mscpnre2.txt |4,7e+03 |
| 2 | 2100 | 5000 |   60 |       0.45 |1585406918076 |      30 |    32.0 | 6,67 |mscpnre2.txt |4,8e+03 |
| 2 | 2200 | 5000 |   60 |       0.45 |1585406918076 |      30 |    32.0 | 6,67 |mscpnre2.txt |5,0e+03 |
| 2 | 2300 | 5000 |   60 |       0.45 |1585406918076 |      30 |    32.0 | 6,67 |mscpnre2.txt |5,2e+03 |
| 2 | 2400 | 5000 |   65 |       0.45 |1585406918076 |      30 |    32.0 | 6,67 |mscpnre2.txt |5,4e+03 |
| 2 | 2500 | 5000 |   65 |       0.45 |1585406918076 |      30 |    32.0 | 6,67 |mscpnre2.txt |5,7e+03 |
| 2 | 2600 | 5000 |   65 |       0.45 |1585406918076 |      30 |    32.0 | 6,67 |mscpnre2.txt |5,9e+03 |
| 2 | 2700 | 5000 |   65 |       0.45 |1585406918076 |      30 |    32.0 | 6,67 |mscpnre2.txt |6,1e+03 |
| 2 | 2800 | 5000 |   70 | 0.42857143 |1585406918076 |      30 |    32.0 | 6,67 |mscpnre2.txt |6,4e+03 |
| 2 | 2900 | 5000 |   70 | 0.42857143 |1585406918076 |      30 |    32.0 | 6,67 |mscpnre2.txt |6,6e+03 |
| 2 | 3000 | 5000 |   70 | 0.42857143 |1585406918076 |      30 |    32.0 | 6,67 |mscpnre2.txt |6,9e+03 |
| 2 | 3100 | 5000 |   70 | 0.42857143 |1585406918076 |      30 |    32.0 | 6,67 |mscpnre2.txt |7,2e+03 |
| 2 | 3200 | 5000 |   75 |        0.4 |1585406918076 |      30 |    32.0 | 6,67 |mscpnre2.txt |7,5e+03 |
| 2 | 3300 | 5000 |   75 |        0.4 |1585406918076 |      30 |    32.0 | 6,67 |mscpnre2.txt |7,8e+03 |
| 2 | 3400 | 5000 |   75 |        0.4 |1585406918076 |      30 |    32.0 | 6,67 |mscpnre2.txt |8,2e+03 |
| 2 | 3500 | 5000 |   75 |        0.4 |1585406918076 |      30 |    32.0 | 6,67 |mscpnre2.txt |8,5e+03 |
| 2 | 3600 | 5000 |   80 |        0.4 |1585406918076 |      30 |    32.0 | 6,67 |mscpnre2.txt |8,9e+03 |
| 2 | 3700 | 5000 |   80 |        0.4 |1585406918076 |      30 |    32.0 | 6,67 |mscpnre2.txt |9,4e+03 |
| 2 | 3800 | 5000 |   80 |        0.4 |1585406918076 |      30 |    32.0 | 6,67 |mscpnre2.txt |9,8e+03 |
| 2 | 3900 | 5000 |   80 |        0.4 |1585406918076 |      30 |    32.0 | 6,67 |mscpnre2.txt |1,0e+04 |
| 2 | 4000 | 5000 |   85 | 0.42352942 |1585406918076 |      30 |    32.0 | 6,67 |mscpnre2.txt |1,1e+04 |
| 2 | 4100 | 5000 |   85 | 0.42352942 |1585406918076 |      30 |    32.0 | 6,67 |mscpnre2.txt |1,1e+04 |
| 2 | 4200 | 5000 |   85 | 0.42352942 |1585406918076 |      30 |    32.0 | 6,67 |mscpnre2.txt |1,2e+04 |
| 2 | 4300 | 5000 |   85 | 0.42352942 |1585406918076 |      30 |    32.0 | 6,67 |mscpnre2.txt |1,2e+04 |
| 2 | 4400 | 5000 |   90 | 0.44444445 |1585406918076 |      30 |    32.0 | 6,67 |mscpnre2.txt |1,3e+04 |
| 2 | 4500 | 5000 |   90 | 0.44444445 |1585406918076 |      30 |    32.0 | 6,67 |mscpnre2.txt |1,3e+04 |
| 2 | 4600 | 5000 |   90 | 0.44444445 |1585406918076 |      30 |    32.0 | 6,67 |mscpnre2.txt |1,3e+04 |
| 2 | 4700 | 5000 |   90 | 0.44444445 |1585406918076 |      30 |    32.0 | 6,67 |mscpnre2.txt |1,4e+04 |
| 2 | 4800 | 5000 |   95 |       0.45 |1585406918076 |      30 |    32.0 | 6,67 |mscpnre2.txt |1,4e+04 |
| 2 | 4900 | 5000 |   95 |       0.45 |1585406918076 |      30 |    32.0 | 6,67 |mscpnre2.txt |1,5e+04 |
| 2 | 5000 | 5000 |   95 |       0.45 |1585406918076 |      30 |    32.0 | 6,67 |mscpnre2.txt |1,5e+04 |
| 2 |  500 | 5000 |   95 |       0.45 |1585406918076 |      30 |    32.0 | 6,67 |mscpnre2.txt |1,5e+04 |
| 3 |    1 | 5000 |   35 |       0.25 |1585421802106 |      30 |  4342.0 |14373,33 |mscpnre2.txt |0,0080 |
| 3 |  100 | 5000 |   35 |  0.2857143 |1585421802106 |      30 |  3767.0 |12456,67 |mscpnre2.txt |  1,6 |
| 3 |  200 | 5000 |   40 |       0.45 |1585421802106 |      30 |    33.0 |10,00 |mscpnre2.txt |1,3e+02 |
| 3 |  300 | 5000 |   40 |      0.425 |1585421802106 |      30 |    33.0 |10,00 |mscpnre2.txt |3,9e+02 |
| 3 |  400 | 5000 |   40 |        0.4 |1585421802106 |      30 |    33.0 |10,00 |mscpnre2.txt |6,8e+02 |
| 3 |  500 | 5000 |   40 |        0.4 |1585421802106 |      30 |    33.0 |10,00 |mscpnre2.txt |1,0e+03 |
| 3 |  600 | 5000 |   45 | 0.33333334 |1585421802106 |      30 |    33.0 |10,00 |mscpnre2.txt |1,2e+03 |
| 3 |  700 | 5000 |   45 |       0.45 |1585421802106 |      30 |    33.0 |10,00 |mscpnre2.txt |1,4e+03 |
| 3 |  800 | 5000 |   45 |       0.45 |1585421802106 |      30 |    33.0 |10,00 |mscpnre2.txt |1,5e+03 |
| 3 |  900 | 5000 |   45 | 0.42222223 |1585421802106 |      30 |    33.0 |10,00 |mscpnre2.txt |1,7e+03 |
| 3 | 1000 | 5000 |   50 |       0.45 |1585421802106 |      30 |    33.0 |10,00 |mscpnre2.txt |1,9e+03 |
| 3 | 1100 | 5000 |   50 |       0.45 |1585421802106 |      30 |    33.0 |10,00 |mscpnre2.txt |2,0e+03 |
| 3 | 1200 | 5000 |   50 |       0.45 |1585421802106 |      30 |    33.0 |10,00 |mscpnre2.txt |2,1e+03 |
| 3 | 1300 | 5000 |   50 |       0.45 |1585421802106 |      30 |    33.0 |10,00 |mscpnre2.txt |2,2e+03 |
| 3 | 1400 | 5000 |   55 | 0.43636364 |1585421802106 |      30 |    33.0 |10,00 |mscpnre2.txt |2,3e+03 |
| 3 | 1500 | 5000 |   55 | 0.43636364 |1585421802106 |      30 |    33.0 |10,00 |mscpnre2.txt |2,4e+03 |
| 3 | 1600 | 5000 |   55 | 0.43636364 |1585421802106 |      30 |    33.0 |10,00 |mscpnre2.txt |2,6e+03 |
| 3 | 1700 | 5000 |   55 | 0.43636364 |1585421802106 |      30 |    33.0 |10,00 |mscpnre2.txt |2,7e+03 |
| 3 | 1800 | 5000 |   60 |        0.4 |1585421802106 |      30 |    33.0 |10,00 |mscpnre2.txt |2,8e+03 |
| 3 | 1900 | 5000 |   60 |        0.4 |1585421802106 |      30 |    33.0 |10,00 |mscpnre2.txt |3,0e+03 |
| 3 | 2000 | 5000 |   60 |        0.4 |1585421802106 |      30 |    33.0 |10,00 |mscpnre2.txt |3,1e+03 |
| 3 | 2100 | 5000 |   60 |        0.4 |1585421802106 |      30 |    33.0 |10,00 |mscpnre2.txt |3,3e+03 |
| 3 | 2200 | 5000 |   65 |        0.4 |1585421802106 |      30 |    33.0 |10,00 |mscpnre2.txt |3,4e+03 |
| 3 | 2300 | 5000 |   65 |        0.4 |1585421802106 |      30 |    33.0 |10,00 |mscpnre2.txt |3,6e+03 |
| 3 | 2400 | 5000 |   65 |        0.4 |1585421802106 |      30 |    33.0 |10,00 |mscpnre2.txt |3,8e+03 |
| 3 | 2500 | 5000 |   65 |        0.4 |1585421802106 |      30 |    33.0 |10,00 |mscpnre2.txt |3,9e+03 |
| 3 | 2600 | 5000 |   70 |       0.45 |1585421802106 |      30 |    33.0 |10,00 |mscpnre2.txt |4,1e+03 |
| 3 | 2700 | 5000 |   70 |       0.45 |1585421802106 |      30 |    33.0 |10,00 |mscpnre2.txt |4,3e+03 |
| 3 | 2800 | 5000 |   70 |       0.45 |1585421802106 |      30 |    33.0 |10,00 |mscpnre2.txt |4,5e+03 |
| 3 | 2900 | 5000 |   70 |       0.45 |1585421802106 |      30 |    33.0 |10,00 |mscpnre2.txt |4,8e+03 |
| 3 | 3000 | 5000 |   75 |       0.45 |1585421802106 |      30 |    33.0 |10,00 |mscpnre2.txt |5,2e+03 |
| 3 | 3100 | 5000 |   75 |       0.45 |1585421802106 |      30 |    33.0 |10,00 |mscpnre2.txt |5,4e+03 |
| 3 | 3200 | 5000 |   75 |       0.45 |1585421802106 |      30 |    33.0 |10,00 |mscpnre2.txt |5,6e+03 |
| 3 | 3300 | 5000 |   75 |       0.45 |1585421802106 |      30 |    33.0 |10,00 |mscpnre2.txt |5,8e+03 |
| 3 | 3400 | 5000 |   80 |       0.45 |1585421802106 |      30 |    33.0 |10,00 |mscpnre2.txt |6,0e+03 |
| 3 | 3500 | 5000 |   80 |       0.45 |1585421802106 |      30 |    33.0 |10,00 |mscpnre2.txt |6,3e+03 |
| 3 | 3600 | 5000 |   80 |       0.45 |1585421802106 |      30 |    33.0 |10,00 |mscpnre2.txt |6,5e+03 |
| 3 | 3700 | 5000 |   80 |       0.45 |1585421802106 |      30 |    33.0 |10,00 |mscpnre2.txt |6,7e+03 |
| 3 | 3800 | 5000 |   85 |       0.45 |1585421802106 |      30 |    33.0 |10,00 |mscpnre2.txt |7,0e+03 |
| 3 | 3900 | 5000 |   85 |       0.45 |1585421802106 |      30 |    33.0 |10,00 |mscpnre2.txt |7,2e+03 |
| 3 | 4000 | 5000 |   85 |       0.45 |1585421802106 |      30 |    33.0 |10,00 |mscpnre2.txt |7,4e+03 |
| 3 | 4100 | 5000 |   85 |       0.45 |1585421802106 |      30 |    33.0 |10,00 |mscpnre2.txt |7,7e+03 |
| 3 | 4200 | 5000 |   90 |       0.45 |1585421802106 |      30 |    33.0 |10,00 |mscpnre2.txt |7,9e+03 |
| 3 | 4300 | 5000 |   90 |       0.45 |1585421802106 |      30 |    33.0 |10,00 |mscpnre2.txt |8,2e+03 |
| 3 | 4400 | 5000 |   90 |       0.45 |1585421802106 |      30 |    33.0 |10,00 |mscpnre2.txt |8,5e+03 |
| 3 | 4500 | 5000 |   90 |       0.45 |1585421802106 |      30 |    33.0 |10,00 |mscpnre2.txt |8,7e+03 |
| 3 | 4600 | 5000 |   95 |       0.45 |1585421802106 |      30 |    33.0 |10,00 |mscpnre2.txt |9,1e+03 |
| 3 | 4700 | 5000 |   95 |       0.45 |1585421802106 |      30 |    33.0 |10,00 |mscpnre2.txt |9,5e+03 |
| 3 | 4800 | 5000 |   95 |       0.45 |1585421802106 |      30 |    33.0 |10,00 |mscpnre2.txt |9,9e+03 |
| 3 | 4900 | 5000 |   95 |       0.45 |1585421802106 |      30 |    33.0 |10,00 |mscpnre2.txt |1,0e+04 |
| 3 | 5000 | 5000 |  100 |       0.44 |1585421802106 |      30 |    33.0 |10,00 |mscpnre2.txt |1,1e+04 |
| 3 |  500 | 5000 |  100 |       0.44 |1585421802106 |      30 |    33.0 |10,00 |mscpnre2.txt |1,1e+04 |
| 4 |    1 | 5000 |   35 |       0.25 |1585432322639 |      30 |  4329.0 |14330,00 |mscpnre2.txt |0,0080 |
| 4 |  100 | 5000 |   35 | 0.37142858 |1585432322639 |      30 |  3761.0 |12436,67 |mscpnre2.txt | 0,87 |
| 4 |  200 | 5000 |   35 | 0.37142858 |1585432322639 |      30 |  3536.0 |11686,67 |mscpnre2.txt |  1,8 |
| 4 |  300 | 5000 |   35 | 0.34285715 |1585432322639 |      30 |  3388.0 |11193,33 |mscpnre2.txt |  2,6 |
| 4 |  400 | 5000 |   40 |       0.45 |1585432322639 |      30 |    34.0 |13,33 |mscpnre2.txt |   96 |
| 4 |  500 | 5000 |   40 |       0.45 |1585432322639 |      30 |    34.0 |13,33 |mscpnre2.txt |2,7e+02 |
| 4 |  600 | 5000 |   40 |      0.425 |1585432322639 |      30 |    33.0 |10,00 |mscpnre2.txt |4,5e+02 |
| 4 |  700 | 5000 |   40 |       0.45 |1585432322639 |      30 |    33.0 |10,00 |mscpnre2.txt |6,5e+02 |
| 4 |  800 | 5000 |   45 |        0.4 |1585432322639 |      30 |    33.0 |10,00 |mscpnre2.txt |8,8e+02 |
| 4 |  900 | 5000 |   45 | 0.37777779 |1585432322639 |      30 |    33.0 |10,00 |mscpnre2.txt |1,1e+03 |
| 4 | 1000 | 5000 |   45 | 0.33333334 |1585432322639 |      30 |    33.0 |10,00 |mscpnre2.txt |1,2e+03 |
| 4 | 1100 | 5000 |   45 | 0.33333334 |1585432322639 |      30 |    33.0 |10,00 |mscpnre2.txt |1,3e+03 |
| 4 | 1200 | 5000 |   50 |       0.45 |1585432322639 |      30 |    33.0 |10,00 |mscpnre2.txt |1,5e+03 |
| 4 | 1300 | 5000 |   50 |       0.45 |1585432322639 |      30 |    33.0 |10,00 |mscpnre2.txt |1,7e+03 |
| 4 | 1400 | 5000 |   50 |       0.45 |1585432322639 |      30 |    33.0 |10,00 |mscpnre2.txt |1,8e+03 |
| 4 | 1500 | 5000 |   50 |       0.45 |1585432322639 |      30 |    33.0 |10,00 |mscpnre2.txt |2,0e+03 |
| 4 | 1600 | 5000 |   55 |       0.45 |1585432322639 |      30 |    33.0 |10,00 |mscpnre2.txt |2,2e+03 |
| 4 | 1700 | 5000 |   55 |       0.45 |1585432322639 |      30 |    33.0 |10,00 |mscpnre2.txt |2,3e+03 |
| 4 | 1800 | 5000 |   55 |       0.45 |1585432322639 |      30 |    33.0 |10,00 |mscpnre2.txt |2,4e+03 |
| 4 | 1900 | 5000 |   55 |       0.45 |1585432322639 |      30 |    33.0 |10,00 |mscpnre2.txt |2,5e+03 |
| 4 | 2000 | 5000 |   60 |       0.45 |1585432322639 |      30 |    33.0 |10,00 |mscpnre2.txt |2,7e+03 |
| 4 | 2100 | 5000 |   60 |       0.45 |1585432322639 |      30 |    33.0 |10,00 |mscpnre2.txt |2,8e+03 |
| 4 | 2200 | 5000 |   60 |       0.45 |1585432322639 |      30 |    33.0 |10,00 |mscpnre2.txt |3,0e+03 |
| 4 | 2300 | 5000 |   60 |       0.45 |1585432322639 |      30 |    33.0 |10,00 |mscpnre2.txt |3,1e+03 |
| 4 | 2400 | 5000 |   65 | 0.44615385 |1585432322639 |      30 |    33.0 |10,00 |mscpnre2.txt |3,2e+03 |
| 4 | 2500 | 5000 |   65 | 0.44615385 |1585432322639 |      30 |    33.0 |10,00 |mscpnre2.txt |3,4e+03 |
| 4 | 2600 | 5000 |   65 | 0.44615385 |1585432322639 |      30 |    33.0 |10,00 |mscpnre2.txt |3,6e+03 |
| 4 | 2700 | 5000 |   65 | 0.44615385 |1585432322639 |      30 |    33.0 |10,00 |mscpnre2.txt |3,7e+03 |
| 4 | 2800 | 5000 |   70 | 0.42857143 |1585432322639 |      30 |    33.0 |10,00 |mscpnre2.txt |3,9e+03 |
| 4 | 2900 | 5000 |   70 | 0.42857143 |1585432322639 |      30 |    33.0 |10,00 |mscpnre2.txt |4,1e+03 |
| 4 | 3000 | 5000 |   70 | 0.42857143 |1585432322639 |      30 |    33.0 |10,00 |mscpnre2.txt |4,3e+03 |
| 4 | 3100 | 5000 |   70 | 0.42857143 |1585432322639 |      30 |    33.0 |10,00 |mscpnre2.txt |4,5e+03 |
| 4 | 3200 | 5000 |   75 | 0.42666668 |1585432322639 |      30 |    33.0 |10,00 |mscpnre2.txt |4,7e+03 |
| 4 | 3300 | 5000 |   75 | 0.42666668 |1585432322639 |      30 |    33.0 |10,00 |mscpnre2.txt |4,9e+03 |
| 4 | 3400 | 5000 |   75 | 0.42666668 |1585432322639 |      30 |    33.0 |10,00 |mscpnre2.txt |5,1e+03 |
| 4 | 3500 | 5000 |   75 | 0.42666668 |1585432322639 |      30 |    33.0 |10,00 |mscpnre2.txt |5,3e+03 |
| 4 | 3600 | 5000 |   80 |     0.4375 |1585432322639 |      30 |    33.0 |10,00 |mscpnre2.txt |5,5e+03 |
| 4 | 3700 | 5000 |   80 |     0.4375 |1585432322639 |      30 |    33.0 |10,00 |mscpnre2.txt |5,8e+03 |
| 4 | 3800 | 5000 |   80 |     0.4375 |1585432322639 |      30 |    33.0 |10,00 |mscpnre2.txt |6,1e+03 |
| 4 | 3900 | 5000 |   80 |     0.4375 |1585432322639 |      30 |    33.0 |10,00 |mscpnre2.txt |6,3e+03 |
| 4 | 4000 | 5000 |   85 | 0.44705883 |1585432322639 |      30 |    33.0 |10,00 |mscpnre2.txt |6,6e+03 |
| 4 | 4100 | 5000 |   85 | 0.44705883 |1585432322639 |      30 |    33.0 |10,00 |mscpnre2.txt |6,9e+03 |
| 4 | 4200 | 5000 |   85 | 0.44705883 |1585432322639 |      30 |    33.0 |10,00 |mscpnre2.txt |7,2e+03 |
| 4 | 4300 | 5000 |   85 | 0.44705883 |1585432322639 |      30 |    33.0 |10,00 |mscpnre2.txt |7,5e+03 |
| 4 | 4400 | 5000 |   90 |       0.45 |1585432322639 |      30 |    33.0 |10,00 |mscpnre2.txt |7,8e+03 |
| 4 | 4500 | 5000 |   90 |       0.45 |1585432322639 |      30 |    33.0 |10,00 |mscpnre2.txt |7,9e+03 |
| 4 | 4600 | 5000 |   90 |       0.45 |1585432322639 |      30 |    33.0 |10,00 |mscpnre2.txt |8,1e+03 |
| 4 | 4700 | 5000 |   90 |       0.45 |1585432322639 |      30 |    33.0 |10,00 |mscpnre2.txt |8,3e+03 |
| 4 | 4800 | 5000 |   95 |       0.45 |1585432322639 |      30 |    33.0 |10,00 |mscpnre2.txt |8,4e+03 |
| 4 | 4900 | 5000 |   95 |       0.45 |1585432322639 |      30 |    33.0 |10,00 |mscpnre2.txt |8,6e+03 |
| 4 | 5000 | 5000 |   95 |       0.45 |1585432322639 |      30 |    33.0 |10,00 |mscpnre2.txt |8,8e+03 |
| 4 |  500 | 5000 |   95 |       0.45 |1585432322639 |      30 |    33.0 |10,00 |mscpnre2.txt |8,8e+03 |
| 5 |    1 | 5000 |   35 |       0.25 |1585441134459 |      30 |  4305.0 |14250,00 |mscpnre2.txt |0,0090 |
| 5 |  100 | 5000 |   35 |        0.4 |1585441134459 |      30 |  3737.0 |12356,67 |mscpnre2.txt |  1,2 |
| 5 |  200 | 5000 |   40 |       0.45 |1585441134459 |      30 |    34.0 |13,33 |mscpnre2.txt |   79 |
| 5 |  300 | 5000 |   40 |       0.45 |1585441134459 |      30 |    34.0 |13,33 |mscpnre2.txt |2,4e+02 |
| 5 |  400 | 5000 |   40 |        0.4 |1585441134459 |      30 |    33.0 |10,00 |mscpnre2.txt |4,2e+02 |
| 5 |  500 | 5000 |   40 |      0.375 |1585441134459 |      30 |    33.0 |10,00 |mscpnre2.txt |6,0e+02 |
| 5 |  600 | 5000 |   45 | 0.33333334 |1585441134459 |      30 |    33.0 |10,00 |mscpnre2.txt |8,6e+02 |
| 5 |  700 | 5000 |   45 | 0.33333334 |1585441134459 |      30 |    33.0 |10,00 |mscpnre2.txt |9,7e+02 |
| 5 |  800 | 5000 |   45 | 0.33333334 |1585441134459 |      30 |    33.0 |10,00 |mscpnre2.txt |1,1e+03 |
| 5 |  900 | 5000 |   45 | 0.33333334 |1585441134459 |      30 |    33.0 |10,00 |mscpnre2.txt |1,2e+03 |
| 5 | 1000 | 5000 |   50 |       0.36 |1585441134459 |      30 |    33.0 |10,00 |mscpnre2.txt |1,3e+03 |
| 5 | 1100 | 5000 |   50 |       0.34 |1585441134459 |      30 |    33.0 |10,00 |mscpnre2.txt |1,5e+03 |
| 5 | 1200 | 5000 |   50 |        0.4 |1585441134459 |      30 |    33.0 |10,00 |mscpnre2.txt |1,6e+03 |
| 5 | 1300 | 5000 |   50 |       0.36 |1585441134459 |      30 |    33.0 |10,00 |mscpnre2.txt |1,8e+03 |
| 5 | 1400 | 5000 |   55 |       0.45 |1585441134459 |      30 |    33.0 |10,00 |mscpnre2.txt |1,9e+03 |
| 5 | 1500 | 5000 |   55 |       0.45 |1585441134459 |      30 |    33.0 |10,00 |mscpnre2.txt |2,1e+03 |
| 5 | 1600 | 5000 |   55 |       0.45 |1585441134459 |      30 |    33.0 |10,00 |mscpnre2.txt |2,3e+03 |
| 5 | 1700 | 5000 |   55 |       0.45 |1585441134459 |      30 |    33.0 |10,00 |mscpnre2.txt |2,5e+03 |
| 5 | 1800 | 5000 |   60 |       0.45 |1585441134459 |      30 |    33.0 |10,00 |mscpnre2.txt |2,7e+03 |
| 5 | 1900 | 5000 |   60 |       0.45 |1585441134459 |      30 |    33.0 |10,00 |mscpnre2.txt |2,9e+03 |
| 5 | 2000 | 5000 |   60 |       0.45 |1585441134459 |      30 |    33.0 |10,00 |mscpnre2.txt |3,1e+03 |
| 5 | 2100 | 5000 |   60 |       0.45 |1585441134459 |      30 |    33.0 |10,00 |mscpnre2.txt |3,3e+03 |
| 5 | 2200 | 5000 |   65 |       0.45 |1585441134459 |      30 |    33.0 |10,00 |mscpnre2.txt |3,6e+03 |
| 5 | 2300 | 5000 |   65 |       0.45 |1585441134459 |      30 |    33.0 |10,00 |mscpnre2.txt |3,7e+03 |
| 5 | 2400 | 5000 |   65 |       0.45 |1585441134459 |      30 |    33.0 |10,00 |mscpnre2.txt |3,9e+03 |
| 5 | 2500 | 5000 |   65 |       0.45 |1585441134459 |      30 |    33.0 |10,00 |mscpnre2.txt |4,0e+03 |
| 5 | 2600 | 5000 |   70 |       0.45 |1585441134459 |      30 |    33.0 |10,00 |mscpnre2.txt |4,1e+03 |
| 5 | 2700 | 5000 |   70 |       0.45 |1585441134459 |      30 |    33.0 |10,00 |mscpnre2.txt |4,3e+03 |
| 5 | 2800 | 5000 |   70 |       0.45 |1585441134459 |      30 |    33.0 |10,00 |mscpnre2.txt |4,4e+03 |
| 5 | 2900 | 5000 |   70 |       0.45 |1585441134459 |      30 |    33.0 |10,00 |mscpnre2.txt |4,6e+03 |
| 5 | 3000 | 5000 |   75 |       0.44 |1585441134459 |      30 |    33.0 |10,00 |mscpnre2.txt |4,7e+03 |
| 5 | 3100 | 5000 |   75 |       0.44 |1585441134459 |      30 |    33.0 |10,00 |mscpnre2.txt |4,9e+03 |
| 5 | 3200 | 5000 |   75 |       0.44 |1585441134459 |      30 |    33.0 |10,00 |mscpnre2.txt |5,1e+03 |
| 5 | 3300 | 5000 |   75 |       0.44 |1585441134459 |      30 |    33.0 |10,00 |mscpnre2.txt |5,3e+03 |
| 5 | 3400 | 5000 |   80 |     0.4125 |1585441134459 |      30 |    33.0 |10,00 |mscpnre2.txt |5,5e+03 |
| 5 | 3500 | 5000 |   80 |     0.4125 |1585441134459 |      30 |    33.0 |10,00 |mscpnre2.txt |5,7e+03 |
| 5 | 3600 | 5000 |   80 |     0.4125 |1585441134459 |      30 |    33.0 |10,00 |mscpnre2.txt |5,9e+03 |
| 5 | 3700 | 5000 |   80 |     0.4125 |1585441134459 |      30 |    33.0 |10,00 |mscpnre2.txt |6,1e+03 |
| 5 | 3800 | 5000 |   85 |  0.3882353 |1585441134459 |      30 |    33.0 |10,00 |mscpnre2.txt |6,3e+03 |
| 5 | 3900 | 5000 |   85 |  0.3882353 |1585441134459 |      30 |    33.0 |10,00 |mscpnre2.txt |6,5e+03 |
| 5 | 4000 | 5000 |   85 |  0.3882353 |1585441134459 |      30 |    33.0 |10,00 |mscpnre2.txt |6,7e+03 |
| 5 | 4100 | 5000 |   85 |  0.3882353 |1585441134459 |      30 |    33.0 |10,00 |mscpnre2.txt |7,0e+03 |
| 5 | 4200 | 5000 |   90 |       0.45 |1585441134459 |      30 |    33.0 |10,00 |mscpnre2.txt |7,2e+03 |
| 5 | 4300 | 5000 |   90 |       0.45 |1585441134459 |      30 |    33.0 |10,00 |mscpnre2.txt |7,5e+03 |
| 5 | 4400 | 5000 |   90 |       0.45 |1585441134459 |      30 |    33.0 |10,00 |mscpnre2.txt |7,7e+03 |
| 5 | 4500 | 5000 |   90 |       0.45 |1585441134459 |      30 |    33.0 |10,00 |mscpnre2.txt |8,0e+03 |
| 5 | 4600 | 5000 |   95 |       0.45 |1585441134459 |      30 |    33.0 |10,00 |mscpnre2.txt |8,3e+03 |
| 5 | 4700 | 5000 |   95 |       0.45 |1585441134459 |      30 |    33.0 |10,00 |mscpnre2.txt |8,5e+03 |
| 5 | 4800 | 5000 |   95 |       0.45 |1585441134459 |      30 |    33.0 |10,00 |mscpnre2.txt |8,8e+03 |
| 5 | 4900 | 5000 |   95 |       0.45 |1585441134459 |      30 |    33.0 |10,00 |mscpnre2.txt |9,1e+03 |
| 5 | 5000 | 5000 |  100 |       0.45 |1585441134459 |      30 |    33.0 |10,00 |mscpnre2.txt |9,4e+03 |
| 5 |  500 | 5000 |  100 |       0.45 |1585441134459 |      30 |    33.0 |10,00 |mscpnre2.txt |9,4e+03 |
| 6 |    1 | 5000 |   35 |       0.25 |1585450576095 |      30 |  4277.0 |14156,67 |mscpnre2.txt |0,010 |
| 6 |  100 | 5000 |   35 | 0.42857143 |1585450576095 |      30 |  3724.0 |12313,33 |mscpnre2.txt | 0,85 |
| 6 |  200 | 5000 |   35 |  0.2857143 |1585450576095 |      30 |  3403.0 |11243,33 |mscpnre2.txt |  1,6 |
| 6 |  300 | 5000 |   35 | 0.25714287 |1585450576095 |      30 |  3146.0 |10386,67 |mscpnre2.txt |  2,3 |
| 6 |  400 | 5000 |   35 | 0.42857143 |1585450576095 |      30 |  2921.0 |9636,67 |mscpnre2.txt |  3,1 |
| 6 |  500 | 5000 |   40 |       0.45 |1585450576095 |      30 |    34.0 |13,33 |mscpnre2.txt |1,1e+02 |
| 6 |  600 | 5000 |   40 |      0.425 |1585450576095 |      30 |    34.0 |13,33 |mscpnre2.txt |2,8e+02 |
| 6 |  700 | 5000 |   40 |        0.4 |1585450576095 |      30 |    34.0 |13,33 |mscpnre2.txt |4,5e+02 |
| 6 |  800 | 5000 |   40 |        0.3 |1585450576095 |      30 |    34.0 |13,33 |mscpnre2.txt |5,5e+02 |
| 6 |  900 | 5000 |   45 |       0.45 |1585450576095 |      30 |    34.0 |13,33 |mscpnre2.txt |6,8e+02 |
| 6 | 1000 | 5000 |   45 |       0.45 |1585450576095 |      30 |    34.0 |13,33 |mscpnre2.txt |8,1e+02 |
| 6 | 1100 | 5000 |   45 |       0.45 |1585450576095 |      30 |    34.0 |13,33 |mscpnre2.txt |9,5e+02 |
| 6 | 1200 | 5000 |   45 |       0.45 |1585450576095 |      30 |    34.0 |13,33 |mscpnre2.txt |1,1e+03 |
| 6 | 1300 | 5000 |   50 |       0.45 |1585450576095 |      30 |    34.0 |13,33 |mscpnre2.txt |1,2e+03 |
| 6 | 1400 | 5000 |   50 |       0.45 |1585450576095 |      30 |    34.0 |13,33 |mscpnre2.txt |1,3e+03 |
| 6 | 1500 | 5000 |   50 |       0.45 |1585450576095 |      30 |    34.0 |13,33 |mscpnre2.txt |1,4e+03 |
| 6 | 1600 | 5000 |   50 |       0.45 |1585450576095 |      30 |    34.0 |13,33 |mscpnre2.txt |1,5e+03 |
| 6 | 1700 | 5000 |   55 | 0.43636364 |1585450576095 |      30 |    34.0 |13,33 |mscpnre2.txt |1,6e+03 |
| 6 | 1800 | 5000 |   55 | 0.43636364 |1585450576095 |      30 |    34.0 |13,33 |mscpnre2.txt |1,8e+03 |
| 6 | 1900 | 5000 |   55 | 0.43636364 |1585450576095 |      30 |    34.0 |13,33 |mscpnre2.txt |1,9e+03 |
| 6 | 2000 | 5000 |   55 | 0.43636364 |1585450576095 |      30 |    34.0 |13,33 |mscpnre2.txt |2,0e+03 |
| 6 | 2100 | 5000 |   60 |        0.4 |1585450576095 |      30 |    34.0 |13,33 |mscpnre2.txt |2,1e+03 |
| 6 | 2200 | 5000 |   60 |        0.4 |1585450576095 |      30 |    34.0 |13,33 |mscpnre2.txt |2,3e+03 |
| 6 | 2300 | 5000 |   60 |        0.4 |1585450576095 |      30 |    34.0 |13,33 |mscpnre2.txt |2,4e+03 |
| 6 | 2400 | 5000 |   60 |        0.4 |1585450576095 |      30 |    34.0 |13,33 |mscpnre2.txt |2,6e+03 |
| 6 | 2500 | 5000 |   65 |        0.4 |1585450576095 |      30 |    34.0 |13,33 |mscpnre2.txt |2,7e+03 |
| 6 | 2600 | 5000 |   65 |        0.4 |1585450576095 |      30 |    32.0 | 6,67 |mscpnre2.txt |2,9e+03 |
| 6 | 2700 | 5000 |   65 |        0.4 |1585450576095 |      30 |    32.0 | 6,67 |mscpnre2.txt |3,1e+03 |
| 6 | 2800 | 5000 |   65 |        0.4 |1585450576095 |      30 |    32.0 | 6,67 |mscpnre2.txt |3,3e+03 |
| 6 | 2900 | 5000 |   70 |       0.45 |1585450576095 |      30 |    32.0 | 6,67 |mscpnre2.txt |3,5e+03 |
| 6 | 3000 | 5000 |   70 |       0.45 |1585450576095 |      30 |    32.0 | 6,67 |mscpnre2.txt |3,7e+03 |
| 6 | 3100 | 5000 |   70 |       0.45 |1585450576095 |      30 |    32.0 | 6,67 |mscpnre2.txt |3,9e+03 |
| 6 | 3200 | 5000 |   70 |       0.45 |1585450576095 |      30 |    32.0 | 6,67 |mscpnre2.txt |4,1e+03 |
| 6 | 3300 | 5000 |   75 |       0.45 |1585450576095 |      30 |    32.0 | 6,67 |mscpnre2.txt |4,4e+03 |
| 6 | 3400 | 5000 |   75 |       0.45 |1585450576095 |      30 |    32.0 | 6,67 |mscpnre2.txt |4,5e+03 |
| 6 | 3500 | 5000 |   75 |       0.45 |1585450576095 |      30 |    32.0 | 6,67 |mscpnre2.txt |4,6e+03 |
| 6 | 3600 | 5000 |   75 |       0.45 |1585450576095 |      30 |    32.0 | 6,67 |mscpnre2.txt |4,7e+03 |
| 6 | 3700 | 5000 |   80 |       0.45 |1585450576095 |      30 |    32.0 | 6,67 |mscpnre2.txt |4,9e+03 |
| 6 | 3800 | 5000 |   80 |       0.45 |1585450576095 |      30 |    32.0 | 6,67 |mscpnre2.txt |5,0e+03 |
| 6 | 3900 | 5000 |   80 |       0.45 |1585450576095 |      30 |    32.0 | 6,67 |mscpnre2.txt |5,2e+03 |
| 6 | 4000 | 5000 |   80 |       0.45 |1585450576095 |      30 |    32.0 | 6,67 |mscpnre2.txt |5,3e+03 |
| 6 | 4100 | 5000 |   85 |       0.45 |1585450576095 |      30 |    32.0 | 6,67 |mscpnre2.txt |5,5e+03 |
| 6 | 4200 | 5000 |   85 |       0.45 |1585450576095 |      30 |    32.0 | 6,67 |mscpnre2.txt |5,7e+03 |
| 6 | 4300 | 5000 |   85 |       0.45 |1585450576095 |      30 |    32.0 | 6,67 |mscpnre2.txt |5,9e+03 |
| 6 | 4400 | 5000 |   85 |       0.45 |1585450576095 |      30 |    32.0 | 6,67 |mscpnre2.txt |6,0e+03 |
| 6 | 4500 | 5000 |   90 |       0.45 |1585450576095 |      30 |    32.0 | 6,67 |mscpnre2.txt |6,3e+03 |
| 6 | 4600 | 5000 |   90 |       0.45 |1585450576095 |      30 |    32.0 | 6,67 |mscpnre2.txt |6,5e+03 |
| 6 | 4700 | 5000 |   90 |       0.45 |1585450576095 |      30 |    32.0 | 6,67 |mscpnre2.txt |6,7e+03 |
| 6 | 4800 | 5000 |   90 |       0.45 |1585450576095 |      30 |    32.0 | 6,67 |mscpnre2.txt |6,9e+03 |
| 6 | 4900 | 5000 |   95 |       0.45 |1585450576095 |      30 |    32.0 | 6,67 |mscpnre2.txt |7,1e+03 |
| 6 | 5000 | 5000 |   95 |       0.45 |1585450576095 |      30 |    32.0 | 6,67 |mscpnre2.txt |7,4e+03 |
| 6 |  500 | 5000 |   95 |       0.45 |1585450576095 |      30 |    32.0 | 6,67 |mscpnre2.txt |7,4e+03 |
| 7 |    1 | 5000 |   35 |       0.25 |1585457931513 |      30 |  4346.0 |14386,67 |mscpnre2.txt |0,0080 |
| 7 |  100 | 5000 |   35 | 0.34285715 |1585457931513 |      30 |  3829.0 |12663,33 |mscpnre2.txt | 0,74 |
| 7 |  200 | 5000 |   35 |       0.45 |1585457931513 |      30 |  3636.0 |12020,00 |mscpnre2.txt |  1,5 |
| 7 |  300 | 5000 |   40 |       0.45 |1585457931513 |      30 |    34.0 |13,33 |mscpnre2.txt |   75 |
| 7 |  400 | 5000 |   40 |       0.45 |1585457931513 |      30 |    34.0 |13,33 |mscpnre2.txt |2,2e+02 |
| 7 |  500 | 5000 |   40 |       0.45 |1585457931513 |      30 |    33.0 |10,00 |mscpnre2.txt |3,9e+02 |
| 7 |  600 | 5000 |   40 |       0.45 |1585457931513 |      30 |    33.0 |10,00 |mscpnre2.txt |5,6e+02 |
| 7 |  700 | 5000 |   45 |        0.4 |1585457931513 |      30 |    33.0 |10,00 |mscpnre2.txt |7,6e+02 |
| 7 |  800 | 5000 |   45 | 0.31111112 |1585457931513 |      30 |    33.0 |10,00 |mscpnre2.txt |8,7e+02 |
| 7 |  900 | 5000 |   45 | 0.31111112 |1585457931513 |      30 |    33.0 |10,00 |mscpnre2.txt |9,8e+02 |
| 7 | 1000 | 5000 |   45 | 0.31111112 |1585457931513 |      30 |    33.0 |10,00 |mscpnre2.txt |1,1e+03 |
| 7 | 1100 | 5000 |   50 |       0.36 |1585457931513 |      30 |    33.0 |10,00 |mscpnre2.txt |1,2e+03 |
| 7 | 1200 | 5000 |   50 |       0.36 |1585457931513 |      30 |    33.0 |10,00 |mscpnre2.txt |1,4e+03 |
| 7 | 1300 | 5000 |   50 |        0.4 |1585457931513 |      30 |    33.0 |10,00 |mscpnre2.txt |1,5e+03 |
| 7 | 1400 | 5000 |   50 |        0.4 |1585457931513 |      30 |    33.0 |10,00 |mscpnre2.txt |1,7e+03 |
| 7 | 1500 | 5000 |   55 |       0.45 |1585457931513 |      30 |    33.0 |10,00 |mscpnre2.txt |1,8e+03 |
| 7 | 1600 | 5000 |   55 |       0.45 |1585457931513 |      30 |    33.0 |10,00 |mscpnre2.txt |2,0e+03 |
| 7 | 1700 | 5000 |   55 |       0.45 |1585457931513 |      30 |    33.0 |10,00 |mscpnre2.txt |2,2e+03 |
| 7 | 1800 | 5000 |   55 |       0.45 |1585457931513 |      30 |    33.0 |10,00 |mscpnre2.txt |2,3e+03 |
| 7 | 1900 | 5000 |   60 |       0.45 |1585457931513 |      30 |    33.0 |10,00 |mscpnre2.txt |2,5e+03 |
| 7 | 2000 | 5000 |   60 |       0.45 |1585457931513 |      30 |    33.0 |10,00 |mscpnre2.txt |2,6e+03 |
| 7 | 2100 | 5000 |   60 |       0.45 |1585457931513 |      30 |    33.0 |10,00 |mscpnre2.txt |2,8e+03 |
| 7 | 2200 | 5000 |   60 |       0.45 |1585457931513 |      30 |    33.0 |10,00 |mscpnre2.txt |2,9e+03 |
| 7 | 2300 | 5000 |   65 | 0.44615385 |1585457931513 |      30 |    33.0 |10,00 |mscpnre2.txt |3,0e+03 |
| 7 | 2400 | 5000 |   65 | 0.44615385 |1585457931513 |      30 |    33.0 |10,00 |mscpnre2.txt |3,1e+03 |
| 7 | 2500 | 5000 |   65 | 0.44615385 |1585457931513 |      30 |    33.0 |10,00 |mscpnre2.txt |3,3e+03 |
| 7 | 2600 | 5000 |   65 | 0.44615385 |1585457931513 |      30 |    33.0 |10,00 |mscpnre2.txt |3,4e+03 |
| 7 | 2700 | 5000 |   70 | 0.41428572 |1585457931513 |      30 |    32.0 | 6,67 |mscpnre2.txt |3,6e+03 |
| 7 | 2800 | 5000 |   70 | 0.41428572 |1585457931513 |      30 |    32.0 | 6,67 |mscpnre2.txt |3,8e+03 |
| 7 | 2900 | 5000 |   70 | 0.41428572 |1585457931513 |      30 |    32.0 | 6,67 |mscpnre2.txt |4,0e+03 |
| 7 | 3000 | 5000 |   70 | 0.41428572 |1585457931513 |      30 |    32.0 | 6,67 |mscpnre2.txt |4,1e+03 |
| 7 | 3100 | 5000 |   75 | 0.38666666 |1585457931513 |      30 |    32.0 | 6,67 |mscpnre2.txt |4,3e+03 |
| 7 | 3200 | 5000 |   75 | 0.38666666 |1585457931513 |      30 |    32.0 | 6,67 |mscpnre2.txt |4,5e+03 |
| 7 | 3300 | 5000 |   75 | 0.38666666 |1585457931513 |      30 |    32.0 | 6,67 |mscpnre2.txt |4,7e+03 |
| 7 | 3400 | 5000 |   75 | 0.38666666 |1585457931513 |      30 |    32.0 | 6,67 |mscpnre2.txt |4,9e+03 |
| 7 | 3500 | 5000 |   80 |     0.4125 |1585457931513 |      30 |    32.0 | 6,67 |mscpnre2.txt |5,1e+03 |
| 7 | 3600 | 5000 |   80 |     0.4125 |1585457931513 |      30 |    32.0 | 6,67 |mscpnre2.txt |5,4e+03 |
| 7 | 3700 | 5000 |   80 |     0.4125 |1585457931513 |      30 |    32.0 | 6,67 |mscpnre2.txt |5,6e+03 |
| 7 | 3800 | 5000 |   80 |     0.4125 |1585457931513 |      30 |    32.0 | 6,67 |mscpnre2.txt |5,8e+03 |
| 7 | 3900 | 5000 |   85 | 0.42352942 |1585457931513 |      30 |    32.0 | 6,67 |mscpnre2.txt |6,1e+03 |
| 7 | 4000 | 5000 |   85 | 0.42352942 |1585457931513 |      30 |    32.0 | 6,67 |mscpnre2.txt |6,3e+03 |
| 7 | 4100 | 5000 |   85 |       0.45 |1585457931513 |      30 |    32.0 | 6,67 |mscpnre2.txt |6,6e+03 |
| 7 | 4200 | 5000 |   85 |       0.45 |1585457931513 |      30 |    32.0 | 6,67 |mscpnre2.txt |6,9e+03 |
| 7 | 4300 | 5000 |   90 |       0.45 |1585457931513 |      30 |    32.0 | 6,67 |mscpnre2.txt |7,2e+03 |
| 7 | 4400 | 5000 |   90 |       0.45 |1585457931513 |      30 |    32.0 | 6,67 |mscpnre2.txt |7,3e+03 |
| 7 | 4500 | 5000 |   90 |       0.45 |1585457931513 |      30 |    32.0 | 6,67 |mscpnre2.txt |7,5e+03 |
| 7 | 4600 | 5000 |   90 |       0.45 |1585457931513 |      30 |    32.0 | 6,67 |mscpnre2.txt |7,6e+03 |
| 7 | 4700 | 5000 |   95 |       0.45 |1585457931513 |      30 |    32.0 | 6,67 |mscpnre2.txt |7,8e+03 |
| 7 | 4800 | 5000 |   95 |       0.45 |1585457931513 |      30 |    32.0 | 6,67 |mscpnre2.txt |8,0e+03 |
| 7 | 4900 | 5000 |   95 |       0.45 |1585457931513 |      30 |    32.0 | 6,67 |mscpnre2.txt |8,2e+03 |
| 7 | 5000 | 5000 |   95 |       0.45 |1585457931513 |      30 |    32.0 | 6,67 |mscpnre2.txt |8,3e+03 |
| 7 |  500 | 5000 |  100 |       0.45 |1585457931513 |      30 |    32.0 | 6,67 |mscpnre2.txt |8,3e+03 |
| 8 |    1 | 5000 |   35 |       0.25 |1585466272778 |      30 |  4152.0 |13740,00 |mscpnre2.txt |0,0090 |
| 8 |  100 | 5000 |   35 |       0.45 |1585466272778 |      30 |  3716.0 |12286,67 |mscpnre2.txt | 0,83 |
| 8 |  200 | 5000 |   35 | 0.34285715 |1585466272778 |      30 |  3565.0 |11783,33 |mscpnre2.txt |  1,7 |
| 8 |  300 | 5000 |   35 | 0.42857143 |1585466272778 |      30 |  3428.0 |11326,67 |mscpnre2.txt |  2,6 |
| 8 |  400 | 5000 |   35 |        0.4 |1585466272778 |      30 |  3321.0 |10970,00 |mscpnre2.txt |  3,4 |
| 8 |  500 | 5000 |   35 | 0.42857143 |1585466272778 |      30 |  3145.0 |10383,33 |mscpnre2.txt |  4,2 |
| 8 |  600 | 5000 |   40 |       0.45 |1585466272778 |      30 |    34.0 |13,33 |mscpnre2.txt |   94 |
| 8 |  700 | 5000 |   40 |       0.45 |1585466272778 |      30 |    34.0 |13,33 |mscpnre2.txt |2,4e+02 |
| 8 |  800 | 5000 |   40 |       0.45 |1585466272778 |      30 |    34.0 |13,33 |mscpnre2.txt |4,1e+02 |
| 8 |  900 | 5000 |   40 |      0.375 |1585466272778 |      30 |    32.0 | 6,67 |mscpnre2.txt |5,8e+02 |
| 8 | 1000 | 5000 |   45 | 0.31111112 |1585466272778 |      30 |    32.0 | 6,67 |mscpnre2.txt |7,9e+02 |
| 8 | 1100 | 5000 |   45 | 0.31111112 |1585466272778 |      30 |    32.0 | 6,67 |mscpnre2.txt |1,0e+03 |
| 8 | 1200 | 5000 |   45 | 0.31111112 |1585466272778 |      30 |    32.0 | 6,67 |mscpnre2.txt |1,2e+03 |
| 8 | 1300 | 5000 |   45 | 0.35555556 |1585466272778 |      30 |    32.0 | 6,67 |mscpnre2.txt |1,3e+03 |
| 8 | 1400 | 5000 |   50 |        0.4 |1585466272778 |      30 |    32.0 | 6,67 |mscpnre2.txt |1,5e+03 |
| 8 | 1500 | 5000 |   50 |        0.4 |1585466272778 |      30 |    32.0 | 6,67 |mscpnre2.txt |1,6e+03 |
| 8 | 1600 | 5000 |   50 |       0.38 |1585466272778 |      30 |    32.0 | 6,67 |mscpnre2.txt |1,7e+03 |
| 8 | 1700 | 5000 |   50 |       0.38 |1585466272778 |      30 |    32.0 | 6,67 |mscpnre2.txt |1,9e+03 |
| 8 | 1800 | 5000 |   55 |       0.45 |1585466272778 |      30 |    32.0 | 6,67 |mscpnre2.txt |2,1e+03 |
| 8 | 1900 | 5000 |   55 |       0.45 |1585466272778 |      30 |    32.0 | 6,67 |mscpnre2.txt |2,2e+03 |
| 8 | 2000 | 5000 |   55 |       0.45 |1585466272778 |      30 |    32.0 | 6,67 |mscpnre2.txt |2,4e+03 |
| 8 | 2100 | 5000 |   55 |       0.45 |1585466272778 |      30 |    32.0 | 6,67 |mscpnre2.txt |2,6e+03 |
| 8 | 2200 | 5000 |   60 |       0.45 |1585466272778 |      30 |    32.0 | 6,67 |mscpnre2.txt |2,8e+03 |
| 8 | 2300 | 5000 |   60 |       0.45 |1585466272778 |      30 |    32.0 | 6,67 |mscpnre2.txt |3,0e+03 |
| 8 | 2400 | 5000 |   60 |       0.45 |1585466272778 |      30 |    32.0 | 6,67 |mscpnre2.txt |3,2e+03 |
| 8 | 2500 | 5000 |   60 |       0.45 |1585466272778 |      30 |    32.0 | 6,67 |mscpnre2.txt |3,4e+03 |
| 8 | 2600 | 5000 |   65 | 0.44615385 |1585466272778 |      30 |    32.0 | 6,67 |mscpnre2.txt |3,7e+03 |
| 8 | 2700 | 5000 |   65 |       0.45 |1585466272778 |      30 |    32.0 | 6,67 |mscpnre2.txt |3,8e+03 |
| 8 | 2800 | 5000 |   65 |       0.45 |1585466272778 |      30 |    32.0 | 6,67 |mscpnre2.txt |3,9e+03 |
| 8 | 2900 | 5000 |   65 |       0.45 |1585466272778 |      30 |    32.0 | 6,67 |mscpnre2.txt |4,0e+03 |
| 8 | 3000 | 5000 |   70 |       0.45 |1585466272778 |      30 |    32.0 | 6,67 |mscpnre2.txt |4,2e+03 |
| 8 | 3100 | 5000 |   70 |       0.45 |1585466272778 |      30 |    32.0 | 6,67 |mscpnre2.txt |4,3e+03 |
| 8 | 3200 | 5000 |   70 |       0.45 |1585466272778 |      30 |    32.0 | 6,67 |mscpnre2.txt |4,5e+03 |
| 8 | 3300 | 5000 |   70 |       0.45 |1585466272778 |      30 |    32.0 | 6,67 |mscpnre2.txt |4,6e+03 |
| 8 | 3400 | 5000 |   75 |       0.45 |1585466272778 |      30 |    32.0 | 6,67 |mscpnre2.txt |4,8e+03 |
| 8 | 3500 | 5000 |   75 |       0.45 |1585466272778 |      30 |    32.0 | 6,67 |mscpnre2.txt |5,0e+03 |
| 8 | 3600 | 5000 |   75 |       0.45 |1585466272778 |      30 |    32.0 | 6,67 |mscpnre2.txt |5,2e+03 |
| 8 | 3700 | 5000 |   75 |       0.45 |1585466272778 |      30 |    32.0 | 6,67 |mscpnre2.txt |5,4e+03 |
| 8 | 3800 | 5000 |   80 |      0.425 |1585466272778 |      30 |    32.0 | 6,67 |mscpnre2.txt |5,6e+03 |
| 8 | 3900 | 5000 |   80 |      0.425 |1585466272778 |      30 |    32.0 | 6,67 |mscpnre2.txt |5,8e+03 |
| 8 | 4000 | 5000 |   80 |      0.425 |1585466272778 |      30 |    32.0 | 6,67 |mscpnre2.txt |6,0e+03 |
| 8 | 4100 | 5000 |   80 |      0.425 |1585466272778 |      30 |    32.0 | 6,67 |mscpnre2.txt |6,2e+03 |
| 8 | 4200 | 5000 |   85 |  0.4117647 |1585466272778 |      30 |    32.0 | 6,67 |mscpnre2.txt |6,4e+03 |
| 8 | 4300 | 5000 |   85 |  0.4117647 |1585466272778 |      30 |    32.0 | 6,67 |mscpnre2.txt |6,7e+03 |
| 8 | 4400 | 5000 |   85 |  0.4117647 |1585466272778 |      30 |    32.0 | 6,67 |mscpnre2.txt |6,9e+03 |
| 8 | 4500 | 5000 |   85 |  0.4117647 |1585466272778 |      30 |    32.0 | 6,67 |mscpnre2.txt |7,1e+03 |
| 8 | 4600 | 5000 |   90 | 0.42222223 |1585466272778 |      30 |    32.0 | 6,67 |mscpnre2.txt |7,4e+03 |
| 8 | 4700 | 5000 |   90 | 0.42222223 |1585466272778 |      30 |    32.0 | 6,67 |mscpnre2.txt |7,7e+03 |
| 8 | 4800 | 5000 |   90 | 0.42222223 |1585466272778 |      30 |    32.0 | 6,67 |mscpnre2.txt |7,9e+03 |
| 8 | 4900 | 5000 |   90 | 0.42222223 |1585466272778 |      30 |    32.0 | 6,67 |mscpnre2.txt |8,2e+03 |
| 8 | 5000 | 5000 |   95 |       0.45 |1585466272778 |      30 |    32.0 | 6,67 |mscpnre2.txt |8,5e+03 |
| 8 |  500 | 5000 |   95 |       0.45 |1585466272778 |      30 |    32.0 | 6,67 |mscpnre2.txt |8,5e+03 |
| 9 |    1 | 5000 |   35 |       0.25 |1585474772544 |      30 |  4363.0 |14443,33 |mscpnre2.txt |0,0080 |
| 9 |  100 | 5000 |   35 |       0.45 |1585474772544 |      30 |  3647.0 |12056,67 |mscpnre2.txt | 0,74 |
| 9 |  200 | 5000 |   35 | 0.42857143 |1585474772544 |      30 |  3470.0 |11466,67 |mscpnre2.txt |  1,4 |
| 9 |  300 | 5000 |   35 |        0.4 |1585474772544 |      30 |  3265.0 |10783,33 |mscpnre2.txt |  2,3 |
| 9 |  400 | 5000 |   40 |       0.45 |1585474772544 |      30 |    34.0 |13,33 |mscpnre2.txt |   93 |
| 9 |  500 | 5000 |   40 |       0.45 |1585474772544 |      30 |    33.0 |10,00 |mscpnre2.txt |2,5e+02 |
| 9 |  600 | 5000 |   40 |        0.4 |1585474772544 |      30 |    32.0 | 6,67 |mscpnre2.txt |4,3e+02 |
| 9 |  700 | 5000 |   40 |      0.375 |1585474772544 |      30 |    32.0 | 6,67 |mscpnre2.txt |6,2e+02 |
| 9 |  800 | 5000 |   45 | 0.33333334 |1585474772544 |      30 |    32.0 | 6,67 |mscpnre2.txt |7,5e+02 |
| 9 |  900 | 5000 |   45 | 0.35555556 |1585474772544 |      30 |    32.0 | 6,67 |mscpnre2.txt |8,8e+02 |
| 9 | 1000 | 5000 |   45 | 0.35555556 |1585474772544 |      30 |    32.0 | 6,67 |mscpnre2.txt |1,0e+03 |
| 9 | 1100 | 5000 |   45 | 0.37777779 |1585474772544 |      30 |    32.0 | 6,67 |mscpnre2.txt |1,1e+03 |
| 9 | 1200 | 5000 |   50 |       0.45 |1585474772544 |      30 |    32.0 | 6,67 |mscpnre2.txt |1,3e+03 |
| 9 | 1300 | 5000 |   50 |       0.45 |1585474772544 |      30 |    32.0 | 6,67 |mscpnre2.txt |1,4e+03 |
| 9 | 1400 | 5000 |   50 |       0.45 |1585474772544 |      30 |    32.0 | 6,67 |mscpnre2.txt |1,5e+03 |
| 9 | 1500 | 5000 |   50 |       0.45 |1585474772544 |      30 |    32.0 | 6,67 |mscpnre2.txt |1,6e+03 |
| 9 | 1600 | 5000 |   55 |       0.45 |1585474772544 |      30 |    32.0 | 6,67 |mscpnre2.txt |1,7e+03 |
| 9 | 1700 | 5000 |   55 |       0.45 |1585474772544 |      30 |    32.0 | 6,67 |mscpnre2.txt |1,8e+03 |
| 9 | 1800 | 5000 |   55 |       0.45 |1585474772544 |      30 |    32.0 | 6,67 |mscpnre2.txt |1,9e+03 |
| 9 | 1900 | 5000 |   55 |       0.45 |1585474772544 |      30 |    32.0 | 6,67 |mscpnre2.txt |2,1e+03 |
| 9 | 2000 | 5000 |   60 | 0.43333334 |1585474772544 |      30 |    32.0 | 6,67 |mscpnre2.txt |2,2e+03 |
| 9 | 2100 | 5000 |   60 | 0.43333334 |1585474772544 |      30 |    32.0 | 6,67 |mscpnre2.txt |2,4e+03 |
| 9 | 2200 | 5000 |   60 | 0.43333334 |1585474772544 |      30 |    32.0 | 6,67 |mscpnre2.txt |2,5e+03 |
| 9 | 2300 | 5000 |   60 | 0.43333334 |1585474772544 |      30 |    32.0 | 6,67 |mscpnre2.txt |2,7e+03 |
| 9 | 2400 | 5000 |   65 | 0.44615385 |1585474772544 |      30 |    32.0 | 6,67 |mscpnre2.txt |2,9e+03 |
| 9 | 2500 | 5000 |   65 | 0.44615385 |1585474772544 |      30 |    32.0 | 6,67 |mscpnre2.txt |3,0e+03 |
| 9 | 2600 | 5000 |   65 | 0.44615385 |1585474772544 |      30 |    32.0 | 6,67 |mscpnre2.txt |3,2e+03 |
| 9 | 2700 | 5000 |   65 |       0.45 |1585474772544 |      30 |    32.0 | 6,67 |mscpnre2.txt |3,4e+03 |
| 9 | 2800 | 5000 |   70 |       0.45 |1585474772544 |      30 |    32.0 | 6,67 |mscpnre2.txt |3,6e+03 |
| 9 | 2900 | 5000 |   70 |       0.45 |1585474772544 |      30 |    32.0 | 6,67 |mscpnre2.txt |3,8e+03 |
| 9 | 3000 | 5000 |   70 |       0.45 |1585474772544 |      30 |    32.0 | 6,67 |mscpnre2.txt |4,0e+03 |
| 9 | 3100 | 5000 |   70 |       0.45 |1585474772544 |      30 |    32.0 | 6,67 |mscpnre2.txt |4,2e+03 |
| 9 | 3200 | 5000 |   75 |       0.45 |1585474772544 |      30 |    32.0 | 6,67 |mscpnre2.txt |4,5e+03 |
| 9 | 3300 | 5000 |   75 |       0.45 |1585474772544 |      30 |    32.0 | 6,67 |mscpnre2.txt |4,6e+03 |
| 9 | 3400 | 5000 |   75 |       0.45 |1585474772544 |      30 |    32.0 | 6,67 |mscpnre2.txt |4,7e+03 |
| 9 | 3500 | 5000 |   75 |       0.45 |1585474772544 |      30 |    32.0 | 6,67 |mscpnre2.txt |5,0e+03 |
| 9 | 3600 | 5000 |   80 |       0.45 |1585474772544 |      30 |    32.0 | 6,67 |mscpnre2.txt |5,2e+03 |
| 9 | 3700 | 5000 |   80 |       0.45 |1585474772544 |      30 |    32.0 | 6,67 |mscpnre2.txt |5,3e+03 |
| 9 | 3800 | 5000 |   80 |       0.45 |1585474772544 |      30 |    32.0 | 6,67 |mscpnre2.txt |5,5e+03 |
| 9 | 3900 | 5000 |   80 |       0.45 |1585474772544 |      30 |    32.0 | 6,67 |mscpnre2.txt |5,6e+03 |
| 9 | 4000 | 5000 |   85 |       0.45 |1585474772544 |      30 |    32.0 | 6,67 |mscpnre2.txt |5,8e+03 |
| 9 | 4100 | 5000 |   85 |       0.45 |1585474772544 |      30 |    32.0 | 6,67 |mscpnre2.txt |6,0e+03 |
| 9 | 4200 | 5000 |   85 |       0.45 |1585474772544 |      30 |    32.0 | 6,67 |mscpnre2.txt |6,1e+03 |
| 9 | 4300 | 5000 |   85 |       0.45 |1585474772544 |      30 |    32.0 | 6,67 |mscpnre2.txt |6,3e+03 |
| 9 | 4400 | 5000 |   90 |       0.45 |1585474772544 |      30 |    32.0 | 6,67 |mscpnre2.txt |6,5e+03 |
| 9 | 4500 | 5000 |   90 |       0.45 |1585474772544 |      30 |    32.0 | 6,67 |mscpnre2.txt |6,7e+03 |
| 9 | 4600 | 5000 |   90 |       0.45 |1585474772544 |      30 |    32.0 | 6,67 |mscpnre2.txt |6,9e+03 |
| 9 | 4700 | 5000 |   90 |       0.45 |1585474772544 |      30 |    32.0 | 6,67 |mscpnre2.txt |7,1e+03 |
| 9 | 4800 | 5000 |   95 |       0.45 |1585474772544 |      30 |    32.0 | 6,67 |mscpnre2.txt |7,3e+03 |
| 9 | 4900 | 5000 |   95 |       0.45 |1585474772544 |      30 |    32.0 | 6,67 |mscpnre2.txt |7,5e+03 |
| 9 | 5000 | 5000 |   95 |       0.45 |1585474772544 |      30 |    32.0 | 6,67 |mscpnre2.txt |7,7e+03 |
| 9 |  500 | 5000 |   95 |       0.45 |1585474772544 |      30 |    32.0 | 6,67 |mscpnre2.txt |7,7e+03 |
|10 |    1 | 5000 |   35 |       0.25 |1585482483281 |      30 |  4163.0 |13776,67 |mscpnre2.txt |0,0090 |
|10 |  100 | 5000 |   35 | 0.31428573 |1585482483281 |      30 |  3701.0 |12236,67 |mscpnre2.txt | 0,79 |
|10 |  200 | 5000 |   35 | 0.34285715 |1585482483281 |      30 |  3451.0 |11403,33 |mscpnre2.txt |  1,5 |
|10 |  300 | 5000 |   40 |       0.45 |1585482483281 |      30 |    34.0 |13,33 |mscpnre2.txt |   63 |
|10 |  400 | 5000 |   40 |       0.45 |1585482483281 |      30 |    34.0 |13,33 |mscpnre2.txt |1,7e+02 |
|10 |  500 | 5000 |   40 |       0.45 |1585482483281 |      30 |    34.0 |13,33 |mscpnre2.txt |2,9e+02 |
|10 |  600 | 5000 |   40 |       0.45 |1585482483281 |      30 |    34.0 |13,33 |mscpnre2.txt |4,1e+02 |
|10 |  700 | 5000 |   45 |       0.45 |1585482483281 |      30 |    34.0 |13,33 |mscpnre2.txt |5,6e+02 |
|10 |  800 | 5000 |   45 | 0.24444444 |1585482483281 |      30 |    34.0 |13,33 |mscpnre2.txt |6,5e+02 |
|10 |  900 | 5000 |   45 | 0.24444444 |1585482483281 |      30 |    34.0 |13,33 |mscpnre2.txt |7,4e+02 |
|10 | 1000 | 5000 |   45 | 0.24444444 |1585482483281 |      30 |    34.0 |13,33 |mscpnre2.txt |8,2e+02 |
|10 | 1100 | 5000 |   50 |        0.4 |1585482483281 |      30 |    34.0 |13,33 |mscpnre2.txt |9,2e+02 |
|10 | 1200 | 5000 |   50 |       0.38 |1585482483281 |      30 |    34.0 |13,33 |mscpnre2.txt |1,0e+03 |
|10 | 1300 | 5000 |   50 |       0.42 |1585482483281 |      30 |    34.0 |13,33 |mscpnre2.txt |1,1e+03 |
|10 | 1400 | 5000 |   50 |       0.44 |1585482483281 |      30 |    34.0 |13,33 |mscpnre2.txt |1,2e+03 |
|10 | 1500 | 5000 |   55 |       0.45 |1585482483281 |      30 |    34.0 |13,33 |mscpnre2.txt |1,3e+03 |
|10 | 1600 | 5000 |   55 |       0.45 |1585482483281 |      30 |    34.0 |13,33 |mscpnre2.txt |1,5e+03 |
|10 | 1700 | 5000 |   55 | 0.34545454 |1585482483281 |      30 |    34.0 |13,33 |mscpnre2.txt |1,6e+03 |
|10 | 1800 | 5000 |   55 | 0.34545454 |1585482483281 |      30 |    34.0 |13,33 |mscpnre2.txt |1,6e+03 |
|10 | 1900 | 5000 |   60 | 0.33333334 |1585482483281 |      30 |    34.0 |13,33 |mscpnre2.txt |1,7e+03 |
|10 | 2000 | 5000 |   60 | 0.33333334 |1585482483281 |      30 |    34.0 |13,33 |mscpnre2.txt |1,8e+03 |
|10 | 2100 | 5000 |   60 | 0.33333334 |1585482483281 |      30 |    34.0 |13,33 |mscpnre2.txt |1,9e+03 |
|10 | 2200 | 5000 |   60 | 0.33333334 |1585482483281 |      30 |    34.0 |13,33 |mscpnre2.txt |2,0e+03 |
|10 | 2300 | 5000 |   65 | 0.35384616 |1585482483281 |      30 |    34.0 |13,33 |mscpnre2.txt |2,2e+03 |
|10 | 2400 | 5000 |   65 | 0.35384616 |1585482483281 |      30 |    34.0 |13,33 |mscpnre2.txt |2,3e+03 |
|10 | 2500 | 5000 |   65 | 0.35384616 |1585482483281 |      30 |    34.0 |13,33 |mscpnre2.txt |2,5e+03 |
|10 | 2600 | 5000 |   65 | 0.35384616 |1585482483281 |      30 |    33.0 |10,00 |mscpnre2.txt |2,6e+03 |
|10 | 2700 | 5000 |   70 |        0.4 |1585482483281 |      30 |    33.0 |10,00 |mscpnre2.txt |2,7e+03 |
|10 | 2800 | 5000 |   70 |        0.4 |1585482483281 |      30 |    33.0 |10,00 |mscpnre2.txt |2,9e+03 |
|10 | 2900 | 5000 |   70 |        0.4 |1585482483281 |      30 |    33.0 |10,00 |mscpnre2.txt |3,0e+03 |
|10 | 3000 | 5000 |   70 |        0.4 |1585482483281 |      30 |    33.0 |10,00 |mscpnre2.txt |3,1e+03 |
|10 | 3100 | 5000 |   75 |       0.45 |1585482483281 |      30 |    33.0 |10,00 |mscpnre2.txt |3,3e+03 |
|10 | 3200 | 5000 |   75 |       0.45 |1585482483281 |      30 |    33.0 |10,00 |mscpnre2.txt |3,5e+03 |
|10 | 3300 | 5000 |   75 |       0.45 |1585482483281 |      30 |    33.0 |10,00 |mscpnre2.txt |3,6e+03 |
|10 | 3400 | 5000 |   75 |       0.45 |1585482483281 |      30 |    33.0 |10,00 |mscpnre2.txt |3,8e+03 |
|10 | 3500 | 5000 |   80 |       0.45 |1585482483281 |      30 |    33.0 |10,00 |mscpnre2.txt |4,0e+03 |
|10 | 3600 | 5000 |   80 |       0.45 |1585482483281 |      30 |    33.0 |10,00 |mscpnre2.txt |4,1e+03 |
|10 | 3700 | 5000 |   80 |       0.45 |1585482483281 |      30 |    33.0 |10,00 |mscpnre2.txt |4,2e+03 |
|10 | 3800 | 5000 |   80 |       0.45 |1585482483281 |      30 |    33.0 |10,00 |mscpnre2.txt |4,3e+03 |
|10 | 3900 | 5000 |   85 | 0.43529412 |1585482483281 |      30 |    33.0 |10,00 |mscpnre2.txt |4,4e+03 |
|10 | 4000 | 5000 |   85 | 0.43529412 |1585482483281 |      30 |    33.0 |10,00 |mscpnre2.txt |4,6e+03 |
|10 | 4100 | 5000 |   85 | 0.43529412 |1585482483281 |      30 |    33.0 |10,00 |mscpnre2.txt |4,7e+03 |
|10 | 4200 | 5000 |   85 | 0.43529412 |1585482483281 |      30 |    33.0 |10,00 |mscpnre2.txt |4,8e+03 |
|10 | 4300 | 5000 |   90 | 0.41111112 |1585482483281 |      30 |    33.0 |10,00 |mscpnre2.txt |5,0e+03 |
|10 | 4400 | 5000 |   90 | 0.41111112 |1585482483281 |      30 |    33.0 |10,00 |mscpnre2.txt |5,1e+03 |
|10 | 4500 | 5000 |   90 | 0.41111112 |1585482483281 |      30 |    33.0 |10,00 |mscpnre2.txt |5,2e+03 |
|10 | 4600 | 5000 |   90 | 0.41111112 |1585482483281 |      30 |    33.0 |10,00 |mscpnre2.txt |5,4e+03 |
|10 | 4700 | 5000 |   95 |  0.4105263 |1585482483281 |      30 |    33.0 |10,00 |mscpnre2.txt |5,6e+03 |
|10 | 4800 | 5000 |   95 |  0.4105263 |1585482483281 |      30 |    33.0 |10,00 |mscpnre2.txt |5,8e+03 |
|10 | 4900 | 5000 |   95 |  0.4105263 |1585482483281 |      30 |    33.0 |10,00 |mscpnre2.txt |6,0e+03 |
|10 | 5000 | 5000 |   95 |  0.4105263 |1585482483281 |      30 |    33.0 |10,00 |mscpnre2.txt |6,1e+03 |
|10 |  500 | 5000 |  100 |  0.4105263 |1585482483281 |      30 |    33.0 |10,00 |mscpnre2.txt |6,1e+03 |
|11 |    1 | 5000 |   35 |       0.25 |1585488617741 |      30 |  4227.0 |13990,00 |mscpnre2.txt |0,0080 |
|11 |  100 | 5000 |   35 | 0.37142858 |1585488617741 |      30 |  3723.0 |12310,00 |mscpnre2.txt | 0,63 |
|11 |  200 | 5000 |   35 |       0.45 |1585488617741 |      30 |  3456.0 |11420,00 |mscpnre2.txt |  1,2 |
|11 |  300 | 5000 |   35 | 0.37142858 |1585488617741 |      30 |  3241.0 |10703,33 |mscpnre2.txt |  1,8 |
|11 |  400 | 5000 |   35 |  0.2857143 |1585488617741 |      30 |  3026.0 |9986,67 |mscpnre2.txt |  2,6 |
|11 |  500 | 5000 |   40 |       0.45 |1585488617741 |      30 |    34.0 |13,33 |mscpnre2.txt |   82 |
|11 |  600 | 5000 |   40 |       0.45 |1585488617741 |      30 |    34.0 |13,33 |mscpnre2.txt |2,2e+02 |
|11 |  700 | 5000 |   40 |       0.35 |1585488617741 |      30 |    34.0 |13,33 |mscpnre2.txt |3,8e+02 |
|11 |  800 | 5000 |   40 |       0.35 |1585488617741 |      30 |    34.0 |13,33 |mscpnre2.txt |5,4e+02 |
|11 |  900 | 5000 |   45 | 0.37777779 |1585488617741 |      30 |    34.0 |13,33 |mscpnre2.txt |6,5e+02 |
|11 | 1000 | 5000 |   45 | 0.37777779 |1585488617741 |      30 |    34.0 |13,33 |mscpnre2.txt |7,4e+02 |
|11 | 1100 | 5000 |   45 | 0.37777779 |1585488617741 |      30 |    34.0 |13,33 |mscpnre2.txt |8,3e+02 |
|11 | 1200 | 5000 |   45 | 0.37777779 |1585488617741 |      30 |    34.0 |13,33 |mscpnre2.txt |9,2e+02 |
|11 | 1300 | 5000 |   50 |       0.45 |1585488617741 |      30 |    34.0 |13,33 |mscpnre2.txt |1,0e+03 |
|11 | 1400 | 5000 |   50 |       0.45 |1585488617741 |      30 |    34.0 |13,33 |mscpnre2.txt |1,1e+03 |
|11 | 1500 | 5000 |   50 |       0.45 |1585488617741 |      30 |    34.0 |13,33 |mscpnre2.txt |1,1e+03 |
|11 | 1600 | 5000 |   50 |       0.45 |1585488617741 |      30 |    34.0 |13,33 |mscpnre2.txt |1,2e+03 |
|11 | 1700 | 5000 |   55 |       0.45 |1585488617741 |      30 |    34.0 |13,33 |mscpnre2.txt |1,3e+03 |
|11 | 1800 | 5000 |   55 |       0.45 |1585488617741 |      30 |    34.0 |13,33 |mscpnre2.txt |1,4e+03 |
|11 | 1900 | 5000 |   55 |       0.45 |1585488617741 |      30 |    34.0 |13,33 |mscpnre2.txt |1,5e+03 |
|11 | 2000 | 5000 |   55 |       0.45 |1585488617741 |      30 |    34.0 |13,33 |mscpnre2.txt |1,5e+03 |
|11 | 2100 | 5000 |   60 | 0.41666666 |1585488617741 |      30 |    34.0 |13,33 |mscpnre2.txt |1,6e+03 |
|11 | 2200 | 5000 |   60 | 0.41666666 |1585488617741 |      30 |    34.0 |13,33 |mscpnre2.txt |1,7e+03 |
|11 | 2300 | 5000 |   60 | 0.41666666 |1585488617741 |      30 |    34.0 |13,33 |mscpnre2.txt |1,8e+03 |
|11 | 2400 | 5000 |   60 | 0.41666666 |1585488617741 |      30 |    34.0 |13,33 |mscpnre2.txt |1,9e+03 |
|11 | 2500 | 5000 |   65 |  0.3846154 |1585488617741 |      30 |    34.0 |13,33 |mscpnre2.txt |2,0e+03 |
|11 | 2600 | 5000 |   65 |  0.3846154 |1585488617741 |      30 |    34.0 |13,33 |mscpnre2.txt |2,1e+03 |
|11 | 2700 | 5000 |   65 |  0.3846154 |1585488617741 |      30 |    34.0 |13,33 |mscpnre2.txt |2,3e+03 |
|11 | 2800 | 5000 |   65 |  0.3846154 |1585488617741 |      30 |    34.0 |13,33 |mscpnre2.txt |2,4e+03 |
|11 | 2900 | 5000 |   70 | 0.41428572 |1585488617741 |      30 |    34.0 |13,33 |mscpnre2.txt |2,5e+03 |
|11 | 3000 | 5000 |   70 | 0.41428572 |1585488617741 |      30 |    34.0 |13,33 |mscpnre2.txt |2,7e+03 |
|11 | 3100 | 5000 |   70 | 0.44285715 |1585488617741 |      30 |    34.0 |13,33 |mscpnre2.txt |2,8e+03 |
|11 | 3200 | 5000 |   70 | 0.42857143 |1585488617741 |      30 |    32.0 | 6,67 |mscpnre2.txt |2,9e+03 |
|11 | 3300 | 5000 |   75 |       0.45 |1585488617741 |      30 |    32.0 | 6,67 |mscpnre2.txt |3,1e+03 |
|11 | 3400 | 5000 |   75 |       0.45 |1585488617741 |      30 |    32.0 | 6,67 |mscpnre2.txt |3,2e+03 |
|11 | 3500 | 5000 |   75 |       0.45 |1585488617741 |      30 |    32.0 | 6,67 |mscpnre2.txt |3,3e+03 |
|11 | 3600 | 5000 |   75 |       0.45 |1585488617741 |      30 |    32.0 | 6,67 |mscpnre2.txt |3,3e+03 |
|11 | 3700 | 5000 |   80 |       0.45 |1585488617741 |      30 |    32.0 | 6,67 |mscpnre2.txt |3,4e+03 |
|11 | 3800 | 5000 |   80 |       0.45 |1585488617741 |      30 |    32.0 | 6,67 |mscpnre2.txt |3,6e+03 |
|11 | 3900 | 5000 |   80 |       0.45 |1585488617741 |      30 |    32.0 | 6,67 |mscpnre2.txt |3,7e+03 |
|11 | 4000 | 5000 |   80 |       0.45 |1585488617741 |      30 |    32.0 | 6,67 |mscpnre2.txt |3,7e+03 |
|11 | 4100 | 5000 |   85 |       0.45 |1585488617741 |      30 |    32.0 | 6,67 |mscpnre2.txt |3,9e+03 |
|11 | 4200 | 5000 |   85 |       0.45 |1585488617741 |      30 |    32.0 | 6,67 |mscpnre2.txt |4,0e+03 |
|11 | 4300 | 5000 |   85 |       0.45 |1585488617741 |      30 |    32.0 | 6,67 |mscpnre2.txt |4,1e+03 |
|11 | 4400 | 5000 |   85 |       0.45 |1585488617741 |      30 |    32.0 | 6,67 |mscpnre2.txt |4,2e+03 |
|11 | 4500 | 5000 |   90 |       0.45 |1585488617741 |      30 |    32.0 | 6,67 |mscpnre2.txt |4,3e+03 |
|11 | 4600 | 5000 |   90 |       0.45 |1585488617741 |      30 |    32.0 | 6,67 |mscpnre2.txt |4,4e+03 |
|11 | 4700 | 5000 |   90 |       0.45 |1585488617741 |      30 |    32.0 | 6,67 |mscpnre2.txt |4,6e+03 |
|11 | 4800 | 5000 |   90 |       0.45 |1585488617741 |      30 |    32.0 | 6,67 |mscpnre2.txt |4,7e+03 |
|11 | 4900 | 5000 |   95 |       0.45 |1585488617741 |      30 |    32.0 | 6,67 |mscpnre2.txt |4,9e+03 |
|11 | 5000 | 5000 |   95 |       0.45 |1585488617741 |      30 |    32.0 | 6,67 |mscpnre2.txt |5,1e+03 |
|11 |  500 | 5000 |   95 |       0.45 |1585488617741 |      30 |    32.0 | 6,67 |mscpnre2.txt |5,1e+03 |
|12 |    1 | 5000 |   35 |       0.25 |1585493745575 |      30 |  4217.0 |13956,67 |mscpnre2.txt |0,010 |
|12 |  100 | 5000 |   35 |       0.45 |1585493745575 |      30 |  3817.0 |12623,33 |mscpnre2.txt | 0,75 |
|12 |  200 | 5000 |   35 |       0.45 |1585493745575 |      30 |  3645.0 |12050,00 |mscpnre2.txt |  1,5 |
|12 |  300 | 5000 |   35 |        0.4 |1585493745575 |      30 |  3432.0 |11340,00 |mscpnre2.txt |  2,1 |
|12 |  400 | 5000 |   40 |       0.45 |1585493745575 |      30 |    34.0 |13,33 |mscpnre2.txt |   65 |
|12 |  500 | 5000 |   40 |       0.45 |1585493745575 |      30 |    34.0 |13,33 |mscpnre2.txt |1,7e+02 |
|12 |  600 | 5000 |   40 |       0.45 |1585493745575 |      30 |    34.0 |13,33 |mscpnre2.txt |3,0e+02 |
|12 |  700 | 5000 |   40 |       0.45 |1585493745575 |      30 |    34.0 |13,33 |mscpnre2.txt |4,6e+02 |
|12 |  800 | 5000 |   45 |        0.4 |1585493745575 |      30 |    34.0 |13,33 |mscpnre2.txt |6,6e+02 |
|12 |  900 | 5000 |   45 | 0.33333334 |1585493745575 |      30 |    34.0 |13,33 |mscpnre2.txt |7,6e+02 |
|12 | 1000 | 5000 |   45 | 0.33333334 |1585493745575 |      30 |    34.0 |13,33 |mscpnre2.txt |8,5e+02 |
|12 | 1100 | 5000 |   45 | 0.33333334 |1585493745575 |      30 |    33.0 |10,00 |mscpnre2.txt |9,3e+02 |
|12 | 1200 | 5000 |   50 |       0.34 |1585493745575 |      30 |    33.0 |10,00 |mscpnre2.txt |1,0e+03 |
|12 | 1300 | 5000 |   50 |       0.34 |1585493745575 |      30 |    32.0 | 6,67 |mscpnre2.txt |1,1e+03 |
|12 | 1400 | 5000 |   50 |        0.4 |1585493745575 |      30 |    32.0 | 6,67 |mscpnre2.txt |1,2e+03 |
|12 | 1500 | 5000 |   50 |        0.4 |1585493745575 |      30 |    32.0 | 6,67 |mscpnre2.txt |1,3e+03 |
|12 | 1600 | 5000 |   55 |       0.45 |1585493745575 |      30 |    32.0 | 6,67 |mscpnre2.txt |1,5e+03 |
|12 | 1700 | 5000 |   55 | 0.43636364 |1585493745575 |      30 |    32.0 | 6,67 |mscpnre2.txt |1,6e+03 |
|12 | 1800 | 5000 |   55 | 0.43636364 |1585493745575 |      30 |    32.0 | 6,67 |mscpnre2.txt |1,8e+03 |
|12 | 1900 | 5000 |   55 | 0.43636364 |1585493745575 |      30 |    32.0 | 6,67 |mscpnre2.txt |1,9e+03 |
|12 | 2000 | 5000 |   60 | 0.43333334 |1585493745575 |      30 |    32.0 | 6,67 |mscpnre2.txt |2,0e+03 |
|12 | 2100 | 5000 |   60 | 0.43333334 |1585493745575 |      30 |    32.0 | 6,67 |mscpnre2.txt |2,2e+03 |
|12 | 2200 | 5000 |   60 | 0.43333334 |1585493745575 |      30 |    32.0 | 6,67 |mscpnre2.txt |2,3e+03 |
|12 | 2300 | 5000 |   60 | 0.43333334 |1585493745575 |      30 |    32.0 | 6,67 |mscpnre2.txt |2,4e+03 |
|12 | 2400 | 5000 |   65 |       0.45 |1585493745575 |      30 |    32.0 | 6,67 |mscpnre2.txt |2,6e+03 |
|12 | 2500 | 5000 |   65 |       0.45 |1585493745575 |      30 |    32.0 | 6,67 |mscpnre2.txt |2,7e+03 |
|12 | 2600 | 5000 |   65 |       0.45 |1585493745575 |      30 |    32.0 | 6,67 |mscpnre2.txt |2,8e+03 |
|12 | 2700 | 5000 |   65 |       0.45 |1585493745575 |      30 |    32.0 | 6,67 |mscpnre2.txt |2,9e+03 |
|12 | 2800 | 5000 |   70 |       0.45 |1585493745575 |      30 |    32.0 | 6,67 |mscpnre2.txt |3,0e+03 |
|12 | 2900 | 5000 |   70 |       0.45 |1585493745575 |      30 |    32.0 | 6,67 |mscpnre2.txt |3,1e+03 |
|12 | 3000 | 5000 |   70 |       0.45 |1585493745575 |      30 |    32.0 | 6,67 |mscpnre2.txt |3,2e+03 |
|12 | 3100 | 5000 |   70 |       0.45 |1585493745575 |      30 |    32.0 | 6,67 |mscpnre2.txt |3,3e+03 |
|12 | 3200 | 5000 |   75 |       0.44 |1585493745575 |      30 |    32.0 | 6,67 |mscpnre2.txt |3,4e+03 |
|12 | 3300 | 5000 |   75 |       0.44 |1585493745575 |      30 |    32.0 | 6,67 |mscpnre2.txt |3,5e+03 |
|12 | 3400 | 5000 |   75 |       0.44 |1585493745575 |      30 |    32.0 | 6,67 |mscpnre2.txt |3,7e+03 |
|12 | 3500 | 5000 |   75 |       0.44 |1585493745575 |      30 |    32.0 | 6,67 |mscpnre2.txt |3,8e+03 |
|12 | 3600 | 5000 |   80 |     0.4125 |1585493745575 |      30 |    32.0 | 6,67 |mscpnre2.txt |4,0e+03 |
|12 | 3700 | 5000 |   80 |     0.4125 |1585493745575 |      30 |    32.0 | 6,67 |mscpnre2.txt |4,1e+03 |
|12 | 3800 | 5000 |   80 |     0.4125 |1585493745575 |      30 |    32.0 | 6,67 |mscpnre2.txt |4,2e+03 |
|12 | 3900 | 5000 |   80 |     0.4125 |1585493745575 |      30 |    32.0 | 6,67 |mscpnre2.txt |4,4e+03 |
|12 | 4000 | 5000 |   85 | 0.42352942 |1585493745575 |      30 |    32.0 | 6,67 |mscpnre2.txt |4,6e+03 |
|12 | 4100 | 5000 |   85 | 0.42352942 |1585493745575 |      30 |    32.0 | 6,67 |mscpnre2.txt |4,7e+03 |
|12 | 4200 | 5000 |   85 | 0.42352942 |1585493745575 |      30 |    32.0 | 6,67 |mscpnre2.txt |4,9e+03 |
|12 | 4300 | 5000 |   85 | 0.42352942 |1585493745575 |      30 |    32.0 | 6,67 |mscpnre2.txt |5,1e+03 |
|12 | 4400 | 5000 |   90 | 0.42222223 |1585493745575 |      30 |    32.0 | 6,67 |mscpnre2.txt |5,2e+03 |
|12 | 4500 | 5000 |   90 | 0.42222223 |1585493745575 |      30 |    32.0 | 6,67 |mscpnre2.txt |5,4e+03 |
|12 | 4600 | 5000 |   90 | 0.42222223 |1585493745575 |      30 |    32.0 | 6,67 |mscpnre2.txt |5,6e+03 |
|12 | 4700 | 5000 |   90 | 0.42222223 |1585493745575 |      30 |    32.0 | 6,67 |mscpnre2.txt |5,8e+03 |
|12 | 4800 | 5000 |   95 |       0.45 |1585493745575 |      30 |    32.0 | 6,67 |mscpnre2.txt |6,0e+03 |
|12 | 4900 | 5000 |   95 |       0.45 |1585493745575 |      30 |    32.0 | 6,67 |mscpnre2.txt |6,2e+03 |
|12 | 5000 | 5000 |   95 |       0.45 |1585493745575 |      30 |    32.0 | 6,67 |mscpnre2.txt |6,4e+03 |
|12 |  500 | 5000 |   95 |       0.45 |1585493745575 |      30 |    32.0 | 6,67 |mscpnre2.txt |6,4e+03 |
|13 |    1 | 5000 |   35 |       0.25 |1585500184740 |      30 |  4428.0 |14660,00 |mscpnre2.txt |0,0090 |
|13 |  100 | 5000 |   35 | 0.42857143 |1585500184740 |      30 |  3781.0 |12503,33 |mscpnre2.txt | 0,64 |
|13 |  200 | 5000 |   40 |       0.45 |1585500184740 |      30 |    34.0 |13,33 |mscpnre2.txt |   58 |
|13 |  300 | 5000 |   40 |       0.45 |1585500184740 |      30 |    34.0 |13,33 |mscpnre2.txt |1,6e+02 |
|13 |  400 | 5000 |   40 |       0.45 |1585500184740 |      30 |    34.0 |13,33 |mscpnre2.txt |2,7e+02 |
|13 |  500 | 5000 |   40 |       0.45 |1585500184740 |      30 |    34.0 |13,33 |mscpnre2.txt |3,9e+02 |
|13 |  600 | 5000 |   45 |       0.45 |1585500184740 |      30 |    34.0 |13,33 |mscpnre2.txt |5,3e+02 |
|13 |  700 | 5000 |   45 | 0.24444444 |1585500184740 |      30 |    34.0 |13,33 |mscpnre2.txt |6,2e+02 |
|13 |  800 | 5000 |   45 | 0.24444444 |1585500184740 |      30 |    34.0 |13,33 |mscpnre2.txt |7,0e+02 |
|13 |  900 | 5000 |   45 | 0.24444444 |1585500184740 |      30 |    34.0 |13,33 |mscpnre2.txt |7,8e+02 |
|13 | 1000 | 5000 |   50 |       0.28 |1585500184740 |      30 |    34.0 |13,33 |mscpnre2.txt |8,8e+02 |
|13 | 1100 | 5000 |   50 |        0.3 |1585500184740 |      30 |    34.0 |13,33 |mscpnre2.txt |9,9e+02 |
|13 | 1200 | 5000 |   50 |        0.3 |1585500184740 |      30 |    34.0 |13,33 |mscpnre2.txt |1,1e+03 |
|13 | 1300 | 5000 |   50 |        0.3 |1585500184740 |      30 |    34.0 |13,33 |mscpnre2.txt |1,2e+03 |
|13 | 1400 | 5000 |   55 |       0.45 |1585500184740 |      30 |    34.0 |13,33 |mscpnre2.txt |1,4e+03 |
|13 | 1500 | 5000 |   55 |       0.45 |1585500184740 |      30 |    34.0 |13,33 |mscpnre2.txt |1,5e+03 |
|13 | 1600 | 5000 |   55 |       0.45 |1585500184740 |      30 |    34.0 |13,33 |mscpnre2.txt |1,7e+03 |
|13 | 1700 | 5000 |   55 |       0.45 |1585500184740 |      30 |    34.0 |13,33 |mscpnre2.txt |1,8e+03 |
|13 | 1800 | 5000 |   60 |       0.45 |1585500184740 |      30 |    34.0 |13,33 |mscpnre2.txt |2,0e+03 |
|13 | 1900 | 5000 |   60 |        0.4 |1585500184740 |      30 |    34.0 |13,33 |mscpnre2.txt |2,1e+03 |
|13 | 2000 | 5000 |   60 |        0.4 |1585500184740 |      30 |    34.0 |13,33 |mscpnre2.txt |2,2e+03 |
|13 | 2100 | 5000 |   60 |        0.4 |1585500184740 |      30 |    34.0 |13,33 |mscpnre2.txt |2,3e+03 |
|13 | 2200 | 5000 |   65 | 0.36923078 |1585500184740 |      30 |    34.0 |13,33 |mscpnre2.txt |2,4e+03 |
|13 | 2300 | 5000 |   65 | 0.36923078 |1585500184740 |      30 |    34.0 |13,33 |mscpnre2.txt |2,5e+03 |
|13 | 2400 | 5000 |   65 | 0.36923078 |1585500184740 |      30 |    34.0 |13,33 |mscpnre2.txt |2,7e+03 |
|13 | 2500 | 5000 |   65 | 0.36923078 |1585500184740 |      30 |    34.0 |13,33 |mscpnre2.txt |2,8e+03 |
|13 | 2600 | 5000 |   70 | 0.34285715 |1585500184740 |      30 |    34.0 |13,33 |mscpnre2.txt |2,9e+03 |
|13 | 2700 | 5000 |   70 | 0.34285715 |1585500184740 |      30 |    34.0 |13,33 |mscpnre2.txt |3,0e+03 |
|13 | 2800 | 5000 |   70 | 0.34285715 |1585500184740 |      30 |    34.0 |13,33 |mscpnre2.txt |3,2e+03 |
|13 | 2900 | 5000 |   70 | 0.34285715 |1585500184740 |      30 |    32.0 | 6,67 |mscpnre2.txt |3,3e+03 |
|13 | 3000 | 5000 |   75 | 0.34666666 |1585500184740 |      30 |    32.0 | 6,67 |mscpnre2.txt |3,5e+03 |
|13 | 3100 | 5000 |   75 | 0.34666666 |1585500184740 |      30 |    32.0 | 6,67 |mscpnre2.txt |3,7e+03 |
|13 | 3200 | 5000 |   75 | 0.34666666 |1585500184740 |      30 |    32.0 | 6,67 |mscpnre2.txt |3,9e+03 |
|13 | 3300 | 5000 |   75 | 0.34666666 |1585500184740 |      30 |    32.0 | 6,67 |mscpnre2.txt |4,1e+03 |
|13 | 3400 | 5000 |   80 |     0.3625 |1585500184740 |      30 |    32.0 | 6,67 |mscpnre2.txt |4,3e+03 |
|13 | 3500 | 5000 |   80 |     0.3625 |1585500184740 |      30 |    32.0 | 6,67 |mscpnre2.txt |4,6e+03 |
|13 | 3600 | 5000 |   80 |     0.3625 |1585500184740 |      30 |    32.0 | 6,67 |mscpnre2.txt |4,8e+03 |
|13 | 3700 | 5000 |   80 |     0.3875 |1585500184740 |      30 |    32.0 | 6,67 |mscpnre2.txt |5,1e+03 |
|13 | 3800 | 5000 |   85 |       0.45 |1585500184740 |      30 |    32.0 | 6,67 |mscpnre2.txt |5,3e+03 |
|13 | 3900 | 5000 |   85 |       0.45 |1585500184740 |      30 |    32.0 | 6,67 |mscpnre2.txt |5,5e+03 |
|13 | 4000 | 5000 |   85 |       0.45 |1585500184740 |      30 |    32.0 | 6,67 |mscpnre2.txt |5,8e+03 |
|13 | 4100 | 5000 |   85 |       0.45 |1585500184740 |      30 |    32.0 | 6,67 |mscpnre2.txt |6,0e+03 |
|13 | 4200 | 5000 |   90 |       0.45 |1585500184740 |      30 |    32.0 | 6,67 |mscpnre2.txt |6,3e+03 |
|13 | 4300 | 5000 |   90 |       0.45 |1585500184740 |      30 |    32.0 | 6,67 |mscpnre2.txt |6,5e+03 |
|13 | 4400 | 5000 |   90 |       0.45 |1585500184740 |      30 |    32.0 | 6,67 |mscpnre2.txt |6,6e+03 |
|13 | 4500 | 5000 |   90 |       0.45 |1585500184740 |      30 |    32.0 | 6,67 |mscpnre2.txt |6,7e+03 |
|13 | 4600 | 5000 |   95 |       0.45 |1585500184740 |      30 |    32.0 | 6,67 |mscpnre2.txt |6,9e+03 |
|13 | 4700 | 5000 |   95 |       0.45 |1585500184740 |      30 |    32.0 | 6,67 |mscpnre2.txt |7,1e+03 |
|13 | 4800 | 5000 |   95 |       0.45 |1585500184740 |      30 |    32.0 | 6,67 |mscpnre2.txt |7,3e+03 |
|13 | 4900 | 5000 |   95 |       0.45 |1585500184740 |      30 |    32.0 | 6,67 |mscpnre2.txt |7,4e+03 |
|13 | 5000 | 5000 |  100 |       0.45 |1585500184740 |      30 |    32.0 | 6,67 |mscpnre2.txt |7,6e+03 |
|13 |  500 | 5000 |  100 |       0.45 |1585500184740 |      30 |    32.0 | 6,67 |mscpnre2.txt |7,6e+03 |
|14 |    1 | 5000 |   35 |       0.25 |1585507822784 |      30 |  4404.0 |14580,00 |mscpnre2.txt |0,0090 |
|14 |  100 | 5000 |   35 |       0.45 |1585507822784 |      30 |  3670.0 |12133,33 |mscpnre2.txt | 0,68 |
|14 |  200 | 5000 |   35 |       0.45 |1585507822784 |      30 |  3483.0 |11510,00 |mscpnre2.txt |  1,4 |
|14 |  300 | 5000 |   35 | 0.34285715 |1585507822784 |      30 |  3283.0 |10843,33 |mscpnre2.txt |  2,2 |
|14 |  400 | 5000 |   40 |       0.45 |1585507822784 |      30 |    34.0 |13,33 |mscpnre2.txt |   78 |
|14 |  500 | 5000 |   40 |       0.45 |1585507822784 |      30 |    33.0 |10,00 |mscpnre2.txt |2,3e+02 |
|14 |  600 | 5000 |   40 |       0.45 |1585507822784 |      30 |    32.0 | 6,67 |mscpnre2.txt |4,0e+02 |
|14 |  700 | 5000 |   40 |       0.45 |1585507822784 |      30 |    32.0 | 6,67 |mscpnre2.txt |5,7e+02 |
|14 |  800 | 5000 |   45 |        0.4 |1585507822784 |      30 |    32.0 | 6,67 |mscpnre2.txt |8,0e+02 |
|14 |  900 | 5000 |   45 | 0.31111112 |1585507822784 |      30 |    32.0 | 6,67 |mscpnre2.txt |9,1e+02 |
|14 | 1000 | 5000 |   45 | 0.31111112 |1585507822784 |      30 |    32.0 | 6,67 |mscpnre2.txt |1,0e+03 |
|14 | 1100 | 5000 |   45 | 0.31111112 |1585507822784 |      30 |    32.0 | 6,67 |mscpnre2.txt |1,1e+03 |
|14 | 1200 | 5000 |   50 |        0.4 |1585507822784 |      30 |    32.0 | 6,67 |mscpnre2.txt |1,3e+03 |
|14 | 1300 | 5000 |   50 |        0.4 |1585507822784 |      30 |    32.0 | 6,67 |mscpnre2.txt |1,4e+03 |
|14 | 1400 | 5000 |   50 |        0.4 |1585507822784 |      30 |    32.0 | 6,67 |mscpnre2.txt |1,5e+03 |
|14 | 1500 | 5000 |   50 |        0.4 |1585507822784 |      30 |    32.0 | 6,67 |mscpnre2.txt |1,7e+03 |
|14 | 1600 | 5000 |   55 |       0.45 |1585507822784 |      30 |    32.0 | 6,67 |mscpnre2.txt |1,9e+03 |
|14 | 1700 | 5000 |   55 |       0.45 |1585507822784 |      30 |    32.0 | 6,67 |mscpnre2.txt |1,9e+03 |
|14 | 1800 | 5000 |   55 |       0.45 |1585507822784 |      30 |    32.0 | 6,67 |mscpnre2.txt |2,0e+03 |
|14 | 1900 | 5000 |   55 |       0.45 |1585507822784 |      30 |    32.0 | 6,67 |mscpnre2.txt |2,1e+03 |
|14 | 2000 | 5000 |   60 | 0.43333334 |1585507822784 |      30 |    32.0 | 6,67 |mscpnre2.txt |2,3e+03 |
|14 | 2100 | 5000 |   60 | 0.43333334 |1585507822784 |      30 |    32.0 | 6,67 |mscpnre2.txt |2,4e+03 |
|14 | 2200 | 5000 |   60 | 0.43333334 |1585507822784 |      30 |    32.0 | 6,67 |mscpnre2.txt |2,5e+03 |
|14 | 2300 | 5000 |   60 | 0.43333334 |1585507822784 |      30 |    32.0 | 6,67 |mscpnre2.txt |2,6e+03 |
|14 | 2400 | 5000 |   65 |        0.4 |1585507822784 |      30 |    32.0 | 6,67 |mscpnre2.txt |2,8e+03 |
|14 | 2500 | 5000 |   65 |        0.4 |1585507822784 |      30 |    32.0 | 6,67 |mscpnre2.txt |2,9e+03 |
|14 | 2600 | 5000 |   65 |        0.4 |1585507822784 |      30 |    32.0 | 6,67 |mscpnre2.txt |3,1e+03 |
|14 | 2700 | 5000 |   65 |        0.4 |1585507822784 |      30 |    32.0 | 6,67 |mscpnre2.txt |3,2e+03 |
|14 | 2800 | 5000 |   70 |  0.3857143 |1585507822784 |      30 |    32.0 | 6,67 |mscpnre2.txt |3,4e+03 |
|14 | 2900 | 5000 |   70 |  0.3857143 |1585507822784 |      30 |    32.0 | 6,67 |mscpnre2.txt |3,6e+03 |
|14 | 3000 | 5000 |   70 |  0.3857143 |1585507822784 |      30 |    32.0 | 6,67 |mscpnre2.txt |3,8e+03 |
|14 | 3100 | 5000 |   70 |  0.3857143 |1585507822784 |      30 |    32.0 | 6,67 |mscpnre2.txt |4,0e+03 |
|14 | 3200 | 5000 |   75 |       0.45 |1585507822784 |      30 |    32.0 | 6,67 |mscpnre2.txt |4,2e+03 |
|14 | 3300 | 5000 |   75 |       0.45 |1585507822784 |      30 |    32.0 | 6,67 |mscpnre2.txt |4,4e+03 |
|14 | 3400 | 5000 |   75 |       0.45 |1585507822784 |      30 |    32.0 | 6,67 |mscpnre2.txt |4,7e+03 |
|14 | 3500 | 5000 |   75 |       0.45 |1585507822784 |      30 |    32.0 | 6,67 |mscpnre2.txt |4,9e+03 |
|14 | 3600 | 5000 |   80 |       0.45 |1585507822784 |      30 |    32.0 | 6,67 |mscpnre2.txt |5,2e+03 |
|14 | 3700 | 5000 |   80 |       0.45 |1585507822784 |      30 |    32.0 | 6,67 |mscpnre2.txt |5,4e+03 |
|14 | 3800 | 5000 |   80 |       0.45 |1585507822784 |      30 |    32.0 | 6,67 |mscpnre2.txt |5,7e+03 |
|14 | 3900 | 5000 |   80 |       0.45 |1585507822784 |      30 |    32.0 | 6,67 |mscpnre2.txt |5,9e+03 |
|14 | 4000 | 5000 |   85 |       0.45 |1585507822784 |      30 |    32.0 | 6,67 |mscpnre2.txt |6,2e+03 |
|14 | 4100 | 5000 |   85 |       0.45 |1585507822784 |      30 |    32.0 | 6,67 |mscpnre2.txt |6,3e+03 |
|14 | 4200 | 5000 |   85 |       0.45 |1585507822784 |      30 |    32.0 | 6,67 |mscpnre2.txt |6,4e+03 |
|14 | 4300 | 5000 |   85 |       0.45 |1585507822784 |      30 |    32.0 | 6,67 |mscpnre2.txt |6,6e+03 |
|14 | 4400 | 5000 |   90 |       0.45 |1585507822784 |      30 |    32.0 | 6,67 |mscpnre2.txt |6,7e+03 |
|14 | 4500 | 5000 |   90 |       0.45 |1585507822784 |      30 |    32.0 | 6,67 |mscpnre2.txt |6,9e+03 |
|14 | 4600 | 5000 |   90 |       0.45 |1585507822784 |      30 |    32.0 | 6,67 |mscpnre2.txt |7,1e+03 |
|14 | 4700 | 5000 |   90 |       0.45 |1585507822784 |      30 |    32.0 | 6,67 |mscpnre2.txt |7,3e+03 |
|14 | 4800 | 5000 |   95 |       0.45 |1585507822784 |      30 |    32.0 | 6,67 |mscpnre2.txt |7,5e+03 |
|14 | 4900 | 5000 |   95 |       0.45 |1585507822784 |      30 |    32.0 | 6,67 |mscpnre2.txt |7,7e+03 |
|14 | 5000 | 5000 |   95 |       0.45 |1585507822784 |      30 |    32.0 | 6,67 |mscpnre2.txt |7,9e+03 |
|14 |  500 | 5000 |   95 |       0.45 |1585507822784 |      30 |    32.0 | 6,67 |mscpnre2.txt |7,9e+03 |
|15 |    1 | 5000 |   35 |       0.25 |1585515701550 |      30 |  4332.0 |14340,00 |mscpnre2.txt |0,010 |
|15 |  100 | 5000 |   35 |        0.4 |1585515701550 |      30 |  3888.0 |12860,00 |mscpnre2.txt | 0,69 |
|15 |  200 | 5000 |   40 |       0.45 |1585515701550 |      30 |    34.0 |13,33 |mscpnre2.txt |   72 |
|15 |  300 | 5000 |   40 |       0.45 |1585515701550 |      30 |    34.0 |13,33 |mscpnre2.txt |2,0e+02 |
|15 |  400 | 5000 |   40 |       0.45 |1585515701550 |      30 |    34.0 |13,33 |mscpnre2.txt |3,4e+02 |
