| # |    #ITER | #IterMAX | Nest |      %Desc |      semilla | BestFit |GottedFit |  RDP |  instancia | time |
-------------------------------------------------------------------------------------------------
| 1 |    1 | 5000 |   35 |     0,2500 |1585830047217 |     168 | 10785.0 |6319,64 |mscpnrg5.txt | 0,18 |
| 1 |  100 | 5000 |   35 |     0,3429 |1585830047217 |     168 |  9733.0 |5693,45 |mscpnrg5.txt |  5,1 |
| 1 |  200 | 5000 |   35 |     0,3429 |1585830047217 |     168 |  9419.0 |5506,55 |mscpnrg5.txt |   10 |
| 1 |  300 | 5000 |   35 |     0,4000 |1585830047217 |     168 |  9246.0 |5403,57 |mscpnrg5.txt |   15 |
| 1 |  400 | 5000 |   40 |     0,4500 |1585830047217 |     168 |   186.0 |10,71 |mscpnrg5.txt |7,0e+02 |
| 1 |  500 | 5000 |   40 |     0,4500 |1585830047217 |     168 |   184.0 | 9,52 |mscpnrg5.txt |1,4e+03 |
| 1 |  600 | 5000 |   40 |     0,4500 |1585830047217 |     168 |   184.0 | 9,52 |mscpnrg5.txt |2,2e+03 |
| 1 |  700 | 5000 |   40 |     0,4500 |1585830047217 |     168 |   183.0 | 8,93 |mscpnrg5.txt |2,9e+03 |
| 1 |  800 | 5000 |   45 |     0,4500 |1585830047217 |     168 |   183.0 | 8,93 |mscpnrg5.txt |3,9e+03 |
| 1 |  900 | 5000 |   45 |     0,4500 |1585830047217 |     168 |   183.0 | 8,93 |mscpnrg5.txt |5,0e+03 |
| 1 | 1000 | 5000 |   45 |     0,4500 |1585830047217 |     168 |   183.0 | 8,93 |mscpnrg5.txt |5,7e+03 |
| 1 | 1100 | 5000 |   45 |     0,3333 |1585830047217 |     168 |   183.0 | 8,93 |mscpnrg5.txt |6,2e+03 |
| 1 | 1200 | 5000 |   50 |     0,4400 |1585830047217 |     168 |   183.0 | 8,93 |mscpnrg5.txt |6,8e+03 |
| 1 | 1300 | 5000 |   50 |     0,4400 |1585830047217 |     168 |   183.0 | 8,93 |mscpnrg5.txt |7,5e+03 |
| 1 | 1400 | 5000 |   50 |     0,4500 |1585830047217 |     168 |   183.0 | 8,93 |mscpnrg5.txt |7,9e+03 |
| 1 | 1500 | 5000 |   50 |     0,4500 |1585830047217 |     168 |   183.0 | 8,93 |mscpnrg5.txt |8,3e+03 |
| 1 | 1600 | 5000 |   55 |     0,4500 |1585830047217 |     168 |   183.0 | 8,93 |mscpnrg5.txt |8,9e+03 |
| 1 | 1700 | 5000 |   55 |     0,4500 |1585830047217 |     168 |   183.0 | 8,93 |mscpnrg5.txt |9,5e+03 |
| 1 | 1800 | 5000 |   55 |     0,4500 |1585830047217 |     168 |   183.0 | 8,93 |mscpnrg5.txt |9,8e+03 |
| 1 | 1900 | 5000 |   55 |     0,4500 |1585830047217 |     168 |   183.0 | 8,93 |mscpnrg5.txt |1,0e+04 |
| 1 | 2000 | 5000 |   60 |     0,4500 |1585830047217 |     168 |   183.0 | 8,93 |mscpnrg5.txt |1,1e+04 |
| 1 | 2100 | 5000 |   60 |     0,4500 |1585830047217 |     168 |   183.0 | 8,93 |mscpnrg5.txt |1,1e+04 |
| 1 | 2200 | 5000 |   60 |     0,4500 |1585830047217 |     168 |   183.0 | 8,93 |mscpnrg5.txt |1,1e+04 |
| 1 | 2300 | 5000 |   60 |     0,4500 |1585830047217 |     168 |   183.0 | 8,93 |mscpnrg5.txt |1,2e+04 |
| 1 | 2400 | 5000 |   65 |     0,4500 |1585830047217 |     168 |   183.0 | 8,93 |mscpnrg5.txt |1,2e+04 |
| 1 | 2500 | 5000 |   65 |     0,4500 |1585830047217 |     168 |   183.0 | 8,93 |mscpnrg5.txt |1,2e+04 |
| 1 | 2600 | 5000 |   65 |     0,4500 |1585830047217 |     168 |   183.0 | 8,93 |mscpnrg5.txt |1,3e+04 |
| 1 | 2700 | 5000 |   65 |     0,4500 |1585830047217 |     168 |   183.0 | 8,93 |mscpnrg5.txt |1,3e+04 |
| 1 | 2800 | 5000 |   70 |     0,4500 |1585830047217 |     168 |   183.0 | 8,93 |mscpnrg5.txt |1,4e+04 |
| 1 | 2900 | 5000 |   70 |     0,4500 |1585830047217 |     168 |   183.0 | 8,93 |mscpnrg5.txt |1,5e+04 |
| 1 | 3000 | 5000 |   70 |     0,4500 |1585830047217 |     168 |   183.0 | 8,93 |mscpnrg5.txt |1,5e+04 |
| 1 | 3100 | 5000 |   70 |     0,1000 |1585830047217 |     168 |   183.0 | 8,93 |mscpnrg5.txt |1,5e+04 |
| 1 | 3200 | 5000 |   75 |     0,4500 |1585830047217 |     168 |   183.0 | 8,93 |mscpnrg5.txt |1,5e+04 |
| 1 | 3300 | 5000 |   75 |     0,4500 |1585830047217 |     168 |   183.0 | 8,93 |mscpnrg5.txt |1,5e+04 |
| 1 | 3400 | 5000 |   75 |     0,4500 |1585830047217 |     168 |   183.0 | 8,93 |mscpnrg5.txt |1,6e+04 |
| 1 | 3500 | 5000 |   75 |     0,4500 |1585830047217 |     168 |   183.0 | 8,93 |mscpnrg5.txt |1,6e+04 |
| 1 | 3600 | 5000 |   80 |     0,4500 |1585830047217 |     168 |   183.0 | 8,93 |mscpnrg5.txt |1,6e+04 |
| 1 | 3700 | 5000 |   80 |     0,4500 |1585830047217 |     168 |   183.0 | 8,93 |mscpnrg5.txt |1,6e+04 |
| 1 | 3800 | 5000 |   80 |     0,4500 |1585830047217 |     168 |   183.0 | 8,93 |mscpnrg5.txt |1,7e+04 |
| 1 | 3900 | 5000 |   80 |     0,4500 |1585830047217 |     168 |   183.0 | 8,93 |mscpnrg5.txt |1,7e+04 |
| 1 | 4000 | 5000 |   85 |     0,4500 |1585830047217 |     168 |   183.0 | 8,93 |mscpnrg5.txt |1,7e+04 |
| 1 | 4100 | 5000 |   85 |     0,4500 |1585830047217 |     168 |   183.0 | 8,93 |mscpnrg5.txt |1,8e+04 |
| 1 | 4200 | 5000 |   85 |     0,4500 |1585830047217 |     168 |   183.0 | 8,93 |mscpnrg5.txt |1,8e+04 |
| 1 | 4300 | 5000 |   85 |     0,4500 |1585830047217 |     168 |   183.0 | 8,93 |mscpnrg5.txt |1,9e+04 |
| 1 | 4400 | 5000 |   90 |     0,4500 |1585830047217 |     168 |   183.0 | 8,93 |mscpnrg5.txt |2,0e+04 |
| 1 | 4500 | 5000 |   90 |     0,4500 |1585830047217 |     168 |   183.0 | 8,93 |mscpnrg5.txt |2,1e+04 |
| 1 | 4600 | 5000 |   90 |     0,4500 |1585830047217 |     168 |   183.0 | 8,93 |mscpnrg5.txt |2,1e+04 |
| 1 | 4700 | 5000 |   90 |     0,4500 |1585830047217 |     168 |   183.0 | 8,93 |mscpnrg5.txt |2,2e+04 |
| 1 | 4800 | 5000 |   95 |     0,4500 |1585830047217 |     168 |   183.0 | 8,93 |mscpnrg5.txt |2,3e+04 |
| 1 | 4900 | 5000 |   95 |     0,4500 |1585830047217 |     168 |   183.0 | 8,93 |mscpnrg5.txt |2,3e+04 |
| 1 | 5000 | 5000 |   95 |     0,4500 |1585830047217 |     168 |   183.0 | 8,93 |mscpnrg5.txt |2,4e+04 |
| 1 | 1000 | 5000 |   95 |     0,4500 |1585830047217 |     168 |   183.0 | 8,93 |mscpnrg5.txt |2,4e+04 |
| 2 |    1 | 5000 |   35 |     0,2500 |1585853675484 |     168 | 10834.0 |6348,81 |mscpnrg5.txt |0,056 |
| 2 |  100 | 5000 |   35 |     0,4286 |1585853675484 |     168 |  9777.0 |5719,64 |mscpnrg5.txt |  5,7 |
| 2 |  200 | 5000 |   40 |     0,4500 |1585853675484 |     168 |   184.0 | 9,52 |mscpnrg5.txt |6,7e+02 |
| 2 |  300 | 5000 |   40 |     0,4500 |1585853675484 |     168 |   184.0 | 9,52 |mscpnrg5.txt |1,5e+03 |
| 2 |  400 | 5000 |   40 |     0,4500 |1585853675484 |     168 |   184.0 | 9,52 |mscpnrg5.txt |2,3e+03 |
| 2 |  500 | 5000 |   40 |     0,4500 |1585853675484 |     168 |   184.0 | 9,52 |mscpnrg5.txt |2,8e+03 |
| 2 |  600 | 5000 |   45 |     0,4500 |1585853675484 |     168 |   184.0 | 9,52 |mscpnrg5.txt |3,4e+03 |
| 2 |  700 | 5000 |   45 |     0,4500 |1585853675484 |     168 |   184.0 | 9,52 |mscpnrg5.txt |3,7e+03 |
| 2 |  800 | 5000 |   45 |     0,4500 |1585853675484 |     168 |   184.0 | 9,52 |mscpnrg5.txt |4,1e+03 |
| 2 |  900 | 5000 |   45 |     0,4500 |1585853675484 |     168 |   184.0 | 9,52 |mscpnrg5.txt |4,4e+03 |
| 2 | 1000 | 5000 |   50 |     0,4500 |1585853675484 |     168 |   184.0 | 9,52 |mscpnrg5.txt |4,9e+03 |
| 2 | 1100 | 5000 |   50 |     0,4500 |1585853675484 |     168 |   184.0 | 9,52 |mscpnrg5.txt |5,5e+03 |
| 2 | 1200 | 5000 |   50 |     0,4500 |1585853675484 |     168 |   184.0 | 9,52 |mscpnrg5.txt |6,0e+03 |
| 2 | 1300 | 5000 |   50 |     0,4500 |1585853675484 |     168 |   184.0 | 9,52 |mscpnrg5.txt |6,5e+03 |
| 2 | 1400 | 5000 |   55 |     0,4500 |1585853675484 |     168 |   184.0 | 9,52 |mscpnrg5.txt |7,2e+03 |
| 2 | 1500 | 5000 |   55 |     0,4500 |1585853675484 |     168 |   184.0 | 9,52 |mscpnrg5.txt |7,6e+03 |
| 2 | 1600 | 5000 |   55 |     0,4500 |1585853675484 |     168 |   184.0 | 9,52 |mscpnrg5.txt |8,0e+03 |
| 2 | 1700 | 5000 |   55 |     0,4500 |1585853675484 |     168 |   184.0 | 9,52 |mscpnrg5.txt |8,4e+03 |
| 2 | 1800 | 5000 |   60 |     0,4500 |1585853675484 |     168 |   184.0 | 9,52 |mscpnrg5.txt |8,9e+03 |
| 2 | 1900 | 5000 |   60 |     0,4500 |1585853675484 |     168 |   184.0 | 9,52 |mscpnrg5.txt |9,5e+03 |
| 2 | 2000 | 5000 |   60 |     0,4500 |1585853675484 |     168 |   184.0 | 9,52 |mscpnrg5.txt |1,0e+04 |
| 2 | 2100 | 5000 |   60 |     0,4500 |1585853675484 |     168 |   184.0 | 9,52 |mscpnrg5.txt |1,1e+04 |
| 2 | 2200 | 5000 |   65 |     0,4500 |1585853675484 |     168 |   184.0 | 9,52 |mscpnrg5.txt |1,1e+04 |
| 2 | 2300 | 5000 |   65 |     0,4500 |1585853675484 |     168 |   184.0 | 9,52 |mscpnrg5.txt |1,2e+04 |
| 2 | 2400 | 5000 |   65 |     0,4500 |1585853675484 |     168 |   184.0 | 9,52 |mscpnrg5.txt |1,3e+04 |
| 2 | 2500 | 5000 |   65 |     0,4500 |1585853675484 |     168 |   184.0 | 9,52 |mscpnrg5.txt |1,4e+04 |
| 2 | 2600 | 5000 |   70 |     0,4500 |1585853675484 |     168 |   184.0 | 9,52 |mscpnrg5.txt |1,5e+04 |
| 2 | 2700 | 5000 |   70 |     0,4500 |1585853675484 |     168 |   184.0 | 9,52 |mscpnrg5.txt |1,5e+04 |
| 2 | 2800 | 5000 |   70 |     0,4500 |1585853675484 |     168 |   184.0 | 9,52 |mscpnrg5.txt |1,6e+04 |
| 2 | 2900 | 5000 |   70 |     0,4500 |1585853675484 |     168 |   184.0 | 9,52 |mscpnrg5.txt |1,7e+04 |
| 2 | 3000 | 5000 |   75 |     0,4500 |1585853675484 |     168 |   184.0 | 9,52 |mscpnrg5.txt |1,7e+04 |
| 2 | 3100 | 5000 |   75 |     0,4500 |1585853675484 |     168 |   184.0 | 9,52 |mscpnrg5.txt |1,8e+04 |
| 2 | 3200 | 5000 |   75 |     0,4500 |1585853675484 |     168 |   184.0 | 9,52 |mscpnrg5.txt |1,9e+04 |
| 2 | 3300 | 5000 |   75 |     0,4500 |1585853675484 |     168 |   184.0 | 9,52 |mscpnrg5.txt |1,9e+04 |
| 2 | 3400 | 5000 |   80 |     0,4500 |1585853675484 |     168 |   184.0 | 9,52 |mscpnrg5.txt |2,0e+04 |
| 2 | 3500 | 5000 |   80 |     0,4500 |1585853675484 |     168 |   184.0 | 9,52 |mscpnrg5.txt |2,1e+04 |
| 2 | 3600 | 5000 |   80 |     0,4500 |1585853675484 |     168 |   184.0 | 9,52 |mscpnrg5.txt |2,2e+04 |
| 2 | 3700 | 5000 |   80 |     0,4500 |1585853675484 |     168 |   184.0 | 9,52 |mscpnrg5.txt |2,3e+04 |
| 2 | 3800 | 5000 |   85 |     0,4500 |1585853675484 |     168 |   184.0 | 9,52 |mscpnrg5.txt |2,5e+04 |
| 2 | 3900 | 5000 |   85 |     0,4500 |1585853675484 |     168 |   184.0 | 9,52 |mscpnrg5.txt |2,6e+04 |
| 2 | 4000 | 5000 |   85 |     0,4500 |1585853675484 |     168 |   184.0 | 9,52 |mscpnrg5.txt |2,7e+04 |
| 2 | 4100 | 5000 |   85 |     0,4500 |1585853675484 |     168 |   184.0 | 9,52 |mscpnrg5.txt |2,8e+04 |
| 2 | 4200 | 5000 |   90 |     0,4500 |1585853675484 |     168 |   184.0 | 9,52 |mscpnrg5.txt |2,9e+04 |
| 2 | 4300 | 5000 |   90 |     0,4500 |1585853675484 |     168 |   184.0 | 9,52 |mscpnrg5.txt |3,0e+04 |
| 2 | 4400 | 5000 |   90 |     0,4500 |1585853675484 |     168 |   184.0 | 9,52 |mscpnrg5.txt |3,2e+04 |
| 2 | 4500 | 5000 |   90 |     0,4500 |1585853675484 |     168 |   184.0 | 9,52 |mscpnrg5.txt |3,3e+04 |
| 2 | 4600 | 5000 |   95 |     0,4500 |1585853675484 |     168 |   183.0 | 8,93 |mscpnrg5.txt |3,4e+04 |
| 2 | 4700 | 5000 |   95 |     0,4500 |1585853675484 |     168 |   183.0 | 8,93 |mscpnrg5.txt |3,5e+04 |
| 2 | 4800 | 5000 |   95 |     0,4500 |1585853675484 |     168 |   183.0 | 8,93 |mscpnrg5.txt |3,7e+04 |
| 2 | 4900 | 5000 |   95 |     0,4500 |1585853675484 |     168 |   183.0 | 8,93 |mscpnrg5.txt |3,8e+04 |
| 2 | 5000 | 5000 |  100 |     0,4500 |1585853675484 |     168 |   183.0 | 8,93 |mscpnrg5.txt |4,0e+04 |
| 2 | 1000 | 5000 |  100 |     0,4500 |1585853675484 |     168 |   183.0 | 8,93 |mscpnrg5.txt |4,0e+04 |
| 3 |    1 | 5000 |   35 |     0,2500 |1585893507600 |     168 | 10915.0 |6397,02 |mscpnrg5.txt |0,052 |
| 3 |  100 | 5000 |   35 |     0,4500 |1585893507600 |     168 | 10040.0 |5876,19 |mscpnrg5.txt |  5,5 |
| 3 |  200 | 5000 |   35 |     0,4500 |1585893507600 |     168 |  9459.0 |5530,36 |mscpnrg5.txt |   11 |
| 3 |  300 | 5000 |   35 |     0,4500 |1585893507600 |     168 |  9273.0 |5419,64 |mscpnrg5.txt |   16 |
| 3 |  400 | 5000 |   40 |     0,4500 |1585893507600 |     168 |   184.0 | 9,52 |mscpnrg5.txt |8,6e+02 |
| 3 |  500 | 5000 |   40 |     0,4500 |1585893507600 |     168 |   184.0 | 9,52 |mscpnrg5.txt |1,9e+03 |
| 3 |  600 | 5000 |   40 |     0,4500 |1585893507600 |     168 |   184.0 | 9,52 |mscpnrg5.txt |3,0e+03 |
| 3 |  700 | 5000 |   40 |     0,4500 |1585893507600 |     168 |   184.0 | 9,52 |mscpnrg5.txt |3,7e+03 |
| 3 |  800 | 5000 |   45 |     0,4500 |1585893507600 |     168 |   184.0 | 9,52 |mscpnrg5.txt |4,4e+03 |
| 3 |  900 | 5000 |   45 |     0,4500 |1585893507600 |     168 |   184.0 | 9,52 |mscpnrg5.txt |5,1e+03 |
| 3 | 1000 | 5000 |   45 |     0,4500 |1585893507600 |     168 |   184.0 | 9,52 |mscpnrg5.txt |5,8e+03 |
| 3 | 1100 | 5000 |   45 |     0,4500 |1585893507600 |     168 |   184.0 | 9,52 |mscpnrg5.txt |6,5e+03 |
| 3 | 1200 | 5000 |   50 |     0,4500 |1585893507600 |     168 |   184.0 | 9,52 |mscpnrg5.txt |7,5e+03 |
| 3 | 1300 | 5000 |   50 |     0,4500 |1585893507600 |     168 |   184.0 | 9,52 |mscpnrg5.txt |8,1e+03 |
| 3 | 1400 | 5000 |   50 |     0,4500 |1585893507600 |     168 |   184.0 | 9,52 |mscpnrg5.txt |8,7e+03 |
| 3 | 1500 | 5000 |   50 |     0,4500 |1585893507600 |     168 |   184.0 | 9,52 |mscpnrg5.txt |9,3e+03 |
| 3 | 1600 | 5000 |   55 |     0,4500 |1585893507600 |     168 |   184.0 | 9,52 |mscpnrg5.txt |1,0e+04 |
| 3 | 1700 | 5000 |   55 |     0,4500 |1585893507600 |     168 |   184.0 | 9,52 |mscpnrg5.txt |1,1e+04 |
| 3 | 1800 | 5000 |   55 |     0,4500 |1585893507600 |     168 |   184.0 | 9,52 |mscpnrg5.txt |1,2e+04 |
| 3 | 1900 | 5000 |   55 |     0,4500 |1585893507600 |     168 |   184.0 | 9,52 |mscpnrg5.txt |1,3e+04 |
| 3 | 2000 | 5000 |   60 |     0,4500 |1585893507600 |     168 |   184.0 | 9,52 |mscpnrg5.txt |1,4e+04 |
| 3 | 2100 | 5000 |   60 |     0,4500 |1585893507600 |     168 |   183.0 | 8,93 |mscpnrg5.txt |1,5e+04 |
| 3 | 2200 | 5000 |   60 |     0,4500 |1585893507600 |     168 |   183.0 | 8,93 |mscpnrg5.txt |1,6e+04 |
| 3 | 2300 | 5000 |   60 |     0,4500 |1585893507600 |     168 |   183.0 | 8,93 |mscpnrg5.txt |1,7e+04 |
| 3 | 2400 | 5000 |   65 |     0,4500 |1585893507600 |     168 |   183.0 | 8,93 |mscpnrg5.txt |1,8e+04 |
| 3 | 2500 | 5000 |   65 |     0,4500 |1585893507600 |     168 |   183.0 | 8,93 |mscpnrg5.txt |1,9e+04 |
| 3 | 2600 | 5000 |   65 |     0,4500 |1585893507600 |     168 |   183.0 | 8,93 |mscpnrg5.txt |1,9e+04 |
| 3 | 2700 | 5000 |   65 |     0,4500 |1585893507600 |     168 |   183.0 | 8,93 |mscpnrg5.txt |2,0e+04 |
| 3 | 2800 | 5000 |   70 |     0,4500 |1585893507600 |     168 |   183.0 | 8,93 |mscpnrg5.txt |2,0e+04 |
| 3 | 2900 | 5000 |   70 |     0,4500 |1585893507600 |     168 |   183.0 | 8,93 |mscpnrg5.txt |2,1e+04 |
| 3 | 3000 | 5000 |   70 |     0,4500 |1585893507600 |     168 |   183.0 | 8,93 |mscpnrg5.txt |2,1e+04 |
| 3 | 3100 | 5000 |   70 |     0,4500 |1585893507600 |     168 |   183.0 | 8,93 |mscpnrg5.txt |2,2e+04 |
| 3 | 3200 | 5000 |   75 |     0,4500 |1585893507600 |     168 |   183.0 | 8,93 |mscpnrg5.txt |2,3e+04 |
| 3 | 3300 | 5000 |   75 |     0,4500 |1585893507600 |     168 |   183.0 | 8,93 |mscpnrg5.txt |2,4e+04 |
| 3 | 3400 | 5000 |   75 |     0,4500 |1585893507600 |     168 |   183.0 | 8,93 |mscpnrg5.txt |2,5e+04 |
| 3 | 3500 | 5000 |   75 |     0,4500 |1585893507600 |     168 |   183.0 | 8,93 |mscpnrg5.txt |2,5e+04 |
| 3 | 3600 | 5000 |   80 |     0,4500 |1585893507600 |     168 |   183.0 | 8,93 |mscpnrg5.txt |2,7e+04 |
| 3 | 3700 | 5000 |   80 |     0,4500 |1585893507600 |     168 |   183.0 | 8,93 |mscpnrg5.txt |2,7e+04 |
| 3 | 3800 | 5000 |   80 |     0,4500 |1585893507600 |     168 |   183.0 | 8,93 |mscpnrg5.txt |2,8e+04 |
| 3 | 3900 | 5000 |   80 |     0,4500 |1585893507600 |     168 |   183.0 | 8,93 |mscpnrg5.txt |2,8e+04 |
| 3 | 4000 | 5000 |   85 |     0,4500 |1585893507600 |     168 |   183.0 | 8,93 |mscpnrg5.txt |2,9e+04 |
| 3 | 4100 | 5000 |   85 |     0,4500 |1585893507600 |     168 |   183.0 | 8,93 |mscpnrg5.txt |3,0e+04 |
| 3 | 4200 | 5000 |   85 |     0,4500 |1585893507600 |     168 |   183.0 | 8,93 |mscpnrg5.txt |3,1e+04 |
| 3 | 4300 | 5000 |   85 |     0,4500 |1585893507600 |     168 |   183.0 | 8,93 |mscpnrg5.txt |3,2e+04 |
| 3 | 4400 | 5000 |   90 |     0,4500 |1585893507600 |     168 |   183.0 | 8,93 |mscpnrg5.txt |3,3e+04 |
| 3 | 4500 | 5000 |   90 |     0,4500 |1585893507600 |     168 |   183.0 | 8,93 |mscpnrg5.txt |3,4e+04 |
| 3 | 4600 | 5000 |   90 |     0,4500 |1585893507600 |     168 |   183.0 | 8,93 |mscpnrg5.txt |3,5e+04 |
| 3 | 4700 | 5000 |   90 |     0,4500 |1585893507600 |     168 |   183.0 | 8,93 |mscpnrg5.txt |3,7e+04 |
| 3 | 4800 | 5000 |   95 |     0,4500 |1585893507600 |     168 |   183.0 | 8,93 |mscpnrg5.txt |3,8e+04 |
| 3 | 4900 | 5000 |   95 |     0,4500 |1585893507600 |     168 |   183.0 | 8,93 |mscpnrg5.txt |3,9e+04 |
| 3 | 5000 | 5000 |   95 |     0,4500 |1585893507600 |     168 |   183.0 | 8,93 |mscpnrg5.txt |4,0e+04 |
| 3 | 1000 | 5000 |   95 |     0,4500 |1585893507600 |     168 |   183.0 | 8,93 |mscpnrg5.txt |4,0e+04 |
| 4 |    1 | 5000 |   35 |     0,2500 |1585933064318 |     168 | 10849.0 |6357,74 |mscpnrg5.txt |0,081 |
| 4 |  100 | 5000 |   35 |     0,4500 |1585933064318 |     168 |  9778.0 |5720,24 |mscpnrg5.txt |  5,9 |
| 4 |  200 | 5000 |   35 |     0,4000 |1585933064318 |     168 |  9372.0 |5478,57 |mscpnrg5.txt |   12 |
| 4 |  300 | 5000 |   40 |     0,4500 |1585933064318 |     168 |   186.0 |10,71 |mscpnrg5.txt |6,2e+02 |
| 4 |  400 | 5000 |   40 |     0,4500 |1585933064318 |     168 |   186.0 |10,71 |mscpnrg5.txt |1,5e+03 |
| 4 |  500 | 5000 |   40 |     0,1750 |1585933064318 |     168 |   186.0 |10,71 |mscpnrg5.txt |2,0e+03 |
| 4 |  600 | 5000 |   40 |     0,1750 |1585933064318 |     168 |   186.0 |10,71 |mscpnrg5.txt |2,4e+03 |
| 4 |  700 | 5000 |   45 |     0,4500 |1585933064318 |     168 |   186.0 |10,71 |mscpnrg5.txt |3,1e+03 |
| 4 |  800 | 5000 |   45 |     0,2667 |1585933064318 |     168 |   186.0 |10,71 |mscpnrg5.txt |3,7e+03 |
| 4 |  900 | 5000 |   45 |     0,2667 |1585933064318 |     168 |   186.0 |10,71 |mscpnrg5.txt |4,2e+03 |
| 4 | 1000 | 5000 |   45 |     0,2667 |1585933064318 |     168 |   186.0 |10,71 |mscpnrg5.txt |4,7e+03 |
| 4 | 1100 | 5000 |   50 |     0,4500 |1585933064318 |     168 |   186.0 |10,71 |mscpnrg5.txt |5,4e+03 |
| 4 | 1200 | 5000 |   50 |     0,4200 |1585933064318 |     168 |   186.0 |10,71 |mscpnrg5.txt |5,9e+03 |
| 4 | 1300 | 5000 |   50 |     0,4400 |1585933064318 |     168 |   186.0 |10,71 |mscpnrg5.txt |6,4e+03 |
| 4 | 1400 | 5000 |   50 |     0,4400 |1585933064318 |     168 |   186.0 |10,71 |mscpnrg5.txt |6,9e+03 |
| 4 | 1500 | 5000 |   55 |     0,4364 |1585933064318 |     168 |   186.0 |10,71 |mscpnrg5.txt |7,7e+03 |
| 4 | 1600 | 5000 |   55 |     0,4500 |1585933064318 |     168 |   186.0 |10,71 |mscpnrg5.txt |8,1e+03 |
| 4 | 1700 | 5000 |   55 |     0,4500 |1585933064318 |     168 |   186.0 |10,71 |mscpnrg5.txt |8,5e+03 |
| 4 | 1800 | 5000 |   55 |     0,4500 |1585933064318 |     168 |   186.0 |10,71 |mscpnrg5.txt |8,8e+03 |
| 4 | 1900 | 5000 |   60 |     0,4500 |1585933064318 |     168 |   186.0 |10,71 |mscpnrg5.txt |9,5e+03 |
| 4 | 2000 | 5000 |   60 |     0,4500 |1585933064318 |     168 |   186.0 |10,71 |mscpnrg5.txt |9,8e+03 |
| 4 | 2100 | 5000 |   60 |     0,4500 |1585933064318 |     168 |   186.0 |10,71 |mscpnrg5.txt |1,0e+04 |
| 4 | 2200 | 5000 |   60 |     0,4500 |1585933064318 |     168 |   186.0 |10,71 |mscpnrg5.txt |1,0e+04 |
| 4 | 2300 | 5000 |   65 |     0,4500 |1585933064318 |     168 |   186.0 |10,71 |mscpnrg5.txt |1,1e+04 |
| 4 | 2400 | 5000 |   65 |     0,4500 |1585933064318 |     168 |   186.0 |10,71 |mscpnrg5.txt |1,1e+04 |
| 4 | 2500 | 5000 |   65 |     0,1000 |1585933064318 |     168 |   186.0 |10,71 |mscpnrg5.txt |1,1e+04 |
| 4 | 2600 | 5000 |   65 |     0,1000 |1585933064318 |     168 |   186.0 |10,71 |mscpnrg5.txt |1,1e+04 |
| 4 | 2700 | 5000 |   70 |     0,4500 |1585933064318 |     168 |   182.0 | 8,33 |mscpnrg5.txt |1,2e+04 |
| 4 | 2800 | 5000 |   70 |     0,4500 |1585933064318 |     168 |   182.0 | 8,33 |mscpnrg5.txt |1,2e+04 |
| 4 | 2900 | 5000 |   70 |     0,4500 |1585933064318 |     168 |   182.0 | 8,33 |mscpnrg5.txt |1,2e+04 |
| 4 | 3000 | 5000 |   70 |     0,4429 |1585933064318 |     168 |   181.0 | 7,74 |mscpnrg5.txt |1,2e+04 |
| 4 | 3100 | 5000 |   75 |     0,4500 |1585933064318 |     168 |   181.0 | 7,74 |mscpnrg5.txt |1,3e+04 |
| 4 | 3200 | 5000 |   75 |     0,4500 |1585933064318 |     168 |   181.0 | 7,74 |mscpnrg5.txt |1,3e+04 |
| 4 | 3300 | 5000 |   75 |     0,4500 |1585933064318 |     168 |   181.0 | 7,74 |mscpnrg5.txt |1,4e+04 |
| 4 | 3400 | 5000 |   75 |     0,2533 |1585933064318 |     168 |   181.0 | 7,74 |mscpnrg5.txt |1,4e+04 |
| 4 | 3500 | 5000 |   80 |     0,4500 |1585933064318 |     168 |   181.0 | 7,74 |mscpnrg5.txt |1,4e+04 |
| 4 | 3600 | 5000 |   80 |     0,4500 |1585933064318 |     168 |   181.0 | 7,74 |mscpnrg5.txt |1,5e+04 |
| 4 | 3700 | 5000 |   80 |     0,4500 |1585933064318 |     168 |   181.0 | 7,74 |mscpnrg5.txt |1,5e+04 |
| 4 | 3800 | 5000 |   80 |     0,4500 |1585933064318 |     168 |   181.0 | 7,74 |mscpnrg5.txt |1,5e+04 |
| 4 | 3900 | 5000 |   85 |     0,4500 |1585933064318 |     168 |   181.0 | 7,74 |mscpnrg5.txt |1,6e+04 |
| 4 | 4000 | 5000 |   85 |     0,4500 |1585933064318 |     168 |   181.0 | 7,74 |mscpnrg5.txt |1,6e+04 |
| 4 | 4100 | 5000 |   85 |     0,4500 |1585933064318 |     168 |   181.0 | 7,74 |mscpnrg5.txt |1,6e+04 |
| 4 | 4200 | 5000 |   85 |     0,4500 |1585933064318 |     168 |   181.0 | 7,74 |mscpnrg5.txt |1,7e+04 |
| 4 | 4300 | 5000 |   90 |     0,4500 |1585933064318 |     168 |   181.0 | 7,74 |mscpnrg5.txt |1,7e+04 |
| 4 | 4400 | 5000 |   90 |     0,4500 |1585933064318 |     168 |   181.0 | 7,74 |mscpnrg5.txt |1,7e+04 |
| 4 | 4500 | 5000 |   90 |     0,4500 |1585933064318 |     168 |   181.0 | 7,74 |mscpnrg5.txt |1,7e+04 |
| 4 | 4600 | 5000 |   90 |     0,4500 |1585933064318 |     168 |   181.0 | 7,74 |mscpnrg5.txt |1,8e+04 |
| 4 | 4700 | 5000 |   95 |     0,4500 |1585933064318 |     168 |   181.0 | 7,74 |mscpnrg5.txt |1,8e+04 |
| 4 | 4800 | 5000 |   95 |     0,4500 |1585933064318 |     168 |   181.0 | 7,74 |mscpnrg5.txt |1,9e+04 |
| 4 | 4900 | 5000 |   95 |     0,4500 |1585933064318 |     168 |   181.0 | 7,74 |mscpnrg5.txt |1,9e+04 |
| 4 | 5000 | 5000 |   95 |     0,4500 |1585933064318 |     168 |   181.0 | 7,74 |mscpnrg5.txt |2,0e+04 |
| 4 | 1000 | 5000 |  100 |     0,4500 |1585933064318 |     168 |   181.0 | 7,74 |mscpnrg5.txt |2,0e+04 |
| 5 |    1 | 5000 |   35 |     0,2500 |1585953027481 |     168 | 10801.0 |6329,17 |mscpnrg5.txt |0,056 |
| 5 |  100 | 5000 |   35 |     0,4500 |1585953027481 |     168 |  9884.0 |5783,33 |mscpnrg5.txt |  6,0 |
| 5 |  200 | 5000 |   35 |     0,4000 |1585953027481 |     168 |  9222.0 |5389,29 |mscpnrg5.txt |   12 |
| 5 |  300 | 5000 |   35 |     0,4500 |1585953027481 |     168 |  8958.0 |5232,14 |mscpnrg5.txt |   18 |
| 5 |  400 | 5000 |   35 |     0,4000 |1585953027481 |     168 |  8669.0 |5060,12 |mscpnrg5.txt |   24 |
| 5 |  500 | 5000 |   35 |     0,4000 |1585953027481 |     168 |  8356.0 |4873,81 |mscpnrg5.txt |   29 |
| 5 |  600 | 5000 |   40 |     0,4500 |1585953027481 |     168 |   184.0 | 9,52 |mscpnrg5.txt |8,1e+02 |
| 5 |  700 | 5000 |   40 |     0,4500 |1585953027481 |     168 |   184.0 | 9,52 |mscpnrg5.txt |1,7e+03 |
| 5 |  800 | 5000 |   40 |     0,4500 |1585953027481 |     168 |   184.0 | 9,52 |mscpnrg5.txt |2,6e+03 |
| 5 |  900 | 5000 |   40 |     0,4250 |1585953027481 |     168 |   184.0 | 9,52 |mscpnrg5.txt |3,3e+03 |
| 5 | 1000 | 5000 |   45 |     0,3778 |1585953027481 |     168 |   184.0 | 9,52 |mscpnrg5.txt |3,9e+03 |
| 5 | 1100 | 5000 |   45 |     0,4222 |1585953027481 |     168 |   184.0 | 9,52 |mscpnrg5.txt |4,6e+03 |
| 5 | 1200 | 5000 |   45 |     0,4222 |1585953027481 |     168 |   184.0 | 9,52 |mscpnrg5.txt |5,2e+03 |
| 5 | 1300 | 5000 |   45 |     0,4000 |1585953027481 |     168 |   184.0 | 9,52 |mscpnrg5.txt |5,9e+03 |
| 5 | 1400 | 5000 |   50 |     0,4400 |1585953027481 |     168 |   184.0 | 9,52 |mscpnrg5.txt |6,8e+03 |
| 5 | 1500 | 5000 |   50 |     0,4500 |1585953027481 |     168 |   184.0 | 9,52 |mscpnrg5.txt |7,3e+03 |
| 5 | 1600 | 5000 |   50 |     0,4500 |1585953027481 |     168 |   184.0 | 9,52 |mscpnrg5.txt |7,8e+03 |
| 5 | 1700 | 5000 |   50 |     0,4500 |1585953027481 |     168 |   184.0 | 9,52 |mscpnrg5.txt |8,3e+03 |
| 5 | 1800 | 5000 |   55 |     0,4500 |1585953027481 |     168 |   184.0 | 9,52 |mscpnrg5.txt |9,1e+03 |
| 5 | 1900 | 5000 |   55 |     0,4500 |1585953027481 |     168 |   184.0 | 9,52 |mscpnrg5.txt |9,9e+03 |
| 5 | 2000 | 5000 |   55 |     0,4500 |1585953027481 |     168 |   184.0 | 9,52 |mscpnrg5.txt |1,1e+04 |
| 5 | 2100 | 5000 |   55 |     0,4500 |1585953027481 |     168 |   184.0 | 9,52 |mscpnrg5.txt |1,2e+04 |
| 5 | 2200 | 5000 |   60 |     0,4500 |1585953027481 |     168 |   184.0 | 9,52 |mscpnrg5.txt |1,3e+04 |
| 5 | 2300 | 5000 |   60 |     0,4500 |1585953027481 |     168 |   184.0 | 9,52 |mscpnrg5.txt |1,4e+04 |
| 5 | 2400 | 5000 |   60 |     0,4500 |1585953027481 |     168 |   184.0 | 9,52 |mscpnrg5.txt |1,4e+04 |
| 5 | 2500 | 5000 |   60 |     0,4500 |1585953027481 |     168 |   184.0 | 9,52 |mscpnrg5.txt |1,5e+04 |
| 5 | 2600 | 5000 |   65 |     0,4500 |1585953027481 |     168 |   184.0 | 9,52 |mscpnrg5.txt |1,5e+04 |
| 5 | 2700 | 5000 |   65 |     0,4500 |1585953027481 |     168 |   184.0 | 9,52 |mscpnrg5.txt |1,6e+04 |
| 5 | 2800 | 5000 |   65 |     0,4500 |1585953027481 |     168 |   184.0 | 9,52 |mscpnrg5.txt |1,6e+04 |
| 5 | 2900 | 5000 |   65 |     0,4500 |1585953027481 |     168 |   183.0 | 8,93 |mscpnrg5.txt |1,6e+04 |
| 5 | 3000 | 5000 |   70 |     0,4500 |1585953027481 |     168 |   183.0 | 8,93 |mscpnrg5.txt |1,7e+04 |
| 5 | 3100 | 5000 |   70 |     0,4500 |1585953027481 |     168 |   183.0 | 8,93 |mscpnrg5.txt |1,8e+04 |
| 5 | 3200 | 5000 |   70 |     0,4500 |1585953027481 |     168 |   183.0 | 8,93 |mscpnrg5.txt |1,8e+04 |
| 5 | 3300 | 5000 |   70 |     0,4500 |1585953027481 |     168 |   183.0 | 8,93 |mscpnrg5.txt |1,9e+04 |
| 5 | 3400 | 5000 |   75 |     0,4500 |1585953027481 |     168 |   183.0 | 8,93 |mscpnrg5.txt |2,0e+04 |
| 5 | 3500 | 5000 |   75 |     0,4500 |1585953027481 |     168 |   183.0 | 8,93 |mscpnrg5.txt |2,0e+04 |
| 5 | 3600 | 5000 |   75 |     0,4500 |1585953027481 |     168 |   183.0 | 8,93 |mscpnrg5.txt |2,1e+04 |
| 5 | 3700 | 5000 |   75 |     0,4500 |1585953027481 |     168 |   183.0 | 8,93 |mscpnrg5.txt |2,1e+04 |
| 5 | 3800 | 5000 |   80 |     0,4500 |1585953027481 |     168 |   183.0 | 8,93 |mscpnrg5.txt |2,2e+04 |
| 5 | 3900 | 5000 |   80 |     0,4500 |1585953027481 |     168 |   183.0 | 8,93 |mscpnrg5.txt |2,2e+04 |
| 5 | 4000 | 5000 |   80 |     0,4500 |1585953027481 |     168 |   183.0 | 8,93 |mscpnrg5.txt |2,3e+04 |
| 5 | 4100 | 5000 |   80 |     0,4500 |1585953027481 |     168 |   183.0 | 8,93 |mscpnrg5.txt |2,4e+04 |
| 5 | 4200 | 5000 |   85 |     0,4500 |1585953027481 |     168 |   183.0 | 8,93 |mscpnrg5.txt |2,5e+04 |
| 5 | 4300 | 5000 |   85 |     0,4500 |1585953027481 |     168 |   183.0 | 8,93 |mscpnrg5.txt |2,5e+04 |
| 5 | 4400 | 5000 |   85 |     0,4500 |1585953027481 |     168 |   183.0 | 8,93 |mscpnrg5.txt |2,6e+04 |
| 5 | 4500 | 5000 |   85 |     0,4500 |1585953027481 |     168 |   183.0 | 8,93 |mscpnrg5.txt |2,6e+04 |
| 5 | 4600 | 5000 |   90 |     0,4500 |1585953027481 |     168 |   183.0 | 8,93 |mscpnrg5.txt |2,7e+04 |
| 5 | 4700 | 5000 |   90 |     0,4500 |1585953027481 |     168 |   183.0 | 8,93 |mscpnrg5.txt |2,8e+04 |
| 5 | 4800 | 5000 |   90 |     0,4500 |1585953027481 |     168 |   183.0 | 8,93 |mscpnrg5.txt |2,8e+04 |
| 5 | 4900 | 5000 |   90 |     0,4500 |1585953027481 |     168 |   183.0 | 8,93 |mscpnrg5.txt |2,9e+04 |
| 5 | 5000 | 5000 |   95 |     0,4500 |1585953027481 |     168 |   183.0 | 8,93 |mscpnrg5.txt |3,0e+04 |
| 5 | 1000 | 5000 |   95 |     0,4500 |1585953027481 |     168 |   183.0 | 8,93 |mscpnrg5.txt |3,0e+04 |
| 6 |    1 | 5000 |   35 |     0,2500 |1585983011977 |     168 | 10646.0 |6236,90 |mscpnrg5.txt |0,050 |
| 6 |  100 | 5000 |   35 |     0,4286 |1585983011977 |     168 |  9635.0 |5635,12 |mscpnrg5.txt |  4,3 |
| 6 |  200 | 5000 |   35 |     0,3429 |1585983011977 |     168 |  9391.0 |5489,88 |mscpnrg5.txt |  8,6 |
| 6 |  300 | 5000 |   35 |     0,2857 |1585983011977 |     168 |  9116.0 |5326,19 |mscpnrg5.txt |   13 |
| 6 |  400 | 5000 |   40 |     0,4500 |1585983011977 |     168 |   184.0 | 9,52 |mscpnrg5.txt |8,2e+02 |
| 6 |  500 | 5000 |   40 |     0,4500 |1585983011977 |     168 |   184.0 | 9,52 |mscpnrg5.txt |1,8e+03 |
| 6 |  600 | 5000 |   40 |     0,4500 |1585983011977 |     168 |   184.0 | 9,52 |mscpnrg5.txt |2,8e+03 |
| 6 |  700 | 5000 |   40 |     0,4500 |1585983011977 |     168 |   184.0 | 9,52 |mscpnrg5.txt |3,8e+03 |
| 6 |  800 | 5000 |   45 |     0,4500 |1585983011977 |     168 |   184.0 | 9,52 |mscpnrg5.txt |5,2e+03 |
| 6 |  900 | 5000 |   45 |     0,4500 |1585983011977 |     168 |   184.0 | 9,52 |mscpnrg5.txt |6,4e+03 |
| 6 | 1000 | 5000 |   45 |     0,4500 |1585983011977 |     168 |   184.0 | 9,52 |mscpnrg5.txt |7,5e+03 |
| 6 | 1100 | 5000 |   45 |     0,4500 |1585983011977 |     168 |   184.0 | 9,52 |mscpnrg5.txt |8,5e+03 |
| 6 | 1200 | 5000 |   50 |     0,4500 |1585983011977 |     168 |   184.0 | 9,52 |mscpnrg5.txt |9,8e+03 |
| 6 | 1300 | 5000 |   50 |     0,4500 |1585983011977 |     168 |   184.0 | 9,52 |mscpnrg5.txt |1,1e+04 |
| 6 | 1400 | 5000 |   50 |     0,4500 |1585983011977 |     168 |   184.0 | 9,52 |mscpnrg5.txt |1,2e+04 |
| 6 | 1500 | 5000 |   50 |     0,4500 |1585983011977 |     168 |   184.0 | 9,52 |mscpnrg5.txt |1,3e+04 |
| 6 | 1600 | 5000 |   55 |     0,4182 |1585983011977 |     168 |   184.0 | 9,52 |mscpnrg5.txt |1,4e+04 |
| 6 | 1700 | 5000 |   55 |     0,4182 |1585983011977 |     168 |   184.0 | 9,52 |mscpnrg5.txt |1,5e+04 |
| 6 | 1800 | 5000 |   55 |     0,4182 |1585983011977 |     168 |   184.0 | 9,52 |mscpnrg5.txt |1,5e+04 |
| 6 | 1900 | 5000 |   55 |     0,4500 |1585983011977 |     168 |   184.0 | 9,52 |mscpnrg5.txt |1,6e+04 |
| 6 | 2000 | 5000 |   60 |     0,4500 |1585983011977 |     168 |   184.0 | 9,52 |mscpnrg5.txt |1,7e+04 |
| 6 | 2100 | 5000 |   60 |     0,4500 |1585983011977 |     168 |   184.0 | 9,52 |mscpnrg5.txt |1,7e+04 |
| 6 | 2200 | 5000 |   60 |     0,4500 |1585983011977 |     168 |   184.0 | 9,52 |mscpnrg5.txt |1,8e+04 |
| 6 | 2300 | 5000 |   60 |     0,4500 |1585983011977 |     168 |   184.0 | 9,52 |mscpnrg5.txt |1,9e+04 |
| 6 | 2400 | 5000 |   65 |     0,4500 |1585983011977 |     168 |   184.0 | 9,52 |mscpnrg5.txt |1,9e+04 |
| 6 | 2500 | 5000 |   65 |     0,4500 |1585983011977 |     168 |   184.0 | 9,52 |mscpnrg5.txt |2,0e+04 |
| 6 | 2600 | 5000 |   65 |     0,4500 |1585983011977 |     168 |   184.0 | 9,52 |mscpnrg5.txt |2,2e+04 |
| 6 | 2700 | 5000 |   65 |     0,4500 |1585983011977 |     168 |   184.0 | 9,52 |mscpnrg5.txt |2,3e+04 |
| 6 | 2800 | 5000 |   70 |     0,4500 |1585983011977 |     168 |   184.0 | 9,52 |mscpnrg5.txt |2,4e+04 |
| 6 | 2900 | 5000 |   70 |     0,4500 |1585983011977 |     168 |   184.0 | 9,52 |mscpnrg5.txt |2,5e+04 |
| 6 | 3000 | 5000 |   70 |     0,4500 |1585983011977 |     168 |   184.0 | 9,52 |mscpnrg5.txt |2,6e+04 |
| 6 | 3100 | 5000 |   70 |     0,4500 |1585983011977 |     168 |   184.0 | 9,52 |mscpnrg5.txt |2,7e+04 |
| 6 | 3200 | 5000 |   75 |     0,4500 |1585983011977 |     168 |   184.0 | 9,52 |mscpnrg5.txt |2,8e+04 |
| 6 | 3300 | 5000 |   75 |     0,4500 |1585983011977 |     168 |   184.0 | 9,52 |mscpnrg5.txt |2,9e+04 |
| 6 | 3400 | 5000 |   75 |     0,4500 |1585983011977 |     168 |   184.0 | 9,52 |mscpnrg5.txt |3,0e+04 |
| 6 | 3500 | 5000 |   75 |     0,4500 |1585983011977 |     168 |   184.0 | 9,52 |mscpnrg5.txt |3,1e+04 |
| 6 | 3600 | 5000 |   80 |     0,4500 |1585983011977 |     168 |   184.0 | 9,52 |mscpnrg5.txt |3,2e+04 |
| 6 | 3700 | 5000 |   80 |     0,4500 |1585983011977 |     168 |   184.0 | 9,52 |mscpnrg5.txt |3,3e+04 |
| 6 | 3800 | 5000 |   80 |     0,4500 |1585983011977 |     168 |   184.0 | 9,52 |mscpnrg5.txt |3,4e+04 |
| 6 | 3900 | 5000 |   80 |     0,4500 |1585983011977 |     168 |   184.0 | 9,52 |mscpnrg5.txt |3,5e+04 |
| 6 | 4000 | 5000 |   85 |     0,4500 |1585983011977 |     168 |   184.0 | 9,52 |mscpnrg5.txt |3,5e+04 |
| 6 | 4100 | 5000 |   85 |     0,4500 |1585983011977 |     168 |   184.0 | 9,52 |mscpnrg5.txt |3,6e+04 |
| 6 | 4200 | 5000 |   85 |     0,4500 |1585983011977 |     168 |   184.0 | 9,52 |mscpnrg5.txt |3,7e+04 |
| 6 | 4300 | 5000 |   85 |     0,4500 |1585983011977 |     168 |   184.0 | 9,52 |mscpnrg5.txt |3,9e+04 |
| 6 | 4400 | 5000 |   90 |     0,4500 |1585983011977 |     168 |   184.0 | 9,52 |mscpnrg5.txt |4,0e+04 |
| 6 | 4500 | 5000 |   90 |     0,4500 |1585983011977 |     168 |   184.0 | 9,52 |mscpnrg5.txt |4,1e+04 |
| 6 | 4600 | 5000 |   90 |     0,4500 |1585983011977 |     168 |   184.0 | 9,52 |mscpnrg5.txt |4,2e+04 |
| 6 | 4700 | 5000 |   90 |     0,4500 |1585983011977 |     168 |   184.0 | 9,52 |mscpnrg5.txt |4,4e+04 |
| 6 | 4800 | 5000 |   95 |     0,4500 |1585983011977 |     168 |   184.0 | 9,52 |mscpnrg5.txt |4,5e+04 |
| 6 | 4900 | 5000 |   95 |     0,4500 |1585983011977 |     168 |   184.0 | 9,52 |mscpnrg5.txt |4,6e+04 |
| 6 | 5000 | 5000 |   95 |     0,4500 |1585983011977 |     168 |   184.0 | 9,52 |mscpnrg5.txt |4,7e+04 |
| 6 | 1000 | 5000 |   95 |     0,4500 |1585983011977 |     168 |   184.0 | 9,52 |mscpnrg5.txt |4,7e+04 |
| 7 |    1 | 5000 |   35 |     0,2500 |1586030094467 |     168 | 11019.0 |6458,93 |mscpnrg5.txt |0,059 |
| 7 |  100 | 5000 |   35 |     0,4286 |1586030094467 |     168 | 10100.0 |5911,90 |mscpnrg5.txt |  8,9 |
| 7 |  200 | 5000 |   40 |     0,4500 |1586030094467 |     168 |   183.0 | 8,93 |mscpnrg5.txt |9,1e+02 |
| 7 |  300 | 5000 |   40 |     0,4500 |1586030094467 |     168 |   183.0 | 8,93 |mscpnrg5.txt |2,0e+03 |
| 7 |  400 | 5000 |   40 |     0,4500 |1586030094467 |     168 |   183.0 | 8,93 |mscpnrg5.txt |3,0e+03 |
| 7 |  500 | 5000 |   40 |     0,4500 |1586030094467 |     168 |   183.0 | 8,93 |mscpnrg5.txt |4,0e+03 |
| 7 |  600 | 5000 |   45 |     0,4500 |1586030094467 |     168 |   183.0 | 8,93 |mscpnrg5.txt |5,3e+03 |
| 7 |  700 | 5000 |   45 |     0,4500 |1586030094467 |     168 |   183.0 | 8,93 |mscpnrg5.txt |6,1e+03 |
| 7 |  800 | 5000 |   45 |     0,4000 |1586030094467 |     168 |   183.0 | 8,93 |mscpnrg5.txt |6,6e+03 |
| 7 |  900 | 5000 |   45 |     0,4000 |1586030094467 |     168 |   183.0 | 8,93 |mscpnrg5.txt |7,1e+03 |
| 7 | 1000 | 5000 |   50 |     0,4500 |1586030094467 |     168 |   183.0 | 8,93 |mscpnrg5.txt |7,9e+03 |
| 7 | 1100 | 5000 |   50 |     0,4500 |1586030094467 |     168 |   183.0 | 8,93 |mscpnrg5.txt |8,7e+03 |
| 7 | 1200 | 5000 |   50 |     0,4200 |1586030094467 |     168 |   183.0 | 8,93 |mscpnrg5.txt |9,4e+03 |
| 7 | 1300 | 5000 |   50 |     0,4400 |1586030094467 |     168 |   183.0 | 8,93 |mscpnrg5.txt |1,0e+04 |
| 7 | 1400 | 5000 |   55 |     0,4500 |1586030094467 |     168 |   183.0 | 8,93 |mscpnrg5.txt |1,1e+04 |
| 7 | 1500 | 5000 |   55 |     0,4500 |1586030094467 |     168 |   183.0 | 8,93 |mscpnrg5.txt |1,2e+04 |
| 7 | 1600 | 5000 |   55 |     0,4500 |1586030094467 |     168 |   183.0 | 8,93 |mscpnrg5.txt |1,3e+04 |
| 7 | 1700 | 5000 |   55 |     0,4500 |1586030094467 |     168 |   183.0 | 8,93 |mscpnrg5.txt |1,4e+04 |
| 7 | 1800 | 5000 |   60 |     0,4500 |1586030094467 |     168 |   183.0 | 8,93 |mscpnrg5.txt |1,5e+04 |
| 7 | 1900 | 5000 |   60 |     0,4500 |1586030094467 |     168 |   183.0 | 8,93 |mscpnrg5.txt |1,6e+04 |
| 7 | 2000 | 5000 |   60 |     0,4500 |1586030094467 |     168 |   183.0 | 8,93 |mscpnrg5.txt |1,7e+04 |
| 7 | 2100 | 5000 |   60 |     0,4500 |1586030094467 |     168 |   183.0 | 8,93 |mscpnrg5.txt |1,8e+04 |
| 7 | 2200 | 5000 |   65 |     0,4500 |1586030094467 |     168 |   183.0 | 8,93 |mscpnrg5.txt |1,9e+04 |
| 7 | 2300 | 5000 |   65 |     0,4500 |1586030094467 |     168 |   183.0 | 8,93 |mscpnrg5.txt |2,0e+04 |
| 7 | 2400 | 5000 |   65 |     0,4500 |1586030094467 |     168 |   183.0 | 8,93 |mscpnrg5.txt |2,0e+04 |
| 7 | 2500 | 5000 |   65 |     0,4500 |1586030094467 |     168 |   183.0 | 8,93 |mscpnrg5.txt |2,1e+04 |
| 7 | 2600 | 5000 |   70 |     0,4500 |1586030094467 |     168 |   183.0 | 8,93 |mscpnrg5.txt |2,2e+04 |
| 7 | 2700 | 5000 |   70 |     0,4500 |1586030094467 |     168 |   183.0 | 8,93 |mscpnrg5.txt |2,3e+04 |
| 7 | 2800 | 5000 |   70 |     0,4500 |1586030094467 |     168 |   183.0 | 8,93 |mscpnrg5.txt |2,4e+04 |
| 7 | 2900 | 5000 |   70 |     0,4500 |1586030094467 |     168 |   183.0 | 8,93 |mscpnrg5.txt |2,5e+04 |
| 7 | 3000 | 5000 |   75 |     0,4500 |1586030094467 |     168 |   183.0 | 8,93 |mscpnrg5.txt |2,6e+04 |
| 7 | 3100 | 5000 |   75 |     0,4500 |1586030094467 |     168 |   183.0 | 8,93 |mscpnrg5.txt |2,6e+04 |
| 7 | 3200 | 5000 |   75 |     0,4500 |1586030094467 |     168 |   183.0 | 8,93 |mscpnrg5.txt |2,7e+04 |
| 7 | 3300 | 5000 |   75 |     0,4500 |1586030094467 |     168 |   183.0 | 8,93 |mscpnrg5.txt |2,8e+04 |
| 7 | 3400 | 5000 |   80 |     0,4500 |1586030094467 |     168 |   183.0 | 8,93 |mscpnrg5.txt |2,8e+04 |
| 7 | 3500 | 5000 |   80 |     0,4500 |1586030094467 |     168 |   183.0 | 8,93 |mscpnrg5.txt |2,9e+04 |
| 7 | 3600 | 5000 |   80 |     0,4500 |1586030094467 |     168 |   183.0 | 8,93 |mscpnrg5.txt |3,0e+04 |
| 7 | 3700 | 5000 |   80 |     0,4500 |1586030094467 |     168 |   183.0 | 8,93 |mscpnrg5.txt |3,1e+04 |
| 7 | 3800 | 5000 |   85 |     0,4500 |1586030094467 |     168 |   183.0 | 8,93 |mscpnrg5.txt |3,2e+04 |
| 7 | 3900 | 5000 |   85 |     0,4500 |1586030094467 |     168 |   183.0 | 8,93 |mscpnrg5.txt |3,3e+04 |
| 7 | 4000 | 5000 |   85 |     0,4500 |1586030094467 |     168 |   183.0 | 8,93 |mscpnrg5.txt |3,4e+04 |
| 7 | 4100 | 5000 |   85 |     0,4500 |1586030094467 |     168 |   183.0 | 8,93 |mscpnrg5.txt |3,5e+04 |
| 7 | 4200 | 5000 |   90 |     0,4500 |1586030094467 |     168 |   183.0 | 8,93 |mscpnrg5.txt |3,6e+04 |
| 7 | 4300 | 5000 |   90 |     0,4500 |1586030094467 |     168 |   183.0 | 8,93 |mscpnrg5.txt |3,7e+04 |
| 7 | 4400 | 5000 |   90 |     0,4500 |1586030094467 |     168 |   183.0 | 8,93 |mscpnrg5.txt |3,7e+04 |
| 7 | 4500 | 5000 |   90 |     0,4500 |1586030094467 |     168 |   183.0 | 8,93 |mscpnrg5.txt |3,8e+04 |
| 7 | 4600 | 5000 |   95 |     0,4500 |1586030094467 |     168 |   183.0 | 8,93 |mscpnrg5.txt |3,9e+04 |
| 7 | 4700 | 5000 |   95 |     0,4500 |1586030094467 |     168 |   183.0 | 8,93 |mscpnrg5.txt |4,0e+04 |
| 7 | 4800 | 5000 |   95 |     0,4500 |1586030094467 |     168 |   183.0 | 8,93 |mscpnrg5.txt |4,1e+04 |
| 7 | 4900 | 5000 |   95 |     0,4500 |1586030094467 |     168 |   183.0 | 8,93 |mscpnrg5.txt |4,2e+04 |
| 7 | 5000 | 5000 |  100 |     0,4500 |1586030094467 |     168 |   183.0 | 8,93 |mscpnrg5.txt |4,3e+04 |
| 7 | 1000 | 5000 |  100 |     0,4500 |1586030094467 |     168 |   183.0 | 8,93 |mscpnrg5.txt |4,3e+04 |
| 8 |    1 | 5000 |   35 |     0,2500 |1586072968965 |     168 | 10904.0 |6390,48 |mscpnrg5.txt |0,056 |
| 8 |  100 | 5000 |   35 |     0,2857 |1586072968965 |     168 |  9799.0 |5732,74 |mscpnrg5.txt |  5,3 |
| 8 |  200 | 5000 |   35 |     0,4286 |1586072968965 |     168 |  9529.0 |5572,02 |mscpnrg5.txt |   11 |
| 8 |  300 | 5000 |   35 |     0,4500 |1586072968965 |     168 |  9050.0 |5286,90 |mscpnrg5.txt |   16 |
| 8 |  400 | 5000 |   40 |     0,4500 |1586072968965 |     168 |   186.0 |10,71 |mscpnrg5.txt |7,1e+02 |
| 8 |  500 | 5000 |   40 |     0,4500 |1586072968965 |     168 |   184.0 | 9,52 |mscpnrg5.txt |1,6e+03 |
| 8 |  600 | 5000 |   40 |     0,4500 |1586072968965 |     168 |   184.0 | 9,52 |mscpnrg5.txt |2,4e+03 |
| 8 |  700 | 5000 |   40 |     0,4500 |1586072968965 |     168 |   184.0 | 9,52 |mscpnrg5.txt |3,3e+03 |
| 8 |  800 | 5000 |   45 |     0,4500 |1586072968965 |     168 |   184.0 | 9,52 |mscpnrg5.txt |4,5e+03 |
| 8 |  900 | 5000 |   45 |     0,4500 |1586072968965 |     168 |   184.0 | 9,52 |mscpnrg5.txt |5,7e+03 |
| 8 | 1000 | 5000 |   45 |     0,4500 |1586072968965 |     168 |   184.0 | 9,52 |mscpnrg5.txt |6,8e+03 |
| 8 | 1100 | 5000 |   45 |     0,4500 |1586072968965 |     168 |   184.0 | 9,52 |mscpnrg5.txt |8,0e+03 |
| 8 | 1200 | 5000 |   50 |     0,4500 |1586072968965 |     168 |   184.0 | 9,52 |mscpnrg5.txt |9,5e+03 |
| 8 | 1300 | 5000 |   50 |     0,4500 |1586072968965 |     168 |   184.0 | 9,52 |mscpnrg5.txt |1,0e+04 |
| 8 | 1400 | 5000 |   50 |     0,4400 |1586072968965 |     168 |   184.0 | 9,52 |mscpnrg5.txt |1,1e+04 |
| 8 | 1500 | 5000 |   50 |     0,4400 |1586072968965 |     168 |   184.0 | 9,52 |mscpnrg5.txt |1,2e+04 |
| 8 | 1600 | 5000 |   55 |     0,4182 |1586072968965 |     168 |   184.0 | 9,52 |mscpnrg5.txt |1,2e+04 |
| 8 | 1700 | 5000 |   55 |     0,4182 |1586072968965 |     168 |   184.0 | 9,52 |mscpnrg5.txt |1,3e+04 |
| 8 | 1800 | 5000 |   55 |     0,4182 |1586072968965 |     168 |   184.0 | 9,52 |mscpnrg5.txt |1,4e+04 |
| 8 | 1900 | 5000 |   55 |     0,4182 |1586072968965 |     168 |   184.0 | 9,52 |mscpnrg5.txt |1,5e+04 |
| 8 | 2000 | 5000 |   60 |     0,4500 |1586072968965 |     168 |   184.0 | 9,52 |mscpnrg5.txt |1,6e+04 |
| 8 | 2100 | 5000 |   60 |     0,4500 |1586072968965 |     168 |   184.0 | 9,52 |mscpnrg5.txt |1,6e+04 |
| 8 | 2200 | 5000 |   60 |     0,4500 |1586072968965 |     168 |   184.0 | 9,52 |mscpnrg5.txt |1,7e+04 |
| 8 | 2300 | 5000 |   60 |     0,4500 |1586072968965 |     168 |   184.0 | 9,52 |mscpnrg5.txt |1,7e+04 |
| 8 | 2400 | 5000 |   65 |     0,4500 |1586072968965 |     168 |   184.0 | 9,52 |mscpnrg5.txt |1,8e+04 |
| 8 | 2500 | 5000 |   65 |     0,4500 |1586072968965 |     168 |   184.0 | 9,52 |mscpnrg5.txt |1,9e+04 |
| 8 | 2600 | 5000 |   65 |     0,4500 |1586072968965 |     168 |   184.0 | 9,52 |mscpnrg5.txt |2,0e+04 |
| 8 | 2700 | 5000 |   65 |     0,4500 |1586072968965 |     168 |   184.0 | 9,52 |mscpnrg5.txt |2,1e+04 |
| 8 | 2800 | 5000 |   70 |     0,4500 |1586072968965 |     168 |   184.0 | 9,52 |mscpnrg5.txt |2,2e+04 |
| 8 | 2900 | 5000 |   70 |     0,4500 |1586072968965 |     168 |   184.0 | 9,52 |mscpnrg5.txt |2,3e+04 |
| 8 | 3000 | 5000 |   70 |     0,4500 |1586072968965 |     168 |   184.0 | 9,52 |mscpnrg5.txt |2,4e+04 |
| 8 | 3100 | 5000 |   70 |     0,4500 |1586072968965 |     168 |   184.0 | 9,52 |mscpnrg5.txt |2,5e+04 |
| 8 | 3200 | 5000 |   75 |     0,4500 |1586072968965 |     168 |   184.0 | 9,52 |mscpnrg5.txt |2,6e+04 |
| 8 | 3300 | 5000 |   75 |     0,4500 |1586072968965 |     168 |   184.0 | 9,52 |mscpnrg5.txt |2,7e+04 |
| 8 | 3400 | 5000 |   75 |     0,4500 |1586072968965 |     168 |   184.0 | 9,52 |mscpnrg5.txt |2,8e+04 |
| 8 | 3500 | 5000 |   75 |     0,4500 |1586072968965 |     168 |   184.0 | 9,52 |mscpnrg5.txt |2,8e+04 |
| 8 | 3600 | 5000 |   80 |     0,4500 |1586072968965 |     168 |   184.0 | 9,52 |mscpnrg5.txt |2,9e+04 |
| 8 | 3700 | 5000 |   80 |     0,4500 |1586072968965 |     168 |   184.0 | 9,52 |mscpnrg5.txt |3,0e+04 |
| 8 | 3800 | 5000 |   80 |     0,4500 |1586072968965 |     168 |   184.0 | 9,52 |mscpnrg5.txt |3,1e+04 |
| 8 | 3900 | 5000 |   80 |     0,4500 |1586072968965 |     168 |   184.0 | 9,52 |mscpnrg5.txt |3,2e+04 |
| 8 | 4000 | 5000 |   85 |     0,4500 |1586072968965 |     168 |   184.0 | 9,52 |mscpnrg5.txt |3,3e+04 |
| 8 | 4100 | 5000 |   85 |     0,4500 |1586072968965 |     168 |   184.0 | 9,52 |mscpnrg5.txt |3,5e+04 |
| 8 | 4200 | 5000 |   85 |     0,4500 |1586072968965 |     168 |   184.0 | 9,52 |mscpnrg5.txt |3,6e+04 |
| 8 | 4300 | 5000 |   85 |     0,4500 |1586072968965 |     168 |   184.0 | 9,52 |mscpnrg5.txt |3,7e+04 |
| 8 | 4400 | 5000 |   90 |     0,4500 |1586072968965 |     168 |   184.0 | 9,52 |mscpnrg5.txt |3,8e+04 |
| 8 | 4500 | 5000 |   90 |     0,4500 |1586072968965 |     168 |   184.0 | 9,52 |mscpnrg5.txt |3,9e+04 |
| 8 | 4600 | 5000 |   90 |     0,4500 |1586072968965 |     168 |   184.0 | 9,52 |mscpnrg5.txt |4,1e+04 |
| 8 | 4700 | 5000 |   90 |     0,4500 |1586072968965 |     168 |   184.0 | 9,52 |mscpnrg5.txt |4,3e+04 |
| 8 | 4800 | 5000 |   95 |     0,4500 |1586072968965 |     168 |   184.0 | 9,52 |mscpnrg5.txt |4,6e+04 |
| 8 | 4900 | 5000 |   95 |     0,4500 |1586072968965 |     168 |   184.0 | 9,52 |mscpnrg5.txt |4,7e+04 |
| 8 | 5000 | 5000 |   95 |     0,4500 |1586072968965 |     168 |   184.0 | 9,52 |mscpnrg5.txt |4,8e+04 |
| 8 | 1000 | 5000 |   95 |     0,4500 |1586072968965 |     168 |   184.0 | 9,52 |mscpnrg5.txt |4,8e+04 |
| 9 |    1 | 5000 |   35 |     0,2500 |1586121432545 |     168 | 10816.0 |6338,10 |mscpnrg5.txt |0,069 |
| 9 |  100 | 5000 |   35 |     0,4500 |1586121432545 |     168 |  9754.0 |5705,95 |mscpnrg5.txt |  9,3 |
| 9 |  200 | 5000 |   40 |     0,4500 |1586121432545 |     168 |   186.0 |10,71 |mscpnrg5.txt |9,8e+02 |
| 9 |  300 | 5000 |   40 |     0,4500 |1586121432545 |     168 |   184.0 | 9,52 |mscpnrg5.txt |2,1e+03 |
| 9 |  400 | 5000 |   40 |     0,4500 |1586121432545 |     168 |   184.0 | 9,52 |mscpnrg5.txt |3,8e+03 |
| 9 |  500 | 5000 |   40 |     0,4500 |1586121432545 |     168 |   184.0 | 9,52 |mscpnrg5.txt |4,8e+03 |
| 9 |  600 | 5000 |   45 |     0,4500 |1586121432545 |     168 |   184.0 | 9,52 |mscpnrg5.txt |5,8e+03 |
| 9 |  700 | 5000 |   45 |     0,2444 |1586121432545 |     168 |   184.0 | 9,52 |mscpnrg5.txt |6,6e+03 |
| 9 |  800 | 5000 |   45 |     0,2667 |1586121432545 |     168 |   184.0 | 9,52 |mscpnrg5.txt |7,3e+03 |
| 9 |  900 | 5000 |   45 |     0,4500 |1586121432545 |     168 |   184.0 | 9,52 |mscpnrg5.txt |7,7e+03 |
| 9 | 1000 | 5000 |   50 |     0,4500 |1586121432545 |     168 |   184.0 | 9,52 |mscpnrg5.txt |8,5e+03 |
| 9 | 1100 | 5000 |   50 |     0,4500 |1586121432545 |     168 |   184.0 | 9,52 |mscpnrg5.txt |9,3e+03 |
| 9 | 1200 | 5000 |   50 |     0,4500 |1586121432545 |     168 |   182.0 | 8,33 |mscpnrg5.txt |1,0e+04 |
| 9 | 1300 | 5000 |   50 |     0,4500 |1586121432545 |     168 |   182.0 | 8,33 |mscpnrg5.txt |1,1e+04 |
| 9 | 1400 | 5000 |   55 |     0,4500 |1586121432545 |     168 |   182.0 | 8,33 |mscpnrg5.txt |1,2e+04 |
| 9 | 1500 | 5000 |   55 |     0,4500 |1586121432545 |     168 |   182.0 | 8,33 |mscpnrg5.txt |1,3e+04 |
| 9 | 1600 | 5000 |   55 |     0,4500 |1586121432545 |     168 |   182.0 | 8,33 |mscpnrg5.txt |1,4e+04 |
| 9 | 1700 | 5000 |   55 |     0,4500 |1586121432545 |     168 |   182.0 | 8,33 |mscpnrg5.txt |1,5e+04 |
| 9 | 1800 | 5000 |   60 |     0,4500 |1586121432545 |     168 |   182.0 | 8,33 |mscpnrg5.txt |1,7e+04 |
| 9 | 1900 | 5000 |   60 |     0,4500 |1586121432545 |     168 |   182.0 | 8,33 |mscpnrg5.txt |1,9e+04 |
| 9 | 2000 | 5000 |   60 |     0,4500 |1586121432545 |     168 |   182.0 | 8,33 |mscpnrg5.txt |2,0e+04 |
| 9 | 2100 | 5000 |   60 |     0,4500 |1586121432545 |     168 |   182.0 | 8,33 |mscpnrg5.txt |2,1e+04 |
| 9 | 2200 | 5000 |   65 |     0,4500 |1586121432545 |     168 |   182.0 | 8,33 |mscpnrg5.txt |2,1e+04 |
| 9 | 2300 | 5000 |   65 |     0,4500 |1586121432545 |     168 |   182.0 | 8,33 |mscpnrg5.txt |2,2e+04 |
| 9 | 2400 | 5000 |   65 |     0,4500 |1586121432545 |     168 |   182.0 | 8,33 |mscpnrg5.txt |2,3e+04 |
| 9 | 2500 | 5000 |   65 |     0,4500 |1586121432545 |     168 |   182.0 | 8,33 |mscpnrg5.txt |2,4e+04 |
| 9 | 2600 | 5000 |   70 |     0,4500 |1586121432545 |     168 |   182.0 | 8,33 |mscpnrg5.txt |2,5e+04 |
| 9 | 2700 | 5000 |   70 |     0,4500 |1586121432545 |     168 |   182.0 | 8,33 |mscpnrg5.txt |2,5e+04 |
| 9 | 2800 | 5000 |   70 |     0,4500 |1586121432545 |     168 |   182.0 | 8,33 |mscpnrg5.txt |2,6e+04 |
| 9 | 2900 | 5000 |   70 |     0,4500 |1586121432545 |     168 |   182.0 | 8,33 |mscpnrg5.txt |2,6e+04 |
| 9 | 3000 | 5000 |   75 |     0,4500 |1586121432545 |     168 |   182.0 | 8,33 |mscpnrg5.txt |2,7e+04 |
| 9 | 3100 | 5000 |   75 |     0,4500 |1586121432545 |     168 |   182.0 | 8,33 |mscpnrg5.txt |2,8e+04 |
| 9 | 3200 | 5000 |   75 |     0,4500 |1586121432545 |     168 |   182.0 | 8,33 |mscpnrg5.txt |2,8e+04 |
| 9 | 3300 | 5000 |   75 |     0,4500 |1586121432545 |     168 |   182.0 | 8,33 |mscpnrg5.txt |2,9e+04 |
| 9 | 3400 | 5000 |   80 |     0,4500 |1586121432545 |     168 |   182.0 | 8,33 |mscpnrg5.txt |3,0e+04 |
| 9 | 3500 | 5000 |   80 |     0,4500 |1586121432545 |     168 |   182.0 | 8,33 |mscpnrg5.txt |3,1e+04 |
| 9 | 3600 | 5000 |   80 |     0,4500 |1586121432545 |     168 |   182.0 | 8,33 |mscpnrg5.txt |3,1e+04 |
| 9 | 3700 | 5000 |   80 |     0,4500 |1586121432545 |     168 |   182.0 | 8,33 |mscpnrg5.txt |3,1e+04 |
| 9 | 3800 | 5000 |   85 |     0,4500 |1586121432545 |     168 |   182.0 | 8,33 |mscpnrg5.txt |3,2e+04 |
| 9 | 3900 | 5000 |   85 |     0,4500 |1586121432545 |     168 |   182.0 | 8,33 |mscpnrg5.txt |3,3e+04 |
| 9 | 4000 | 5000 |   85 |     0,4500 |1586121432545 |     168 |   182.0 | 8,33 |mscpnrg5.txt |3,4e+04 |
| 9 | 4100 | 5000 |   85 |     0,4500 |1586121432545 |     168 |   182.0 | 8,33 |mscpnrg5.txt |3,4e+04 |
| 9 | 4200 | 5000 |   90 |     0,4500 |1586121432545 |     168 |   182.0 | 8,33 |mscpnrg5.txt |3,5e+04 |
| 9 | 4300 | 5000 |   90 |     0,4500 |1586121432545 |     168 |   182.0 | 8,33 |mscpnrg5.txt |3,6e+04 |
| 9 | 4400 | 5000 |   90 |     0,4500 |1586121432545 |     168 |   182.0 | 8,33 |mscpnrg5.txt |3,7e+04 |
| 9 | 4500 | 5000 |   90 |     0,4500 |1586121432545 |     168 |   182.0 | 8,33 |mscpnrg5.txt |3,8e+04 |
| 9 | 4600 | 5000 |   95 |     0,4500 |1586121432545 |     168 |   182.0 | 8,33 |mscpnrg5.txt |3,9e+04 |
| 9 | 4700 | 5000 |   95 |     0,4500 |1586121432545 |     168 |   182.0 | 8,33 |mscpnrg5.txt |3,9e+04 |
| 9 | 4800 | 5000 |   95 |     0,4500 |1586121432545 |     168 |   182.0 | 8,33 |mscpnrg5.txt |4,0e+04 |
| 9 | 4900 | 5000 |   95 |     0,4500 |1586121432545 |     168 |   182.0 | 8,33 |mscpnrg5.txt |4,0e+04 |
| 9 | 5000 | 5000 |  100 |     0,4500 |1586121432545 |     168 |   182.0 | 8,33 |mscpnrg5.txt |4,1e+04 |
| 9 | 1000 | 5000 |  100 |     0,4500 |1586121432545 |     168 |   182.0 | 8,33 |mscpnrg5.txt |4,1e+04 |
|10 |    1 | 5000 |   35 |     0,2500 |1586162681711 |     168 | 10952.0 |6419,05 |mscpnrg5.txt |0,061 |
|10 |  100 | 5000 |   35 |     0,4500 |1586162681711 |     168 |  9773.0 |5717,26 |mscpnrg5.txt |  5,0 |
|10 |  200 | 5000 |   35 |     0,4286 |1586162681711 |     168 |  9329.0 |5452,98 |mscpnrg5.txt |   10 |
|10 |  300 | 5000 |   35 |     0,4000 |1586162681711 |     168 |  8946.0 |5225,00 |mscpnrg5.txt |   15 |
|10 |  400 | 5000 |   40 |     0,4500 |1586162681711 |     168 |   186.0 |10,71 |mscpnrg5.txt |6,5e+02 |
|10 |  500 | 5000 |   40 |     0,4500 |1586162681711 |     168 |   184.0 | 9,52 |mscpnrg5.txt |1,5e+03 |
|10 |  600 | 5000 |   40 |     0,4500 |1586162681711 |     168 |   183.0 | 8,93 |mscpnrg5.txt |2,4e+03 |
|10 |  700 | 5000 |   40 |     0,4500 |1586162681711 |     168 |   183.0 | 8,93 |mscpnrg5.txt |3,2e+03 |
|10 |  800 | 5000 |   45 |     0,4500 |1586162681711 |     168 |   183.0 | 8,93 |mscpnrg5.txt |4,3e+03 |
|10 |  900 | 5000 |   45 |     0,4500 |1586162681711 |     168 |   183.0 | 8,93 |mscpnrg5.txt |5,5e+03 |
|10 | 1000 | 5000 |   45 |     0,4500 |1586162681711 |     168 |   183.0 | 8,93 |mscpnrg5.txt |6,2e+03 |
|10 | 1100 | 5000 |   45 |     0,4222 |1586162681711 |     168 |   183.0 | 8,93 |mscpnrg5.txt |6,7e+03 |
|10 | 1200 | 5000 |   50 |     0,4500 |1586162681711 |     168 |   183.0 | 8,93 |mscpnrg5.txt |7,3e+03 |
|10 | 1300 | 5000 |   50 |     0,4400 |1586162681711 |     168 |   183.0 | 8,93 |mscpnrg5.txt |8,1e+03 |
|10 | 1400 | 5000 |   50 |     0,4400 |1586162681711 |     168 |   183.0 | 8,93 |mscpnrg5.txt |8,8e+03 |
|10 | 1500 | 5000 |   50 |     0,4400 |1586162681711 |     168 |   183.0 | 8,93 |mscpnrg5.txt |9,5e+03 |
|10 | 1600 | 5000 |   55 |     0,4500 |1586162681711 |     168 |   183.0 | 8,93 |mscpnrg5.txt |1,1e+04 |
|10 | 1700 | 5000 |   55 |     0,4500 |1586162681711 |     168 |   183.0 | 8,93 |mscpnrg5.txt |1,1e+04 |
|10 | 1800 | 5000 |   55 |     0,4500 |1586162681711 |     168 |   183.0 | 8,93 |mscpnrg5.txt |1,2e+04 |
|10 | 1900 | 5000 |   55 |     0,4500 |1586162681711 |     168 |   183.0 | 8,93 |mscpnrg5.txt |1,2e+04 |
|10 | 2000 | 5000 |   60 |     0,4500 |1586162681711 |     168 |   183.0 | 8,93 |mscpnrg5.txt |1,3e+04 |
|10 | 2100 | 5000 |   60 |     0,4500 |1586162681711 |     168 |   183.0 | 8,93 |mscpnrg5.txt |1,4e+04 |
|10 | 2200 | 5000 |   60 |     0,4500 |1586162681711 |     168 |   183.0 | 8,93 |mscpnrg5.txt |1,5e+04 |
|10 | 2300 | 5000 |   60 |     0,4500 |1586162681711 |     168 |   183.0 | 8,93 |mscpnrg5.txt |1,6e+04 |
|10 | 2400 | 5000 |   65 |     0,4500 |1586162681711 |     168 |   183.0 | 8,93 |mscpnrg5.txt |1,7e+04 |
|10 | 2500 | 5000 |   65 |     0,4500 |1586162681711 |     168 |   183.0 | 8,93 |mscpnrg5.txt |1,8e+04 |
|10 | 2600 | 5000 |   65 |     0,4500 |1586162681711 |     168 |   183.0 | 8,93 |mscpnrg5.txt |1,9e+04 |
|10 | 2700 | 5000 |   65 |     0,4500 |1586162681711 |     168 |   183.0 | 8,93 |mscpnrg5.txt |2,0e+04 |
|10 | 2800 | 5000 |   70 |     0,4500 |1586162681711 |     168 |   183.0 | 8,93 |mscpnrg5.txt |2,1e+04 |
|10 | 2900 | 5000 |   70 |     0,4500 |1586162681711 |     168 |   183.0 | 8,93 |mscpnrg5.txt |2,2e+04 |
|10 | 3000 | 5000 |   70 |     0,4500 |1586162681711 |     168 |   183.0 | 8,93 |mscpnrg5.txt |2,3e+04 |
|10 | 3100 | 5000 |   70 |     0,4500 |1586162681711 |     168 |   183.0 | 8,93 |mscpnrg5.txt |2,3e+04 |
|10 | 3200 | 5000 |   75 |     0,4500 |1586162681711 |     168 |   183.0 | 8,93 |mscpnrg5.txt |2,4e+04 |
|10 | 3300 | 5000 |   75 |     0,4500 |1586162681711 |     168 |   183.0 | 8,93 |mscpnrg5.txt |2,5e+04 |
|10 | 3400 | 5000 |   75 |     0,4500 |1586162681711 |     168 |   183.0 | 8,93 |mscpnrg5.txt |2,6e+04 |
|10 | 3500 | 5000 |   75 |     0,4500 |1586162681711 |     168 |   183.0 | 8,93 |mscpnrg5.txt |2,7e+04 |
|10 | 3600 | 5000 |   80 |     0,4500 |1586162681711 |     168 |   183.0 | 8,93 |mscpnrg5.txt |2,9e+04 |
|10 | 3700 | 5000 |   80 |     0,4500 |1586162681711 |     168 |   183.0 | 8,93 |mscpnrg5.txt |2,9e+04 |
|10 | 3800 | 5000 |   80 |     0,4500 |1586162681711 |     168 |   183.0 | 8,93 |mscpnrg5.txt |3,0e+04 |
|10 | 3900 | 5000 |   80 |     0,4500 |1586162681711 |     168 |   183.0 | 8,93 |mscpnrg5.txt |3,1e+04 |
|10 | 4000 | 5000 |   85 |     0,4500 |1586162681711 |     168 |   183.0 | 8,93 |mscpnrg5.txt |3,2e+04 |
|10 | 4100 | 5000 |   85 |     0,4500 |1586162681711 |     168 |   183.0 | 8,93 |mscpnrg5.txt |3,2e+04 |
|10 | 4200 | 5000 |   85 |     0,4500 |1586162681711 |     168 |   183.0 | 8,93 |mscpnrg5.txt |3,3e+04 |
|10 | 4300 | 5000 |   85 |     0,4500 |1586162681711 |     168 |   183.0 | 8,93 |mscpnrg5.txt |3,4e+04 |
|10 | 4400 | 5000 |   90 |     0,4500 |1586162681711 |     168 |   183.0 | 8,93 |mscpnrg5.txt |3,5e+04 |
|10 | 4500 | 5000 |   90 |     0,4500 |1586162681711 |     168 |   183.0 | 8,93 |mscpnrg5.txt |3,6e+04 |
|10 | 4600 | 5000 |   90 |     0,4500 |1586162681711 |     168 |   183.0 | 8,93 |mscpnrg5.txt |3,6e+04 |
|10 | 4700 | 5000 |   90 |     0,4500 |1586162681711 |     168 |   183.0 | 8,93 |mscpnrg5.txt |3,7e+04 |
|10 | 4800 | 5000 |   95 |     0,4500 |1586162681711 |     168 |   183.0 | 8,93 |mscpnrg5.txt |3,7e+04 |
|10 | 4900 | 5000 |   95 |     0,4500 |1586162681711 |     168 |   183.0 | 8,93 |mscpnrg5.txt |3,8e+04 |
|10 | 5000 | 5000 |   95 |     0,4500 |1586162681711 |     168 |   183.0 | 8,93 |mscpnrg5.txt |3,8e+04 |
|10 | 1000 | 5000 |   95 |     0,4500 |1586162681711 |     168 |   183.0 | 8,93 |mscpnrg5.txt |3,8e+04 |
|11 |    1 | 5000 |   35 |     0,2500 |1586200683135 |     168 | 10768.0 |6309,52 |mscpnrg5.txt |0,063 |
|11 |  100 | 5000 |   35 |     0,4500 |1586200683135 |     168 |  9867.0 |5773,21 |mscpnrg5.txt |  5,2 |
|11 |  200 | 5000 |   40 |     0,4500 |1586200683135 |     168 |   183.0 | 8,93 |mscpnrg5.txt |5,3e+02 |
|11 |  300 | 5000 |   40 |     0,4500 |1586200683135 |     168 |   183.0 | 8,93 |mscpnrg5.txt |1,2e+03 |
|11 |  400 | 5000 |   40 |     0,4500 |1586200683135 |     168 |   183.0 | 8,93 |mscpnrg5.txt |1,9e+03 |
|11 |  500 | 5000 |   40 |     0,2250 |1586200683135 |     168 |   183.0 | 8,93 |mscpnrg5.txt |2,4e+03 |
|11 |  600 | 5000 |   45 |     0,4500 |1586200683135 |     168 |   183.0 | 8,93 |mscpnrg5.txt |3,1e+03 |
|11 |  700 | 5000 |   45 |     0,3778 |1586200683135 |     168 |   183.0 | 8,93 |mscpnrg5.txt |3,6e+03 |
|11 |  800 | 5000 |   45 |     0,3556 |1586200683135 |     168 |   183.0 | 8,93 |mscpnrg5.txt |4,1e+03 |
|11 |  900 | 5000 |   45 |     0,3556 |1586200683135 |     168 |   183.0 | 8,93 |mscpnrg5.txt |4,6e+03 |
|11 | 1000 | 5000 |   50 |     0,4500 |1586200683135 |     168 |   183.0 | 8,93 |mscpnrg5.txt |5,4e+03 |
|11 | 1100 | 5000 |   50 |     0,4500 |1586200683135 |     168 |   183.0 | 8,93 |mscpnrg5.txt |6,1e+03 |
|11 | 1200 | 5000 |   50 |     0,4500 |1586200683135 |     168 |   183.0 | 8,93 |mscpnrg5.txt |6,9e+03 |
|11 | 1300 | 5000 |   50 |     0,4500 |1586200683135 |     168 |   183.0 | 8,93 |mscpnrg5.txt |7,7e+03 |
|11 | 1400 | 5000 |   55 |     0,4500 |1586200683135 |     168 |   183.0 | 8,93 |mscpnrg5.txt |8,6e+03 |
|11 | 1500 | 5000 |   55 |     0,4364 |1586200683135 |     168 |   183.0 | 8,93 |mscpnrg5.txt |9,3e+03 |
|11 | 1600 | 5000 |   55 |     0,4500 |1586200683135 |     168 |   183.0 | 8,93 |mscpnrg5.txt |9,9e+03 |
|11 | 1700 | 5000 |   55 |     0,4500 |1586200683135 |     168 |   183.0 | 8,93 |mscpnrg5.txt |1,1e+04 |
|11 | 1800 | 5000 |   60 |     0,4500 |1586200683135 |     168 |   183.0 | 8,93 |mscpnrg5.txt |1,1e+04 |
|11 | 1900 | 5000 |   60 |     0,4500 |1586200683135 |     168 |   183.0 | 8,93 |mscpnrg5.txt |1,2e+04 |
|11 | 2000 | 5000 |   60 |     0,4500 |1586200683135 |     168 |   183.0 | 8,93 |mscpnrg5.txt |1,3e+04 |
|11 | 2100 | 5000 |   60 |     0,4500 |1586200683135 |     168 |   183.0 | 8,93 |mscpnrg5.txt |1,4e+04 |
|11 | 2200 | 5000 |   65 |     0,4500 |1586200683135 |     168 |   183.0 | 8,93 |mscpnrg5.txt |1,5e+04 |
|11 | 2300 | 5000 |   65 |     0,4500 |1586200683135 |     168 |   183.0 | 8,93 |mscpnrg5.txt |1,6e+04 |
|11 | 2400 | 5000 |   65 |     0,4500 |1586200683135 |     168 |   183.0 | 8,93 |mscpnrg5.txt |1,7e+04 |
|11 | 2500 | 5000 |   65 |     0,4500 |1586200683135 |     168 |   183.0 | 8,93 |mscpnrg5.txt |1,8e+04 |
|11 | 2600 | 5000 |   70 |     0,4500 |1586200683135 |     168 |   183.0 | 8,93 |mscpnrg5.txt |2,0e+04 |
|11 | 2700 | 5000 |   70 |     0,4500 |1586200683135 |     168 |   183.0 | 8,93 |mscpnrg5.txt |2,0e+04 |
|11 | 2800 | 5000 |   70 |     0,4500 |1586200683135 |     168 |   183.0 | 8,93 |mscpnrg5.txt |2,1e+04 |
|11 | 2900 | 5000 |   70 |     0,4500 |1586200683135 |     168 |   183.0 | 8,93 |mscpnrg5.txt |2,2e+04 |
|11 | 3000 | 5000 |   75 |     0,4500 |1586200683135 |     168 |   183.0 | 8,93 |mscpnrg5.txt |2,3e+04 |
|11 | 3100 | 5000 |   75 |     0,4500 |1586200683135 |     168 |   183.0 | 8,93 |mscpnrg5.txt |2,4e+04 |
|11 | 3200 | 5000 |   75 |     0,4500 |1586200683135 |     168 |   183.0 | 8,93 |mscpnrg5.txt |2,5e+04 |
|11 | 3300 | 5000 |   75 |     0,4500 |1586200683135 |     168 |   183.0 | 8,93 |mscpnrg5.txt |2,6e+04 |
|11 | 3400 | 5000 |   80 |     0,4500 |1586200683135 |     168 |   183.0 | 8,93 |mscpnrg5.txt |2,8e+04 |
|11 | 3500 | 5000 |   80 |     0,4500 |1586200683135 |     168 |   183.0 | 8,93 |mscpnrg5.txt |2,9e+04 |
|11 | 3600 | 5000 |   80 |     0,4500 |1586200683135 |     168 |   183.0 | 8,93 |mscpnrg5.txt |3,0e+04 |
|11 | 3700 | 5000 |   80 |     0,4500 |1586200683135 |     168 |   183.0 | 8,93 |mscpnrg5.txt |3,1e+04 |
|11 | 3800 | 5000 |   85 |     0,4500 |1586200683135 |     168 |   183.0 | 8,93 |mscpnrg5.txt |3,3e+04 |
|11 | 3900 | 5000 |   85 |     0,4500 |1586200683135 |     168 |   183.0 | 8,93 |mscpnrg5.txt |3,4e+04 |
|11 | 4000 | 5000 |   85 |     0,4500 |1586200683135 |     168 |   183.0 | 8,93 |mscpnrg5.txt |3,5e+04 |
|11 | 4100 | 5000 |   85 |     0,4500 |1586200683135 |     168 |   183.0 | 8,93 |mscpnrg5.txt |3,5e+04 |
|11 | 4200 | 5000 |   90 |     0,4500 |1586200683135 |     168 |   183.0 | 8,93 |mscpnrg5.txt |3,7e+04 |
|11 | 4300 | 5000 |   90 |     0,4500 |1586200683135 |     168 |   183.0 | 8,93 |mscpnrg5.txt |3,8e+04 |
|11 | 4400 | 5000 |   90 |     0,4500 |1586200683135 |     168 |   183.0 | 8,93 |mscpnrg5.txt |3,9e+04 |
|11 | 4500 | 5000 |   90 |     0,4500 |1586200683135 |     168 |   183.0 | 8,93 |mscpnrg5.txt |4,0e+04 |
|11 | 4600 | 5000 |   95 |     0,4500 |1586200683135 |     168 |   183.0 | 8,93 |mscpnrg5.txt |4,1e+04 |
|11 | 4700 | 5000 |   95 |     0,4500 |1586200683135 |     168 |   183.0 | 8,93 |mscpnrg5.txt |4,2e+04 |
|11 | 4800 | 5000 |   95 |     0,4500 |1586200683135 |     168 |   183.0 | 8,93 |mscpnrg5.txt |4,4e+04 |
|11 | 4900 | 5000 |   95 |     0,4500 |1586200683135 |     168 |   183.0 | 8,93 |mscpnrg5.txt |4,5e+04 |
|11 | 5000 | 5000 |  100 |     0,4500 |1586200683135 |     168 |   183.0 | 8,93 |mscpnrg5.txt |4,7e+04 |
|11 | 1000 | 5000 |  100 |     0,4500 |1586200683135 |     168 |   183.0 | 8,93 |mscpnrg5.txt |4,7e+04 |
|12 |    1 | 5000 |   35 |     0,2500 |1586247196530 |     168 | 10793.0 |6324,40 |mscpnrg5.txt |0,054 |
|12 |  100 | 5000 |   35 |     0,3714 |1586247196530 |     168 |  9948.0 |5821,43 |mscpnrg5.txt |  4,6 |
|12 |  200 | 5000 |   35 |     0,4286 |1586247196530 |     168 |  9535.0 |5575,60 |mscpnrg5.txt |  9,3 |
|12 |  300 | 5000 |   35 |     0,4500 |1586247196530 |     168 |  9355.0 |5468,45 |mscpnrg5.txt |   14 |
|12 |  400 | 5000 |   35 |     0,4500 |1586247196530 |     168 |  9089.0 |5310,12 |mscpnrg5.txt |   19 |
|12 |  500 | 5000 |   40 |     0,4500 |1586247196530 |     168 |   186.0 |10,71 |mscpnrg5.txt |6,5e+02 |
|12 |  600 | 5000 |   40 |     0,4500 |1586247196530 |     168 |   184.0 | 9,52 |mscpnrg5.txt |1,4e+03 |
|12 |  700 | 5000 |   40 |     0,4500 |1586247196530 |     168 |   184.0 | 9,52 |mscpnrg5.txt |2,2e+03 |
|12 |  800 | 5000 |   40 |     0,4500 |1586247196530 |     168 |   184.0 | 9,52 |mscpnrg5.txt |3,0e+03 |
|12 |  900 | 5000 |   45 |     0,4500 |1586247196530 |     168 |   183.0 | 8,93 |mscpnrg5.txt |3,9e+03 |
|12 | 1000 | 5000 |   45 |     0,4500 |1586247196530 |     168 |   183.0 | 8,93 |mscpnrg5.txt |4,9e+03 |
|12 | 1100 | 5000 |   45 |     0,4500 |1586247196530 |     168 |   183.0 | 8,93 |mscpnrg5.txt |5,8e+03 |
|12 | 1200 | 5000 |   45 |     0,4500 |1586247196530 |     168 |   183.0 | 8,93 |mscpnrg5.txt |6,8e+03 |
|12 | 1300 | 5000 |   50 |     0,4500 |1586247196530 |     168 |   183.0 | 8,93 |mscpnrg5.txt |8,0e+03 |
|12 | 1400 | 5000 |   50 |     0,4500 |1586247196530 |     168 |   183.0 | 8,93 |mscpnrg5.txt |8,7e+03 |
|12 | 1500 | 5000 |   50 |     0,3400 |1586247196530 |     168 |   183.0 | 8,93 |mscpnrg5.txt |9,0e+03 |
|12 | 1600 | 5000 |   50 |     0,3400 |1586247196530 |     168 |   183.0 | 8,93 |mscpnrg5.txt |9,5e+03 |
|12 | 1700 | 5000 |   55 |     0,3818 |1586247196530 |     168 |   183.0 | 8,93 |mscpnrg5.txt |1,0e+04 |
|12 | 1800 | 5000 |   55 |     0,4500 |1586247196530 |     168 |   183.0 | 8,93 |mscpnrg5.txt |1,0e+04 |
|12 | 1900 | 5000 |   55 |     0,4500 |1586247196530 |     168 |   183.0 | 8,93 |mscpnrg5.txt |1,1e+04 |
|12 | 2000 | 5000 |   55 |     0,4500 |1586247196530 |     168 |   183.0 | 8,93 |mscpnrg5.txt |1,1e+04 |
|12 | 2100 | 5000 |   60 |     0,4500 |1586247196530 |     168 |   183.0 | 8,93 |mscpnrg5.txt |1,1e+04 |
|12 | 2200 | 5000 |   60 |     0,4500 |1586247196530 |     168 |   183.0 | 8,93 |mscpnrg5.txt |1,2e+04 |
|12 | 2300 | 5000 |   60 |     0,4500 |1586247196530 |     168 |   183.0 | 8,93 |mscpnrg5.txt |1,2e+04 |
|12 | 2400 | 5000 |   60 |     0,4500 |1586247196530 |     168 |   183.0 | 8,93 |mscpnrg5.txt |1,3e+04 |
|12 | 2500 | 5000 |   65 |     0,4500 |1586247196530 |     168 |   183.0 | 8,93 |mscpnrg5.txt |1,3e+04 |
|12 | 2600 | 5000 |   65 |     0,4500 |1586247196530 |     168 |   183.0 | 8,93 |mscpnrg5.txt |1,4e+04 |
|12 | 2700 | 5000 |   65 |     0,4500 |1586247196530 |     168 |   183.0 | 8,93 |mscpnrg5.txt |1,5e+04 |
|12 | 2800 | 5000 |   65 |     0,4500 |1586247196530 |     168 |   183.0 | 8,93 |mscpnrg5.txt |1,6e+04 |
|12 | 2900 | 5000 |   70 |     0,4500 |1586247196530 |     168 |   183.0 | 8,93 |mscpnrg5.txt |1,6e+04 |
|12 | 3000 | 5000 |   70 |     0,4500 |1586247196530 |     168 |   183.0 | 8,93 |mscpnrg5.txt |1,7e+04 |
|12 | 3100 | 5000 |   70 |     0,4500 |1586247196530 |     168 |   183.0 | 8,93 |mscpnrg5.txt |1,7e+04 |
|12 | 3200 | 5000 |   70 |     0,4500 |1586247196530 |     168 |   183.0 | 8,93 |mscpnrg5.txt |1,8e+04 |
|12 | 3300 | 5000 |   75 |     0,4500 |1586247196530 |     168 |   183.0 | 8,93 |mscpnrg5.txt |1,8e+04 |
|12 | 3400 | 5000 |   75 |     0,4500 |1586247196530 |     168 |   183.0 | 8,93 |mscpnrg5.txt |1,9e+04 |
|12 | 3500 | 5000 |   75 |     0,4500 |1586247196530 |     168 |   183.0 | 8,93 |mscpnrg5.txt |1,9e+04 |
|12 | 3600 | 5000 |   75 |     0,4500 |1586247196530 |     168 |   183.0 | 8,93 |mscpnrg5.txt |2,0e+04 |
|12 | 3700 | 5000 |   80 |     0,4500 |1586247196530 |     168 |   183.0 | 8,93 |mscpnrg5.txt |2,1e+04 |
|12 | 3800 | 5000 |   80 |     0,4500 |1586247196530 |     168 |   183.0 | 8,93 |mscpnrg5.txt |2,1e+04 |
|12 | 3900 | 5000 |   80 |     0,4500 |1586247196530 |     168 |   183.0 | 8,93 |mscpnrg5.txt |2,2e+04 |
|12 | 4000 | 5000 |   80 |     0,4500 |1586247196530 |     168 |   183.0 | 8,93 |mscpnrg5.txt |2,3e+04 |
|12 | 4100 | 5000 |   85 |     0,4500 |1586247196530 |     168 |   183.0 | 8,93 |mscpnrg5.txt |2,4e+04 |
|12 | 4200 | 5000 |   85 |     0,4500 |1586247196530 |     168 |   183.0 | 8,93 |mscpnrg5.txt |2,4e+04 |
|12 | 4300 | 5000 |   85 |     0,4500 |1586247196530 |     168 |   183.0 | 8,93 |mscpnrg5.txt |2,5e+04 |
|12 | 4400 | 5000 |   85 |     0,4500 |1586247196530 |     168 |   183.0 | 8,93 |mscpnrg5.txt |2,5e+04 |
|12 | 4500 | 5000 |   90 |     0,4500 |1586247196530 |     168 |   183.0 | 8,93 |mscpnrg5.txt |2,6e+04 |
|12 | 4600 | 5000 |   90 |     0,4500 |1586247196530 |     168 |   183.0 | 8,93 |mscpnrg5.txt |2,6e+04 |
|12 | 4700 | 5000 |   90 |     0,4500 |1586247196530 |     168 |   183.0 | 8,93 |mscpnrg5.txt |2,7e+04 |
|12 | 4800 | 5000 |   90 |     0,4500 |1586247196530 |     168 |   183.0 | 8,93 |mscpnrg5.txt |2,8e+04 |
|12 | 4900 | 5000 |   95 |     0,4500 |1586247196530 |     168 |   183.0 | 8,93 |mscpnrg5.txt |2,8e+04 |
|12 | 5000 | 5000 |   95 |     0,4500 |1586247196530 |     168 |   183.0 | 8,93 |mscpnrg5.txt |2,9e+04 |
|12 | 1000 | 5000 |   95 |     0,4500 |1586247196530 |     168 |   183.0 | 8,93 |mscpnrg5.txt |2,9e+04 |
|13 |    1 | 5000 |   35 |     0,2500 |1586276150425 |     168 | 10684.0 |6259,52 |mscpnrg5.txt |0,040 |
|13 |  100 | 5000 |   35 |     0,4500 |1586276150425 |     168 | 10164.0 |5950,00 |mscpnrg5.txt |  3,1 |
|13 |  200 | 5000 |   35 |     0,4000 |1586276150425 |     168 |  9840.0 |5757,14 |mscpnrg5.txt |  6,2 |
|13 |  300 | 5000 |   40 |     0,4500 |1586276150425 |     168 |   184.0 | 9,52 |mscpnrg5.txt |3,7e+02 |
|13 |  400 | 5000 |   40 |     0,4500 |1586276150425 |     168 |   184.0 | 9,52 |mscpnrg5.txt |9,0e+02 |
|13 |  500 | 5000 |   40 |     0,4500 |1586276150425 |     168 |   184.0 | 9,52 |mscpnrg5.txt |1,4e+03 |
|13 |  600 | 5000 |   40 |     0,4500 |1586276150425 |     168 |   184.0 | 9,52 |mscpnrg5.txt |2,0e+03 |
|13 |  700 | 5000 |   45 |     0,4500 |1586276150425 |     168 |   184.0 | 9,52 |mscpnrg5.txt |2,5e+03 |
|13 |  800 | 5000 |   45 |     0,3556 |1586276150425 |     168 |   184.0 | 9,52 |mscpnrg5.txt |2,9e+03 |
|13 |  900 | 5000 |   45 |     0,3778 |1586276150425 |     168 |   184.0 | 9,52 |mscpnrg5.txt |3,3e+03 |
|13 | 1000 | 5000 |   45 |     0,4500 |1586276150425 |     168 |   184.0 | 9,52 |mscpnrg5.txt |3,5e+03 |
|13 | 1100 | 5000 |   50 |     0,4500 |1586276150425 |     168 |   184.0 | 9,52 |mscpnrg5.txt |3,9e+03 |
|13 | 1200 | 5000 |   50 |     0,4500 |1586276150425 |     168 |   184.0 | 9,52 |mscpnrg5.txt |4,3e+03 |
|13 | 1300 | 5000 |   50 |     0,4500 |1586276150425 |     168 |   184.0 | 9,52 |mscpnrg5.txt |4,7e+03 |
|13 | 1400 | 5000 |   50 |     0,4500 |1586276150425 |     168 |   184.0 | 9,52 |mscpnrg5.txt |5,2e+03 |
|13 | 1500 | 5000 |   55 |     0,4500 |1586276150425 |     168 |   184.0 | 9,52 |mscpnrg5.txt |5,6e+03 |
|13 | 1600 | 5000 |   55 |     0,4500 |1586276150425 |     168 |   184.0 | 9,52 |mscpnrg5.txt |5,9e+03 |
|13 | 1700 | 5000 |   55 |     0,4500 |1586276150425 |     168 |   184.0 | 9,52 |mscpnrg5.txt |6,2e+03 |
|13 | 1800 | 5000 |   55 |     0,4500 |1586276150425 |     168 |   184.0 | 9,52 |mscpnrg5.txt |6,5e+03 |
|13 | 1900 | 5000 |   60 |     0,4500 |1586276150425 |     168 |   184.0 | 9,52 |mscpnrg5.txt |7,0e+03 |
|13 | 2000 | 5000 |   60 |     0,4500 |1586276150425 |     168 |   184.0 | 9,52 |mscpnrg5.txt |7,5e+03 |
|13 | 2100 | 5000 |   60 |     0,4500 |1586276150425 |     168 |   184.0 | 9,52 |mscpnrg5.txt |7,9e+03 |
|13 | 2200 | 5000 |   60 |     0,4500 |1586276150425 |     168 |   184.0 | 9,52 |mscpnrg5.txt |8,3e+03 |
|13 | 2300 | 5000 |   65 |     0,4500 |1586276150425 |     168 |   184.0 | 9,52 |mscpnrg5.txt |8,8e+03 |
|13 | 2400 | 5000 |   65 |     0,4500 |1586276150425 |     168 |   184.0 | 9,52 |mscpnrg5.txt |9,1e+03 |
|13 | 2500 | 5000 |   65 |     0,4500 |1586276150425 |     168 |   184.0 | 9,52 |mscpnrg5.txt |9,3e+03 |
|13 | 2600 | 5000 |   65 |     0,4500 |1586276150425 |     168 |   184.0 | 9,52 |mscpnrg5.txt |9,7e+03 |
|13 | 2700 | 5000 |   70 |     0,4500 |1586276150425 |     168 |   184.0 | 9,52 |mscpnrg5.txt |1,0e+04 |
|13 | 2800 | 5000 |   70 |     0,4500 |1586276150425 |     168 |   184.0 | 9,52 |mscpnrg5.txt |1,1e+04 |
|13 | 2900 | 5000 |   70 |     0,4500 |1586276150425 |     168 |   184.0 | 9,52 |mscpnrg5.txt |1,1e+04 |
|13 | 3000 | 5000 |   70 |     0,4500 |1586276150425 |     168 |   184.0 | 9,52 |mscpnrg5.txt |1,1e+04 |
|13 | 3100 | 5000 |   75 |     0,4500 |1586276150425 |     168 |   184.0 | 9,52 |mscpnrg5.txt |1,1e+04 |
|13 | 3200 | 5000 |   75 |     0,4500 |1586276150425 |     168 |   184.0 | 9,52 |mscpnrg5.txt |1,2e+04 |
|13 | 3300 | 5000 |   75 |     0,4500 |1586276150425 |     168 |   184.0 | 9,52 |mscpnrg5.txt |1,2e+04 |
|13 | 3400 | 5000 |   75 |     0,4500 |1586276150425 |     168 |   184.0 | 9,52 |mscpnrg5.txt |1,3e+04 |
|13 | 3500 | 5000 |   80 |     0,4500 |1586276150425 |     168 |   184.0 | 9,52 |mscpnrg5.txt |1,3e+04 |
|13 | 3600 | 5000 |   80 |     0,4500 |1586276150425 |     168 |   184.0 | 9,52 |mscpnrg5.txt |1,3e+04 |
|13 | 3700 | 5000 |   80 |     0,4500 |1586276150425 |     168 |   184.0 | 9,52 |mscpnrg5.txt |1,3e+04 |
|13 | 3800 | 5000 |   80 |     0,4500 |1586276150425 |     168 |   184.0 | 9,52 |mscpnrg5.txt |1,4e+04 |
|13 | 3900 | 5000 |   85 |     0,4500 |1586276150425 |     168 |   184.0 | 9,52 |mscpnrg5.txt |1,4e+04 |
|13 | 4000 | 5000 |   85 |     0,4500 |1586276150425 |     168 |   184.0 | 9,52 |mscpnrg5.txt |1,4e+04 |
|13 | 4100 | 5000 |   85 |     0,4500 |1586276150425 |     168 |   184.0 | 9,52 |mscpnrg5.txt |1,5e+04 |
|13 | 4200 | 5000 |   85 |     0,4500 |1586276150425 |     168 |   184.0 | 9,52 |mscpnrg5.txt |1,5e+04 |
|13 | 4300 | 5000 |   90 |     0,4500 |1586276150425 |     168 |   184.0 | 9,52 |mscpnrg5.txt |1,5e+04 |
|13 | 4400 | 5000 |   90 |     0,4500 |1586276150425 |     168 |   184.0 | 9,52 |mscpnrg5.txt |1,6e+04 |
|13 | 4500 | 5000 |   90 |     0,4500 |1586276150425 |     168 |   184.0 | 9,52 |mscpnrg5.txt |1,6e+04 |
|13 | 4600 | 5000 |   90 |     0,4500 |1586276150425 |     168 |   184.0 | 9,52 |mscpnrg5.txt |1,6e+04 |
|13 | 4700 | 5000 |   95 |     0,4500 |1586276150425 |     168 |   184.0 | 9,52 |mscpnrg5.txt |1,7e+04 |
|13 | 4800 | 5000 |   95 |     0,4500 |1586276150425 |     168 |   184.0 | 9,52 |mscpnrg5.txt |1,7e+04 |
|13 | 4900 | 5000 |   95 |     0,4500 |1586276150425 |     168 |   184.0 | 9,52 |mscpnrg5.txt |1,8e+04 |
|13 | 5000 | 5000 |   95 |     0,4500 |1586276150425 |     168 |   184.0 | 9,52 |mscpnrg5.txt |1,8e+04 |
|13 | 1000 | 5000 |  100 |     0,4500 |1586276150425 |     168 |   184.0 | 9,52 |mscpnrg5.txt |1,8e+04 |
|14 |    1 | 5000 |   35 |     0,2500 |1586294082026 |     168 | 10930.0 |6405,95 |mscpnrg5.txt |0,076 |
|14 |  100 | 5000 |   35 |     0,4500 |1586294082026 |     168 |  9932.0 |5811,90 |mscpnrg5.txt |  5,2 |
|14 |  200 | 5000 |   35 |     0,3714 |1586294082026 |     168 |  9298.0 |5434,52 |mscpnrg5.txt |   10 |
|14 |  300 | 5000 |   35 |     0,4000 |1586294082026 |     168 |  9298.0 |5434,52 |mscpnrg5.txt |   15 |
|14 |  400 | 5000 |   35 |     0,4500 |1586294082026 |     168 |  9096.0 |5314,29 |mscpnrg5.txt |   20 |
|14 |  500 | 5000 |   40 |     0,4500 |1586294082026 |     168 |   186.0 |10,71 |mscpnrg5.txt |4,1e+02 |
|14 |  600 | 5000 |   40 |     0,4500 |1586294082026 |     168 |   186.0 |10,71 |mscpnrg5.txt |8,8e+02 |
|14 |  700 | 5000 |   40 |     0,4250 |1586294082026 |     168 |   186.0 |10,71 |mscpnrg5.txt |1,2e+03 |
|14 |  800 | 5000 |   40 |     0,4000 |1586294082026 |     168 |   186.0 |10,71 |mscpnrg5.txt |1,4e+03 |
|14 |  900 | 5000 |   45 |     0,4000 |1586294082026 |     168 |   186.0 |10,71 |mscpnrg5.txt |1,9e+03 |
|14 | 1000 | 5000 |   45 |     0,4444 |1586294082026 |     168 |   185.0 |10,12 |mscpnrg5.txt |2,4e+03 |
|14 | 1100 | 5000 |   45 |     0,4500 |1586294082026 |     168 |   185.0 |10,12 |mscpnrg5.txt |2,8e+03 |
|14 | 1200 | 5000 |   45 |     0,4500 |1586294082026 |     168 |   184.0 | 9,52 |mscpnrg5.txt |3,3e+03 |
|14 | 1300 | 5000 |   50 |     0,4500 |1586294082026 |     168 |   183.0 | 8,93 |mscpnrg5.txt |4,0e+03 |
|14 | 1400 | 5000 |   50 |     0,4500 |1586294082026 |     168 |   183.0 | 8,93 |mscpnrg5.txt |4,6e+03 |
|14 | 1500 | 5000 |   50 |     0,4500 |1586294082026 |     168 |   183.0 | 8,93 |mscpnrg5.txt |5,0e+03 |
|14 | 1600 | 5000 |   50 |     0,4500 |1586294082026 |     168 |   183.0 | 8,93 |mscpnrg5.txt |5,4e+03 |
|14 | 1700 | 5000 |   55 |     0,4500 |1586294082026 |     168 |   183.0 | 8,93 |mscpnrg5.txt |5,9e+03 |
|14 | 1800 | 5000 |   55 |     0,4500 |1586294082026 |     168 |   183.0 | 8,93 |mscpnrg5.txt |6,3e+03 |
|14 | 1900 | 5000 |   55 |     0,4500 |1586294082026 |     168 |   183.0 | 8,93 |mscpnrg5.txt |6,7e+03 |
|14 | 2000 | 5000 |   55 |     0,4500 |1586294082026 |     168 |   183.0 | 8,93 |mscpnrg5.txt |7,2e+03 |
|14 | 2100 | 5000 |   60 |     0,4500 |1586294082026 |     168 |   183.0 | 8,93 |mscpnrg5.txt |8,1e+03 |
|14 | 2200 | 5000 |   60 |     0,4500 |1586294082026 |     168 |   183.0 | 8,93 |mscpnrg5.txt |8,4e+03 |
|14 | 2300 | 5000 |   60 |     0,4500 |1586294082026 |     168 |   183.0 | 8,93 |mscpnrg5.txt |8,8e+03 |
|14 | 2400 | 5000 |   60 |     0,4500 |1586294082026 |     168 |   183.0 | 8,93 |mscpnrg5.txt |9,1e+03 |
|14 | 2500 | 5000 |   65 |     0,4500 |1586294082026 |     168 |   183.0 | 8,93 |mscpnrg5.txt |9,6e+03 |
|14 | 2600 | 5000 |   65 |     0,4500 |1586294082026 |     168 |   183.0 | 8,93 |mscpnrg5.txt |1,0e+04 |
|14 | 2700 | 5000 |   65 |     0,4500 |1586294082026 |     168 |   183.0 | 8,93 |mscpnrg5.txt |1,0e+04 |
|14 | 2800 | 5000 |   65 |     0,4500 |1586294082026 |     168 |   183.0 | 8,93 |mscpnrg5.txt |1,1e+04 |
|14 | 2900 | 5000 |   70 |     0,4500 |1586294082026 |     168 |   183.0 | 8,93 |mscpnrg5.txt |1,2e+04 |
|14 | 3000 | 5000 |   70 |     0,4500 |1586294082026 |     168 |   183.0 | 8,93 |mscpnrg5.txt |1,2e+04 |
|14 | 3100 | 5000 |   70 |     0,4500 |1586294082026 |     168 |   183.0 | 8,93 |mscpnrg5.txt |1,2e+04 |
|14 | 3200 | 5000 |   70 |     0,4500 |1586294082026 |     168 |   183.0 | 8,93 |mscpnrg5.txt |1,3e+04 |
|14 | 3300 | 5000 |   75 |     0,4500 |1586294082026 |     168 |   183.0 | 8,93 |mscpnrg5.txt |1,3e+04 |
|14 | 3400 | 5000 |   75 |     0,4500 |1586294082026 |     168 |   183.0 | 8,93 |mscpnrg5.txt |1,4e+04 |
|14 | 3500 | 5000 |   75 |     0,4500 |1586294082026 |     168 |   183.0 | 8,93 |mscpnrg5.txt |1,4e+04 |
|14 | 3600 | 5000 |   75 |     0,4500 |1586294082026 |     168 |   183.0 | 8,93 |mscpnrg5.txt |1,4e+04 |
|14 | 3700 | 5000 |   80 |     0,4500 |1586294082026 |     168 |   183.0 | 8,93 |mscpnrg5.txt |1,5e+04 |
|14 | 3800 | 5000 |   80 |     0,4500 |1586294082026 |     168 |   183.0 | 8,93 |mscpnrg5.txt |1,5e+04 |
|14 | 3900 | 5000 |   80 |     0,4500 |1586294082026 |     168 |   183.0 | 8,93 |mscpnrg5.txt |1,6e+04 |
|14 | 4000 | 5000 |   80 |     0,4500 |1586294082026 |     168 |   183.0 | 8,93 |mscpnrg5.txt |1,7e+04 |
|14 | 4100 | 5000 |   85 |     0,4500 |1586294082026 |     168 |   183.0 | 8,93 |mscpnrg5.txt |1,7e+04 |
|14 | 4200 | 5000 |   85 |     0,4500 |1586294082026 |     168 |   183.0 | 8,93 |mscpnrg5.txt |1,8e+04 |
|14 | 4300 | 5000 |   85 |     0,4500 |1586294082026 |     168 |   183.0 | 8,93 |mscpnrg5.txt |1,8e+04 |
|14 | 4400 | 5000 |   85 |     0,4500 |1586294082026 |     168 |   183.0 | 8,93 |mscpnrg5.txt |1,9e+04 |
|14 | 4500 | 5000 |   90 |     0,4500 |1586294082026 |     168 |   183.0 | 8,93 |mscpnrg5.txt |1,9e+04 |
|14 | 4600 | 5000 |   90 |     0,4500 |1586294082026 |     168 |   183.0 | 8,93 |mscpnrg5.txt |2,0e+04 |
|14 | 4700 | 5000 |   90 |     0,4500 |1586294082026 |     168 |   183.0 | 8,93 |mscpnrg5.txt |2,1e+04 |
|14 | 4800 | 5000 |   90 |     0,4500 |1586294082026 |     168 |   183.0 | 8,93 |mscpnrg5.txt |2,1e+04 |
|14 | 4900 | 5000 |   95 |     0,4500 |1586294082026 |     168 |   183.0 | 8,93 |mscpnrg5.txt |2,2e+04 |
|14 | 5000 | 5000 |   95 |     0,4500 |1586294082026 |     168 |   183.0 | 8,93 |mscpnrg5.txt |2,2e+04 |
|14 | 1000 | 5000 |   95 |     0,4500 |1586294082026 |     168 |   183.0 | 8,93 |mscpnrg5.txt |2,2e+04 |
|15 |    1 | 5000 |   35 |     0,2500 |1586316548145 |     168 | 10913.0 |6395,83 |mscpnrg5.txt |0,045 |
|15 |  100 | 5000 |   35 |     0,3714 |1586316548145 |     168 | 10096.0 |5909,52 |mscpnrg5.txt |  3,1 |
|15 |  200 | 5000 |   35 |     0,4286 |1586316548145 |     168 |  9635.0 |5635,12 |mscpnrg5.txt |  6,2 |
|15 |  300 | 5000 |   40 |     0,4500 |1586316548145 |     168 |   186.0 |10,71 |mscpnrg5.txt |3,0e+02 |
|15 |  400 | 5000 |   40 |     0,4500 |1586316548145 |     168 |   186.0 |10,71 |mscpnrg5.txt |6,8e+02 |
|15 |  500 | 5000 |   40 |     0,4500 |1586316548145 |     168 |   183.0 | 8,93 |mscpnrg5.txt |1,1e+03 |
|15 |  600 | 5000 |   40 |     0,4500 |1586316548145 |     168 |   183.0 | 8,93 |mscpnrg5.txt |1,4e+03 |
|15 |  700 | 5000 |   45 |     0,4500 |1586316548145 |     168 |   183.0 | 8,93 |mscpnrg5.txt |1,9e+03 |
|15 |  800 | 5000 |   45 |     0,4500 |1586316548145 |     168 |   183.0 | 8,93 |mscpnrg5.txt |2,3e+03 |
|15 |  900 | 5000 |   45 |     0,4500 |1586316548145 |     168 |   183.0 | 8,93 |mscpnrg5.txt |2,6e+03 |
|15 | 1000 | 5000 |   45 |     0,4444 |1586316548145 |     168 |   183.0 | 8,93 |mscpnrg5.txt |2,8e+03 |
|15 | 1100 | 5000 |   50 |     0,4500 |1586316548145 |     168 |   183.0 | 8,93 |mscpnrg5.txt |3,1e+03 |
|15 | 1200 | 5000 |   50 |     0,4500 |1586316548145 |     168 |   183.0 | 8,93 |mscpnrg5.txt |3,4e+03 |
|15 | 1300 | 5000 |   50 |     0,4500 |1586316548145 |     168 |   183.0 | 8,93 |mscpnrg5.txt |3,7e+03 |
|15 | 1400 | 5000 |   50 |     0,4500 |1586316548145 |     168 |   183.0 | 8,93 |mscpnrg5.txt |4,0e+03 |
|15 | 1500 | 5000 |   55 |     0,4500 |1586316548145 |     168 |   183.0 | 8,93 |mscpnrg5.txt |4,4e+03 |
|15 | 1600 | 5000 |   55 |     0,4500 |1586316548145 |     168 |   183.0 | 8,93 |mscpnrg5.txt |4,7e+03 |
|15 | 1700 | 5000 |   55 |     0,4500 |1586316548145 |     168 |   183.0 | 8,93 |mscpnrg5.txt |4,9e+03 |
|15 | 1800 | 5000 |   55 |     0,4500 |1586316548145 |     168 |   183.0 | 8,93 |mscpnrg5.txt |5,1e+03 |
|15 | 1900 | 5000 |   60 |     0,4500 |1586316548145 |     168 |   183.0 | 8,93 |mscpnrg5.txt |5,5e+03 |
|15 | 2000 | 5000 |   60 |     0,4500 |1586316548145 |     168 |   183.0 | 8,93 |mscpnrg5.txt |5,8e+03 |
|15 | 2100 | 5000 |   60 |     0,4500 |1586316548145 |     168 |   183.0 | 8,93 |mscpnrg5.txt |6,2e+03 |
|15 | 2200 | 5000 |   60 |     0,4500 |1586316548145 |     168 |   183.0 | 8,93 |mscpnrg5.txt |6,5e+03 |
|15 | 2300 | 5000 |   65 |     0,4500 |1586316548145 |     168 |   183.0 | 8,93 |mscpnrg5.txt |7,0e+03 |
|15 | 2400 | 5000 |   65 |     0,4500 |1586316548145 |     168 |   183.0 | 8,93 |mscpnrg5.txt |7,5e+03 |
|15 | 2500 | 5000 |   65 |     0,4500 |1586316548145 |     168 |   183.0 | 8,93 |mscpnrg5.txt |7,8e+03 |
|15 | 2600 | 5000 |   65 |     0,4500 |1586316548145 |     168 |   183.0 | 8,93 |mscpnrg5.txt |8,2e+03 |
|15 | 2700 | 5000 |   70 |     0,4500 |1586316548145 |     168 |   183.0 | 8,93 |mscpnrg5.txt |8,7e+03 |
|15 | 2800 | 5000 |   70 |     0,4500 |1586316548145 |     168 |   183.0 | 8,93 |mscpnrg5.txt |8,9e+03 |
|15 | 2900 | 5000 |   70 |     0,4500 |1586316548145 |     168 |   183.0 | 8,93 |mscpnrg5.txt |9,3e+03 |
|15 | 3000 | 5000 |   70 |     0,4500 |1586316548145 |     168 |   183.0 | 8,93 |mscpnrg5.txt |9,6e+03 |
|15 | 3100 | 5000 |   75 |     0,4500 |1586316548145 |     168 |   183.0 | 8,93 |mscpnrg5.txt |1,0e+04 |
|15 | 3200 | 5000 |   75 |     0,4500 |1586316548145 |     168 |   183.0 | 8,93 |mscpnrg5.txt |1,0e+04 |
|15 | 3300 | 5000 |   75 |     0,4500 |1586316548145 |     168 |   182.0 | 8,33 |mscpnrg5.txt |1,1e+04 |
|15 | 3400 | 5000 |   75 |     0,4500 |1586316548145 |     168 |   182.0 | 8,33 |mscpnrg5.txt |1,1e+04 |
|15 | 3500 | 5000 |   80 |     0,4500 |1586316548145 |     168 |   182.0 | 8,33 |mscpnrg5.txt |1,2e+04 |
|15 | 3600 | 5000 |   80 |     0,4500 |1586316548145 |     168 |   182.0 | 8,33 |mscpnrg5.txt |1,2e+04 |
|15 | 3700 | 5000 |   80 |     0,4500 |1586316548145 |     168 |   182.0 | 8,33 |mscpnrg5.txt |1,3e+04 |
|15 | 3800 | 5000 |   80 |     0,4500 |1586316548145 |     168 |   182.0 | 8,33 |mscpnrg5.txt |1,3e+04 |
|15 | 3900 | 5000 |   85 |     0,4500 |1586316548145 |     168 |   182.0 | 8,33 |mscpnrg5.txt |1,4e+04 |
|15 | 4000 | 5000 |   85 |     0,4500 |1586316548145 |     168 |   182.0 | 8,33 |mscpnrg5.txt |1,4e+04 |
|15 | 4100 | 5000 |   85 |     0,4500 |1586316548145 |     168 |   182.0 | 8,33 |mscpnrg5.txt |1,5e+04 |
|15 | 4200 | 5000 |   85 |     0,4500 |1586316548145 |     168 |   182.0 | 8,33 |mscpnrg5.txt |1,5e+04 |
|15 | 4300 | 5000 |   90 |     0,4500 |1586316548145 |     168 |   182.0 | 8,33 |mscpnrg5.txt |1,5e+04 |
|15 | 4400 | 5000 |   90 |     0,4500 |1586316548145 |     168 |   182.0 | 8,33 |mscpnrg5.txt |1,6e+04 |
|15 | 4500 | 5000 |   90 |     0,4500 |1586316548145 |     168 |   182.0 | 8,33 |mscpnrg5.txt |1,6e+04 |
|15 | 4600 | 5000 |   90 |     0,4500 |1586316548145 |     168 |   182.0 | 8,33 |mscpnrg5.txt |1,7e+04 |
|15 | 4700 | 5000 |   95 |     0,4500 |1586316548145 |     168 |   182.0 | 8,33 |mscpnrg5.txt |1,7e+04 |
|15 | 4800 | 5000 |   95 |     0,4500 |1586316548145 |     168 |   182.0 | 8,33 |mscpnrg5.txt |1,8e+04 |
|15 | 4900 | 5000 |   95 |     0,4500 |1586316548145 |     168 |   182.0 | 8,33 |mscpnrg5.txt |1,9e+04 |
|15 | 5000 | 5000 |   95 |     0,4500 |1586316548145 |     168 |   182.0 | 8,33 |mscpnrg5.txt |1,9e+04 |
|15 | 1000 | 5000 |  100 |     0,4500 |1586316548145 |     168 |   182.0 | 8,33 |mscpnrg5.txt |1,9e+04 |
