| # |    #ITER | #IterMAX | Nest |      %Desc |      semilla | BestFit |GottedFit |  RDP |  instancia | time |
-------------------------------------------------------------------------------------------------
| 1 |    1 | 5000 |   35 |       0.25 |1585393786683 |      72 |  3060.0 |4150,00 | mscpd3.txt |0,010 |
| 1 |  100 | 5000 |   35 |       0.45 |1585393786683 |      72 |  2421.0 |3262,50 | mscpd3.txt | 0,85 |
| 1 |  200 | 5000 |   35 | 0.37142858 |1585393786683 |      72 |  2240.0 |3011,11 | mscpd3.txt |  1,7 |
| 1 |  300 | 5000 |   35 | 0.31428573 |1585393786683 |      72 |  2124.0 |2850,00 | mscpd3.txt |  2,6 |
| 1 |  400 | 5000 |   40 |       0.45 |1585393786683 |      72 |    81.0 |12,50 | mscpd3.txt |   60 |
| 1 |  500 | 5000 |   40 |       0.45 |1585393786683 |      72 |    81.0 |12,50 | mscpd3.txt |1,3e+02 |
| 1 |  600 | 5000 |   40 |       0.35 |1585393786683 |      72 |    81.0 |12,50 | mscpd3.txt |1,8e+02 |
| 1 |  700 | 5000 |   40 |       0.45 |1585393786683 |      72 |    81.0 |12,50 | mscpd3.txt |2,1e+02 |
| 1 |  800 | 5000 |   45 |       0.45 |1585393786683 |      72 |    81.0 |12,50 | mscpd3.txt |2,5e+02 |
| 1 |  900 | 5000 |   45 |       0.45 |1585393786683 |      72 |    81.0 |12,50 | mscpd3.txt |3,0e+02 |
| 1 | 1000 | 5000 |   45 |       0.45 |1585393786683 |      72 |    81.0 |12,50 | mscpd3.txt |3,4e+02 |
| 1 | 1100 | 5000 |   45 |       0.45 |1585393786683 |      72 |    81.0 |12,50 | mscpd3.txt |3,8e+02 |
| 1 | 1200 | 5000 |   50 |       0.45 |1585393786683 |      72 |    80.0 |11,11 | mscpd3.txt |4,4e+02 |
| 1 | 1300 | 5000 |   50 |       0.45 |1585393786683 |      72 |    80.0 |11,11 | mscpd3.txt |4,7e+02 |
| 1 | 1400 | 5000 |   50 |       0.45 |1585393786683 |      72 |    80.0 |11,11 | mscpd3.txt |5,0e+02 |
| 1 | 1500 | 5000 |   50 |       0.45 |1585393786683 |      72 |    80.0 |11,11 | mscpd3.txt |5,3e+02 |
| 1 | 1600 | 5000 |   55 |       0.45 |1585393786683 |      72 |    80.0 |11,11 | mscpd3.txt |5,8e+02 |
| 1 | 1700 | 5000 |   55 |       0.45 |1585393786683 |      72 |    80.0 |11,11 | mscpd3.txt |6,2e+02 |
| 1 | 1800 | 5000 |   55 |       0.45 |1585393786683 |      72 |    80.0 |11,11 | mscpd3.txt |6,7e+02 |
| 1 | 1900 | 5000 |   55 |       0.45 |1585393786683 |      72 |    80.0 |11,11 | mscpd3.txt |7,1e+02 |
| 1 | 2000 | 5000 |   60 |       0.45 |1585393786683 |      72 |    80.0 |11,11 | mscpd3.txt |7,7e+02 |
| 1 | 2100 | 5000 |   60 |       0.45 |1585393786683 |      72 |    80.0 |11,11 | mscpd3.txt |8,2e+02 |
| 1 | 2200 | 5000 |   60 |       0.45 |1585393786683 |      72 |    80.0 |11,11 | mscpd3.txt |8,8e+02 |
| 1 | 2300 | 5000 |   60 |       0.45 |1585393786683 |      72 |    80.0 |11,11 | mscpd3.txt |9,4e+02 |
| 1 | 2400 | 5000 |   65 |       0.45 |1585393786683 |      72 |    80.0 |11,11 | mscpd3.txt |1,0e+03 |
| 1 | 2500 | 5000 |   65 |       0.45 |1585393786683 |      72 |    79.0 | 9,72 | mscpd3.txt |1,0e+03 |
| 1 | 2600 | 5000 |   65 |       0.45 |1585393786683 |      72 |    78.0 | 8,33 | mscpd3.txt |1,1e+03 |
| 1 | 2700 | 5000 |   65 |       0.45 |1585393786683 |      72 |    78.0 | 8,33 | mscpd3.txt |1,1e+03 |
| 1 | 2800 | 5000 |   70 |       0.45 |1585393786683 |      72 |    78.0 | 8,33 | mscpd3.txt |1,2e+03 |
| 1 | 2900 | 5000 |   70 |       0.45 |1585393786683 |      72 |    78.0 | 8,33 | mscpd3.txt |1,2e+03 |
| 1 | 3000 | 5000 |   70 |       0.45 |1585393786683 |      72 |    78.0 | 8,33 | mscpd3.txt |1,3e+03 |
| 1 | 3100 | 5000 |   70 |       0.45 |1585393786683 |      72 |    78.0 | 8,33 | mscpd3.txt |1,3e+03 |
| 1 | 3200 | 5000 |   75 |       0.45 |1585393786683 |      72 |    78.0 | 8,33 | mscpd3.txt |1,3e+03 |
| 1 | 3300 | 5000 |   75 |       0.45 |1585393786683 |      72 |    78.0 | 8,33 | mscpd3.txt |1,4e+03 |
| 1 | 3400 | 5000 |   75 |       0.45 |1585393786683 |      72 |    78.0 | 8,33 | mscpd3.txt |1,4e+03 |
| 1 | 3500 | 5000 |   75 |       0.45 |1585393786683 |      72 |    78.0 | 8,33 | mscpd3.txt |1,4e+03 |
| 1 | 3600 | 5000 |   80 |       0.45 |1585393786683 |      72 |    78.0 | 8,33 | mscpd3.txt |1,5e+03 |
| 1 | 3700 | 5000 |   80 |       0.45 |1585393786683 |      72 |    78.0 | 8,33 | mscpd3.txt |1,5e+03 |
| 1 | 3800 | 5000 |   80 |       0.45 |1585393786683 |      72 |    78.0 | 8,33 | mscpd3.txt |1,6e+03 |
| 1 | 3900 | 5000 |   80 |       0.45 |1585393786683 |      72 |    78.0 | 8,33 | mscpd3.txt |1,6e+03 |
| 1 | 4000 | 5000 |   85 |       0.45 |1585393786683 |      72 |    78.0 | 8,33 | mscpd3.txt |1,6e+03 |
| 1 | 4100 | 5000 |   85 |       0.45 |1585393786683 |      72 |    78.0 | 8,33 | mscpd3.txt |1,7e+03 |
| 1 | 4200 | 5000 |   85 |       0.45 |1585393786683 |      72 |    78.0 | 8,33 | mscpd3.txt |1,7e+03 |
| 1 | 4300 | 5000 |   85 |       0.45 |1585393786683 |      72 |    78.0 | 8,33 | mscpd3.txt |1,7e+03 |
| 1 | 4400 | 5000 |   90 |       0.45 |1585393786683 |      72 |    78.0 | 8,33 | mscpd3.txt |1,8e+03 |
| 1 | 4500 | 5000 |   90 |       0.45 |1585393786683 |      72 |    78.0 | 8,33 | mscpd3.txt |1,8e+03 |
| 1 | 4600 | 5000 |   90 |       0.45 |1585393786683 |      72 |    78.0 | 8,33 | mscpd3.txt |1,8e+03 |
| 1 | 4700 | 5000 |   90 |       0.45 |1585393786683 |      72 |    78.0 | 8,33 | mscpd3.txt |1,9e+03 |
| 1 | 4800 | 5000 |   95 |       0.45 |1585393786683 |      72 |    78.0 | 8,33 | mscpd3.txt |1,9e+03 |
| 1 | 4900 | 5000 |   95 |       0.45 |1585393786683 |      72 |    78.0 | 8,33 | mscpd3.txt |2,0e+03 |
| 1 | 5000 | 5000 |   95 |       0.45 |1585393786683 |      72 |    78.0 | 8,33 | mscpd3.txt |2,0e+03 |
| 1 |  400 | 5000 |   95 |       0.45 |1585393786683 |      72 |    78.0 | 8,33 | mscpd3.txt |2,0e+03 |
| 2 |    1 | 5000 |   35 |       0.25 |1585395782925 |      72 |  3142.0 |4263,89 | mscpd3.txt |0,010 |
| 2 |  100 | 5000 |   35 | 0.42857143 |1585395782925 |      72 |  2543.0 |3431,94 | mscpd3.txt | 0,78 |
| 2 |  200 | 5000 |   40 |       0.45 |1585395782925 |      72 |    82.0 |13,89 | mscpd3.txt |   44 |
| 2 |  300 | 5000 |   40 |       0.45 |1585395782925 |      72 |    81.0 |12,50 | mscpd3.txt |1,0e+02 |
| 2 |  400 | 5000 |   40 |       0.45 |1585395782925 |      72 |    81.0 |12,50 | mscpd3.txt |1,6e+02 |
| 2 |  500 | 5000 |   40 |       0.45 |1585395782925 |      72 |    81.0 |12,50 | mscpd3.txt |2,2e+02 |
| 2 |  600 | 5000 |   45 |       0.45 |1585395782925 |      72 |    81.0 |12,50 | mscpd3.txt |2,9e+02 |
| 2 |  700 | 5000 |   45 |       0.45 |1585395782925 |      72 |    81.0 |12,50 | mscpd3.txt |3,4e+02 |
| 2 |  800 | 5000 |   45 | 0.35555556 |1585395782925 |      72 |    81.0 |12,50 | mscpd3.txt |3,8e+02 |
| 2 |  900 | 5000 |   45 | 0.35555556 |1585395782925 |      72 |    81.0 |12,50 | mscpd3.txt |4,1e+02 |
| 2 | 1000 | 5000 |   50 |       0.42 |1585395782925 |      72 |    80.0 |11,11 | mscpd3.txt |4,6e+02 |
| 2 | 1100 | 5000 |   50 |        0.4 |1585395782925 |      72 |    80.0 |11,11 | mscpd3.txt |5,1e+02 |
| 2 | 1200 | 5000 |   50 |       0.44 |1585395782925 |      72 |    80.0 |11,11 | mscpd3.txt |5,5e+02 |
| 2 | 1300 | 5000 |   50 |       0.44 |1585395782925 |      72 |    80.0 |11,11 | mscpd3.txt |6,0e+02 |
| 2 | 1400 | 5000 |   55 |       0.45 |1585395782925 |      72 |    80.0 |11,11 | mscpd3.txt |6,5e+02 |
| 2 | 1500 | 5000 |   55 |       0.45 |1585395782925 |      72 |    80.0 |11,11 | mscpd3.txt |7,1e+02 |
| 2 | 1600 | 5000 |   55 |       0.45 |1585395782925 |      72 |    80.0 |11,11 | mscpd3.txt |7,5e+02 |
| 2 | 1700 | 5000 |   55 |       0.45 |1585395782925 |      72 |    80.0 |11,11 | mscpd3.txt |7,9e+02 |
| 2 | 1800 | 5000 |   60 |       0.45 |1585395782925 |      72 |    80.0 |11,11 | mscpd3.txt |8,3e+02 |
| 2 | 1900 | 5000 |   60 |       0.45 |1585395782925 |      72 |    80.0 |11,11 | mscpd3.txt |8,8e+02 |
| 2 | 2000 | 5000 |   60 |       0.45 |1585395782925 |      72 |    80.0 |11,11 | mscpd3.txt |9,3e+02 |
| 2 | 2100 | 5000 |   60 |       0.45 |1585395782925 |      72 |    80.0 |11,11 | mscpd3.txt |9,7e+02 |
| 2 | 2200 | 5000 |   65 |       0.45 |1585395782925 |      72 |    80.0 |11,11 | mscpd3.txt |1,0e+03 |
| 2 | 2300 | 5000 |   65 |       0.45 |1585395782925 |      72 |    80.0 |11,11 | mscpd3.txt |1,1e+03 |
| 2 | 2400 | 5000 |   65 |       0.45 |1585395782925 |      72 |    80.0 |11,11 | mscpd3.txt |1,1e+03 |
| 2 | 2500 | 5000 |   65 |       0.45 |1585395782925 |      72 |    80.0 |11,11 | mscpd3.txt |1,1e+03 |
| 2 | 2600 | 5000 |   70 |       0.45 |1585395782925 |      72 |    80.0 |11,11 | mscpd3.txt |1,2e+03 |
| 2 | 2700 | 5000 |   70 |       0.45 |1585395782925 |      72 |    80.0 |11,11 | mscpd3.txt |1,2e+03 |
| 2 | 2800 | 5000 |   70 |       0.45 |1585395782925 |      72 |    80.0 |11,11 | mscpd3.txt |1,3e+03 |
| 2 | 2900 | 5000 |   70 |       0.45 |1585395782925 |      72 |    80.0 |11,11 | mscpd3.txt |1,3e+03 |
| 2 | 3000 | 5000 |   75 |       0.45 |1585395782925 |      72 |    80.0 |11,11 | mscpd3.txt |1,4e+03 |
| 2 | 3100 | 5000 |   75 |       0.45 |1585395782925 |      72 |    80.0 |11,11 | mscpd3.txt |1,4e+03 |
| 2 | 3200 | 5000 |   75 |       0.45 |1585395782925 |      72 |    80.0 |11,11 | mscpd3.txt |1,5e+03 |
| 2 | 3300 | 5000 |   75 |       0.45 |1585395782925 |      72 |    80.0 |11,11 | mscpd3.txt |1,5e+03 |
| 2 | 3400 | 5000 |   80 |       0.45 |1585395782925 |      72 |    80.0 |11,11 | mscpd3.txt |1,6e+03 |
| 2 | 3500 | 5000 |   80 |       0.45 |1585395782925 |      72 |    80.0 |11,11 | mscpd3.txt |1,6e+03 |
| 2 | 3600 | 5000 |   80 |       0.45 |1585395782925 |      72 |    80.0 |11,11 | mscpd3.txt |1,7e+03 |
| 2 | 3700 | 5000 |   80 |       0.45 |1585395782925 |      72 |    80.0 |11,11 | mscpd3.txt |1,7e+03 |
| 2 | 3800 | 5000 |   85 |       0.45 |1585395782925 |      72 |    80.0 |11,11 | mscpd3.txt |1,7e+03 |
| 2 | 3900 | 5000 |   85 |       0.45 |1585395782925 |      72 |    80.0 |11,11 | mscpd3.txt |1,8e+03 |
| 2 | 4000 | 5000 |   85 |       0.45 |1585395782925 |      72 |    80.0 |11,11 | mscpd3.txt |1,8e+03 |
| 2 | 4100 | 5000 |   85 |       0.45 |1585395782925 |      72 |    80.0 |11,11 | mscpd3.txt |1,9e+03 |
| 2 | 4200 | 5000 |   90 |       0.45 |1585395782925 |      72 |    80.0 |11,11 | mscpd3.txt |1,9e+03 |
| 2 | 4300 | 5000 |   90 |       0.45 |1585395782925 |      72 |    80.0 |11,11 | mscpd3.txt |2,0e+03 |
| 2 | 4400 | 5000 |   90 |       0.45 |1585395782925 |      72 |    80.0 |11,11 | mscpd3.txt |2,0e+03 |
| 2 | 4500 | 5000 |   90 |       0.45 |1585395782925 |      72 |    80.0 |11,11 | mscpd3.txt |2,1e+03 |
| 2 | 4600 | 5000 |   95 |       0.45 |1585395782925 |      72 |    80.0 |11,11 | mscpd3.txt |2,2e+03 |
| 2 | 4700 | 5000 |   95 |       0.45 |1585395782925 |      72 |    80.0 |11,11 | mscpd3.txt |2,2e+03 |
| 2 | 4800 | 5000 |   95 |       0.45 |1585395782925 |      72 |    80.0 |11,11 | mscpd3.txt |2,2e+03 |
| 2 | 4900 | 5000 |   95 |       0.45 |1585395782925 |      72 |    80.0 |11,11 | mscpd3.txt |2,3e+03 |
| 2 | 5000 | 5000 |  100 |       0.45 |1585395782925 |      72 |    80.0 |11,11 | mscpd3.txt |2,3e+03 |
| 2 |  400 | 5000 |  100 |       0.45 |1585395782925 |      72 |    80.0 |11,11 | mscpd3.txt |2,3e+03 |
| 3 |    1 | 5000 |   35 |       0.25 |1585398124166 |      72 |  3070.0 |4163,89 | mscpd3.txt |0,010 |
| 3 |  100 | 5000 |   35 | 0.42857143 |1585398124166 |      72 |  2575.0 |3476,39 | mscpd3.txt | 0,76 |
| 3 |  200 | 5000 |   35 | 0.37142858 |1585398124166 |      72 |  2419.0 |3259,72 | mscpd3.txt |  1,6 |
| 3 |  300 | 5000 |   35 | 0.42857143 |1585398124166 |      72 |  2268.0 |3050,00 | mscpd3.txt |  2,5 |
| 3 |  400 | 5000 |   35 | 0.42857143 |1585398124166 |      72 |  2069.0 |2773,61 | mscpd3.txt |  3,2 |
| 3 |  500 | 5000 |   40 |       0.45 |1585398124166 |      72 |    79.0 | 9,72 | mscpd3.txt |   49 |
| 3 |  600 | 5000 |   40 |       0.45 |1585398124166 |      72 |    79.0 | 9,72 | mscpd3.txt |1,1e+02 |
| 3 |  700 | 5000 |   40 |       0.45 |1585398124166 |      72 |    79.0 | 9,72 | mscpd3.txt |1,6e+02 |
| 3 |  800 | 5000 |   40 |       0.45 |1585398124166 |      72 |    79.0 | 9,72 | mscpd3.txt |2,2e+02 |
| 3 |  900 | 5000 |   45 |       0.45 |1585398124166 |      72 |    79.0 | 9,72 | mscpd3.txt |2,7e+02 |
| 3 | 1000 | 5000 |   45 | 0.33333334 |1585398124166 |      72 |    79.0 | 9,72 | mscpd3.txt |3,1e+02 |
| 3 | 1100 | 5000 |   45 | 0.44444445 |1585398124166 |      72 |    79.0 | 9,72 | mscpd3.txt |3,5e+02 |
| 3 | 1200 | 5000 |   45 | 0.35555556 |1585398124166 |      72 |    79.0 | 9,72 | mscpd3.txt |3,8e+02 |
| 3 | 1300 | 5000 |   50 |       0.45 |1585398124166 |      72 |    79.0 | 9,72 | mscpd3.txt |4,3e+02 |
| 3 | 1400 | 5000 |   50 |       0.45 |1585398124166 |      72 |    79.0 | 9,72 | mscpd3.txt |4,6e+02 |
| 3 | 1500 | 5000 |   50 |       0.45 |1585398124166 |      72 |    79.0 | 9,72 | mscpd3.txt |4,9e+02 |
| 3 | 1600 | 5000 |   50 |       0.45 |1585398124166 |      72 |    79.0 | 9,72 | mscpd3.txt |5,2e+02 |
| 3 | 1700 | 5000 |   55 |       0.45 |1585398124166 |      72 |    79.0 | 9,72 | mscpd3.txt |5,5e+02 |
| 3 | 1800 | 5000 |   55 |       0.45 |1585398124166 |      72 |    79.0 | 9,72 | mscpd3.txt |5,9e+02 |
| 3 | 1900 | 5000 |   55 |       0.45 |1585398124166 |      72 |    79.0 | 9,72 | mscpd3.txt |6,3e+02 |
| 3 | 2000 | 5000 |   55 |       0.45 |1585398124166 |      72 |    79.0 | 9,72 | mscpd3.txt |6,7e+02 |
| 3 | 2100 | 5000 |   60 |       0.45 |1585398124166 |      72 |    79.0 | 9,72 | mscpd3.txt |7,2e+02 |
| 3 | 2200 | 5000 |   60 |       0.45 |1585398124166 |      72 |    79.0 | 9,72 | mscpd3.txt |7,7e+02 |
| 3 | 2300 | 5000 |   60 |       0.45 |1585398124166 |      72 |    79.0 | 9,72 | mscpd3.txt |8,2e+02 |
| 3 | 2400 | 5000 |   60 |       0.45 |1585398124166 |      72 |    79.0 | 9,72 | mscpd3.txt |8,7e+02 |
| 3 | 2500 | 5000 |   65 |       0.45 |1585398124166 |      72 |    79.0 | 9,72 | mscpd3.txt |9,3e+02 |
| 3 | 2600 | 5000 |   65 |       0.45 |1585398124166 |      72 |    79.0 | 9,72 | mscpd3.txt |9,7e+02 |
| 3 | 2700 | 5000 |   65 |       0.45 |1585398124166 |      72 |    79.0 | 9,72 | mscpd3.txt |1,0e+03 |
| 3 | 2800 | 5000 |   65 |       0.45 |1585398124166 |      72 |    79.0 | 9,72 | mscpd3.txt |1,0e+03 |
| 3 | 2900 | 5000 |   70 |       0.45 |1585398124166 |      72 |    79.0 | 9,72 | mscpd3.txt |1,1e+03 |
| 3 | 3000 | 5000 |   70 |       0.45 |1585398124166 |      72 |    79.0 | 9,72 | mscpd3.txt |1,1e+03 |
| 3 | 3100 | 5000 |   70 |       0.45 |1585398124166 |      72 |    79.0 | 9,72 | mscpd3.txt |1,1e+03 |
| 3 | 3200 | 5000 |   70 |       0.45 |1585398124166 |      72 |    79.0 | 9,72 | mscpd3.txt |1,2e+03 |
| 3 | 3300 | 5000 |   75 |       0.45 |1585398124166 |      72 |    79.0 | 9,72 | mscpd3.txt |1,2e+03 |
| 3 | 3400 | 5000 |   75 |       0.45 |1585398124166 |      72 |    79.0 | 9,72 | mscpd3.txt |1,2e+03 |
| 3 | 3500 | 5000 |   75 |       0.45 |1585398124166 |      72 |    79.0 | 9,72 | mscpd3.txt |1,3e+03 |
| 3 | 3600 | 5000 |   75 |       0.45 |1585398124166 |      72 |    79.0 | 9,72 | mscpd3.txt |1,3e+03 |
| 3 | 3700 | 5000 |   80 |       0.45 |1585398124166 |      72 |    79.0 | 9,72 | mscpd3.txt |1,4e+03 |
| 3 | 3800 | 5000 |   80 |       0.45 |1585398124166 |      72 |    79.0 | 9,72 | mscpd3.txt |1,4e+03 |
| 3 | 3900 | 5000 |   80 |       0.45 |1585398124166 |      72 |    79.0 | 9,72 | mscpd3.txt |1,4e+03 |
| 3 | 4000 | 5000 |   80 |       0.45 |1585398124166 |      72 |    79.0 | 9,72 | mscpd3.txt |1,5e+03 |
| 3 | 4100 | 5000 |   85 |       0.45 |1585398124166 |      72 |    76.0 | 5,56 | mscpd3.txt |1,6e+03 |
| 3 | 4200 | 5000 |   85 |       0.45 |1585398124166 |      72 |    76.0 | 5,56 | mscpd3.txt |1,6e+03 |
| 3 | 4300 | 5000 |   85 |       0.45 |1585398124166 |      72 |    76.0 | 5,56 | mscpd3.txt |1,7e+03 |
| 3 | 4400 | 5000 |   85 |       0.45 |1585398124166 |      72 |    76.0 | 5,56 | mscpd3.txt |1,8e+03 |
| 3 | 4500 | 5000 |   90 |       0.45 |1585398124166 |      72 |    76.0 | 5,56 | mscpd3.txt |1,8e+03 |
| 3 | 4600 | 5000 |   90 |       0.45 |1585398124166 |      72 |    76.0 | 5,56 | mscpd3.txt |1,9e+03 |
| 3 | 4700 | 5000 |   90 |       0.45 |1585398124166 |      72 |    76.0 | 5,56 | mscpd3.txt |1,9e+03 |
| 3 | 4800 | 5000 |   90 |       0.45 |1585398124166 |      72 |    76.0 | 5,56 | mscpd3.txt |2,0e+03 |
| 3 | 4900 | 5000 |   95 |       0.45 |1585398124166 |      72 |    76.0 | 5,56 | mscpd3.txt |2,0e+03 |
| 3 | 5000 | 5000 |   95 |       0.45 |1585398124166 |      72 |    76.0 | 5,56 | mscpd3.txt |2,1e+03 |
| 3 |  400 | 5000 |   95 |       0.45 |1585398124166 |      72 |    76.0 | 5,56 | mscpd3.txt |2,1e+03 |
| 4 |    1 | 5000 |   35 |       0.25 |1585400200037 |      72 |  3104.0 |4211,11 | mscpd3.txt |0,010 |
| 4 |  100 | 5000 |   35 | 0.42857143 |1585400200037 |      72 |  2478.0 |3341,67 | mscpd3.txt | 0,82 |
| 4 |  200 | 5000 |   35 | 0.31428573 |1585400200037 |      72 |  2395.0 |3226,39 | mscpd3.txt |  1,6 |
| 4 |  300 | 5000 |   40 |       0.45 |1585400200037 |      72 |    82.0 |13,89 | mscpd3.txt |   44 |
| 4 |  400 | 5000 |   40 |       0.45 |1585400200037 |      72 |    82.0 |13,89 | mscpd3.txt |   94 |
| 4 |  500 | 5000 |   40 |      0.425 |1585400200037 |      72 |    82.0 |13,89 | mscpd3.txt |1,3e+02 |
| 4 |  600 | 5000 |   40 |      0.425 |1585400200037 |      72 |    82.0 |13,89 | mscpd3.txt |1,7e+02 |
| 4 |  700 | 5000 |   45 |        0.4 |1585400200037 |      72 |    82.0 |13,89 | mscpd3.txt |2,1e+02 |
| 4 |  800 | 5000 |   45 |        0.4 |1585400200037 |      72 |    82.0 |13,89 | mscpd3.txt |2,4e+02 |
| 4 |  900 | 5000 |   45 |        0.4 |1585400200037 |      72 |    82.0 |13,89 | mscpd3.txt |2,8e+02 |
| 4 | 1000 | 5000 |   45 |        0.4 |1585400200037 |      72 |    82.0 |13,89 | mscpd3.txt |3,1e+02 |
| 4 | 1100 | 5000 |   50 |       0.45 |1585400200037 |      72 |    82.0 |13,89 | mscpd3.txt |3,6e+02 |
| 4 | 1200 | 5000 |   50 |       0.45 |1585400200037 |      72 |    82.0 |13,89 | mscpd3.txt |3,9e+02 |
| 4 | 1300 | 5000 |   50 |       0.45 |1585400200037 |      72 |    82.0 |13,89 | mscpd3.txt |4,1e+02 |
| 4 | 1400 | 5000 |   50 |       0.45 |1585400200037 |      72 |    82.0 |13,89 | mscpd3.txt |4,4e+02 |
| 4 | 1500 | 5000 |   55 |       0.45 |1585400200037 |      72 |    82.0 |13,89 | mscpd3.txt |4,8e+02 |
| 4 | 1600 | 5000 |   55 |       0.45 |1585400200037 |      72 |    82.0 |13,89 | mscpd3.txt |5,2e+02 |
| 4 | 1700 | 5000 |   55 |       0.45 |1585400200037 |      72 |    82.0 |13,89 | mscpd3.txt |5,6e+02 |
| 4 | 1800 | 5000 |   55 |       0.45 |1585400200037 |      72 |    82.0 |13,89 | mscpd3.txt |6,0e+02 |
| 4 | 1900 | 5000 |   60 |       0.45 |1585400200037 |      72 |    82.0 |13,89 | mscpd3.txt |6,5e+02 |
| 4 | 2000 | 5000 |   60 |       0.45 |1585400200037 |      72 |    82.0 |13,89 | mscpd3.txt |6,9e+02 |
| 4 | 2100 | 5000 |   60 |       0.45 |1585400200037 |      72 |    82.0 |13,89 | mscpd3.txt |7,2e+02 |
| 4 | 2200 | 5000 |   60 |       0.45 |1585400200037 |      72 |    82.0 |13,89 | mscpd3.txt |7,5e+02 |
| 4 | 2300 | 5000 |   65 |       0.45 |1585400200037 |      72 |    82.0 |13,89 | mscpd3.txt |7,9e+02 |
| 4 | 2400 | 5000 |   65 |       0.45 |1585400200037 |      72 |    82.0 |13,89 | mscpd3.txt |8,4e+02 |
| 4 | 2500 | 5000 |   65 |       0.45 |1585400200037 |      72 |    82.0 |13,89 | mscpd3.txt |8,8e+02 |
| 4 | 2600 | 5000 |   65 |       0.45 |1585400200037 |      72 |    82.0 |13,89 | mscpd3.txt |9,3e+02 |
| 4 | 2700 | 5000 |   70 |       0.45 |1585400200037 |      72 |    82.0 |13,89 | mscpd3.txt |9,8e+02 |
| 4 | 2800 | 5000 |   70 |       0.45 |1585400200037 |      72 |    82.0 |13,89 | mscpd3.txt |1,0e+03 |
| 4 | 2900 | 5000 |   70 |       0.45 |1585400200037 |      72 |    82.0 |13,89 | mscpd3.txt |1,0e+03 |
| 4 | 3000 | 5000 |   70 |       0.45 |1585400200037 |      72 |    82.0 |13,89 | mscpd3.txt |1,1e+03 |
| 4 | 3100 | 5000 |   75 |       0.45 |1585400200037 |      72 |    82.0 |13,89 | mscpd3.txt |1,1e+03 |
| 4 | 3200 | 5000 |   75 |       0.45 |1585400200037 |      72 |    82.0 |13,89 | mscpd3.txt |1,2e+03 |
| 4 | 3300 | 5000 |   75 |       0.45 |1585400200037 |      72 |    82.0 |13,89 | mscpd3.txt |1,2e+03 |
| 4 | 3400 | 5000 |   75 |       0.45 |1585400200037 |      72 |    82.0 |13,89 | mscpd3.txt |1,2e+03 |
| 4 | 3500 | 5000 |   80 |       0.45 |1585400200037 |      72 |    82.0 |13,89 | mscpd3.txt |1,3e+03 |
| 4 | 3600 | 5000 |   80 |       0.45 |1585400200037 |      72 |    82.0 |13,89 | mscpd3.txt |1,3e+03 |
| 4 | 3700 | 5000 |   80 |       0.45 |1585400200037 |      72 |    82.0 |13,89 | mscpd3.txt |1,4e+03 |
| 4 | 3800 | 5000 |   80 |       0.45 |1585400200037 |      72 |    82.0 |13,89 | mscpd3.txt |1,5e+03 |
| 4 | 3900 | 5000 |   85 |       0.45 |1585400200037 |      72 |    82.0 |13,89 | mscpd3.txt |1,5e+03 |
| 4 | 4000 | 5000 |   85 |       0.45 |1585400200037 |      72 |    82.0 |13,89 | mscpd3.txt |1,5e+03 |
| 4 | 4100 | 5000 |   85 |       0.45 |1585400200037 |      72 |    82.0 |13,89 | mscpd3.txt |1,6e+03 |
| 4 | 4200 | 5000 |   85 |       0.45 |1585400200037 |      72 |    82.0 |13,89 | mscpd3.txt |1,6e+03 |
| 4 | 4300 | 5000 |   90 |       0.45 |1585400200037 |      72 |    82.0 |13,89 | mscpd3.txt |1,7e+03 |
| 4 | 4400 | 5000 |   90 |       0.45 |1585400200037 |      72 |    82.0 |13,89 | mscpd3.txt |1,7e+03 |
| 4 | 4500 | 5000 |   90 |       0.45 |1585400200037 |      72 |    82.0 |13,89 | mscpd3.txt |1,8e+03 |
| 4 | 4600 | 5000 |   90 |       0.45 |1585400200037 |      72 |    82.0 |13,89 | mscpd3.txt |1,8e+03 |
| 4 | 4700 | 5000 |   95 |       0.45 |1585400200037 |      72 |    82.0 |13,89 | mscpd3.txt |1,9e+03 |
| 4 | 4800 | 5000 |   95 |       0.45 |1585400200037 |      72 |    82.0 |13,89 | mscpd3.txt |1,9e+03 |
| 4 | 4900 | 5000 |   95 |       0.45 |1585400200037 |      72 |    82.0 |13,89 | mscpd3.txt |2,0e+03 |
| 4 | 5000 | 5000 |   95 |       0.45 |1585400200037 |      72 |    82.0 |13,89 | mscpd3.txt |2,1e+03 |
| 4 |  400 | 5000 |  100 |       0.45 |1585400200037 |      72 |    82.0 |13,89 | mscpd3.txt |2,1e+03 |
| 5 |    1 | 5000 |   35 |       0.25 |1585402257482 |      72 |  3168.0 |4300,00 | mscpd3.txt |0,011 |
| 5 |  100 | 5000 |   35 |       0.45 |1585402257482 |      72 |  2651.0 |3581,94 | mscpd3.txt | 0,80 |
| 5 |  200 | 5000 |   35 |        0.4 |1585402257482 |      72 |  2490.0 |3358,33 | mscpd3.txt |  1,6 |
| 5 |  300 | 5000 |   35 | 0.31428573 |1585402257482 |      72 |  2359.0 |3176,39 | mscpd3.txt |  2,4 |
| 5 |  400 | 5000 |   35 | 0.31428573 |1585402257482 |      72 |  2209.0 |2968,06 | mscpd3.txt |  3,3 |
| 5 |  500 | 5000 |   40 |       0.45 |1585402257482 |      72 |    79.0 | 9,72 | mscpd3.txt |   48 |
| 5 |  600 | 5000 |   40 |       0.45 |1585402257482 |      72 |    79.0 | 9,72 | mscpd3.txt |1,0e+02 |
| 5 |  700 | 5000 |   40 |       0.45 |1585402257482 |      72 |    79.0 | 9,72 | mscpd3.txt |1,6e+02 |
| 5 |  800 | 5000 |   40 |       0.45 |1585402257482 |      72 |    78.0 | 8,33 | mscpd3.txt |2,1e+02 |
| 5 |  900 | 5000 |   45 |       0.45 |1585402257482 |      72 |    78.0 | 8,33 | mscpd3.txt |2,9e+02 |
| 5 | 1000 | 5000 |   45 |       0.45 |1585402257482 |      72 |    78.0 | 8,33 | mscpd3.txt |3,3e+02 |
| 5 | 1100 | 5000 |   45 | 0.44444445 |1585402257482 |      72 |    78.0 | 8,33 | mscpd3.txt |3,6e+02 |
| 5 | 1200 | 5000 |   45 | 0.44444445 |1585402257482 |      72 |    78.0 | 8,33 | mscpd3.txt |3,9e+02 |
| 5 | 1300 | 5000 |   50 |        0.4 |1585402257482 |      72 |    78.0 | 8,33 | mscpd3.txt |4,5e+02 |
| 5 | 1400 | 5000 |   50 |        0.4 |1585402257482 |      72 |    78.0 | 8,33 | mscpd3.txt |5,0e+02 |
| 5 | 1500 | 5000 |   50 |        0.4 |1585402257482 |      72 |    78.0 | 8,33 | mscpd3.txt |5,4e+02 |
| 5 | 1600 | 5000 |   50 |       0.45 |1585402257482 |      72 |    78.0 | 8,33 | mscpd3.txt |5,6e+02 |
| 5 | 1700 | 5000 |   55 |       0.45 |1585402257482 |      72 |    78.0 | 8,33 | mscpd3.txt |6,0e+02 |
| 5 | 1800 | 5000 |   55 |       0.45 |1585402257482 |      72 |    78.0 | 8,33 | mscpd3.txt |6,3e+02 |
| 5 | 1900 | 5000 |   55 |       0.45 |1585402257482 |      72 |    78.0 | 8,33 | mscpd3.txt |6,6e+02 |
| 5 | 2000 | 5000 |   55 |       0.45 |1585402257482 |      72 |    78.0 | 8,33 | mscpd3.txt |6,9e+02 |
| 5 | 2100 | 5000 |   60 |       0.45 |1585402257482 |      72 |    78.0 | 8,33 | mscpd3.txt |7,4e+02 |
| 5 | 2200 | 5000 |   60 |       0.45 |1585402257482 |      72 |    78.0 | 8,33 | mscpd3.txt |7,7e+02 |
| 5 | 2300 | 5000 |   60 |       0.45 |1585402257482 |      72 |    78.0 | 8,33 | mscpd3.txt |8,0e+02 |
| 5 | 2400 | 5000 |   60 |       0.45 |1585402257482 |      72 |    78.0 | 8,33 | mscpd3.txt |8,2e+02 |
| 5 | 2500 | 5000 |   65 |       0.45 |1585402257482 |      72 |    78.0 | 8,33 | mscpd3.txt |8,5e+02 |
| 5 | 2600 | 5000 |   65 |       0.45 |1585402257482 |      72 |    78.0 | 8,33 | mscpd3.txt |8,9e+02 |
| 5 | 2700 | 5000 |   65 |       0.45 |1585402257482 |      72 |    78.0 | 8,33 | mscpd3.txt |9,1e+02 |
| 5 | 2800 | 5000 |   65 |       0.45 |1585402257482 |      72 |    78.0 | 8,33 | mscpd3.txt |9,3e+02 |
| 5 | 2900 | 5000 |   70 |       0.45 |1585402257482 |      72 |    78.0 | 8,33 | mscpd3.txt |9,7e+02 |
| 5 | 3000 | 5000 |   70 |       0.45 |1585402257482 |      72 |    78.0 | 8,33 | mscpd3.txt |1,0e+03 |
| 5 | 3100 | 5000 |   70 |       0.45 |1585402257482 |      72 |    78.0 | 8,33 | mscpd3.txt |1,0e+03 |
| 5 | 3200 | 5000 |   70 |       0.45 |1585402257482 |      72 |    78.0 | 8,33 | mscpd3.txt |1,1e+03 |
| 5 | 3300 | 5000 |   75 |       0.45 |1585402257482 |      72 |    78.0 | 8,33 | mscpd3.txt |1,1e+03 |
| 5 | 3400 | 5000 |   75 |       0.45 |1585402257482 |      72 |    78.0 | 8,33 | mscpd3.txt |1,1e+03 |
| 5 | 3500 | 5000 |   75 |       0.45 |1585402257482 |      72 |    78.0 | 8,33 | mscpd3.txt |1,2e+03 |
| 5 | 3600 | 5000 |   75 |       0.45 |1585402257482 |      72 |    78.0 | 8,33 | mscpd3.txt |1,2e+03 |
| 5 | 3700 | 5000 |   80 |       0.45 |1585402257482 |      72 |    78.0 | 8,33 | mscpd3.txt |1,2e+03 |
| 5 | 3800 | 5000 |   80 |       0.45 |1585402257482 |      72 |    78.0 | 8,33 | mscpd3.txt |1,2e+03 |
| 5 | 3900 | 5000 |   80 |       0.45 |1585402257482 |      72 |    78.0 | 8,33 | mscpd3.txt |1,3e+03 |
| 5 | 4000 | 5000 |   80 |       0.45 |1585402257482 |      72 |    78.0 | 8,33 | mscpd3.txt |1,3e+03 |
| 5 | 4100 | 5000 |   85 |       0.45 |1585402257482 |      72 |    78.0 | 8,33 | mscpd3.txt |1,4e+03 |
| 5 | 4200 | 5000 |   85 |       0.45 |1585402257482 |      72 |    78.0 | 8,33 | mscpd3.txt |1,4e+03 |
| 5 | 4300 | 5000 |   85 |       0.45 |1585402257482 |      72 |    78.0 | 8,33 | mscpd3.txt |1,4e+03 |
| 5 | 4400 | 5000 |   85 |       0.45 |1585402257482 |      72 |    78.0 | 8,33 | mscpd3.txt |1,4e+03 |
| 5 | 4500 | 5000 |   90 |       0.45 |1585402257482 |      72 |    78.0 | 8,33 | mscpd3.txt |1,5e+03 |
| 5 | 4600 | 5000 |   90 |       0.45 |1585402257482 |      72 |    78.0 | 8,33 | mscpd3.txt |1,5e+03 |
| 5 | 4700 | 5000 |   90 |       0.45 |1585402257482 |      72 |    78.0 | 8,33 | mscpd3.txt |1,6e+03 |
| 5 | 4800 | 5000 |   90 |       0.45 |1585402257482 |      72 |    78.0 | 8,33 | mscpd3.txt |1,6e+03 |
| 5 | 4900 | 5000 |   95 |       0.45 |1585402257482 |      72 |    78.0 | 8,33 | mscpd3.txt |1,6e+03 |
| 5 | 5000 | 5000 |   95 |       0.45 |1585402257482 |      72 |    78.0 | 8,33 | mscpd3.txt |1,7e+03 |
| 5 |  400 | 5000 |   95 |       0.45 |1585402257482 |      72 |    78.0 | 8,33 | mscpd3.txt |1,7e+03 |
| 6 |    1 | 5000 |   35 |       0.25 |1585403933252 |      72 |  3054.0 |4141,67 | mscpd3.txt |0,010 |
| 6 |  100 | 5000 |   35 | 0.42857143 |1585403933252 |      72 |   133.0 |84,72 | mscpd3.txt |  1,9 |
| 6 |  200 | 5000 |   35 | 0.42857143 |1585403933252 |      72 |   107.0 |48,61 | mscpd3.txt |  5,2 |
| 6 |  300 | 5000 |   40 |       0.45 |1585403933252 |      72 |    81.0 |12,50 | mscpd3.txt |   52 |
| 6 |  400 | 5000 |   40 |       0.45 |1585403933252 |      72 |    81.0 |12,50 | mscpd3.txt |1,1e+02 |
| 6 |  500 | 5000 |   40 |       0.45 |1585403933252 |      72 |    81.0 |12,50 | mscpd3.txt |1,6e+02 |
| 6 |  600 | 5000 |   40 |      0.425 |1585403933252 |      72 |    81.0 |12,50 | mscpd3.txt |2,1e+02 |
| 6 |  700 | 5000 |   45 |       0.45 |1585403933252 |      72 |    81.0 |12,50 | mscpd3.txt |2,8e+02 |
| 6 |  800 | 5000 |   45 | 0.35555556 |1585403933252 |      72 |    81.0 |12,50 | mscpd3.txt |3,3e+02 |
| 6 |  900 | 5000 |   45 | 0.37777779 |1585403933252 |      72 |    81.0 |12,50 | mscpd3.txt |3,7e+02 |
| 6 | 1000 | 5000 |   45 | 0.42222223 |1585403933252 |      72 |    81.0 |12,50 | mscpd3.txt |4,2e+02 |
| 6 | 1100 | 5000 |   50 |       0.45 |1585403933252 |      72 |    81.0 |12,50 | mscpd3.txt |4,8e+02 |
| 6 | 1200 | 5000 |   50 |       0.45 |1585403933252 |      72 |    81.0 |12,50 | mscpd3.txt |5,2e+02 |
| 6 | 1300 | 5000 |   50 |       0.45 |1585403933252 |      72 |    81.0 |12,50 | mscpd3.txt |5,8e+02 |
| 6 | 1400 | 5000 |   50 |       0.45 |1585403933252 |      72 |    81.0 |12,50 | mscpd3.txt |6,4e+02 |
| 6 | 1500 | 5000 |   55 |       0.45 |1585403933252 |      72 |    81.0 |12,50 | mscpd3.txt |7,4e+02 |
| 6 | 1600 | 5000 |   55 |       0.45 |1585403933252 |      72 |    81.0 |12,50 | mscpd3.txt |8,5e+02 |
| 6 | 1700 | 5000 |   55 |       0.45 |1585403933252 |      72 |    81.0 |12,50 | mscpd3.txt |9,6e+02 |
| 6 | 1800 | 5000 |   55 |       0.45 |1585403933252 |      72 |    81.0 |12,50 | mscpd3.txt |1,1e+03 |
| 6 | 1900 | 5000 |   60 |       0.45 |1585403933252 |      72 |    81.0 |12,50 | mscpd3.txt |1,2e+03 |
| 6 | 2000 | 5000 |   60 |       0.45 |1585403933252 |      72 |    81.0 |12,50 | mscpd3.txt |1,3e+03 |
| 6 | 2100 | 5000 |   60 |       0.45 |1585403933252 |      72 |    81.0 |12,50 | mscpd3.txt |1,3e+03 |
| 6 | 2200 | 5000 |   60 |       0.45 |1585403933252 |      72 |    81.0 |12,50 | mscpd3.txt |1,4e+03 |
| 6 | 2300 | 5000 |   65 |       0.45 |1585403933252 |      72 |    81.0 |12,50 | mscpd3.txt |1,5e+03 |
| 6 | 2400 | 5000 |   65 |       0.45 |1585403933252 |      72 |    81.0 |12,50 | mscpd3.txt |1,6e+03 |
| 6 | 2500 | 5000 |   65 |       0.45 |1585403933252 |      72 |    81.0 |12,50 | mscpd3.txt |1,6e+03 |
| 6 | 2600 | 5000 |   65 |       0.45 |1585403933252 |      72 |    81.0 |12,50 | mscpd3.txt |1,7e+03 |
| 6 | 2700 | 5000 |   70 |       0.45 |1585403933252 |      72 |    81.0 |12,50 | mscpd3.txt |1,8e+03 |
| 6 | 2800 | 5000 |   70 |       0.45 |1585403933252 |      72 |    81.0 |12,50 | mscpd3.txt |1,9e+03 |
| 6 | 2900 | 5000 |   70 |       0.45 |1585403933252 |      72 |    81.0 |12,50 | mscpd3.txt |2,0e+03 |
| 6 | 3000 | 5000 |   70 |       0.45 |1585403933252 |      72 |    81.0 |12,50 | mscpd3.txt |2,1e+03 |
| 6 | 3100 | 5000 |   75 |       0.45 |1585403933252 |      72 |    81.0 |12,50 | mscpd3.txt |2,2e+03 |
| 6 | 3200 | 5000 |   75 |       0.45 |1585403933252 |      72 |    81.0 |12,50 | mscpd3.txt |2,3e+03 |
| 6 | 3300 | 5000 |   75 |       0.45 |1585403933252 |      72 |    81.0 |12,50 | mscpd3.txt |2,4e+03 |
| 6 | 3400 | 5000 |   75 |       0.45 |1585403933252 |      72 |    81.0 |12,50 | mscpd3.txt |2,5e+03 |
| 6 | 3500 | 5000 |   80 |       0.45 |1585403933252 |      72 |    81.0 |12,50 | mscpd3.txt |2,6e+03 |
| 6 | 3600 | 5000 |   80 |       0.45 |1585403933252 |      72 |    81.0 |12,50 | mscpd3.txt |2,7e+03 |
| 6 | 3700 | 5000 |   80 |       0.45 |1585403933252 |      72 |    81.0 |12,50 | mscpd3.txt |2,8e+03 |
| 6 | 3800 | 5000 |   80 |       0.45 |1585403933252 |      72 |    81.0 |12,50 | mscpd3.txt |2,9e+03 |
| 6 | 3900 | 5000 |   85 |       0.45 |1585403933252 |      72 |    81.0 |12,50 | mscpd3.txt |3,0e+03 |
| 6 | 4000 | 5000 |   85 |       0.45 |1585403933252 |      72 |    81.0 |12,50 | mscpd3.txt |3,1e+03 |
| 6 | 4100 | 5000 |   85 |       0.45 |1585403933252 |      72 |    81.0 |12,50 | mscpd3.txt |3,2e+03 |
| 6 | 4200 | 5000 |   85 |       0.45 |1585403933252 |      72 |    81.0 |12,50 | mscpd3.txt |3,3e+03 |
| 6 | 4300 | 5000 |   90 |       0.45 |1585403933252 |      72 |    81.0 |12,50 | mscpd3.txt |3,5e+03 |
| 6 | 4400 | 5000 |   90 |       0.45 |1585403933252 |      72 |    81.0 |12,50 | mscpd3.txt |3,6e+03 |
| 6 | 4500 | 5000 |   90 |       0.45 |1585403933252 |      72 |    81.0 |12,50 | mscpd3.txt |3,7e+03 |
| 6 | 4600 | 5000 |   90 |       0.45 |1585403933252 |      72 |    81.0 |12,50 | mscpd3.txt |3,7e+03 |
| 6 | 4700 | 5000 |   95 |       0.45 |1585403933252 |      72 |    81.0 |12,50 | mscpd3.txt |3,8e+03 |
| 6 | 4800 | 5000 |   95 |       0.45 |1585403933252 |      72 |    81.0 |12,50 | mscpd3.txt |3,9e+03 |
| 6 | 4900 | 5000 |   95 |       0.45 |1585403933252 |      72 |    81.0 |12,50 | mscpd3.txt |4,1e+03 |
| 6 | 5000 | 5000 |   95 |       0.45 |1585403933252 |      72 |    81.0 |12,50 | mscpd3.txt |4,2e+03 |
| 6 |  400 | 5000 |  100 |       0.45 |1585403933252 |      72 |    81.0 |12,50 | mscpd3.txt |4,2e+03 |
| 7 |    1 | 5000 |   35 |       0.25 |1585408110164 |      72 |  3093.0 |4195,83 | mscpd3.txt |0,011 |
| 7 |  100 | 5000 |   35 |       0.45 |1585408110164 |      72 |  2554.0 |3447,22 | mscpd3.txt |   12 |
| 7 |  200 | 5000 |   35 |        0.4 |1585408110164 |      72 |  2309.0 |3106,94 | mscpd3.txt |   14 |
| 7 |  300 | 5000 |   35 | 0.42857143 |1585408110164 |      72 |  2137.0 |2868,06 | mscpd3.txt |   15 |
| 7 |  400 | 5000 |   35 | 0.42857143 |1585408110164 |      72 |  1962.0 |2625,00 | mscpd3.txt |   17 |
| 7 |  500 | 5000 |   40 |       0.45 |1585408110164 |      72 |    81.0 |12,50 | mscpd3.txt |1,6e+02 |
| 7 |  600 | 5000 |   40 |       0.45 |1585408110164 |      72 |    81.0 |12,50 | mscpd3.txt |3,1e+02 |
| 7 |  700 | 5000 |   40 |       0.45 |1585408110164 |      72 |    81.0 |12,50 | mscpd3.txt |4,5e+02 |
| 7 |  800 | 5000 |   40 |        0.4 |1585408110164 |      72 |    81.0 |12,50 | mscpd3.txt |5,4e+02 |
| 7 |  900 | 5000 |   45 |       0.45 |1585408110164 |      72 |    81.0 |12,50 | mscpd3.txt |6,4e+02 |
| 7 | 1000 | 5000 |   45 | 0.44444445 |1585408110164 |      72 |    81.0 |12,50 | mscpd3.txt |7,0e+02 |
| 7 | 1100 | 5000 |   45 | 0.44444445 |1585408110164 |      72 |    81.0 |12,50 | mscpd3.txt |7,6e+02 |
| 7 | 1200 | 5000 |   45 | 0.44444445 |1585408110164 |      72 |    81.0 |12,50 | mscpd3.txt |8,1e+02 |
| 7 | 1300 | 5000 |   50 |       0.45 |1585408110164 |      72 |    81.0 |12,50 | mscpd3.txt |8,9e+02 |
| 7 | 1400 | 5000 |   50 |       0.45 |1585408110164 |      72 |    81.0 |12,50 | mscpd3.txt |1,0e+03 |
| 7 | 1500 | 5000 |   50 |       0.45 |1585408110164 |      72 |    81.0 |12,50 | mscpd3.txt |1,1e+03 |
| 7 | 1600 | 5000 |   50 |       0.45 |1585408110164 |      72 |    81.0 |12,50 | mscpd3.txt |1,2e+03 |
| 7 | 1700 | 5000 |   55 |       0.45 |1585408110164 |      72 |    81.0 |12,50 | mscpd3.txt |1,4e+03 |
| 7 | 1800 | 5000 |   55 |       0.45 |1585408110164 |      72 |    77.0 | 6,94 | mscpd3.txt |1,5e+03 |
| 7 | 1900 | 5000 |   55 |       0.45 |1585408110164 |      72 |    77.0 | 6,94 | mscpd3.txt |1,6e+03 |
| 7 | 2000 | 5000 |   55 |       0.45 |1585408110164 |      72 |    77.0 | 6,94 | mscpd3.txt |1,8e+03 |
| 7 | 2100 | 5000 |   60 |       0.45 |1585408110164 |      72 |    77.0 | 6,94 | mscpd3.txt |1,9e+03 |
| 7 | 2200 | 5000 |   60 |       0.45 |1585408110164 |      72 |    77.0 | 6,94 | mscpd3.txt |2,0e+03 |
| 7 | 2300 | 5000 |   60 |       0.45 |1585408110164 |      72 |    77.0 | 6,94 | mscpd3.txt |2,1e+03 |
| 7 | 2400 | 5000 |   60 |       0.45 |1585408110164 |      72 |    77.0 | 6,94 | mscpd3.txt |2,2e+03 |
| 7 | 2500 | 5000 |   65 |       0.45 |1585408110164 |      72 |    77.0 | 6,94 | mscpd3.txt |2,3e+03 |
| 7 | 2600 | 5000 |   65 |       0.45 |1585408110164 |      72 |    77.0 | 6,94 | mscpd3.txt |2,4e+03 |
| 7 | 2700 | 5000 |   65 |       0.45 |1585408110164 |      72 |    77.0 | 6,94 | mscpd3.txt |2,5e+03 |
| 7 | 2800 | 5000 |   65 |       0.45 |1585408110164 |      72 |    77.0 | 6,94 | mscpd3.txt |2,5e+03 |
| 7 | 2900 | 5000 |   70 |       0.45 |1585408110164 |      72 |    77.0 | 6,94 | mscpd3.txt |2,7e+03 |
| 7 | 3000 | 5000 |   70 |       0.45 |1585408110164 |      72 |    77.0 | 6,94 | mscpd3.txt |2,7e+03 |
| 7 | 3100 | 5000 |   70 |       0.45 |1585408110164 |      72 |    77.0 | 6,94 | mscpd3.txt |2,8e+03 |
| 7 | 3200 | 5000 |   70 |       0.45 |1585408110164 |      72 |    77.0 | 6,94 | mscpd3.txt |2,8e+03 |
| 7 | 3300 | 5000 |   75 |       0.45 |1585408110164 |      72 |    77.0 | 6,94 | mscpd3.txt |2,9e+03 |
| 7 | 3400 | 5000 |   75 |       0.45 |1585408110164 |      72 |    77.0 | 6,94 | mscpd3.txt |3,0e+03 |
| 7 | 3500 | 5000 |   75 |       0.45 |1585408110164 |      72 |    77.0 | 6,94 | mscpd3.txt |3,1e+03 |
| 7 | 3600 | 5000 |   75 |       0.45 |1585408110164 |      72 |    77.0 | 6,94 | mscpd3.txt |3,1e+03 |
| 7 | 3700 | 5000 |   80 |       0.45 |1585408110164 |      72 |    77.0 | 6,94 | mscpd3.txt |3,2e+03 |
| 7 | 3800 | 5000 |   80 |       0.45 |1585408110164 |      72 |    77.0 | 6,94 | mscpd3.txt |3,3e+03 |
| 7 | 3900 | 5000 |   80 |       0.45 |1585408110164 |      72 |    77.0 | 6,94 | mscpd3.txt |3,4e+03 |
| 7 | 4000 | 5000 |   80 |       0.45 |1585408110164 |      72 |    77.0 | 6,94 | mscpd3.txt |3,5e+03 |
| 7 | 4100 | 5000 |   85 |       0.45 |1585408110164 |      72 |    77.0 | 6,94 | mscpd3.txt |3,5e+03 |
| 7 | 4200 | 5000 |   85 |       0.45 |1585408110164 |      72 |    77.0 | 6,94 | mscpd3.txt |3,6e+03 |
| 7 | 4300 | 5000 |   85 |       0.45 |1585408110164 |      72 |    77.0 | 6,94 | mscpd3.txt |3,6e+03 |
| 7 | 4400 | 5000 |   85 |       0.45 |1585408110164 |      72 |    77.0 | 6,94 | mscpd3.txt |3,6e+03 |
| 7 | 4500 | 5000 |   90 |       0.45 |1585408110164 |      72 |    77.0 | 6,94 | mscpd3.txt |3,6e+03 |
| 7 | 4600 | 5000 |   90 |       0.45 |1585408110164 |      72 |    77.0 | 6,94 | mscpd3.txt |3,6e+03 |
| 7 | 4700 | 5000 |   90 |       0.45 |1585408110164 |      72 |    77.0 | 6,94 | mscpd3.txt |3,7e+03 |
| 7 | 4800 | 5000 |   90 |       0.45 |1585408110164 |      72 |    77.0 | 6,94 | mscpd3.txt |3,7e+03 |
| 7 | 4900 | 5000 |   95 |       0.45 |1585408110164 |      72 |    77.0 | 6,94 | mscpd3.txt |3,7e+03 |
| 7 | 5000 | 5000 |   95 |       0.45 |1585408110164 |      72 |    77.0 | 6,94 | mscpd3.txt |3,7e+03 |
| 7 |  400 | 5000 |   95 |       0.45 |1585408110164 |      72 |    77.0 | 6,94 | mscpd3.txt |3,7e+03 |
| 8 |    1 | 5000 |   35 |       0.25 |1585411843066 |      72 |  3091.0 |4193,06 | mscpd3.txt |0,011 |
| 8 |  100 | 5000 |   35 |       0.45 |1585411843066 |      72 |  2590.0 |3497,22 | mscpd3.txt |  1,5 |
| 8 |  200 | 5000 |   35 | 0.34285715 |1585411843066 |      72 |  2343.0 |3154,17 | mscpd3.txt |  3,0 |
| 8 |  300 | 5000 |   40 |       0.45 |1585411843066 |      72 |    82.0 |13,89 | mscpd3.txt |   80 |
| 8 |  400 | 5000 |   40 |       0.45 |1585411843066 |      72 |    82.0 |13,89 | mscpd3.txt |1,7e+02 |
| 8 |  500 | 5000 |   40 |       0.45 |1585411843066 |      72 |    78.0 | 8,33 | mscpd3.txt |2,5e+02 |
| 8 |  600 | 5000 |   40 |      0.425 |1585411843066 |      72 |    78.0 | 8,33 | mscpd3.txt |3,3e+02 |
| 8 |  700 | 5000 |   45 |       0.45 |1585411843066 |      72 |    78.0 | 8,33 | mscpd3.txt |4,2e+02 |
| 8 |  800 | 5000 |   45 |       0.45 |1585411843066 |      72 |    78.0 | 8,33 | mscpd3.txt |5,2e+02 |
| 8 |  900 | 5000 |   45 |       0.45 |1585411843066 |      72 |    78.0 | 8,33 | mscpd3.txt |6,2e+02 |
| 8 | 1000 | 5000 |   45 |       0.45 |1585411843066 |      72 |    78.0 | 8,33 | mscpd3.txt |7,1e+02 |
| 8 | 1100 | 5000 |   50 |       0.45 |1585411843066 |      72 |    78.0 | 8,33 | mscpd3.txt |8,3e+02 |
| 8 | 1200 | 5000 |   50 |       0.45 |1585411843066 |      72 |    78.0 | 8,33 | mscpd3.txt |9,4e+02 |
| 8 | 1300 | 5000 |   50 |       0.45 |1585411843066 |      72 |    78.0 | 8,33 | mscpd3.txt |1,1e+03 |
| 8 | 1400 | 5000 |   50 |        0.4 |1585411843066 |      72 |    78.0 | 8,33 | mscpd3.txt |1,1e+03 |
| 8 | 1500 | 5000 |   55 |       0.45 |1585411843066 |      72 |    78.0 | 8,33 | mscpd3.txt |1,2e+03 |
| 8 | 1600 | 5000 |   55 |       0.45 |1585411843066 |      72 |    78.0 | 8,33 | mscpd3.txt |1,3e+03 |
| 8 | 1700 | 5000 |   55 |  0.4181818 |1585411843066 |      72 |    78.0 | 8,33 | mscpd3.txt |1,4e+03 |
| 8 | 1800 | 5000 |   55 |  0.4181818 |1585411843066 |      72 |    78.0 | 8,33 | mscpd3.txt |1,5e+03 |
| 8 | 1900 | 5000 |   60 |       0.45 |1585411843066 |      72 |    78.0 | 8,33 | mscpd3.txt |1,6e+03 |
| 8 | 2000 | 5000 |   60 |       0.45 |1585411843066 |      72 |    78.0 | 8,33 | mscpd3.txt |1,7e+03 |
| 8 | 2100 | 5000 |   60 |       0.45 |1585411843066 |      72 |    78.0 | 8,33 | mscpd3.txt |1,7e+03 |
| 8 | 2200 | 5000 |   60 |       0.45 |1585411843066 |      72 |    78.0 | 8,33 | mscpd3.txt |1,8e+03 |
| 8 | 2300 | 5000 |   65 |       0.45 |1585411843066 |      72 |    78.0 | 8,33 | mscpd3.txt |1,9e+03 |
| 8 | 2400 | 5000 |   65 |       0.45 |1585411843066 |      72 |    78.0 | 8,33 | mscpd3.txt |2,0e+03 |
| 8 | 2500 | 5000 |   65 |       0.45 |1585411843066 |      72 |    78.0 | 8,33 | mscpd3.txt |2,2e+03 |
| 8 | 2600 | 5000 |   65 |       0.45 |1585411843066 |      72 |    78.0 | 8,33 | mscpd3.txt |2,3e+03 |
| 8 | 2700 | 5000 |   70 |       0.45 |1585411843066 |      72 |    78.0 | 8,33 | mscpd3.txt |2,4e+03 |
| 8 | 2800 | 5000 |   70 |       0.45 |1585411843066 |      72 |    78.0 | 8,33 | mscpd3.txt |2,5e+03 |
| 8 | 2900 | 5000 |   70 |       0.45 |1585411843066 |      72 |    78.0 | 8,33 | mscpd3.txt |2,6e+03 |
| 8 | 3000 | 5000 |   70 |       0.45 |1585411843066 |      72 |    78.0 | 8,33 | mscpd3.txt |2,7e+03 |
| 8 | 3100 | 5000 |   75 |       0.45 |1585411843066 |      72 |    78.0 | 8,33 | mscpd3.txt |2,8e+03 |
| 8 | 3200 | 5000 |   75 |       0.45 |1585411843066 |      72 |    78.0 | 8,33 | mscpd3.txt |2,9e+03 |
| 8 | 3300 | 5000 |   75 |       0.45 |1585411843066 |      72 |    78.0 | 8,33 | mscpd3.txt |3,0e+03 |
| 8 | 3400 | 5000 |   75 |       0.45 |1585411843066 |      72 |    78.0 | 8,33 | mscpd3.txt |3,1e+03 |
| 8 | 3500 | 5000 |   80 |       0.45 |1585411843066 |      72 |    78.0 | 8,33 | mscpd3.txt |3,2e+03 |
| 8 | 3600 | 5000 |   80 |       0.45 |1585411843066 |      72 |    78.0 | 8,33 | mscpd3.txt |3,4e+03 |
| 8 | 3700 | 5000 |   80 |       0.45 |1585411843066 |      72 |    78.0 | 8,33 | mscpd3.txt |3,5e+03 |
| 8 | 3800 | 5000 |   80 |       0.45 |1585411843066 |      72 |    78.0 | 8,33 | mscpd3.txt |3,6e+03 |
| 8 | 3900 | 5000 |   85 |       0.45 |1585411843066 |      72 |    78.0 | 8,33 | mscpd3.txt |3,8e+03 |
| 8 | 4000 | 5000 |   85 |       0.45 |1585411843066 |      72 |    78.0 | 8,33 | mscpd3.txt |3,9e+03 |
| 8 | 4100 | 5000 |   85 |       0.45 |1585411843066 |      72 |    78.0 | 8,33 | mscpd3.txt |3,9e+03 |
| 8 | 4200 | 5000 |   85 |       0.45 |1585411843066 |      72 |    78.0 | 8,33 | mscpd3.txt |4,0e+03 |
| 8 | 4300 | 5000 |   90 |       0.45 |1585411843066 |      72 |    78.0 | 8,33 | mscpd3.txt |4,1e+03 |
| 8 | 4400 | 5000 |   90 |       0.45 |1585411843066 |      72 |    78.0 | 8,33 | mscpd3.txt |4,4e+03 |
| 8 | 4500 | 5000 |   90 |       0.45 |1585411843066 |      72 |    78.0 | 8,33 | mscpd3.txt |4,5e+03 |
| 8 | 4600 | 5000 |   90 |       0.45 |1585411843066 |      72 |    78.0 | 8,33 | mscpd3.txt |4,6e+03 |
| 8 | 4700 | 5000 |   95 |       0.45 |1585411843066 |      72 |    78.0 | 8,33 | mscpd3.txt |4,7e+03 |
| 8 | 4800 | 5000 |   95 |       0.45 |1585411843066 |      72 |    78.0 | 8,33 | mscpd3.txt |4,9e+03 |
| 8 | 4900 | 5000 |   95 |       0.45 |1585411843066 |      72 |    78.0 | 8,33 | mscpd3.txt |5,0e+03 |
| 8 | 5000 | 5000 |   95 |       0.45 |1585411843066 |      72 |    78.0 | 8,33 | mscpd3.txt |5,2e+03 |
| 8 |  400 | 5000 |  100 |       0.45 |1585411843066 |      72 |    78.0 | 8,33 | mscpd3.txt |5,2e+03 |
| 9 |    1 | 5000 |   35 |       0.25 |1585416998956 |      72 |  3273.0 |4445,83 | mscpd3.txt |0,0080 |
| 9 |  100 | 5000 |   35 | 0.42857143 |1585416998956 |      72 |  2671.0 |3609,72 | mscpd3.txt |  4,1 |
| 9 |  200 | 5000 |   35 | 0.37142858 |1585416998956 |      72 |  2414.0 |3252,78 | mscpd3.txt |  5,2 |
| 9 |  300 | 5000 |   35 | 0.42857143 |1585416998956 |      72 |  2292.0 |3083,33 | mscpd3.txt |  6,6 |
| 9 |  400 | 5000 |   35 | 0.37142858 |1585416998956 |      72 |  2167.0 |2909,72 | mscpd3.txt |  7,9 |
| 9 |  500 | 5000 |   35 | 0.31428573 |1585416998956 |      72 |   142.0 |97,22 | mscpd3.txt |   10 |
| 9 |  600 | 5000 |   40 |       0.45 |1585416998956 |      72 |    81.0 |12,50 | mscpd3.txt |   95 |
| 9 |  700 | 5000 |   40 |       0.45 |1585416998956 |      72 |    81.0 |12,50 | mscpd3.txt |2,5e+02 |
| 9 |  800 | 5000 |   40 |       0.35 |1585416998956 |      72 |    81.0 |12,50 | mscpd3.txt |3,5e+02 |
| 9 |  900 | 5000 |   40 |       0.45 |1585416998956 |      72 |    81.0 |12,50 | mscpd3.txt |4,0e+02 |
| 9 | 1000 | 5000 |   45 | 0.44444445 |1585416998956 |      72 |    81.0 |12,50 | mscpd3.txt |4,7e+02 |
| 9 | 1100 | 5000 |   45 | 0.44444445 |1585416998956 |      72 |    78.0 | 8,33 | mscpd3.txt |5,4e+02 |
| 9 | 1200 | 5000 |   45 |       0.45 |1585416998956 |      72 |    78.0 | 8,33 | mscpd3.txt |6,1e+02 |
| 9 | 1300 | 5000 |   45 |       0.45 |1585416998956 |      72 |    78.0 | 8,33 | mscpd3.txt |6,7e+02 |
| 9 | 1400 | 5000 |   50 |       0.45 |1585416998956 |      72 |    78.0 | 8,33 | mscpd3.txt |8,7e+02 |
| 9 | 1500 | 5000 |   50 |       0.45 |1585416998956 |      72 |    78.0 | 8,33 | mscpd3.txt |9,6e+02 |
| 9 | 1600 | 5000 |   50 |       0.45 |1585416998956 |      72 |    78.0 | 8,33 | mscpd3.txt |1,0e+03 |
| 9 | 1700 | 5000 |   50 |       0.45 |1585416998956 |      72 |    78.0 | 8,33 | mscpd3.txt |1,1e+03 |
| 9 | 1800 | 5000 |   55 |       0.45 |1585416998956 |      72 |    78.0 | 8,33 | mscpd3.txt |1,2e+03 |
| 9 | 1900 | 5000 |   55 |       0.45 |1585416998956 |      72 |    78.0 | 8,33 | mscpd3.txt |1,3e+03 |
| 9 | 2000 | 5000 |   55 |       0.45 |1585416998956 |      72 |    78.0 | 8,33 | mscpd3.txt |1,3e+03 |
| 9 | 2100 | 5000 |   55 |       0.45 |1585416998956 |      72 |    78.0 | 8,33 | mscpd3.txt |1,4e+03 |
| 9 | 2200 | 5000 |   60 |       0.45 |1585416998956 |      72 |    78.0 | 8,33 | mscpd3.txt |1,5e+03 |
| 9 | 2300 | 5000 |   60 |       0.45 |1585416998956 |      72 |    78.0 | 8,33 | mscpd3.txt |1,6e+03 |
| 9 | 2400 | 5000 |   60 |       0.45 |1585416998956 |      72 |    78.0 | 8,33 | mscpd3.txt |1,7e+03 |
| 9 | 2500 | 5000 |   60 |       0.45 |1585416998956 |      72 |    78.0 | 8,33 | mscpd3.txt |1,8e+03 |
| 9 | 2600 | 5000 |   65 |       0.45 |1585416998956 |      72 |    78.0 | 8,33 | mscpd3.txt |1,9e+03 |
| 9 | 2700 | 5000 |   65 |       0.45 |1585416998956 |      72 |    78.0 | 8,33 | mscpd3.txt |2,0e+03 |
| 9 | 2800 | 5000 |   65 |       0.45 |1585416998956 |      72 |    78.0 | 8,33 | mscpd3.txt |2,1e+03 |
| 9 | 2900 | 5000 |   65 |       0.45 |1585416998956 |      72 |    78.0 | 8,33 | mscpd3.txt |2,2e+03 |
| 9 | 3000 | 5000 |   70 |       0.45 |1585416998956 |      72 |    78.0 | 8,33 | mscpd3.txt |2,3e+03 |
| 9 | 3100 | 5000 |   70 |       0.45 |1585416998956 |      72 |    78.0 | 8,33 | mscpd3.txt |2,3e+03 |
| 9 | 3200 | 5000 |   70 |       0.45 |1585416998956 |      72 |    78.0 | 8,33 | mscpd3.txt |2,4e+03 |
| 9 | 3300 | 5000 |   70 |       0.45 |1585416998956 |      72 |    78.0 | 8,33 | mscpd3.txt |2,5e+03 |
| 9 | 3400 | 5000 |   75 |       0.45 |1585416998956 |      72 |    78.0 | 8,33 | mscpd3.txt |2,6e+03 |
| 9 | 3500 | 5000 |   75 |       0.45 |1585416998956 |      72 |    78.0 | 8,33 | mscpd3.txt |2,7e+03 |
| 9 | 3600 | 5000 |   75 |       0.45 |1585416998956 |      72 |    78.0 | 8,33 | mscpd3.txt |2,8e+03 |
| 9 | 3700 | 5000 |   75 |       0.45 |1585416998956 |      72 |    78.0 | 8,33 | mscpd3.txt |2,8e+03 |
| 9 | 3800 | 5000 |   80 |       0.45 |1585416998956 |      72 |    78.0 | 8,33 | mscpd3.txt |3,0e+03 |
| 9 | 3900 | 5000 |   80 |       0.45 |1585416998956 |      72 |    78.0 | 8,33 | mscpd3.txt |3,1e+03 |
| 9 | 4000 | 5000 |   80 |       0.45 |1585416998956 |      72 |    78.0 | 8,33 | mscpd3.txt |3,2e+03 |
| 9 | 4100 | 5000 |   80 |       0.45 |1585416998956 |      72 |    78.0 | 8,33 | mscpd3.txt |3,3e+03 |
| 9 | 4200 | 5000 |   85 |       0.45 |1585416998956 |      72 |    78.0 | 8,33 | mscpd3.txt |3,4e+03 |
| 9 | 4300 | 5000 |   85 |       0.45 |1585416998956 |      72 |    78.0 | 8,33 | mscpd3.txt |3,5e+03 |
| 9 | 4400 | 5000 |   85 |       0.45 |1585416998956 |      72 |    78.0 | 8,33 | mscpd3.txt |3,7e+03 |
| 9 | 4500 | 5000 |   85 |       0.45 |1585416998956 |      72 |    78.0 | 8,33 | mscpd3.txt |3,8e+03 |
| 9 | 4600 | 5000 |   90 |       0.45 |1585416998956 |      72 |    78.0 | 8,33 | mscpd3.txt |3,9e+03 |
| 9 | 4700 | 5000 |   90 |       0.45 |1585416998956 |      72 |    78.0 | 8,33 | mscpd3.txt |4,0e+03 |
| 9 | 4800 | 5000 |   90 |       0.45 |1585416998956 |      72 |    78.0 | 8,33 | mscpd3.txt |4,1e+03 |
| 9 | 4900 | 5000 |   90 |       0.45 |1585416998956 |      72 |    78.0 | 8,33 | mscpd3.txt |4,2e+03 |
| 9 | 5000 | 5000 |   95 |       0.45 |1585416998956 |      72 |    78.0 | 8,33 | mscpd3.txt |4,3e+03 |
| 9 |  400 | 5000 |   95 |       0.45 |1585416998956 |      72 |    78.0 | 8,33 | mscpd3.txt |4,3e+03 |
|10 |    1 | 5000 |   35 |       0.25 |1585421290293 |      72 |  3045.0 |4129,17 | mscpd3.txt |0,010 |
|10 |  100 | 5000 |   35 | 0.34285715 |1585421290293 |      72 |  2581.0 |3484,72 | mscpd3.txt |  1,6 |
|10 |  200 | 5000 |   35 | 0.31428573 |1585421290293 |      72 |  2449.0 |3301,39 | mscpd3.txt |  3,0 |
|10 |  300 | 5000 |   35 |        0.4 |1585421290293 |      72 |  2243.0 |3015,28 | mscpd3.txt |  4,5 |
|10 |  400 | 5000 |   40 |       0.45 |1585421290293 |      72 |    82.0 |13,89 | mscpd3.txt |   87 |
|10 |  500 | 5000 |   40 |      0.425 |1585421290293 |      72 |    82.0 |13,89 | mscpd3.txt |1,6e+02 |
|10 |  600 | 5000 |   40 |      0.375 |1585421290293 |      72 |    82.0 |13,89 | mscpd3.txt |2,2e+02 |
|10 |  700 | 5000 |   40 |       0.45 |1585421290293 |      72 |    82.0 |13,89 | mscpd3.txt |2,9e+02 |
|10 |  800 | 5000 |   45 |       0.45 |1585421290293 |      72 |    82.0 |13,89 | mscpd3.txt |3,5e+02 |
|10 |  900 | 5000 |   45 |       0.45 |1585421290293 |      72 |    82.0 |13,89 | mscpd3.txt |4,2e+02 |
|10 | 1000 | 5000 |   45 |       0.45 |1585421290293 |      72 |    82.0 |13,89 | mscpd3.txt |4,8e+02 |
|10 | 1100 | 5000 |   45 |       0.45 |1585421290293 |      72 |    82.0 |13,89 | mscpd3.txt |5,4e+02 |
|10 | 1200 | 5000 |   50 |       0.45 |1585421290293 |      72 |    82.0 |13,89 | mscpd3.txt |6,2e+02 |
|10 | 1300 | 5000 |   50 |       0.45 |1585421290293 |      72 |    82.0 |13,89 | mscpd3.txt |6,8e+02 |
|10 | 1400 | 5000 |   50 |       0.45 |1585421290293 |      72 |    82.0 |13,89 | mscpd3.txt |7,4e+02 |
|10 | 1500 | 5000 |   50 |       0.45 |1585421290293 |      72 |    82.0 |13,89 | mscpd3.txt |8,0e+02 |
|10 | 1600 | 5000 |   55 |       0.45 |1585421290293 |      72 |    82.0 |13,89 | mscpd3.txt |8,7e+02 |
|10 | 1700 | 5000 |   55 |       0.45 |1585421290293 |      72 |    82.0 |13,89 | mscpd3.txt |9,5e+02 |
|10 | 1800 | 5000 |   55 |       0.45 |1585421290293 |      72 |    82.0 |13,89 | mscpd3.txt |1,0e+03 |
|10 | 1900 | 5000 |   55 |       0.45 |1585421290293 |      72 |    82.0 |13,89 | mscpd3.txt |1,1e+03 |
|10 | 2000 | 5000 |   60 |       0.45 |1585421290293 |      72 |    82.0 |13,89 | mscpd3.txt |1,2e+03 |
|10 | 2100 | 5000 |   60 |       0.45 |1585421290293 |      72 |    82.0 |13,89 | mscpd3.txt |1,3e+03 |
|10 | 2200 | 5000 |   60 |       0.45 |1585421290293 |      72 |    82.0 |13,89 | mscpd3.txt |1,4e+03 |
|10 | 2300 | 5000 |   60 |       0.45 |1585421290293 |      72 |    81.0 |12,50 | mscpd3.txt |1,4e+03 |
|10 | 2400 | 5000 |   65 |       0.45 |1585421290293 |      72 |    81.0 |12,50 | mscpd3.txt |1,5e+03 |
|10 | 2500 | 5000 |   65 |       0.45 |1585421290293 |      72 |    81.0 |12,50 | mscpd3.txt |1,6e+03 |
|10 | 2600 | 5000 |   65 |       0.45 |1585421290293 |      72 |    81.0 |12,50 | mscpd3.txt |1,6e+03 |
|10 | 2700 | 5000 |   65 |       0.45 |1585421290293 |      72 |    81.0 |12,50 | mscpd3.txt |1,7e+03 |
|10 | 2800 | 5000 |   70 |       0.45 |1585421290293 |      72 |    81.0 |12,50 | mscpd3.txt |1,8e+03 |
|10 | 2900 | 5000 |   70 |       0.45 |1585421290293 |      72 |    81.0 |12,50 | mscpd3.txt |1,9e+03 |
|10 | 3000 | 5000 |   70 |       0.45 |1585421290293 |      72 |    81.0 |12,50 | mscpd3.txt |2,0e+03 |
|10 | 3100 | 5000 |   70 |       0.45 |1585421290293 |      72 |    81.0 |12,50 | mscpd3.txt |2,0e+03 |
|10 | 3200 | 5000 |   75 |       0.45 |1585421290293 |      72 |    81.0 |12,50 | mscpd3.txt |2,1e+03 |
|10 | 3300 | 5000 |   75 |       0.45 |1585421290293 |      72 |    81.0 |12,50 | mscpd3.txt |2,2e+03 |
|10 | 3400 | 5000 |   75 |       0.45 |1585421290293 |      72 |    81.0 |12,50 | mscpd3.txt |2,3e+03 |
|10 | 3500 | 5000 |   75 |       0.45 |1585421290293 |      72 |    81.0 |12,50 | mscpd3.txt |2,3e+03 |
|10 | 3600 | 5000 |   80 |       0.45 |1585421290293 |      72 |    81.0 |12,50 | mscpd3.txt |2,4e+03 |
|10 | 3700 | 5000 |   80 |       0.45 |1585421290293 |      72 |    81.0 |12,50 | mscpd3.txt |2,4e+03 |
|10 | 3800 | 5000 |   80 |       0.45 |1585421290293 |      72 |    81.0 |12,50 | mscpd3.txt |2,5e+03 |
|10 | 3900 | 5000 |   80 |       0.45 |1585421290293 |      72 |    81.0 |12,50 | mscpd3.txt |2,6e+03 |
|10 | 4000 | 5000 |   85 |       0.45 |1585421290293 |      72 |    81.0 |12,50 | mscpd3.txt |2,7e+03 |
|10 | 4100 | 5000 |   85 |       0.45 |1585421290293 |      72 |    81.0 |12,50 | mscpd3.txt |2,7e+03 |
|10 | 4200 | 5000 |   85 |       0.45 |1585421290293 |      72 |    81.0 |12,50 | mscpd3.txt |2,8e+03 |
|10 | 4300 | 5000 |   85 |       0.45 |1585421290293 |      72 |    81.0 |12,50 | mscpd3.txt |2,9e+03 |
|10 | 4400 | 5000 |   90 |       0.45 |1585421290293 |      72 |    81.0 |12,50 | mscpd3.txt |3,0e+03 |
|10 | 4500 | 5000 |   90 |       0.45 |1585421290293 |      72 |    81.0 |12,50 | mscpd3.txt |3,0e+03 |
|10 | 4600 | 5000 |   90 |       0.45 |1585421290293 |      72 |    81.0 |12,50 | mscpd3.txt |3,1e+03 |
|10 | 4700 | 5000 |   90 |       0.45 |1585421290293 |      72 |    81.0 |12,50 | mscpd3.txt |3,2e+03 |
|10 | 4800 | 5000 |   95 |       0.45 |1585421290293 |      72 |    81.0 |12,50 | mscpd3.txt |3,3e+03 |
|10 | 4900 | 5000 |   95 |       0.45 |1585421290293 |      72 |    81.0 |12,50 | mscpd3.txt |3,4e+03 |
|10 | 5000 | 5000 |   95 |       0.45 |1585421290293 |      72 |    81.0 |12,50 | mscpd3.txt |3,4e+03 |
|10 |  400 | 5000 |   95 |       0.45 |1585421290293 |      72 |    81.0 |12,50 | mscpd3.txt |3,4e+03 |
|11 |    1 | 5000 |   35 |       0.25 |1585424709012 |      72 |  3156.0 |4283,33 | mscpd3.txt |0,012 |
|11 |  100 | 5000 |   35 |       0.45 |1585424709012 |      72 |  2447.0 |3298,61 | mscpd3.txt | 0,86 |
|11 |  200 | 5000 |   40 |       0.45 |1585424709012 |      72 |    81.0 |12,50 | mscpd3.txt |   54 |
|11 |  300 | 5000 |   40 |       0.45 |1585424709012 |      72 |    81.0 |12,50 | mscpd3.txt |1,2e+02 |
|11 |  400 | 5000 |   40 |       0.45 |1585424709012 |      72 |    81.0 |12,50 | mscpd3.txt |1,8e+02 |
|11 |  500 | 5000 |   40 |       0.45 |1585424709012 |      72 |    81.0 |12,50 | mscpd3.txt |2,5e+02 |
|11 |  600 | 5000 |   45 |       0.45 |1585424709012 |      72 |    81.0 |12,50 | mscpd3.txt |3,0e+02 |
|11 |  700 | 5000 |   45 | 0.31111112 |1585424709012 |      72 |    81.0 |12,50 | mscpd3.txt |3,4e+02 |
|11 |  800 | 5000 |   45 | 0.31111112 |1585424709012 |      72 |    81.0 |12,50 | mscpd3.txt |3,7e+02 |
|11 |  900 | 5000 |   45 | 0.31111112 |1585424709012 |      72 |    81.0 |12,50 | mscpd3.txt |4,0e+02 |
|11 | 1000 | 5000 |   50 |       0.45 |1585424709012 |      72 |    81.0 |12,50 | mscpd3.txt |4,5e+02 |
|11 | 1100 | 5000 |   50 |       0.45 |1585424709012 |      72 |    81.0 |12,50 | mscpd3.txt |4,8e+02 |
|11 | 1200 | 5000 |   50 |       0.45 |1585424709012 |      72 |    81.0 |12,50 | mscpd3.txt |5,1e+02 |
|11 | 1300 | 5000 |   50 |       0.45 |1585424709012 |      72 |    81.0 |12,50 | mscpd3.txt |5,4e+02 |
|11 | 1400 | 5000 |   55 |       0.45 |1585424709012 |      72 |    81.0 |12,50 | mscpd3.txt |5,9e+02 |
|11 | 1500 | 5000 |   55 |       0.45 |1585424709012 |      72 |    81.0 |12,50 | mscpd3.txt |6,3e+02 |
|11 | 1600 | 5000 |   55 |       0.45 |1585424709012 |      72 |    81.0 |12,50 | mscpd3.txt |6,7e+02 |
|11 | 1700 | 5000 |   55 |       0.45 |1585424709012 |      72 |    81.0 |12,50 | mscpd3.txt |7,2e+02 |
|11 | 1800 | 5000 |   60 |       0.45 |1585424709012 |      72 |    81.0 |12,50 | mscpd3.txt |7,7e+02 |
|11 | 1900 | 5000 |   60 |       0.45 |1585424709012 |      72 |    81.0 |12,50 | mscpd3.txt |8,3e+02 |
|11 | 2000 | 5000 |   60 |       0.45 |1585424709012 |      72 |    81.0 |12,50 | mscpd3.txt |8,8e+02 |
|11 | 2100 | 5000 |   60 |       0.45 |1585424709012 |      72 |    81.0 |12,50 | mscpd3.txt |9,4e+02 |
|11 | 2200 | 5000 |   65 |       0.45 |1585424709012 |      72 |    81.0 |12,50 | mscpd3.txt |1,0e+03 |
|11 | 2300 | 5000 |   65 |       0.45 |1585424709012 |      72 |    81.0 |12,50 | mscpd3.txt |1,0e+03 |
|11 | 2400 | 5000 |   65 |       0.45 |1585424709012 |      72 |    81.0 |12,50 | mscpd3.txt |1,1e+03 |
|11 | 2500 | 5000 |   65 |       0.45 |1585424709012 |      72 |    81.0 |12,50 | mscpd3.txt |1,1e+03 |
|11 | 2600 | 5000 |   70 |       0.45 |1585424709012 |      72 |    81.0 |12,50 | mscpd3.txt |1,2e+03 |
|11 | 2700 | 5000 |   70 |       0.45 |1585424709012 |      72 |    81.0 |12,50 | mscpd3.txt |1,2e+03 |
|11 | 2800 | 5000 |   70 |       0.45 |1585424709012 |      72 |    81.0 |12,50 | mscpd3.txt |1,3e+03 |
|11 | 2900 | 5000 |   70 |       0.45 |1585424709012 |      72 |    81.0 |12,50 | mscpd3.txt |1,4e+03 |
|11 | 3000 | 5000 |   75 |       0.45 |1585424709012 |      72 |    81.0 |12,50 | mscpd3.txt |1,4e+03 |
|11 | 3100 | 5000 |   75 |       0.45 |1585424709012 |      72 |    81.0 |12,50 | mscpd3.txt |1,5e+03 |
|11 | 3200 | 5000 |   75 |       0.45 |1585424709012 |      72 |    81.0 |12,50 | mscpd3.txt |1,6e+03 |
|11 | 3300 | 5000 |   75 |       0.45 |1585424709012 |      72 |    81.0 |12,50 | mscpd3.txt |1,6e+03 |
|11 | 3400 | 5000 |   80 |       0.45 |1585424709012 |      72 |    81.0 |12,50 | mscpd3.txt |1,7e+03 |
|11 | 3500 | 5000 |   80 |       0.45 |1585424709012 |      72 |    81.0 |12,50 | mscpd3.txt |1,8e+03 |
|11 | 3600 | 5000 |   80 |       0.45 |1585424709012 |      72 |    81.0 |12,50 | mscpd3.txt |1,8e+03 |
|11 | 3700 | 5000 |   80 |       0.45 |1585424709012 |      72 |    81.0 |12,50 | mscpd3.txt |1,9e+03 |
|11 | 3800 | 5000 |   85 |       0.45 |1585424709012 |      72 |    81.0 |12,50 | mscpd3.txt |2,0e+03 |
|11 | 3900 | 5000 |   85 |       0.45 |1585424709012 |      72 |    81.0 |12,50 | mscpd3.txt |2,1e+03 |
|11 | 4000 | 5000 |   85 |       0.45 |1585424709012 |      72 |    81.0 |12,50 | mscpd3.txt |2,2e+03 |
|11 | 4100 | 5000 |   85 |       0.45 |1585424709012 |      72 |    81.0 |12,50 | mscpd3.txt |2,3e+03 |
|11 | 4200 | 5000 |   90 |       0.45 |1585424709012 |      72 |    81.0 |12,50 | mscpd3.txt |2,4e+03 |
|11 | 4300 | 5000 |   90 |       0.45 |1585424709012 |      72 |    81.0 |12,50 | mscpd3.txt |2,6e+03 |
|11 | 4400 | 5000 |   90 |       0.45 |1585424709012 |      72 |    81.0 |12,50 | mscpd3.txt |2,7e+03 |
|11 | 4500 | 5000 |   90 |       0.45 |1585424709012 |      72 |    81.0 |12,50 | mscpd3.txt |2,8e+03 |
|11 | 4600 | 5000 |   95 |       0.45 |1585424709012 |      72 |    81.0 |12,50 | mscpd3.txt |2,9e+03 |
|11 | 4700 | 5000 |   95 |       0.45 |1585424709012 |      72 |    81.0 |12,50 | mscpd3.txt |3,1e+03 |
|11 | 4800 | 5000 |   95 |       0.45 |1585424709012 |      72 |    81.0 |12,50 | mscpd3.txt |3,2e+03 |
|11 | 4900 | 5000 |   95 |       0.45 |1585424709012 |      72 |    81.0 |12,50 | mscpd3.txt |3,3e+03 |
|11 | 5000 | 5000 |  100 |       0.45 |1585424709012 |      72 |    81.0 |12,50 | mscpd3.txt |3,4e+03 |
|11 |  400 | 5000 |  100 |       0.45 |1585424709012 |      72 |    81.0 |12,50 | mscpd3.txt |3,4e+03 |
|12 |    1 | 5000 |   35 |       0.25 |1585428156590 |      72 |  3156.0 |4283,33 | mscpd3.txt |0,018 |
|12 |  100 | 5000 |   35 |        0.4 |1585428156590 |      72 |  2694.0 |3641,67 | mscpd3.txt |  1,5 |
|12 |  200 | 5000 |   35 | 0.42857143 |1585428156590 |      72 |  2432.0 |3277,78 | mscpd3.txt |  2,7 |
|12 |  300 | 5000 |   35 | 0.34285715 |1585428156590 |      72 |  2332.0 |3138,89 | mscpd3.txt |  4,0 |
|12 |  400 | 5000 |   40 |       0.45 |1585428156590 |      72 |    81.0 |12,50 | mscpd3.txt |   68 |
|12 |  500 | 5000 |   40 |       0.45 |1585428156590 |      72 |    80.0 |11,11 | mscpd3.txt |1,5e+02 |
|12 |  600 | 5000 |   40 |       0.45 |1585428156590 |      72 |    80.0 |11,11 | mscpd3.txt |2,4e+02 |
|12 |  700 | 5000 |   40 |       0.45 |1585428156590 |      72 |    80.0 |11,11 | mscpd3.txt |3,0e+02 |
|12 |  800 | 5000 |   45 |       0.45 |1585428156590 |      72 |    80.0 |11,11 | mscpd3.txt |3,8e+02 |
|12 |  900 | 5000 |   45 | 0.42222223 |1585428156590 |      72 |    80.0 |11,11 | mscpd3.txt |4,5e+02 |
|12 | 1000 | 5000 |   45 |       0.45 |1585428156590 |      72 |    80.0 |11,11 | mscpd3.txt |5,1e+02 |
|12 | 1100 | 5000 |   45 |       0.45 |1585428156590 |      72 |    80.0 |11,11 | mscpd3.txt |5,5e+02 |
|12 | 1200 | 5000 |   50 |       0.45 |1585428156590 |      72 |    80.0 |11,11 | mscpd3.txt |6,1e+02 |
|12 | 1300 | 5000 |   50 |       0.45 |1585428156590 |      72 |    80.0 |11,11 | mscpd3.txt |6,7e+02 |
|12 | 1400 | 5000 |   50 |       0.45 |1585428156590 |      72 |    80.0 |11,11 | mscpd3.txt |7,3e+02 |
|12 | 1500 | 5000 |   50 |       0.45 |1585428156590 |      72 |    80.0 |11,11 | mscpd3.txt |7,9e+02 |
|12 | 1600 | 5000 |   55 |       0.45 |1585428156590 |      72 |    80.0 |11,11 | mscpd3.txt |8,2e+02 |
|12 | 1700 | 5000 |   55 |       0.45 |1585428156590 |      72 |    80.0 |11,11 | mscpd3.txt |8,6e+02 |
|12 | 1800 | 5000 |   55 |       0.45 |1585428156590 |      72 |    80.0 |11,11 | mscpd3.txt |8,8e+02 |
|12 | 1900 | 5000 |   55 |       0.45 |1585428156590 |      72 |    80.0 |11,11 | mscpd3.txt |9,0e+02 |
|12 | 2000 | 5000 |   60 |       0.45 |1585428156590 |      72 |    80.0 |11,11 | mscpd3.txt |9,3e+02 |
|12 | 2100 | 5000 |   60 |       0.45 |1585428156590 |      72 |    80.0 |11,11 | mscpd3.txt |9,6e+02 |
|12 | 2200 | 5000 |   60 |       0.45 |1585428156590 |      72 |    80.0 |11,11 | mscpd3.txt |9,9e+02 |
|12 | 2300 | 5000 |   60 |       0.45 |1585428156590 |      72 |    80.0 |11,11 | mscpd3.txt |1,0e+03 |
|12 | 2400 | 5000 |   65 |       0.45 |1585428156590 |      72 |    80.0 |11,11 | mscpd3.txt |1,1e+03 |
|12 | 2500 | 5000 |   65 |       0.45 |1585428156590 |      72 |    80.0 |11,11 | mscpd3.txt |1,1e+03 |
|12 | 2600 | 5000 |   65 |       0.45 |1585428156590 |      72 |    80.0 |11,11 | mscpd3.txt |1,1e+03 |
|12 | 2700 | 5000 |   65 |       0.45 |1585428156590 |      72 |    80.0 |11,11 | mscpd3.txt |1,1e+03 |
|12 | 2800 | 5000 |   70 |       0.45 |1585428156590 |      72 |    80.0 |11,11 | mscpd3.txt |1,2e+03 |
|12 | 2900 | 5000 |   70 |       0.45 |1585428156590 |      72 |    80.0 |11,11 | mscpd3.txt |1,2e+03 |
|12 | 3000 | 5000 |   70 |       0.45 |1585428156590 |      72 |    80.0 |11,11 | mscpd3.txt |1,3e+03 |
|12 | 3100 | 5000 |   70 |       0.45 |1585428156590 |      72 |    80.0 |11,11 | mscpd3.txt |1,3e+03 |
|12 | 3200 | 5000 |   75 |       0.45 |1585428156590 |      72 |    80.0 |11,11 | mscpd3.txt |1,4e+03 |
|12 | 3300 | 5000 |   75 |       0.45 |1585428156590 |      72 |    80.0 |11,11 | mscpd3.txt |1,4e+03 |
|12 | 3400 | 5000 |   75 |       0.45 |1585428156590 |      72 |    80.0 |11,11 | mscpd3.txt |1,4e+03 |
|12 | 3500 | 5000 |   75 |       0.45 |1585428156590 |      72 |    80.0 |11,11 | mscpd3.txt |1,4e+03 |
|12 | 3600 | 5000 |   80 |       0.45 |1585428156590 |      72 |    80.0 |11,11 | mscpd3.txt |1,5e+03 |
|12 | 3700 | 5000 |   80 |       0.45 |1585428156590 |      72 |    80.0 |11,11 | mscpd3.txt |1,5e+03 |
|12 | 3800 | 5000 |   80 |       0.45 |1585428156590 |      72 |    80.0 |11,11 | mscpd3.txt |1,6e+03 |
|12 | 3900 | 5000 |   80 |       0.45 |1585428156590 |      72 |    80.0 |11,11 | mscpd3.txt |1,6e+03 |
|12 | 4000 | 5000 |   85 |       0.45 |1585428156590 |      72 |    80.0 |11,11 | mscpd3.txt |1,7e+03 |
|12 | 4100 | 5000 |   85 |       0.45 |1585428156590 |      72 |    80.0 |11,11 | mscpd3.txt |1,7e+03 |
|12 | 4200 | 5000 |   85 |       0.45 |1585428156590 |      72 |    80.0 |11,11 | mscpd3.txt |1,7e+03 |
|12 | 4300 | 5000 |   85 |       0.45 |1585428156590 |      72 |    80.0 |11,11 | mscpd3.txt |1,7e+03 |
|12 | 4400 | 5000 |   90 |       0.45 |1585428156590 |      72 |    80.0 |11,11 | mscpd3.txt |1,8e+03 |
|12 | 4500 | 5000 |   90 |       0.45 |1585428156590 |      72 |    80.0 |11,11 | mscpd3.txt |1,8e+03 |
|12 | 4600 | 5000 |   90 |       0.45 |1585428156590 |      72 |    80.0 |11,11 | mscpd3.txt |1,8e+03 |
|12 | 4700 | 5000 |   90 |       0.45 |1585428156590 |      72 |    80.0 |11,11 | mscpd3.txt |1,8e+03 |
|12 | 4800 | 5000 |   95 |       0.45 |1585428156590 |      72 |    80.0 |11,11 | mscpd3.txt |1,9e+03 |
|12 | 4900 | 5000 |   95 |       0.45 |1585428156590 |      72 |    80.0 |11,11 | mscpd3.txt |1,9e+03 |
|12 | 5000 | 5000 |   95 |       0.45 |1585428156590 |      72 |    80.0 |11,11 | mscpd3.txt |1,9e+03 |
|12 |  400 | 5000 |   95 |       0.45 |1585428156590 |      72 |    80.0 |11,11 | mscpd3.txt |1,9e+03 |
|13 |    1 | 5000 |   35 |       0.25 |1585430046088 |      72 |  3035.0 |4115,28 | mscpd3.txt |0,010 |
|13 |  100 | 5000 |   35 | 0.22857143 |1585430046088 |      72 |  2559.0 |3454,17 | mscpd3.txt | 0,98 |
|13 |  200 | 5000 |   35 |       0.45 |1585430046088 |      72 |  2307.0 |3104,17 | mscpd3.txt |  2,0 |
|13 |  300 | 5000 |   40 |       0.45 |1585430046088 |      72 |    82.0 |13,89 | mscpd3.txt |   61 |
|13 |  400 | 5000 |   40 |       0.45 |1585430046088 |      72 |    81.0 |12,50 | mscpd3.txt |1,3e+02 |
|13 |  500 | 5000 |   40 |       0.45 |1585430046088 |      72 |    81.0 |12,50 | mscpd3.txt |2,0e+02 |
|13 |  600 | 5000 |   40 |      0.325 |1585430046088 |      72 |    81.0 |12,50 | mscpd3.txt |2,6e+02 |
|13 |  700 | 5000 |   45 |       0.45 |1585430046088 |      72 |    78.0 | 8,33 | mscpd3.txt |3,3e+02 |
|13 |  800 | 5000 |   45 |       0.45 |1585430046088 |      72 |    78.0 | 8,33 | mscpd3.txt |4,0e+02 |
|13 |  900 | 5000 |   45 |  0.2888889 |1585430046088 |      72 |    78.0 | 8,33 | mscpd3.txt |4,5e+02 |
|13 | 1000 | 5000 |   45 | 0.37777779 |1585430046088 |      72 |    78.0 | 8,33 | mscpd3.txt |5,0e+02 |
|13 | 1100 | 5000 |   50 |       0.42 |1585430046088 |      72 |    78.0 | 8,33 | mscpd3.txt |5,7e+02 |
|13 | 1200 | 5000 |   50 |       0.45 |1585430046088 |      72 |    78.0 | 8,33 | mscpd3.txt |6,0e+02 |
|13 | 1300 | 5000 |   50 |       0.45 |1585430046088 |      72 |    78.0 | 8,33 | mscpd3.txt |6,4e+02 |
|13 | 1400 | 5000 |   50 |       0.45 |1585430046088 |      72 |    78.0 | 8,33 | mscpd3.txt |6,8e+02 |
|13 | 1500 | 5000 |   55 |       0.45 |1585430046088 |      72 |    78.0 | 8,33 | mscpd3.txt |7,4e+02 |
|13 | 1600 | 5000 |   55 |       0.45 |1585430046088 |      72 |    78.0 | 8,33 | mscpd3.txt |8,0e+02 |
|13 | 1700 | 5000 |   55 |       0.45 |1585430046088 |      72 |    78.0 | 8,33 | mscpd3.txt |8,7e+02 |
|13 | 1800 | 5000 |   55 |       0.45 |1585430046088 |      72 |    78.0 | 8,33 | mscpd3.txt |9,3e+02 |
|13 | 1900 | 5000 |   60 |       0.45 |1585430046088 |      72 |    78.0 | 8,33 | mscpd3.txt |1,0e+03 |
|13 | 2000 | 5000 |   60 |       0.45 |1585430046088 |      72 |    78.0 | 8,33 | mscpd3.txt |1,1e+03 |
|13 | 2100 | 5000 |   60 |       0.45 |1585430046088 |      72 |    78.0 | 8,33 | mscpd3.txt |1,1e+03 |
|13 | 2200 | 5000 |   60 |       0.45 |1585430046088 |      72 |    78.0 | 8,33 | mscpd3.txt |1,2e+03 |
|13 | 2300 | 5000 |   65 |       0.45 |1585430046088 |      72 |    78.0 | 8,33 | mscpd3.txt |1,2e+03 |
|13 | 2400 | 5000 |   65 |       0.45 |1585430046088 |      72 |    78.0 | 8,33 | mscpd3.txt |1,3e+03 |
|13 | 2500 | 5000 |   65 |       0.45 |1585430046088 |      72 |    78.0 | 8,33 | mscpd3.txt |1,4e+03 |
|13 | 2600 | 5000 |   65 |       0.45 |1585430046088 |      72 |    78.0 | 8,33 | mscpd3.txt |1,4e+03 |
|13 | 2700 | 5000 |   70 |       0.45 |1585430046088 |      72 |    78.0 | 8,33 | mscpd3.txt |1,5e+03 |
|13 | 2800 | 5000 |   70 |       0.45 |1585430046088 |      72 |    78.0 | 8,33 | mscpd3.txt |1,6e+03 |
|13 | 2900 | 5000 |   70 |       0.45 |1585430046088 |      72 |    78.0 | 8,33 | mscpd3.txt |1,6e+03 |
|13 | 3000 | 5000 |   70 |       0.45 |1585430046088 |      72 |    78.0 | 8,33 | mscpd3.txt |1,6e+03 |
|13 | 3100 | 5000 |   75 |       0.45 |1585430046088 |      72 |    78.0 | 8,33 | mscpd3.txt |1,7e+03 |
|13 | 3200 | 5000 |   75 |       0.45 |1585430046088 |      72 |    78.0 | 8,33 | mscpd3.txt |1,8e+03 |
|13 | 3300 | 5000 |   75 |       0.45 |1585430046088 |      72 |    78.0 | 8,33 | mscpd3.txt |1,8e+03 |
|13 | 3400 | 5000 |   75 |       0.45 |1585430046088 |      72 |    78.0 | 8,33 | mscpd3.txt |1,9e+03 |
|13 | 3500 | 5000 |   80 |       0.45 |1585430046088 |      72 |    78.0 | 8,33 | mscpd3.txt |2,0e+03 |
|13 | 3600 | 5000 |   80 |       0.45 |1585430046088 |      72 |    78.0 | 8,33 | mscpd3.txt |2,0e+03 |
|13 | 3700 | 5000 |   80 |       0.45 |1585430046088 |      72 |    78.0 | 8,33 | mscpd3.txt |2,1e+03 |
|13 | 3800 | 5000 |   80 |       0.45 |1585430046088 |      72 |    78.0 | 8,33 | mscpd3.txt |2,1e+03 |
|13 | 3900 | 5000 |   85 |       0.45 |1585430046088 |      72 |    78.0 | 8,33 | mscpd3.txt |2,2e+03 |
|13 | 4000 | 5000 |   85 |       0.45 |1585430046088 |      72 |    78.0 | 8,33 | mscpd3.txt |2,2e+03 |
|13 | 4100 | 5000 |   85 |       0.45 |1585430046088 |      72 |    78.0 | 8,33 | mscpd3.txt |2,3e+03 |
|13 | 4200 | 5000 |   85 |       0.45 |1585430046088 |      72 |    78.0 | 8,33 | mscpd3.txt |2,3e+03 |
|13 | 4300 | 5000 |   90 |       0.45 |1585430046088 |      72 |    78.0 | 8,33 | mscpd3.txt |2,4e+03 |
|13 | 4400 | 5000 |   90 |       0.45 |1585430046088 |      72 |    78.0 | 8,33 | mscpd3.txt |2,4e+03 |
|13 | 4500 | 5000 |   90 |       0.45 |1585430046088 |      72 |    78.0 | 8,33 | mscpd3.txt |2,5e+03 |
|13 | 4600 | 5000 |   90 |       0.45 |1585430046088 |      72 |    78.0 | 8,33 | mscpd3.txt |2,5e+03 |
|13 | 4700 | 5000 |   95 |       0.45 |1585430046088 |      72 |    78.0 | 8,33 | mscpd3.txt |2,6e+03 |
|13 | 4800 | 5000 |   95 |       0.45 |1585430046088 |      72 |    78.0 | 8,33 | mscpd3.txt |2,6e+03 |
|13 | 4900 | 5000 |   95 |       0.45 |1585430046088 |      72 |    78.0 | 8,33 | mscpd3.txt |2,7e+03 |
|13 | 5000 | 5000 |   95 |       0.45 |1585430046088 |      72 |    78.0 | 8,33 | mscpd3.txt |2,8e+03 |
|13 |  400 | 5000 |  100 |       0.45 |1585430046088 |      72 |    78.0 | 8,33 | mscpd3.txt |2,8e+03 |
|14 |    1 | 5000 |   35 |       0.25 |1585432827486 |      72 |  3186.0 |4325,00 | mscpd3.txt |0,0090 |
|14 |  100 | 5000 |   35 |       0.45 |1585432827486 |      72 |  2499.0 |3370,83 | mscpd3.txt |  1,5 |
|14 |  200 | 5000 |   35 | 0.42857143 |1585432827486 |      72 |  2355.0 |3170,83 | mscpd3.txt |  2,5 |
|14 |  300 | 5000 |   35 |  0.2857143 |1585432827486 |      72 |  2241.0 |3012,50 | mscpd3.txt |  4,4 |
|14 |  400 | 5000 |   35 | 0.37142858 |1585432827486 |      72 |  2160.0 |2900,00 | mscpd3.txt |  5,2 |
|14 |  500 | 5000 |   40 |       0.45 |1585432827486 |      72 |    80.0 |11,11 | mscpd3.txt |   61 |
|14 |  600 | 5000 |   40 |       0.45 |1585432827486 |      72 |    79.0 | 9,72 | mscpd3.txt |1,3e+02 |
|14 |  700 | 5000 |   40 |       0.45 |1585432827486 |      72 |    79.0 | 9,72 | mscpd3.txt |1,9e+02 |
|14 |  800 | 5000 |   40 |       0.45 |1585432827486 |      72 |    79.0 | 9,72 | mscpd3.txt |2,6e+02 |
|14 |  900 | 5000 |   45 |       0.45 |1585432827486 |      72 |    79.0 | 9,72 | mscpd3.txt |3,4e+02 |
|14 | 1000 | 5000 |   45 | 0.42222223 |1585432827486 |      72 |    79.0 | 9,72 | mscpd3.txt |3,9e+02 |
|14 | 1100 | 5000 |   45 |       0.45 |1585432827486 |      72 |    79.0 | 9,72 | mscpd3.txt |4,2e+02 |
|14 | 1200 | 5000 |   45 |       0.45 |1585432827486 |      72 |    78.0 | 8,33 | mscpd3.txt |4,5e+02 |
|14 | 1300 | 5000 |   50 |       0.44 |1585432827486 |      72 |    78.0 | 8,33 | mscpd3.txt |4,9e+02 |
|14 | 1400 | 5000 |   50 |       0.44 |1585432827486 |      72 |    78.0 | 8,33 | mscpd3.txt |5,3e+02 |
|14 | 1500 | 5000 |   50 |       0.44 |1585432827486 |      72 |    78.0 | 8,33 | mscpd3.txt |5,7e+02 |
|14 | 1600 | 5000 |   50 |       0.45 |1585432827486 |      72 |    78.0 | 8,33 | mscpd3.txt |6,1e+02 |
|14 | 1700 | 5000 |   55 |       0.45 |1585432827486 |      72 |    78.0 | 8,33 | mscpd3.txt |6,6e+02 |
|14 | 1800 | 5000 |   55 |       0.45 |1585432827486 |      72 |    78.0 | 8,33 | mscpd3.txt |6,9e+02 |
|14 | 1900 | 5000 |   55 |       0.45 |1585432827486 |      72 |    78.0 | 8,33 | mscpd3.txt |7,2e+02 |
|14 | 2000 | 5000 |   55 |       0.45 |1585432827486 |      72 |    78.0 | 8,33 | mscpd3.txt |7,5e+02 |
|14 | 2100 | 5000 |   60 |       0.45 |1585432827486 |      72 |    78.0 | 8,33 | mscpd3.txt |7,9e+02 |
|14 | 2200 | 5000 |   60 |       0.45 |1585432827486 |      72 |    78.0 | 8,33 | mscpd3.txt |8,4e+02 |
|14 | 2300 | 5000 |   60 |       0.45 |1585432827486 |      72 |    77.0 | 6,94 | mscpd3.txt |8,8e+02 |
|14 | 2400 | 5000 |   60 |       0.45 |1585432827486 |      72 |    77.0 | 6,94 | mscpd3.txt |9,3e+02 |
|14 | 2500 | 5000 |   65 |       0.45 |1585432827486 |      72 |    77.0 | 6,94 | mscpd3.txt |1,0e+03 |
|14 | 2600 | 5000 |   65 |       0.45 |1585432827486 |      72 |    77.0 | 6,94 | mscpd3.txt |1,1e+03 |
|14 | 2700 | 5000 |   65 |       0.45 |1585432827486 |      72 |    77.0 | 6,94 | mscpd3.txt |1,1e+03 |
|14 | 2800 | 5000 |   65 |       0.45 |1585432827486 |      72 |    77.0 | 6,94 | mscpd3.txt |1,2e+03 |
|14 | 2900 | 5000 |   70 |       0.45 |1585432827486 |      72 |    77.0 | 6,94 | mscpd3.txt |1,3e+03 |
|14 | 3000 | 5000 |   70 |       0.45 |1585432827486 |      72 |    77.0 | 6,94 | mscpd3.txt |1,3e+03 |
|14 | 3100 | 5000 |   70 |       0.45 |1585432827486 |      72 |    77.0 | 6,94 | mscpd3.txt |1,3e+03 |
|14 | 3200 | 5000 |   70 |       0.45 |1585432827486 |      72 |    77.0 | 6,94 | mscpd3.txt |1,4e+03 |
|14 | 3300 | 5000 |   75 |       0.45 |1585432827486 |      72 |    77.0 | 6,94 | mscpd3.txt |1,4e+03 |
|14 | 3400 | 5000 |   75 |       0.45 |1585432827486 |      72 |    77.0 | 6,94 | mscpd3.txt |1,5e+03 |
|14 | 3500 | 5000 |   75 |       0.45 |1585432827486 |      72 |    77.0 | 6,94 | mscpd3.txt |1,5e+03 |
|14 | 3600 | 5000 |   75 |       0.45 |1585432827486 |      72 |    77.0 | 6,94 | mscpd3.txt |1,6e+03 |
|14 | 3700 | 5000 |   80 |       0.45 |1585432827486 |      72 |    77.0 | 6,94 | mscpd3.txt |1,7e+03 |
|14 | 3800 | 5000 |   80 |       0.45 |1585432827486 |      72 |    77.0 | 6,94 | mscpd3.txt |1,7e+03 |
|14 | 3900 | 5000 |   80 |       0.45 |1585432827486 |      72 |    77.0 | 6,94 | mscpd3.txt |1,8e+03 |
|14 | 4000 | 5000 |   80 |       0.45 |1585432827486 |      72 |    77.0 | 6,94 | mscpd3.txt |1,9e+03 |
|14 | 4100 | 5000 |   85 |       0.45 |1585432827486 |      72 |    77.0 | 6,94 | mscpd3.txt |2,0e+03 |
|14 | 4200 | 5000 |   85 |       0.45 |1585432827486 |      72 |    77.0 | 6,94 | mscpd3.txt |2,0e+03 |
|14 | 4300 | 5000 |   85 |       0.45 |1585432827486 |      72 |    77.0 | 6,94 | mscpd3.txt |2,0e+03 |
|14 | 4400 | 5000 |   85 |       0.45 |1585432827486 |      72 |    77.0 | 6,94 | mscpd3.txt |2,1e+03 |
|14 | 4500 | 5000 |   90 |       0.45 |1585432827486 |      72 |    77.0 | 6,94 | mscpd3.txt |2,1e+03 |
|14 | 4600 | 5000 |   90 |       0.45 |1585432827486 |      72 |    77.0 | 6,94 | mscpd3.txt |2,2e+03 |
|14 | 4700 | 5000 |   90 |       0.45 |1585432827486 |      72 |    77.0 | 6,94 | mscpd3.txt |2,3e+03 |
|14 | 4800 | 5000 |   90 |       0.45 |1585432827486 |      72 |    77.0 | 6,94 | mscpd3.txt |2,3e+03 |
|14 | 4900 | 5000 |   95 |       0.45 |1585432827486 |      72 |    77.0 | 6,94 | mscpd3.txt |2,4e+03 |
|14 | 5000 | 5000 |   95 |       0.45 |1585432827486 |      72 |    77.0 | 6,94 | mscpd3.txt |2,5e+03 |
|14 |  400 | 5000 |   95 |       0.45 |1585432827486 |      72 |    77.0 | 6,94 | mscpd3.txt |2,5e+03 |
|15 |    1 | 5000 |   35 |       0.25 |1585435282693 |      72 |  3090.0 |4191,67 | mscpd3.txt |0,0080 |
|15 |  100 | 5000 |   35 | 0.42857143 |1585435282693 |      72 |  2642.0 |3569,44 | mscpd3.txt | 0,76 |
|15 |  200 | 5000 |   35 |       0.45 |1585435282693 |      72 |  2480.0 |3344,44 | mscpd3.txt |  1,6 |
|15 |  300 | 5000 |   40 |       0.45 |1585435282693 |      72 |    81.0 |12,50 | mscpd3.txt |   46 |
|15 |  400 | 5000 |   40 |       0.45 |1585435282693 |      72 |    81.0 |12,50 | mscpd3.txt |1,0e+02 |
|15 |  500 | 5000 |   40 |       0.45 |1585435282693 |      72 |    81.0 |12,50 | mscpd3.txt |1,6e+02 |
|15 |  600 | 5000 |   40 |       0.45 |1585435282693 |      72 |    79.0 | 9,72 | mscpd3.txt |2,2e+02 |
|15 |  700 | 5000 |   45 |       0.45 |1585435282693 |      72 |    77.0 | 6,94 | mscpd3.txt |3,0e+02 |
|15 |  800 | 5000 |   45 |       0.45 |1585435282693 |      72 |    77.0 | 6,94 | mscpd3.txt |3,8e+02 |
|15 |  900 | 5000 |   45 |       0.45 |1585435282693 |      72 |    77.0 | 6,94 | mscpd3.txt |4,7e+02 |
|15 | 1000 | 5000 |   45 |       0.45 |1585435282693 |      72 |    77.0 | 6,94 | mscpd3.txt |5,3e+02 |
|15 | 1100 | 5000 |   50 |       0.45 |1585435282693 |      72 |    77.0 | 6,94 | mscpd3.txt |6,0e+02 |
|15 | 1200 | 5000 |   50 |       0.36 |1585435282693 |      72 |    77.0 | 6,94 | mscpd3.txt |6,5e+02 |
|15 | 1300 | 5000 |   50 |       0.45 |1585435282693 |      72 |    77.0 | 6,94 | mscpd3.txt |6,9e+02 |
|15 | 1400 | 5000 |   50 |       0.45 |1585435282693 |      72 |    77.0 | 6,94 | mscpd3.txt |7,1e+02 |
|15 | 1500 | 5000 |   55 |       0.45 |1585435282693 |      72 |    77.0 | 6,94 | mscpd3.txt |7,4e+02 |
|15 | 1600 | 5000 |   55 |       0.45 |1585435282693 |      72 |    77.0 | 6,94 | mscpd3.txt |7,8e+02 |
|15 | 1700 | 5000 |   55 |       0.45 |1585435282693 |      72 |    77.0 | 6,94 | mscpd3.txt |8,1e+02 |
|15 | 1800 | 5000 |   55 |       0.45 |1585435282693 |      72 |    77.0 | 6,94 | mscpd3.txt |8,5e+02 |
|15 | 1900 | 5000 |   60 |       0.45 |1585435282693 |      72 |    77.0 | 6,94 | mscpd3.txt |8,9e+02 |
|15 | 2000 | 5000 |   60 |       0.45 |1585435282693 |      72 |    77.0 | 6,94 | mscpd3.txt |9,4e+02 |
|15 | 2100 | 5000 |   60 |       0.45 |1585435282693 |      72 |    77.0 | 6,94 | mscpd3.txt |9,9e+02 |
|15 | 2200 | 5000 |   60 |       0.45 |1585435282693 |      72 |    77.0 | 6,94 | mscpd3.txt |1,0e+03 |
|15 | 2300 | 5000 |   65 |       0.45 |1585435282693 |      72 |    77.0 | 6,94 | mscpd3.txt |1,1e+03 |
|15 | 2400 | 5000 |   65 |       0.45 |1585435282693 |      72 |    77.0 | 6,94 | mscpd3.txt |1,1e+03 |
|15 | 2500 | 5000 |   65 |       0.45 |1585435282693 |      72 |    77.0 | 6,94 | mscpd3.txt |1,2e+03 |
|15 | 2600 | 5000 |   65 |       0.45 |1585435282693 |      72 |    77.0 | 6,94 | mscpd3.txt |1,2e+03 |
|15 | 2700 | 5000 |   70 |       0.45 |1585435282693 |      72 |    77.0 | 6,94 | mscpd3.txt |1,2e+03 |
|15 | 2800 | 5000 |   70 |       0.45 |1585435282693 |      72 |    77.0 | 6,94 | mscpd3.txt |1,3e+03 |
|15 | 2900 | 5000 |   70 |       0.45 |1585435282693 |      72 |    77.0 | 6,94 | mscpd3.txt |1,3e+03 |
|15 | 3000 | 5000 |   70 |       0.45 |1585435282693 |      72 |    77.0 | 6,94 | mscpd3.txt |1,4e+03 |
|15 | 3100 | 5000 |   75 |       0.45 |1585435282693 |      72 |    77.0 | 6,94 | mscpd3.txt |1,4e+03 |
|15 | 3200 | 5000 |   75 |       0.45 |1585435282693 |      72 |    77.0 | 6,94 | mscpd3.txt |1,5e+03 |
|15 | 3300 | 5000 |   75 |       0.45 |1585435282693 |      72 |    77.0 | 6,94 | mscpd3.txt |1,5e+03 |
|15 | 3400 | 5000 |   75 |       0.45 |1585435282693 |      72 |    77.0 | 6,94 | mscpd3.txt |1,6e+03 |
|15 | 3500 | 5000 |   80 |       0.45 |1585435282693 |      72 |    77.0 | 6,94 | mscpd3.txt |1,7e+03 |
|15 | 3600 | 5000 |   80 |       0.45 |1585435282693 |      72 |    77.0 | 6,94 | mscpd3.txt |1,7e+03 |
|15 | 3700 | 5000 |   80 |       0.45 |1585435282693 |      72 |    77.0 | 6,94 | mscpd3.txt |1,7e+03 |
|15 | 3800 | 5000 |   80 |       0.45 |1585435282693 |      72 |    77.0 | 6,94 | mscpd3.txt |1,8e+03 |
|15 | 3900 | 5000 |   85 |       0.45 |1585435282693 |      72 |    77.0 | 6,94 | mscpd3.txt |1,8e+03 |
|15 | 4000 | 5000 |   85 |       0.45 |1585435282693 |      72 |    77.0 | 6,94 | mscpd3.txt |1,9e+03 |
|15 | 4100 | 5000 |   85 |       0.45 |1585435282693 |      72 |    77.0 | 6,94 | mscpd3.txt |1,9e+03 |
|15 | 4200 | 5000 |   85 |       0.45 |1585435282693 |      72 |    77.0 | 6,94 | mscpd3.txt |2,0e+03 |
|15 | 4300 | 5000 |   90 |       0.45 |1585435282693 |      72 |    77.0 | 6,94 | mscpd3.txt |2,0e+03 |
|15 | 4400 | 5000 |   90 |       0.45 |1585435282693 |      72 |    77.0 | 6,94 | mscpd3.txt |2,1e+03 |
|15 | 4500 | 5000 |   90 |       0.45 |1585435282693 |      72 |    77.0 | 6,94 | mscpd3.txt |2,2e+03 |
|15 | 4600 | 5000 |   90 |       0.45 |1585435282693 |      72 |    77.0 | 6,94 | mscpd3.txt |2,2e+03 |
|15 | 4700 | 5000 |   95 |       0.45 |1585435282693 |      72 |    77.0 | 6,94 | mscpd3.txt |2,3e+03 |
|15 | 4800 | 5000 |   95 |       0.45 |1585435282693 |      72 |    77.0 | 6,94 | mscpd3.txt |2,3e+03 |
|15 | 4900 | 5000 |   95 |       0.45 |1585435282693 |      72 |    77.0 | 6,94 | mscpd3.txt |2,4e+03 |
|15 | 5000 | 5000 |   95 |       0.45 |1585435282693 |      72 |    77.0 | 6,94 | mscpd3.txt |2,4e+03 |
|15 |  400 | 5000 |  100 |       0.45 |1585435282693 |      72 |    77.0 | 6,94 | mscpd3.txt |2,4e+03 |
