| # |    #ITER | #IterMAX | Nest |      %Desc |      semilla | BestFit |GottedFit |  RDP |  instancia | time |
-------------------------------------------------------------------------------------------------
| 1 |    1 | 5000 |   35 |       0.25 |1585517645964 |      14 |  2813.0 |19992,86 |mscpnrf3.txt |0,0060 |
| 1 |  100 | 5000 |   35 | 0.34285715 |1585517645964 |      14 |  2348.0 |16671,43 |mscpnrf3.txt | 0,48 |
| 1 |  200 | 5000 |   40 |       0.45 |1585517645964 |      14 |    17.0 |21,43 |mscpnrf3.txt |   49 |
| 1 |  300 | 5000 |   40 |      0.425 |1585517645964 |      14 |    17.0 |21,43 |mscpnrf3.txt |1,7e+02 |
| 1 |  400 | 5000 |   40 |      0.375 |1585517645964 |      14 |    17.0 |21,43 |mscpnrf3.txt |3,1e+02 |
| 1 |  500 | 5000 |   40 |      0.325 |1585517645964 |      14 |    17.0 |21,43 |mscpnrf3.txt |4,0e+02 |
| 1 |  600 | 5000 |   45 |  0.2888889 |1585517645964 |      14 |    17.0 |21,43 |mscpnrf3.txt |5,2e+02 |
| 1 |  700 | 5000 |   45 |  0.2888889 |1585517645964 |      14 |    17.0 |21,43 |mscpnrf3.txt |6,3e+02 |
| 1 |  800 | 5000 |   45 |  0.2888889 |1585517645964 |      14 |    17.0 |21,43 |mscpnrf3.txt |7,4e+02 |
| 1 |  900 | 5000 |   45 |  0.2888889 |1585517645964 |      14 |    17.0 |21,43 |mscpnrf3.txt |8,5e+02 |
| 1 | 1000 | 5000 |   50 |       0.36 |1585517645964 |      14 |    17.0 |21,43 |mscpnrf3.txt |9,8e+02 |
| 1 | 1100 | 5000 |   50 |       0.36 |1585517645964 |      14 |    17.0 |21,43 |mscpnrf3.txt |1,1e+03 |
| 1 | 1200 | 5000 |   50 |       0.36 |1585517645964 |      14 |    17.0 |21,43 |mscpnrf3.txt |1,3e+03 |
| 1 | 1300 | 5000 |   50 |       0.36 |1585517645964 |      14 |    17.0 |21,43 |mscpnrf3.txt |1,4e+03 |
| 1 | 1400 | 5000 |   55 | 0.38181818 |1585517645964 |      14 |    17.0 |21,43 |mscpnrf3.txt |1,6e+03 |
| 1 | 1500 | 5000 |   55 |       0.45 |1585517645964 |      14 |    17.0 |21,43 |mscpnrf3.txt |1,7e+03 |
| 1 | 1600 | 5000 |   55 |       0.45 |1585517645964 |      14 |    17.0 |21,43 |mscpnrf3.txt |1,8e+03 |
| 1 | 1700 | 5000 |   55 |       0.45 |1585517645964 |      14 |    17.0 |21,43 |mscpnrf3.txt |1,8e+03 |
| 1 | 1800 | 5000 |   60 |       0.45 |1585517645964 |      14 |    17.0 |21,43 |mscpnrf3.txt |1,9e+03 |
| 1 | 1900 | 5000 |   60 |       0.45 |1585517645964 |      14 |    17.0 |21,43 |mscpnrf3.txt |2,1e+03 |
| 1 | 2000 | 5000 |   60 |       0.45 |1585517645964 |      14 |    17.0 |21,43 |mscpnrf3.txt |2,2e+03 |
| 1 | 2100 | 5000 |   60 |       0.45 |1585517645964 |      14 |    17.0 |21,43 |mscpnrf3.txt |2,3e+03 |
| 1 | 2200 | 5000 |   65 |       0.45 |1585517645964 |      14 |    17.0 |21,43 |mscpnrf3.txt |2,4e+03 |
| 1 | 2300 | 5000 |   65 |       0.45 |1585517645964 |      14 |    17.0 |21,43 |mscpnrf3.txt |2,5e+03 |
| 1 | 2400 | 5000 |   65 |       0.45 |1585517645964 |      14 |    17.0 |21,43 |mscpnrf3.txt |2,6e+03 |
| 1 | 2500 | 5000 |   65 |       0.45 |1585517645964 |      14 |    17.0 |21,43 |mscpnrf3.txt |2,7e+03 |
| 1 | 2600 | 5000 |   70 | 0.42857143 |1585517645964 |      14 |    17.0 |21,43 |mscpnrf3.txt |2,9e+03 |
| 1 | 2700 | 5000 |   70 | 0.42857143 |1585517645964 |      14 |    17.0 |21,43 |mscpnrf3.txt |3,0e+03 |
| 1 | 2800 | 5000 |   70 | 0.42857143 |1585517645964 |      14 |    17.0 |21,43 |mscpnrf3.txt |3,2e+03 |
| 1 | 2900 | 5000 |   70 | 0.42857143 |1585517645964 |      14 |    17.0 |21,43 |mscpnrf3.txt |3,3e+03 |
| 1 | 3000 | 5000 |   75 |        0.4 |1585517645964 |      14 |    17.0 |21,43 |mscpnrf3.txt |3,5e+03 |
| 1 | 3100 | 5000 |   75 |        0.4 |1585517645964 |      14 |    17.0 |21,43 |mscpnrf3.txt |3,7e+03 |
| 1 | 3200 | 5000 |   75 |        0.4 |1585517645964 |      14 |    17.0 |21,43 |mscpnrf3.txt |3,9e+03 |
| 1 | 3300 | 5000 |   75 |        0.4 |1585517645964 |      14 |    17.0 |21,43 |mscpnrf3.txt |4,1e+03 |
| 1 | 3400 | 5000 |   80 |      0.375 |1585517645964 |      14 |    17.0 |21,43 |mscpnrf3.txt |4,3e+03 |
| 1 | 3500 | 5000 |   80 |      0.375 |1585517645964 |      14 |    17.0 |21,43 |mscpnrf3.txt |4,5e+03 |
| 1 | 3600 | 5000 |   80 |      0.375 |1585517645964 |      14 |    17.0 |21,43 |mscpnrf3.txt |4,7e+03 |
| 1 | 3700 | 5000 |   80 |      0.375 |1585517645964 |      14 |    17.0 |21,43 |mscpnrf3.txt |4,9e+03 |
| 1 | 3800 | 5000 |   85 |  0.3529412 |1585517645964 |      14 |    17.0 |21,43 |mscpnrf3.txt |5,2e+03 |
| 1 | 3900 | 5000 |   85 |  0.3529412 |1585517645964 |      14 |    17.0 |21,43 |mscpnrf3.txt |5,4e+03 |
| 1 | 4000 | 5000 |   85 |  0.3529412 |1585517645964 |      14 |    17.0 |21,43 |mscpnrf3.txt |5,7e+03 |
| 1 | 4100 | 5000 |   85 |  0.3529412 |1585517645964 |      14 |    17.0 |21,43 |mscpnrf3.txt |6,0e+03 |
| 1 | 4200 | 5000 |   90 | 0.35555556 |1585517645964 |      14 |    17.0 |21,43 |mscpnrf3.txt |6,3e+03 |
| 1 | 4300 | 5000 |   90 | 0.35555556 |1585517645964 |      14 |    17.0 |21,43 |mscpnrf3.txt |6,5e+03 |
| 1 | 4400 | 5000 |   90 | 0.35555556 |1585517645964 |      14 |    17.0 |21,43 |mscpnrf3.txt |6,8e+03 |
| 1 | 4500 | 5000 |   90 | 0.35555556 |1585517645964 |      14 |    17.0 |21,43 |mscpnrf3.txt |7,1e+03 |
| 1 | 4600 | 5000 |   95 | 0.36842105 |1585517645964 |      14 |    17.0 |21,43 |mscpnrf3.txt |7,4e+03 |
| 1 | 4700 | 5000 |   95 |       0.45 |1585517645964 |      14 |    17.0 |21,43 |mscpnrf3.txt |7,6e+03 |
| 1 | 4800 | 5000 |   95 |       0.45 |1585517645964 |      14 |    17.0 |21,43 |mscpnrf3.txt |7,7e+03 |
| 1 | 4900 | 5000 |   95 |       0.45 |1585517645964 |      14 |    17.0 |21,43 |mscpnrf3.txt |7,9e+03 |
| 1 | 5000 | 5000 |  100 |       0.45 |1585517645964 |      14 |    17.0 |21,43 |mscpnrf3.txt |8,0e+03 |
| 1 |  500 | 5000 |  100 |       0.45 |1585517645964 |      14 |    17.0 |21,43 |mscpnrf3.txt |8,0e+03 |
| 2 |    1 | 5000 |   35 |       0.25 |1585525683661 |      14 |  2722.0 |19342,86 |mscpnrf3.txt |0,0050 |
| 2 |  100 | 5000 |   35 | 0.37142858 |1585525683661 |      14 |  2379.0 |16892,86 |mscpnrf3.txt | 0,44 |
| 2 |  200 | 5000 |   35 |       0.45 |1585525683661 |      14 |  2245.0 |15935,71 |mscpnrf3.txt | 0,87 |
| 2 |  300 | 5000 |   35 | 0.42857143 |1585525683661 |      14 |  2143.0 |15207,14 |mscpnrf3.txt |  1,3 |
| 2 |  400 | 5000 |   40 |       0.45 |1585525683661 |      14 |    17.0 |21,43 |mscpnrf3.txt |   43 |
| 2 |  500 | 5000 |   40 |        0.4 |1585525683661 |      14 |    17.0 |21,43 |mscpnrf3.txt |1,5e+02 |
| 2 |  600 | 5000 |   40 |       0.35 |1585525683661 |      14 |    17.0 |21,43 |mscpnrf3.txt |3,2e+02 |
| 2 |  700 | 5000 |   40 |      0.325 |1585525683661 |      14 |    17.0 |21,43 |mscpnrf3.txt |4,2e+02 |
| 2 |  800 | 5000 |   45 |  0.2888889 |1585525683661 |      14 |    17.0 |21,43 |mscpnrf3.txt |5,4e+02 |
| 2 |  900 | 5000 |   45 |  0.2888889 |1585525683661 |      14 |    17.0 |21,43 |mscpnrf3.txt |6,5e+02 |
| 2 | 1000 | 5000 |   45 |  0.2888889 |1585525683661 |      14 |    17.0 |21,43 |mscpnrf3.txt |7,7e+02 |
| 2 | 1100 | 5000 |   45 |  0.2888889 |1585525683661 |      14 |    17.0 |21,43 |mscpnrf3.txt |9,0e+02 |
| 2 | 1200 | 5000 |   50 |       0.38 |1585525683661 |      14 |    17.0 |21,43 |mscpnrf3.txt |1,1e+03 |
| 2 | 1300 | 5000 |   50 |       0.38 |1585525683661 |      14 |    17.0 |21,43 |mscpnrf3.txt |1,2e+03 |
| 2 | 1400 | 5000 |   50 |       0.38 |1585525683661 |      14 |    17.0 |21,43 |mscpnrf3.txt |1,4e+03 |
| 2 | 1500 | 5000 |   50 |       0.38 |1585525683661 |      14 |    17.0 |21,43 |mscpnrf3.txt |1,5e+03 |
| 2 | 1600 | 5000 |   55 | 0.36363637 |1585525683661 |      14 |    17.0 |21,43 |mscpnrf3.txt |1,7e+03 |
| 2 | 1700 | 5000 |   55 | 0.36363637 |1585525683661 |      14 |    17.0 |21,43 |mscpnrf3.txt |1,9e+03 |
| 2 | 1800 | 5000 |   55 | 0.36363637 |1585525683661 |      14 |    17.0 |21,43 |mscpnrf3.txt |2,1e+03 |
| 2 | 1900 | 5000 |   55 | 0.36363637 |1585525683661 |      14 |    17.0 |21,43 |mscpnrf3.txt |2,3e+03 |
| 2 | 2000 | 5000 |   60 | 0.36666667 |1585525683661 |      14 |    17.0 |21,43 |mscpnrf3.txt |2,5e+03 |
| 2 | 2100 | 5000 |   60 |       0.45 |1585525683661 |      14 |    17.0 |21,43 |mscpnrf3.txt |2,6e+03 |
| 2 | 2200 | 5000 |   60 |       0.45 |1585525683661 |      14 |    17.0 |21,43 |mscpnrf3.txt |2,7e+03 |
| 2 | 2300 | 5000 |   60 |       0.45 |1585525683661 |      14 |    17.0 |21,43 |mscpnrf3.txt |2,9e+03 |
| 2 | 2400 | 5000 |   65 |       0.45 |1585525683661 |      14 |    17.0 |21,43 |mscpnrf3.txt |3,0e+03 |
| 2 | 2500 | 5000 |   65 |       0.45 |1585525683661 |      14 |    17.0 |21,43 |mscpnrf3.txt |3,2e+03 |
| 2 | 2600 | 5000 |   65 |       0.45 |1585525683661 |      14 |    17.0 |21,43 |mscpnrf3.txt |3,3e+03 |
| 2 | 2700 | 5000 |   65 |       0.45 |1585525683661 |      14 |    17.0 |21,43 |mscpnrf3.txt |3,4e+03 |
| 2 | 2800 | 5000 |   70 |       0.45 |1585525683661 |      14 |    17.0 |21,43 |mscpnrf3.txt |3,6e+03 |
| 2 | 2900 | 5000 |   70 |       0.45 |1585525683661 |      14 |    17.0 |21,43 |mscpnrf3.txt |3,7e+03 |
| 2 | 3000 | 5000 |   70 |       0.45 |1585525683661 |      14 |    17.0 |21,43 |mscpnrf3.txt |3,9e+03 |
| 2 | 3100 | 5000 |   70 |       0.45 |1585525683661 |      14 |    17.0 |21,43 |mscpnrf3.txt |4,0e+03 |
| 2 | 3200 | 5000 |   75 | 0.42666668 |1585525683661 |      14 |    17.0 |21,43 |mscpnrf3.txt |4,2e+03 |
| 2 | 3300 | 5000 |   75 | 0.42666668 |1585525683661 |      14 |    17.0 |21,43 |mscpnrf3.txt |4,3e+03 |
| 2 | 3400 | 5000 |   75 | 0.42666668 |1585525683661 |      14 |    17.0 |21,43 |mscpnrf3.txt |4,5e+03 |
| 2 | 3500 | 5000 |   75 | 0.42666668 |1585525683661 |      14 |    17.0 |21,43 |mscpnrf3.txt |4,7e+03 |
| 2 | 3600 | 5000 |   80 |        0.4 |1585525683661 |      14 |    17.0 |21,43 |mscpnrf3.txt |4,9e+03 |
| 2 | 3700 | 5000 |   80 |        0.4 |1585525683661 |      14 |    17.0 |21,43 |mscpnrf3.txt |5,1e+03 |
| 2 | 3800 | 5000 |   80 |        0.4 |1585525683661 |      14 |    17.0 |21,43 |mscpnrf3.txt |5,3e+03 |
| 2 | 3900 | 5000 |   80 |        0.4 |1585525683661 |      14 |    17.0 |21,43 |mscpnrf3.txt |5,5e+03 |
| 2 | 4000 | 5000 |   85 |  0.3764706 |1585525683661 |      14 |    17.0 |21,43 |mscpnrf3.txt |5,7e+03 |
| 2 | 4100 | 5000 |   85 |  0.3764706 |1585525683661 |      14 |    17.0 |21,43 |mscpnrf3.txt |6,0e+03 |
| 2 | 4200 | 5000 |   85 |  0.3764706 |1585525683661 |      14 |    17.0 |21,43 |mscpnrf3.txt |6,2e+03 |
| 2 | 4300 | 5000 |   85 |  0.3764706 |1585525683661 |      14 |    17.0 |21,43 |mscpnrf3.txt |6,4e+03 |
| 2 | 4400 | 5000 |   90 | 0.37777779 |1585525683661 |      14 |    17.0 |21,43 |mscpnrf3.txt |6,7e+03 |
| 2 | 4500 | 5000 |   90 | 0.37777779 |1585525683661 |      14 |    17.0 |21,43 |mscpnrf3.txt |7,1e+03 |
| 2 | 4600 | 5000 |   90 | 0.37777779 |1585525683661 |      14 |    17.0 |21,43 |mscpnrf3.txt |7,4e+03 |
| 2 | 4700 | 5000 |   90 | 0.37777779 |1585525683661 |      14 |    17.0 |21,43 |mscpnrf3.txt |7,6e+03 |
| 2 | 4800 | 5000 |   95 | 0.35789475 |1585525683661 |      14 |    17.0 |21,43 |mscpnrf3.txt |7,9e+03 |
| 2 | 4900 | 5000 |   95 | 0.35789475 |1585525683661 |      14 |    17.0 |21,43 |mscpnrf3.txt |8,2e+03 |
| 2 | 5000 | 5000 |   95 | 0.35789475 |1585525683661 |      14 |    17.0 |21,43 |mscpnrf3.txt |8,5e+03 |
| 2 |  500 | 5000 |   95 | 0.35789475 |1585525683661 |      14 |    17.0 |21,43 |mscpnrf3.txt |8,5e+03 |
| 3 |    1 | 5000 |   35 |       0.25 |1585534141583 |      14 |  2817.0 |20021,43 |mscpnrf3.txt |0,0050 |
| 3 |  100 | 5000 |   35 |       0.45 |1585534141583 |      14 |  2252.0 |15985,71 |mscpnrf3.txt | 0,51 |
| 3 |  200 | 5000 |   40 |       0.45 |1585534141583 |      14 |    17.0 |21,43 |mscpnrf3.txt |   52 |
| 3 |  300 | 5000 |   40 |      0.375 |1585534141583 |      14 |    17.0 |21,43 |mscpnrf3.txt |1,7e+02 |
| 3 |  400 | 5000 |   40 |      0.375 |1585534141583 |      14 |    17.0 |21,43 |mscpnrf3.txt |3,1e+02 |
| 3 |  500 | 5000 |   40 |      0.325 |1585534141583 |      14 |    17.0 |21,43 |mscpnrf3.txt |4,0e+02 |
| 3 |  600 | 5000 |   45 | 0.31111112 |1585534141583 |      14 |    17.0 |21,43 |mscpnrf3.txt |5,2e+02 |
| 3 |  700 | 5000 |   45 | 0.31111112 |1585534141583 |      14 |    17.0 |21,43 |mscpnrf3.txt |6,4e+02 |
| 3 |  800 | 5000 |   45 | 0.31111112 |1585534141583 |      14 |    17.0 |21,43 |mscpnrf3.txt |7,6e+02 |
| 3 |  900 | 5000 |   45 | 0.31111112 |1585534141583 |      14 |    17.0 |21,43 |mscpnrf3.txt |8,8e+02 |
| 3 | 1000 | 5000 |   50 |        0.3 |1585534141583 |      14 |    17.0 |21,43 |mscpnrf3.txt |1,0e+03 |
| 3 | 1100 | 5000 |   50 |       0.32 |1585534141583 |      14 |    17.0 |21,43 |mscpnrf3.txt |1,2e+03 |
| 3 | 1200 | 5000 |   50 |        0.3 |1585534141583 |      14 |    17.0 |21,43 |mscpnrf3.txt |1,3e+03 |
| 3 | 1300 | 5000 |   50 |        0.3 |1585534141583 |      14 |    17.0 |21,43 |mscpnrf3.txt |1,5e+03 |
| 3 | 1400 | 5000 |   55 |  0.3090909 |1585534141583 |      14 |    17.0 |21,43 |mscpnrf3.txt |1,7e+03 |
| 3 | 1500 | 5000 |   55 |       0.45 |1585534141583 |      14 |    17.0 |21,43 |mscpnrf3.txt |1,7e+03 |
| 3 | 1600 | 5000 |   55 |       0.45 |1585534141583 |      14 |    17.0 |21,43 |mscpnrf3.txt |1,8e+03 |
| 3 | 1700 | 5000 |   55 |       0.45 |1585534141583 |      14 |    17.0 |21,43 |mscpnrf3.txt |1,9e+03 |
| 3 | 1800 | 5000 |   60 |       0.45 |1585534141583 |      14 |    17.0 |21,43 |mscpnrf3.txt |2,0e+03 |
| 3 | 1900 | 5000 |   60 |       0.45 |1585534141583 |      14 |    17.0 |21,43 |mscpnrf3.txt |2,1e+03 |
| 3 | 2000 | 5000 |   60 |       0.45 |1585534141583 |      14 |    17.0 |21,43 |mscpnrf3.txt |2,3e+03 |
| 3 | 2100 | 5000 |   60 |       0.45 |1585534141583 |      14 |    17.0 |21,43 |mscpnrf3.txt |2,4e+03 |
| 3 | 2200 | 5000 |   65 |       0.45 |1585534141583 |      14 |    17.0 |21,43 |mscpnrf3.txt |2,5e+03 |
| 3 | 2300 | 5000 |   65 |       0.45 |1585534141583 |      14 |    17.0 |21,43 |mscpnrf3.txt |2,6e+03 |
| 3 | 2400 | 5000 |   65 |       0.45 |1585534141583 |      14 |    17.0 |21,43 |mscpnrf3.txt |2,8e+03 |
| 3 | 2500 | 5000 |   65 |       0.45 |1585534141583 |      14 |    17.0 |21,43 |mscpnrf3.txt |2,9e+03 |
| 3 | 2600 | 5000 |   70 |       0.45 |1585534141583 |      14 |    17.0 |21,43 |mscpnrf3.txt |3,0e+03 |
| 3 | 2700 | 5000 |   70 |       0.45 |1585534141583 |      14 |    17.0 |21,43 |mscpnrf3.txt |3,2e+03 |
| 3 | 2800 | 5000 |   70 |       0.45 |1585534141583 |      14 |    17.0 |21,43 |mscpnrf3.txt |3,3e+03 |
| 3 | 2900 | 5000 |   70 |       0.45 |1585534141583 |      14 |    17.0 |21,43 |mscpnrf3.txt |3,5e+03 |
| 3 | 3000 | 5000 |   75 | 0.42666668 |1585534141583 |      14 |    17.0 |21,43 |mscpnrf3.txt |3,7e+03 |
| 3 | 3100 | 5000 |   75 | 0.42666668 |1585534141583 |      14 |    17.0 |21,43 |mscpnrf3.txt |3,9e+03 |
| 3 | 3200 | 5000 |   75 | 0.42666668 |1585534141583 |      14 |    17.0 |21,43 |mscpnrf3.txt |4,0e+03 |
| 3 | 3300 | 5000 |   75 |       0.45 |1585534141583 |      14 |    17.0 |21,43 |mscpnrf3.txt |4,1e+03 |
| 3 | 3400 | 5000 |   80 |       0.45 |1585534141583 |      14 |    17.0 |21,43 |mscpnrf3.txt |4,2e+03 |
| 3 | 3500 | 5000 |   80 |       0.45 |1585534141583 |      14 |    17.0 |21,43 |mscpnrf3.txt |4,2e+03 |
| 3 | 3600 | 5000 |   80 |       0.45 |1585534141583 |      14 |    17.0 |21,43 |mscpnrf3.txt |4,2e+03 |
| 3 | 3700 | 5000 |   80 |       0.45 |1585534141583 |      14 |    17.0 |21,43 |mscpnrf3.txt |4,2e+03 |
| 3 | 3800 | 5000 |   85 |       0.45 |1585534141583 |      14 |    17.0 |21,43 |mscpnrf3.txt |4,3e+03 |
| 3 | 3900 | 5000 |   85 |       0.45 |1585534141583 |      14 |    17.0 |21,43 |mscpnrf3.txt |4,3e+03 |
| 3 | 4000 | 5000 |   85 |       0.45 |1585534141583 |      14 |    17.0 |21,43 |mscpnrf3.txt |4,3e+03 |
| 3 | 4100 | 5000 |   85 |       0.45 |1585534141583 |      14 |    17.0 |21,43 |mscpnrf3.txt |4,3e+03 |
| 3 | 4200 | 5000 |   90 |       0.45 |1585534141583 |      14 |    17.0 |21,43 |mscpnrf3.txt |4,4e+03 |
| 3 | 4300 | 5000 |   90 |       0.45 |1585534141583 |      14 |    17.0 |21,43 |mscpnrf3.txt |4,4e+03 |
| 3 | 4400 | 5000 |   90 |       0.45 |1585534141583 |      14 |    17.0 |21,43 |mscpnrf3.txt |4,4e+03 |
| 3 | 4500 | 5000 |   90 |       0.45 |1585534141583 |      14 |    17.0 |21,43 |mscpnrf3.txt |4,4e+03 |
| 3 | 4600 | 5000 |   95 |       0.45 |1585534141583 |      14 |    17.0 |21,43 |mscpnrf3.txt |4,4e+03 |
| 3 | 4700 | 5000 |   95 |       0.45 |1585534141583 |      14 |    17.0 |21,43 |mscpnrf3.txt |4,4e+03 |
| 3 | 4800 | 5000 |   95 |       0.45 |1585534141583 |      14 |    17.0 |21,43 |mscpnrf3.txt |4,4e+03 |
| 3 | 4900 | 5000 |   95 |       0.45 |1585534141583 |      14 |    17.0 |21,43 |mscpnrf3.txt |4,4e+03 |
| 3 | 5000 | 5000 |  100 |       0.45 |1585534141583 |      14 |    17.0 |21,43 |mscpnrf3.txt |4,5e+03 |
| 3 |  500 | 5000 |  100 |       0.45 |1585534141583 |      14 |    17.0 |21,43 |mscpnrf3.txt |4,5e+03 |
| 4 |    1 | 5000 |   35 |       0.25 |1585538617756 |      14 |  2751.0 |19550,00 |mscpnrf3.txt |0,0050 |
| 4 |  100 | 5000 |   35 |       0.45 |1585538617756 |      14 |  2368.0 |16814,29 |mscpnrf3.txt | 0,47 |
| 4 |  200 | 5000 |   35 |       0.45 |1585538617756 |      14 |  2173.0 |15421,43 |mscpnrf3.txt | 0,91 |
| 4 |  300 | 5000 |   35 | 0.31428573 |1585538617756 |      14 |  2087.0 |14807,14 |mscpnrf3.txt |  1,3 |
| 4 |  400 | 5000 |   40 |       0.45 |1585538617756 |      14 |    17.0 |21,43 |mscpnrf3.txt |   69 |
| 4 |  500 | 5000 |   40 |       0.35 |1585538617756 |      14 |    17.0 |21,43 |mscpnrf3.txt |2,1e+02 |
| 4 |  600 | 5000 |   40 |        0.3 |1585538617756 |      14 |    17.0 |21,43 |mscpnrf3.txt |3,7e+02 |
| 4 |  700 | 5000 |   40 |       0.35 |1585538617756 |      14 |    16.0 |14,29 |mscpnrf3.txt |4,6e+02 |
| 4 |  800 | 5000 |   45 | 0.31111112 |1585538617756 |      14 |    16.0 |14,29 |mscpnrf3.txt |5,7e+02 |
| 4 |  900 | 5000 |   45 | 0.33333334 |1585538617756 |      14 |    16.0 |14,29 |mscpnrf3.txt |6,9e+02 |
| 4 | 1000 | 5000 |   45 | 0.31111112 |1585538617756 |      14 |    16.0 |14,29 |mscpnrf3.txt |8,0e+02 |
| 4 | 1100 | 5000 |   45 | 0.31111112 |1585538617756 |      14 |    16.0 |14,29 |mscpnrf3.txt |9,2e+02 |
| 4 | 1200 | 5000 |   50 |       0.34 |1585538617756 |      14 |    16.0 |14,29 |mscpnrf3.txt |1,1e+03 |
| 4 | 1300 | 5000 |   50 |       0.34 |1585538617756 |      14 |    16.0 |14,29 |mscpnrf3.txt |1,2e+03 |
| 4 | 1400 | 5000 |   50 |       0.34 |1585538617756 |      14 |    16.0 |14,29 |mscpnrf3.txt |1,3e+03 |
| 4 | 1500 | 5000 |   50 |       0.34 |1585538617756 |      14 |    16.0 |14,29 |mscpnrf3.txt |1,5e+03 |
| 4 | 1600 | 5000 |   55 |        0.4 |1585538617756 |      14 |    16.0 |14,29 |mscpnrf3.txt |1,6e+03 |
| 4 | 1700 | 5000 |   55 |       0.45 |1585538617756 |      14 |    16.0 |14,29 |mscpnrf3.txt |1,7e+03 |
| 4 | 1800 | 5000 |   55 |       0.45 |1585538617756 |      14 |    16.0 |14,29 |mscpnrf3.txt |1,8e+03 |
| 4 | 1900 | 5000 |   55 |       0.45 |1585538617756 |      14 |    16.0 |14,29 |mscpnrf3.txt |1,9e+03 |
| 4 | 2000 | 5000 |   60 |       0.45 |1585538617756 |      14 |    16.0 |14,29 |mscpnrf3.txt |2,0e+03 |
| 4 | 2100 | 5000 |   60 |       0.45 |1585538617756 |      14 |    16.0 |14,29 |mscpnrf3.txt |2,1e+03 |
| 4 | 2200 | 5000 |   60 |       0.45 |1585538617756 |      14 |    16.0 |14,29 |mscpnrf3.txt |2,2e+03 |
| 4 | 2300 | 5000 |   60 |       0.45 |1585538617756 |      14 |    16.0 |14,29 |mscpnrf3.txt |2,3e+03 |
| 4 | 2400 | 5000 |   65 |       0.45 |1585538617756 |      14 |    16.0 |14,29 |mscpnrf3.txt |2,4e+03 |
| 4 | 2500 | 5000 |   65 |       0.45 |1585538617756 |      14 |    16.0 |14,29 |mscpnrf3.txt |2,5e+03 |
| 4 | 2600 | 5000 |   65 |       0.45 |1585538617756 |      14 |    16.0 |14,29 |mscpnrf3.txt |2,7e+03 |
| 4 | 2700 | 5000 |   65 |       0.45 |1585538617756 |      14 |    16.0 |14,29 |mscpnrf3.txt |2,8e+03 |
| 4 | 2800 | 5000 |   70 | 0.44285715 |1585538617756 |      14 |    16.0 |14,29 |mscpnrf3.txt |2,9e+03 |
| 4 | 2900 | 5000 |   70 | 0.44285715 |1585538617756 |      14 |    16.0 |14,29 |mscpnrf3.txt |3,1e+03 |
| 4 | 3000 | 5000 |   70 | 0.44285715 |1585538617756 |      14 |    16.0 |14,29 |mscpnrf3.txt |3,2e+03 |
| 4 | 3100 | 5000 |   70 | 0.44285715 |1585538617756 |      14 |    16.0 |14,29 |mscpnrf3.txt |3,4e+03 |
| 4 | 3200 | 5000 |   75 | 0.41333333 |1585538617756 |      14 |    16.0 |14,29 |mscpnrf3.txt |3,6e+03 |
| 4 | 3300 | 5000 |   75 | 0.41333333 |1585538617756 |      14 |    16.0 |14,29 |mscpnrf3.txt |3,7e+03 |
| 4 | 3400 | 5000 |   75 | 0.41333333 |1585538617756 |      14 |    16.0 |14,29 |mscpnrf3.txt |3,9e+03 |
| 4 | 3500 | 5000 |   75 | 0.41333333 |1585538617756 |      14 |    16.0 |14,29 |mscpnrf3.txt |4,1e+03 |
| 4 | 3600 | 5000 |   80 |     0.3875 |1585538617756 |      14 |    16.0 |14,29 |mscpnrf3.txt |4,3e+03 |
| 4 | 3700 | 5000 |   80 |     0.3875 |1585538617756 |      14 |    16.0 |14,29 |mscpnrf3.txt |4,4e+03 |
| 4 | 3800 | 5000 |   80 |     0.3875 |1585538617756 |      14 |    16.0 |14,29 |mscpnrf3.txt |4,6e+03 |
| 4 | 3900 | 5000 |   80 |     0.3875 |1585538617756 |      14 |    16.0 |14,29 |mscpnrf3.txt |4,8e+03 |
| 4 | 4000 | 5000 |   85 |  0.3764706 |1585538617756 |      14 |    16.0 |14,29 |mscpnrf3.txt |5,1e+03 |
| 4 | 4100 | 5000 |   85 |  0.3764706 |1585538617756 |      14 |    16.0 |14,29 |mscpnrf3.txt |5,3e+03 |
| 4 | 4200 | 5000 |   85 |  0.3764706 |1585538617756 |      14 |    16.0 |14,29 |mscpnrf3.txt |5,5e+03 |
| 4 | 4300 | 5000 |   85 |  0.3764706 |1585538617756 |      14 |    16.0 |14,29 |mscpnrf3.txt |5,7e+03 |
| 4 | 4400 | 5000 |   90 | 0.36666667 |1585538617756 |      14 |    16.0 |14,29 |mscpnrf3.txt |5,9e+03 |
| 4 | 4500 | 5000 |   90 | 0.36666667 |1585538617756 |      14 |    16.0 |14,29 |mscpnrf3.txt |6,2e+03 |
| 4 | 4600 | 5000 |   90 | 0.36666667 |1585538617756 |      14 |    16.0 |14,29 |mscpnrf3.txt |6,4e+03 |
| 4 | 4700 | 5000 |   90 | 0.36666667 |1585538617756 |      14 |    16.0 |14,29 |mscpnrf3.txt |6,7e+03 |
| 4 | 4800 | 5000 |   95 | 0.37894738 |1585538617756 |      14 |    16.0 |14,29 |mscpnrf3.txt |6,9e+03 |
| 4 | 4900 | 5000 |   95 | 0.37894738 |1585538617756 |      14 |    16.0 |14,29 |mscpnrf3.txt |7,2e+03 |
| 4 | 5000 | 5000 |   95 | 0.37894738 |1585538617756 |      14 |    16.0 |14,29 |mscpnrf3.txt |7,5e+03 |
| 4 |  500 | 5000 |   95 | 0.37894738 |1585538617756 |      14 |    16.0 |14,29 |mscpnrf3.txt |7,5e+03 |
| 5 |    1 | 5000 |   35 |       0.25 |1585546092222 |      14 |  2846.0 |20228,57 |mscpnrf3.txt |0,0070 |
| 5 |  100 | 5000 |   35 |       0.45 |1585546092222 |      14 |  2289.0 |16250,00 |mscpnrf3.txt | 0,59 |
| 5 |  200 | 5000 |   40 |       0.45 |1585546092222 |      14 |    17.0 |21,43 |mscpnrf3.txt |   52 |
| 5 |  300 | 5000 |   40 |       0.45 |1585546092222 |      14 |    17.0 |21,43 |mscpnrf3.txt |1,7e+02 |
| 5 |  400 | 5000 |   40 |       0.35 |1585546092222 |      14 |    17.0 |21,43 |mscpnrf3.txt |3,2e+02 |
| 5 |  500 | 5000 |   40 |      0.325 |1585546092222 |      14 |    17.0 |21,43 |mscpnrf3.txt |4,1e+02 |
| 5 |  600 | 5000 |   45 |  0.2888889 |1585546092222 |      14 |    17.0 |21,43 |mscpnrf3.txt |5,4e+02 |
| 5 |  700 | 5000 |   45 |  0.2888889 |1585546092222 |      14 |    17.0 |21,43 |mscpnrf3.txt |6,6e+02 |
| 5 |  800 | 5000 |   45 |  0.2888889 |1585546092222 |      14 |    17.0 |21,43 |mscpnrf3.txt |7,8e+02 |
| 5 |  900 | 5000 |   45 |  0.2888889 |1585546092222 |      14 |    17.0 |21,43 |mscpnrf3.txt |9,1e+02 |
| 5 | 1000 | 5000 |   50 |       0.36 |1585546092222 |      14 |    17.0 |21,43 |mscpnrf3.txt |1,1e+03 |
| 5 | 1100 | 5000 |   50 |       0.36 |1585546092222 |      14 |    17.0 |21,43 |mscpnrf3.txt |1,2e+03 |
| 5 | 1200 | 5000 |   50 |       0.32 |1585546092222 |      14 |    17.0 |21,43 |mscpnrf3.txt |1,4e+03 |
| 5 | 1300 | 5000 |   50 |       0.32 |1585546092222 |      14 |    17.0 |21,43 |mscpnrf3.txt |1,5e+03 |
| 5 | 1400 | 5000 |   55 |  0.3272727 |1585546092222 |      14 |    17.0 |21,43 |mscpnrf3.txt |1,7e+03 |
| 5 | 1500 | 5000 |   55 |       0.45 |1585546092222 |      14 |    17.0 |21,43 |mscpnrf3.txt |1,8e+03 |
| 5 | 1600 | 5000 |   55 |       0.45 |1585546092222 |      14 |    17.0 |21,43 |mscpnrf3.txt |1,9e+03 |
| 5 | 1700 | 5000 |   55 |       0.45 |1585546092222 |      14 |    17.0 |21,43 |mscpnrf3.txt |1,9e+03 |
| 5 | 1800 | 5000 |   60 |       0.45 |1585546092222 |      14 |    17.0 |21,43 |mscpnrf3.txt |2,1e+03 |
| 5 | 1900 | 5000 |   60 |       0.45 |1585546092222 |      14 |    17.0 |21,43 |mscpnrf3.txt |2,2e+03 |
| 5 | 2000 | 5000 |   60 |       0.45 |1585546092222 |      14 |    17.0 |21,43 |mscpnrf3.txt |2,3e+03 |
| 5 | 2100 | 5000 |   60 |       0.45 |1585546092222 |      14 |    17.0 |21,43 |mscpnrf3.txt |2,4e+03 |
| 5 | 2200 | 5000 |   65 |       0.45 |1585546092222 |      14 |    17.0 |21,43 |mscpnrf3.txt |2,5e+03 |
| 5 | 2300 | 5000 |   65 |       0.45 |1585546092222 |      14 |    17.0 |21,43 |mscpnrf3.txt |2,7e+03 |
| 5 | 2400 | 5000 |   65 |       0.45 |1585546092222 |      14 |    17.0 |21,43 |mscpnrf3.txt |2,8e+03 |
| 5 | 2500 | 5000 |   65 |       0.45 |1585546092222 |      14 |    17.0 |21,43 |mscpnrf3.txt |2,9e+03 |
| 5 | 2600 | 5000 |   70 |       0.45 |1585546092222 |      14 |    17.0 |21,43 |mscpnrf3.txt |3,1e+03 |
| 5 | 2700 | 5000 |   70 |       0.45 |1585546092222 |      14 |    17.0 |21,43 |mscpnrf3.txt |3,2e+03 |
| 5 | 2800 | 5000 |   70 |       0.45 |1585546092222 |      14 |    17.0 |21,43 |mscpnrf3.txt |3,4e+03 |
| 5 | 2900 | 5000 |   70 |       0.45 |1585546092222 |      14 |    17.0 |21,43 |mscpnrf3.txt |3,6e+03 |
| 5 | 3000 | 5000 |   75 | 0.42666668 |1585546092222 |      14 |    17.0 |21,43 |mscpnrf3.txt |3,8e+03 |
| 5 | 3100 | 5000 |   75 | 0.42666668 |1585546092222 |      14 |    17.0 |21,43 |mscpnrf3.txt |3,9e+03 |
| 5 | 3200 | 5000 |   75 | 0.42666668 |1585546092222 |      14 |    17.0 |21,43 |mscpnrf3.txt |4,1e+03 |
| 5 | 3300 | 5000 |   75 | 0.42666668 |1585546092222 |      14 |    17.0 |21,43 |mscpnrf3.txt |4,3e+03 |
| 5 | 3400 | 5000 |   80 |        0.4 |1585546092222 |      14 |    17.0 |21,43 |mscpnrf3.txt |4,5e+03 |
| 5 | 3500 | 5000 |   80 |        0.4 |1585546092222 |      14 |    17.0 |21,43 |mscpnrf3.txt |4,7e+03 |
| 5 | 3600 | 5000 |   80 |        0.4 |1585546092222 |      14 |    17.0 |21,43 |mscpnrf3.txt |4,9e+03 |
| 5 | 3700 | 5000 |   80 |        0.4 |1585546092222 |      14 |    17.0 |21,43 |mscpnrf3.txt |5,1e+03 |
| 5 | 3800 | 5000 |   85 |  0.3764706 |1585546092222 |      14 |    17.0 |21,43 |mscpnrf3.txt |5,3e+03 |
| 5 | 3900 | 5000 |   85 |  0.3764706 |1585546092222 |      14 |    17.0 |21,43 |mscpnrf3.txt |5,6e+03 |
| 5 | 4000 | 5000 |   85 |  0.3764706 |1585546092222 |      14 |    17.0 |21,43 |mscpnrf3.txt |5,8e+03 |
| 5 | 4100 | 5000 |   85 |  0.3764706 |1585546092222 |      14 |    17.0 |21,43 |mscpnrf3.txt |6,0e+03 |
| 5 | 4200 | 5000 |   90 | 0.35555556 |1585546092222 |      14 |    17.0 |21,43 |mscpnrf3.txt |6,3e+03 |
| 5 | 4300 | 5000 |   90 | 0.35555556 |1585546092222 |      14 |    17.0 |21,43 |mscpnrf3.txt |6,5e+03 |
| 5 | 4400 | 5000 |   90 | 0.35555556 |1585546092222 |      14 |    17.0 |21,43 |mscpnrf3.txt |6,8e+03 |
| 5 | 4500 | 5000 |   90 | 0.35555556 |1585546092222 |      14 |    17.0 |21,43 |mscpnrf3.txt |7,0e+03 |
| 5 | 4600 | 5000 |   95 | 0.34736842 |1585546092222 |      14 |    17.0 |21,43 |mscpnrf3.txt |7,3e+03 |
| 5 | 4700 | 5000 |   95 | 0.34736842 |1585546092222 |      14 |    17.0 |21,43 |mscpnrf3.txt |7,5e+03 |
| 5 | 4800 | 5000 |   95 | 0.34736842 |1585546092222 |      14 |    17.0 |21,43 |mscpnrf3.txt |7,7e+03 |
| 5 | 4900 | 5000 |   95 | 0.34736842 |1585546092222 |      14 |    17.0 |21,43 |mscpnrf3.txt |8,0e+03 |
| 5 | 5000 | 5000 |  100 |       0.36 |1585546092222 |      14 |    17.0 |21,43 |mscpnrf3.txt |8,2e+03 |
| 5 |  500 | 5000 |  100 |       0.36 |1585546092222 |      14 |    17.0 |21,43 |mscpnrf3.txt |8,2e+03 |
| 6 |    1 | 5000 |   35 |       0.25 |1585554300946 |      14 |  2801.0 |19907,14 |mscpnrf3.txt |0,0060 |
| 6 |  100 | 5000 |   35 | 0.34285715 |1585554300946 |      14 |  2337.0 |16592,86 |mscpnrf3.txt | 0,49 |
| 6 |  200 | 5000 |   35 | 0.31428573 |1585554300946 |      14 |  2178.0 |15457,14 |mscpnrf3.txt | 0,99 |
| 6 |  300 | 5000 |   35 |        0.4 |1585554300946 |      14 |  2111.0 |14978,57 |mscpnrf3.txt |  1,4 |
| 6 |  400 | 5000 |   35 |       0.45 |1585554300946 |      14 |  1976.0 |14014,29 |mscpnrf3.txt |  1,9 |
| 6 |  500 | 5000 |   40 |       0.45 |1585554300946 |      14 |    17.0 |21,43 |mscpnrf3.txt |   58 |
| 6 |  600 | 5000 |   40 |        0.4 |1585554300946 |      14 |    17.0 |21,43 |mscpnrf3.txt |1,8e+02 |
| 6 |  700 | 5000 |   40 |      0.325 |1585554300946 |      14 |    17.0 |21,43 |mscpnrf3.txt |3,2e+02 |
| 6 |  800 | 5000 |   40 |       0.35 |1585554300946 |      14 |    17.0 |21,43 |mscpnrf3.txt |4,0e+02 |
| 6 |  900 | 5000 |   45 | 0.31111112 |1585554300946 |      14 |    17.0 |21,43 |mscpnrf3.txt |5,1e+02 |
| 6 | 1000 | 5000 |   45 | 0.33333334 |1585554300946 |      14 |    17.0 |21,43 |mscpnrf3.txt |6,2e+02 |
| 6 | 1100 | 5000 |   45 | 0.33333334 |1585554300946 |      14 |    17.0 |21,43 |mscpnrf3.txt |7,2e+02 |
| 6 | 1200 | 5000 |   45 | 0.33333334 |1585554300946 |      14 |    17.0 |21,43 |mscpnrf3.txt |8,3e+02 |
| 6 | 1300 | 5000 |   50 |       0.36 |1585554300946 |      14 |    17.0 |21,43 |mscpnrf3.txt |9,7e+02 |
| 6 | 1400 | 5000 |   50 |       0.45 |1585554300946 |      14 |    17.0 |21,43 |mscpnrf3.txt |1,0e+03 |
| 6 | 1500 | 5000 |   50 |       0.45 |1585554300946 |      14 |    17.0 |21,43 |mscpnrf3.txt |1,1e+03 |
| 6 | 1600 | 5000 |   50 |       0.45 |1585554300946 |      14 |    17.0 |21,43 |mscpnrf3.txt |1,2e+03 |
| 6 | 1700 | 5000 |   55 |       0.45 |1585554300946 |      14 |    17.0 |21,43 |mscpnrf3.txt |1,2e+03 |
| 6 | 1800 | 5000 |   55 |       0.45 |1585554300946 |      14 |    17.0 |21,43 |mscpnrf3.txt |1,3e+03 |
| 6 | 1900 | 5000 |   55 |       0.45 |1585554300946 |      14 |    17.0 |21,43 |mscpnrf3.txt |1,4e+03 |
| 6 | 2000 | 5000 |   55 |       0.45 |1585554300946 |      14 |    17.0 |21,43 |mscpnrf3.txt |1,5e+03 |
| 6 | 2100 | 5000 |   60 |       0.45 |1585554300946 |      14 |    17.0 |21,43 |mscpnrf3.txt |1,6e+03 |
| 6 | 2200 | 5000 |   60 |       0.45 |1585554300946 |      14 |    17.0 |21,43 |mscpnrf3.txt |1,7e+03 |
| 6 | 2300 | 5000 |   60 |       0.45 |1585554300946 |      14 |    17.0 |21,43 |mscpnrf3.txt |1,8e+03 |
| 6 | 2400 | 5000 |   60 |       0.45 |1585554300946 |      14 |    17.0 |21,43 |mscpnrf3.txt |1,9e+03 |
| 6 | 2500 | 5000 |   65 |       0.45 |1585554300946 |      14 |    17.0 |21,43 |mscpnrf3.txt |2,0e+03 |
| 6 | 2600 | 5000 |   65 |       0.45 |1585554300946 |      14 |    17.0 |21,43 |mscpnrf3.txt |2,2e+03 |
| 6 | 2700 | 5000 |   65 |       0.45 |1585554300946 |      14 |    17.0 |21,43 |mscpnrf3.txt |2,3e+03 |
| 6 | 2800 | 5000 |   65 |       0.45 |1585554300946 |      14 |    17.0 |21,43 |mscpnrf3.txt |2,4e+03 |
| 6 | 2900 | 5000 |   70 | 0.42857143 |1585554300946 |      14 |    17.0 |21,43 |mscpnrf3.txt |2,6e+03 |
| 6 | 3000 | 5000 |   70 | 0.42857143 |1585554300946 |      14 |    17.0 |21,43 |mscpnrf3.txt |2,7e+03 |
| 6 | 3100 | 5000 |   70 | 0.42857143 |1585554300946 |      14 |    17.0 |21,43 |mscpnrf3.txt |2,9e+03 |
| 6 | 3200 | 5000 |   70 | 0.42857143 |1585554300946 |      14 |    17.0 |21,43 |mscpnrf3.txt |3,0e+03 |
| 6 | 3300 | 5000 |   75 |        0.4 |1585554300946 |      14 |    17.0 |21,43 |mscpnrf3.txt |3,2e+03 |
| 6 | 3400 | 5000 |   75 |        0.4 |1585554300946 |      14 |    17.0 |21,43 |mscpnrf3.txt |3,4e+03 |
| 6 | 3500 | 5000 |   75 |        0.4 |1585554300946 |      14 |    17.0 |21,43 |mscpnrf3.txt |3,5e+03 |
| 6 | 3600 | 5000 |   75 |        0.4 |1585554300946 |      14 |    17.0 |21,43 |mscpnrf3.txt |3,7e+03 |
| 6 | 3700 | 5000 |   80 |     0.3875 |1585554300946 |      14 |    17.0 |21,43 |mscpnrf3.txt |3,9e+03 |
| 6 | 3800 | 5000 |   80 |     0.3875 |1585554300946 |      14 |    17.0 |21,43 |mscpnrf3.txt |4,1e+03 |
| 6 | 3900 | 5000 |   80 |     0.3875 |1585554300946 |      14 |    17.0 |21,43 |mscpnrf3.txt |4,3e+03 |
| 6 | 4000 | 5000 |   80 |     0.3875 |1585554300946 |      14 |    17.0 |21,43 |mscpnrf3.txt |4,5e+03 |
| 6 | 4100 | 5000 |   85 |       0.45 |1585554300946 |      14 |    17.0 |21,43 |mscpnrf3.txt |4,6e+03 |
| 6 | 4200 | 5000 |   85 |       0.45 |1585554300946 |      14 |    17.0 |21,43 |mscpnrf3.txt |4,6e+03 |
| 6 | 4300 | 5000 |   85 |       0.45 |1585554300946 |      14 |    17.0 |21,43 |mscpnrf3.txt |4,7e+03 |
| 6 | 4400 | 5000 |   85 |       0.45 |1585554300946 |      14 |    17.0 |21,43 |mscpnrf3.txt |4,7e+03 |
| 6 | 4500 | 5000 |   90 |       0.45 |1585554300946 |      14 |    17.0 |21,43 |mscpnrf3.txt |4,7e+03 |
| 6 | 4600 | 5000 |   90 |       0.45 |1585554300946 |      14 |    17.0 |21,43 |mscpnrf3.txt |4,7e+03 |
| 6 | 4700 | 5000 |   90 |       0.45 |1585554300946 |      14 |    17.0 |21,43 |mscpnrf3.txt |4,7e+03 |
| 6 | 4800 | 5000 |   90 |       0.45 |1585554300946 |      14 |    17.0 |21,43 |mscpnrf3.txt |4,7e+03 |
| 6 | 4900 | 5000 |   95 |       0.45 |1585554300946 |      14 |    17.0 |21,43 |mscpnrf3.txt |4,8e+03 |
| 6 | 5000 | 5000 |   95 |       0.45 |1585554300946 |      14 |    17.0 |21,43 |mscpnrf3.txt |4,8e+03 |
| 6 |  500 | 5000 |   95 |       0.45 |1585554300946 |      14 |    17.0 |21,43 |mscpnrf3.txt |4,8e+03 |
| 7 |    1 | 5000 |   35 |       0.25 |1585559075605 |      14 |  2807.0 |19950,00 |mscpnrf3.txt |0,0070 |
| 7 |  100 | 5000 |   35 |       0.45 |1585559075605 |      14 |  2282.0 |16200,00 |mscpnrf3.txt | 0,45 |
| 7 |  200 | 5000 |   35 | 0.42857143 |1585559075605 |      14 |  2172.0 |15414,29 |mscpnrf3.txt | 0,95 |
| 7 |  300 | 5000 |   40 |       0.45 |1585559075605 |      14 |    17.0 |21,43 |mscpnrf3.txt |   48 |
| 7 |  400 | 5000 |   40 |       0.45 |1585559075605 |      14 |    17.0 |21,43 |mscpnrf3.txt |1,5e+02 |
| 7 |  500 | 5000 |   40 |      0.425 |1585559075605 |      14 |    17.0 |21,43 |mscpnrf3.txt |2,7e+02 |
| 7 |  600 | 5000 |   40 |        0.3 |1585559075605 |      14 |    17.0 |21,43 |mscpnrf3.txt |3,4e+02 |
| 7 |  700 | 5000 |   45 | 0.26666668 |1585559075605 |      14 |    17.0 |21,43 |mscpnrf3.txt |4,3e+02 |
| 7 |  800 | 5000 |   45 |  0.2888889 |1585559075605 |      14 |    17.0 |21,43 |mscpnrf3.txt |5,2e+02 |
| 7 |  900 | 5000 |   45 |  0.2888889 |1585559075605 |      14 |    17.0 |21,43 |mscpnrf3.txt |6,2e+02 |
| 7 | 1000 | 5000 |   45 |  0.2888889 |1585559075605 |      14 |    17.0 |21,43 |mscpnrf3.txt |7,2e+02 |
| 7 | 1100 | 5000 |   50 |       0.36 |1585559075605 |      14 |    17.0 |21,43 |mscpnrf3.txt |8,5e+02 |
| 7 | 1200 | 5000 |   50 |       0.36 |1585559075605 |      14 |    17.0 |21,43 |mscpnrf3.txt |9,8e+02 |
| 7 | 1300 | 5000 |   50 |       0.36 |1585559075605 |      14 |    17.0 |21,43 |mscpnrf3.txt |1,1e+03 |
| 7 | 1400 | 5000 |   50 |        0.4 |1585559075605 |      14 |    17.0 |21,43 |mscpnrf3.txt |1,2e+03 |
| 7 | 1500 | 5000 |   55 |       0.45 |1585559075605 |      14 |    17.0 |21,43 |mscpnrf3.txt |1,3e+03 |
| 7 | 1600 | 5000 |   55 |       0.45 |1585559075605 |      14 |    17.0 |21,43 |mscpnrf3.txt |1,4e+03 |
| 7 | 1700 | 5000 |   55 |       0.45 |1585559075605 |      14 |    17.0 |21,43 |mscpnrf3.txt |1,5e+03 |
| 7 | 1800 | 5000 |   55 |       0.45 |1585559075605 |      14 |    17.0 |21,43 |mscpnrf3.txt |1,6e+03 |
| 7 | 1900 | 5000 |   60 |       0.45 |1585559075605 |      14 |    17.0 |21,43 |mscpnrf3.txt |1,7e+03 |
| 7 | 2000 | 5000 |   60 |       0.45 |1585559075605 |      14 |    17.0 |21,43 |mscpnrf3.txt |1,8e+03 |
| 7 | 2100 | 5000 |   60 |       0.45 |1585559075605 |      14 |    17.0 |21,43 |mscpnrf3.txt |1,9e+03 |
| 7 | 2200 | 5000 |   60 |       0.45 |1585559075605 |      14 |    17.0 |21,43 |mscpnrf3.txt |2,0e+03 |
| 7 | 2300 | 5000 |   65 | 0.41538462 |1585559075605 |      14 |    17.0 |21,43 |mscpnrf3.txt |2,1e+03 |
| 7 | 2400 | 5000 |   65 | 0.41538462 |1585559075605 |      14 |    17.0 |21,43 |mscpnrf3.txt |2,3e+03 |
| 7 | 2500 | 5000 |   65 | 0.41538462 |1585559075605 |      14 |    17.0 |21,43 |mscpnrf3.txt |2,4e+03 |
| 7 | 2600 | 5000 |   65 | 0.41538462 |1585559075605 |      14 |    17.0 |21,43 |mscpnrf3.txt |2,5e+03 |
| 7 | 2700 | 5000 |   70 |  0.3857143 |1585559075605 |      14 |    17.0 |21,43 |mscpnrf3.txt |2,7e+03 |
| 7 | 2800 | 5000 |   70 |  0.3857143 |1585559075605 |      14 |    17.0 |21,43 |mscpnrf3.txt |2,8e+03 |
| 7 | 2900 | 5000 |   70 |  0.3857143 |1585559075605 |      14 |    17.0 |21,43 |mscpnrf3.txt |3,0e+03 |
| 7 | 3000 | 5000 |   70 |  0.3857143 |1585559075605 |      14 |    17.0 |21,43 |mscpnrf3.txt |3,1e+03 |
| 7 | 3100 | 5000 |   75 |       0.36 |1585559075605 |      14 |    17.0 |21,43 |mscpnrf3.txt |3,3e+03 |
| 7 | 3200 | 5000 |   75 |       0.36 |1585559075605 |      14 |    17.0 |21,43 |mscpnrf3.txt |3,5e+03 |
| 7 | 3300 | 5000 |   75 |       0.36 |1585559075605 |      14 |    17.0 |21,43 |mscpnrf3.txt |3,6e+03 |
| 7 | 3400 | 5000 |   75 |       0.36 |1585559075605 |      14 |    17.0 |21,43 |mscpnrf3.txt |3,8e+03 |
| 7 | 3500 | 5000 |   80 |     0.3625 |1585559075605 |      14 |    17.0 |21,43 |mscpnrf3.txt |4,0e+03 |
| 7 | 3600 | 5000 |   80 |     0.3625 |1585559075605 |      14 |    17.0 |21,43 |mscpnrf3.txt |4,2e+03 |
| 7 | 3700 | 5000 |   80 |     0.3625 |1585559075605 |      14 |    17.0 |21,43 |mscpnrf3.txt |4,4e+03 |
| 7 | 3800 | 5000 |   80 |     0.3625 |1585559075605 |      14 |    17.0 |21,43 |mscpnrf3.txt |4,6e+03 |
| 7 | 3900 | 5000 |   85 |  0.3882353 |1585559075605 |      14 |    17.0 |21,43 |mscpnrf3.txt |4,8e+03 |
| 7 | 4000 | 5000 |   85 |       0.45 |1585559075605 |      14 |    17.0 |21,43 |mscpnrf3.txt |4,9e+03 |
| 7 | 4100 | 5000 |   85 |       0.45 |1585559075605 |      14 |    17.0 |21,43 |mscpnrf3.txt |5,0e+03 |
| 7 | 4200 | 5000 |   85 |       0.45 |1585559075605 |      14 |    17.0 |21,43 |mscpnrf3.txt |5,1e+03 |
| 7 | 4300 | 5000 |   90 |       0.45 |1585559075605 |      14 |    17.0 |21,43 |mscpnrf3.txt |5,2e+03 |
| 7 | 4400 | 5000 |   90 |       0.45 |1585559075605 |      14 |    17.0 |21,43 |mscpnrf3.txt |5,4e+03 |
| 7 | 4500 | 5000 |   90 |       0.45 |1585559075605 |      14 |    17.0 |21,43 |mscpnrf3.txt |5,5e+03 |
| 7 | 4600 | 5000 |   90 |       0.45 |1585559075605 |      14 |    17.0 |21,43 |mscpnrf3.txt |5,6e+03 |
| 7 | 4700 | 5000 |   95 |       0.45 |1585559075605 |      14 |    17.0 |21,43 |mscpnrf3.txt |5,8e+03 |
| 7 | 4800 | 5000 |   95 |       0.45 |1585559075605 |      14 |    17.0 |21,43 |mscpnrf3.txt |5,9e+03 |
| 7 | 4900 | 5000 |   95 |       0.45 |1585559075605 |      14 |    17.0 |21,43 |mscpnrf3.txt |6,1e+03 |
| 7 | 5000 | 5000 |   95 |       0.45 |1585559075605 |      14 |    17.0 |21,43 |mscpnrf3.txt |6,2e+03 |
| 7 |  500 | 5000 |  100 |       0.45 |1585559075605 |      14 |    17.0 |21,43 |mscpnrf3.txt |6,2e+03 |
| 8 |    1 | 5000 |   35 |       0.25 |1585565292928 |      14 |  2781.0 |19764,29 |mscpnrf3.txt |0,0050 |
| 8 |  100 | 5000 |   35 | 0.42857143 |1585565292928 |      14 |  2247.0 |15950,00 |mscpnrf3.txt | 0,44 |
| 8 |  200 | 5000 |   35 |        0.4 |1585565292928 |      14 |  2079.0 |14750,00 |mscpnrf3.txt | 0,89 |
| 8 |  300 | 5000 |   35 |       0.45 |1585565292928 |      14 |  1987.0 |14092,86 |mscpnrf3.txt |  1,3 |
| 8 |  400 | 5000 |   35 |        0.4 |1585565292928 |      14 |  1864.0 |13214,29 |mscpnrf3.txt |  1,7 |
| 8 |  500 | 5000 |   40 |       0.45 |1585565292928 |      14 |    17.0 |21,43 |mscpnrf3.txt |   62 |
| 8 |  600 | 5000 |   40 |      0.375 |1585565292928 |      14 |    17.0 |21,43 |mscpnrf3.txt |1,8e+02 |
| 8 |  700 | 5000 |   40 |      0.275 |1585565292928 |      14 |    16.0 |14,29 |mscpnrf3.txt |3,2e+02 |
| 8 |  800 | 5000 |   40 |      0.275 |1585565292928 |      14 |    16.0 |14,29 |mscpnrf3.txt |4,7e+02 |
| 8 |  900 | 5000 |   45 | 0.33333334 |1585565292928 |      14 |    16.0 |14,29 |mscpnrf3.txt |5,6e+02 |
| 8 | 1000 | 5000 |   45 | 0.33333334 |1585565292928 |      14 |    16.0 |14,29 |mscpnrf3.txt |6,7e+02 |
| 8 | 1100 | 5000 |   45 | 0.33333334 |1585565292928 |      14 |    16.0 |14,29 |mscpnrf3.txt |7,7e+02 |
| 8 | 1200 | 5000 |   45 | 0.33333334 |1585565292928 |      14 |    16.0 |14,29 |mscpnrf3.txt |8,7e+02 |
| 8 | 1300 | 5000 |   50 |        0.3 |1585565292928 |      14 |    16.0 |14,29 |mscpnrf3.txt |1,0e+03 |
| 8 | 1400 | 5000 |   50 |        0.3 |1585565292928 |      14 |    16.0 |14,29 |mscpnrf3.txt |1,1e+03 |
| 8 | 1500 | 5000 |   50 |       0.32 |1585565292928 |      14 |    16.0 |14,29 |mscpnrf3.txt |1,3e+03 |
| 8 | 1600 | 5000 |   50 |       0.45 |1585565292928 |      14 |    16.0 |14,29 |mscpnrf3.txt |1,3e+03 |
| 8 | 1700 | 5000 |   55 |       0.45 |1585565292928 |      14 |    16.0 |14,29 |mscpnrf3.txt |1,4e+03 |
| 8 | 1800 | 5000 |   55 |       0.45 |1585565292928 |      14 |    16.0 |14,29 |mscpnrf3.txt |1,5e+03 |
| 8 | 1900 | 5000 |   55 |       0.45 |1585565292928 |      14 |    16.0 |14,29 |mscpnrf3.txt |1,5e+03 |
| 8 | 2000 | 5000 |   55 |       0.45 |1585565292928 |      14 |    16.0 |14,29 |mscpnrf3.txt |1,5e+03 |
| 8 | 2100 | 5000 |   60 |       0.45 |1585565292928 |      14 |    16.0 |14,29 |mscpnrf3.txt |1,6e+03 |
| 8 | 2200 | 5000 |   60 |       0.45 |1585565292928 |      14 |    16.0 |14,29 |mscpnrf3.txt |1,6e+03 |
| 8 | 2300 | 5000 |   60 |       0.45 |1585565292928 |      14 |    16.0 |14,29 |mscpnrf3.txt |1,6e+03 |
| 8 | 2400 | 5000 |   60 |       0.45 |1585565292928 |      14 |    16.0 |14,29 |mscpnrf3.txt |1,6e+03 |
| 8 | 2500 | 5000 |   65 |       0.45 |1585565292928 |      14 |    16.0 |14,29 |mscpnrf3.txt |1,6e+03 |
| 8 | 2600 | 5000 |   65 |       0.45 |1585565292928 |      14 |    16.0 |14,29 |mscpnrf3.txt |1,6e+03 |
| 8 | 2700 | 5000 |   65 |       0.45 |1585565292928 |      14 |    16.0 |14,29 |mscpnrf3.txt |1,6e+03 |
| 8 | 2800 | 5000 |   65 | 0.44615385 |1585565292928 |      14 |    16.0 |14,29 |mscpnrf3.txt |1,6e+03 |
| 8 | 2900 | 5000 |   70 |       0.45 |1585565292928 |      14 |    16.0 |14,29 |mscpnrf3.txt |1,7e+03 |
| 8 | 3000 | 5000 |   70 |       0.45 |1585565292928 |      14 |    16.0 |14,29 |mscpnrf3.txt |1,7e+03 |
| 8 | 3100 | 5000 |   70 |       0.45 |1585565292928 |      14 |    16.0 |14,29 |mscpnrf3.txt |1,7e+03 |
| 8 | 3200 | 5000 |   70 |       0.45 |1585565292928 |      14 |    16.0 |14,29 |mscpnrf3.txt |1,7e+03 |
| 8 | 3300 | 5000 |   75 |       0.45 |1585565292928 |      14 |    16.0 |14,29 |mscpnrf3.txt |1,7e+03 |
| 8 | 3400 | 5000 |   75 |       0.45 |1585565292928 |      14 |    16.0 |14,29 |mscpnrf3.txt |1,7e+03 |
| 8 | 3500 | 5000 |   75 |       0.45 |1585565292928 |      14 |    16.0 |14,29 |mscpnrf3.txt |1,7e+03 |
| 8 | 3600 | 5000 |   75 |       0.45 |1585565292928 |      14 |    16.0 |14,29 |mscpnrf3.txt |1,7e+03 |
| 8 | 3700 | 5000 |   80 |       0.45 |1585565292928 |      14 |    16.0 |14,29 |mscpnrf3.txt |1,8e+03 |
| 8 | 3800 | 5000 |   80 |       0.45 |1585565292928 |      14 |    16.0 |14,29 |mscpnrf3.txt |1,8e+03 |
| 8 | 3900 | 5000 |   80 |       0.45 |1585565292928 |      14 |    16.0 |14,29 |mscpnrf3.txt |1,8e+03 |
| 8 | 4000 | 5000 |   80 |       0.45 |1585565292928 |      14 |    16.0 |14,29 |mscpnrf3.txt |1,8e+03 |
| 8 | 4100 | 5000 |   85 |       0.45 |1585565292928 |      14 |    16.0 |14,29 |mscpnrf3.txt |1,8e+03 |
| 8 | 4200 | 5000 |   85 |       0.45 |1585565292928 |      14 |    16.0 |14,29 |mscpnrf3.txt |1,8e+03 |
| 8 | 4300 | 5000 |   85 | 0.43529412 |1585565292928 |      14 |    16.0 |14,29 |mscpnrf3.txt |1,8e+03 |
| 8 | 4400 | 5000 |   85 |       0.45 |1585565292928 |      14 |    16.0 |14,29 |mscpnrf3.txt |1,9e+03 |
| 8 | 4500 | 5000 |   90 |       0.45 |1585565292928 |      14 |    16.0 |14,29 |mscpnrf3.txt |1,9e+03 |
| 8 | 4600 | 5000 |   90 |       0.45 |1585565292928 |      14 |    16.0 |14,29 |mscpnrf3.txt |1,9e+03 |
| 8 | 4700 | 5000 |   90 | 0.42222223 |1585565292928 |      14 |    16.0 |14,29 |mscpnrf3.txt |1,9e+03 |
| 8 | 4800 | 5000 |   90 |       0.45 |1585565292928 |      14 |    16.0 |14,29 |mscpnrf3.txt |1,9e+03 |
| 8 | 4900 | 5000 |   95 |       0.45 |1585565292928 |      14 |    16.0 |14,29 |mscpnrf3.txt |1,9e+03 |
| 8 | 5000 | 5000 |   95 |       0.45 |1585565292928 |      14 |    16.0 |14,29 |mscpnrf3.txt |1,9e+03 |
| 8 |  500 | 5000 |   95 |       0.45 |1585565292928 |      14 |    16.0 |14,29 |mscpnrf3.txt |1,9e+03 |
| 9 |    1 | 5000 |   35 |       0.25 |1585567223824 |      14 |  2756.0 |19585,71 |mscpnrf3.txt |0,0050 |
| 9 |  100 | 5000 |   35 | 0.37142858 |1585567223824 |      14 |  2259.0 |16035,71 |mscpnrf3.txt | 0,43 |
| 9 |  200 | 5000 |   35 |        0.4 |1585567223824 |      14 |  2100.0 |14900,00 |mscpnrf3.txt | 0,81 |
| 9 |  300 | 5000 |   40 |       0.45 |1585567223824 |      14 |    17.0 |21,43 |mscpnrf3.txt |   55 |
| 9 |  400 | 5000 |   40 |      0.425 |1585567223824 |      14 |    17.0 |21,43 |mscpnrf3.txt |1,6e+02 |
| 9 |  500 | 5000 |   40 |      0.325 |1585567223824 |      14 |    17.0 |21,43 |mscpnrf3.txt |2,9e+02 |
| 9 |  600 | 5000 |   40 |       0.35 |1585567223824 |      14 |    17.0 |21,43 |mscpnrf3.txt |3,6e+02 |
| 9 |  700 | 5000 |   45 | 0.31111112 |1585567223824 |      14 |    17.0 |21,43 |mscpnrf3.txt |4,6e+02 |
| 9 |  800 | 5000 |   45 | 0.33333334 |1585567223824 |      14 |    17.0 |21,43 |mscpnrf3.txt |5,5e+02 |
| 9 |  900 | 5000 |   45 | 0.33333334 |1585567223824 |      14 |    17.0 |21,43 |mscpnrf3.txt |6,7e+02 |
| 9 | 1000 | 5000 |   45 | 0.33333334 |1585567223824 |      14 |    17.0 |21,43 |mscpnrf3.txt |7,9e+02 |
| 9 | 1100 | 5000 |   50 |       0.32 |1585567223824 |      14 |    17.0 |21,43 |mscpnrf3.txt |9,3e+02 |
| 9 | 1200 | 5000 |   50 |       0.45 |1585567223824 |      14 |    17.0 |21,43 |mscpnrf3.txt |1,0e+03 |
| 9 | 1300 | 5000 |   50 |       0.45 |1585567223824 |      14 |    17.0 |21,43 |mscpnrf3.txt |1,1e+03 |
| 9 | 1400 | 5000 |   50 |       0.45 |1585567223824 |      14 |    17.0 |21,43 |mscpnrf3.txt |1,1e+03 |
| 9 | 1500 | 5000 |   55 |       0.45 |1585567223824 |      14 |    17.0 |21,43 |mscpnrf3.txt |1,2e+03 |
| 9 | 1600 | 5000 |   55 |       0.45 |1585567223824 |      14 |    17.0 |21,43 |mscpnrf3.txt |1,3e+03 |
| 9 | 1700 | 5000 |   55 |       0.45 |1585567223824 |      14 |    17.0 |21,43 |mscpnrf3.txt |1,4e+03 |
| 9 | 1800 | 5000 |   55 |       0.45 |1585567223824 |      14 |    17.0 |21,43 |mscpnrf3.txt |1,5e+03 |
| 9 | 1900 | 5000 |   60 |       0.45 |1585567223824 |      14 |    17.0 |21,43 |mscpnrf3.txt |1,6e+03 |
| 9 | 2000 | 5000 |   60 |       0.45 |1585567223824 |      14 |    17.0 |21,43 |mscpnrf3.txt |1,8e+03 |
| 9 | 2100 | 5000 |   60 |       0.45 |1585567223824 |      14 |    17.0 |21,43 |mscpnrf3.txt |1,9e+03 |
| 9 | 2200 | 5000 |   60 |       0.45 |1585567223824 |      14 |    17.0 |21,43 |mscpnrf3.txt |2,0e+03 |
| 9 | 2300 | 5000 |   65 |       0.45 |1585567223824 |      14 |    17.0 |21,43 |mscpnrf3.txt |2,1e+03 |
| 9 | 2400 | 5000 |   65 |       0.45 |1585567223824 |      14 |    17.0 |21,43 |mscpnrf3.txt |2,2e+03 |
| 9 | 2500 | 5000 |   65 |       0.45 |1585567223824 |      14 |    17.0 |21,43 |mscpnrf3.txt |2,2e+03 |
| 9 | 2600 | 5000 |   65 |       0.45 |1585567223824 |      14 |    17.0 |21,43 |mscpnrf3.txt |2,2e+03 |
| 9 | 2700 | 5000 |   70 |       0.45 |1585567223824 |      14 |    17.0 |21,43 |mscpnrf3.txt |2,3e+03 |
| 9 | 2800 | 5000 |   70 |       0.45 |1585567223824 |      14 |    17.0 |21,43 |mscpnrf3.txt |2,3e+03 |
| 9 | 2900 | 5000 |   70 |       0.45 |1585567223824 |      14 |    17.0 |21,43 |mscpnrf3.txt |2,3e+03 |
| 9 | 3000 | 5000 |   70 |       0.45 |1585567223824 |      14 |    17.0 |21,43 |mscpnrf3.txt |2,3e+03 |
| 9 | 3100 | 5000 |   75 |       0.45 |1585567223824 |      14 |    17.0 |21,43 |mscpnrf3.txt |2,3e+03 |
| 9 | 3200 | 5000 |   75 |       0.45 |1585567223824 |      14 |    17.0 |21,43 |mscpnrf3.txt |2,3e+03 |
| 9 | 3300 | 5000 |   75 |       0.45 |1585567223824 |      14 |    17.0 |21,43 |mscpnrf3.txt |2,4e+03 |
| 9 | 3400 | 5000 |   75 |       0.45 |1585567223824 |      14 |    17.0 |21,43 |mscpnrf3.txt |2,4e+03 |
| 9 | 3500 | 5000 |   80 |       0.45 |1585567223824 |      14 |    17.0 |21,43 |mscpnrf3.txt |2,4e+03 |
| 9 | 3600 | 5000 |   80 |       0.45 |1585567223824 |      14 |    17.0 |21,43 |mscpnrf3.txt |2,4e+03 |
| 9 | 3700 | 5000 |   80 |       0.45 |1585567223824 |      14 |    17.0 |21,43 |mscpnrf3.txt |2,4e+03 |
| 9 | 3800 | 5000 |   80 |       0.45 |1585567223824 |      14 |    17.0 |21,43 |mscpnrf3.txt |2,4e+03 |
| 9 | 3900 | 5000 |   85 |       0.45 |1585567223824 |      14 |    17.0 |21,43 |mscpnrf3.txt |2,5e+03 |
| 9 | 4000 | 5000 |   85 |       0.45 |1585567223824 |      14 |    17.0 |21,43 |mscpnrf3.txt |2,5e+03 |
| 9 | 4100 | 5000 |   85 |       0.45 |1585567223824 |      14 |    17.0 |21,43 |mscpnrf3.txt |2,5e+03 |
| 9 | 4200 | 5000 |   85 |       0.45 |1585567223824 |      14 |    17.0 |21,43 |mscpnrf3.txt |2,5e+03 |
| 9 | 4300 | 5000 |   90 |       0.45 |1585567223824 |      14 |    17.0 |21,43 |mscpnrf3.txt |2,5e+03 |
| 9 | 4400 | 5000 |   90 |       0.45 |1585567223824 |      14 |    17.0 |21,43 |mscpnrf3.txt |2,6e+03 |
| 9 | 4500 | 5000 |   90 |       0.45 |1585567223824 |      14 |    17.0 |21,43 |mscpnrf3.txt |2,6e+03 |
| 9 | 4600 | 5000 |   90 |       0.45 |1585567223824 |      14 |    17.0 |21,43 |mscpnrf3.txt |2,6e+03 |
| 9 | 4700 | 5000 |   95 |       0.45 |1585567223824 |      14 |    17.0 |21,43 |mscpnrf3.txt |2,6e+03 |
| 9 | 4800 | 5000 |   95 |       0.45 |1585567223824 |      14 |    17.0 |21,43 |mscpnrf3.txt |2,6e+03 |
| 9 | 4900 | 5000 |   95 |       0.45 |1585567223824 |      14 |    17.0 |21,43 |mscpnrf3.txt |2,6e+03 |
| 9 | 5000 | 5000 |   95 |       0.45 |1585567223824 |      14 |    17.0 |21,43 |mscpnrf3.txt |2,6e+03 |
| 9 |  500 | 5000 |  100 |       0.45 |1585567223824 |      14 |    17.0 |21,43 |mscpnrf3.txt |2,6e+03 |
|10 |    1 | 5000 |   35 |       0.25 |1585569857491 |      14 |  2761.0 |19621,43 |mscpnrf3.txt |0,0060 |
|10 |  100 | 5000 |   35 |       0.45 |1585569857491 |      14 |  2291.0 |16264,29 |mscpnrf3.txt | 0,50 |
|10 |  200 | 5000 |   35 | 0.34285715 |1585569857491 |      14 |  2123.0 |15064,29 |mscpnrf3.txt | 0,99 |
|10 |  300 | 5000 |   35 | 0.34285715 |1585569857491 |      14 |  1993.0 |14135,71 |mscpnrf3.txt |  1,5 |
|10 |  400 | 5000 |   35 |        0.4 |1585569857491 |      14 |  1883.0 |13350,00 |mscpnrf3.txt |  2,0 |
|10 |  500 | 5000 |   40 |       0.45 |1585569857491 |      14 |    17.0 |21,43 |mscpnrf3.txt |   63 |
|10 |  600 | 5000 |   40 |      0.375 |1585569857491 |      14 |    17.0 |21,43 |mscpnrf3.txt |1,9e+02 |
|10 |  700 | 5000 |   40 |       0.35 |1585569857491 |      14 |    16.0 |14,29 |mscpnrf3.txt |3,3e+02 |
|10 |  800 | 5000 |   40 |      0.325 |1585569857491 |      14 |    16.0 |14,29 |mscpnrf3.txt |4,7e+02 |
|10 |  900 | 5000 |   45 | 0.33333334 |1585569857491 |      14 |    16.0 |14,29 |mscpnrf3.txt |5,7e+02 |
|10 | 1000 | 5000 |   45 | 0.33333334 |1585569857491 |      14 |    16.0 |14,29 |mscpnrf3.txt |6,8e+02 |
|10 | 1100 | 5000 |   45 | 0.33333334 |1585569857491 |      14 |    16.0 |14,29 |mscpnrf3.txt |7,8e+02 |
|10 | 1200 | 5000 |   45 | 0.33333334 |1585569857491 |      14 |    16.0 |14,29 |mscpnrf3.txt |8,9e+02 |
|10 | 1300 | 5000 |   50 |       0.34 |1585569857491 |      14 |    16.0 |14,29 |mscpnrf3.txt |1,0e+03 |
|10 | 1400 | 5000 |   50 |       0.34 |1585569857491 |      14 |    16.0 |14,29 |mscpnrf3.txt |1,1e+03 |
|10 | 1500 | 5000 |   50 |       0.34 |1585569857491 |      14 |    16.0 |14,29 |mscpnrf3.txt |1,3e+03 |
|10 | 1600 | 5000 |   50 |       0.34 |1585569857491 |      14 |    16.0 |14,29 |mscpnrf3.txt |1,4e+03 |
|10 | 1700 | 5000 |   55 |  0.3090909 |1585569857491 |      14 |    16.0 |14,29 |mscpnrf3.txt |1,6e+03 |
|10 | 1800 | 5000 |   55 |       0.45 |1585569857491 |      14 |    16.0 |14,29 |mscpnrf3.txt |1,6e+03 |
|10 | 1900 | 5000 |   55 |       0.45 |1585569857491 |      14 |    16.0 |14,29 |mscpnrf3.txt |1,7e+03 |
|10 | 2000 | 5000 |   55 |       0.45 |1585569857491 |      14 |    16.0 |14,29 |mscpnrf3.txt |1,8e+03 |
|10 | 2100 | 5000 |   60 |       0.45 |1585569857491 |      14 |    16.0 |14,29 |mscpnrf3.txt |1,9e+03 |
|10 | 2200 | 5000 |   60 |       0.45 |1585569857491 |      14 |    16.0 |14,29 |mscpnrf3.txt |2,0e+03 |
|10 | 2300 | 5000 |   60 |       0.45 |1585569857491 |      14 |    16.0 |14,29 |mscpnrf3.txt |2,1e+03 |
|10 | 2400 | 5000 |   60 |       0.45 |1585569857491 |      14 |    16.0 |14,29 |mscpnrf3.txt |2,2e+03 |
|10 | 2500 | 5000 |   65 |       0.45 |1585569857491 |      14 |    16.0 |14,29 |mscpnrf3.txt |2,3e+03 |
|10 | 2600 | 5000 |   65 |       0.45 |1585569857491 |      14 |    16.0 |14,29 |mscpnrf3.txt |2,4e+03 |
|10 | 2700 | 5000 |   65 |       0.45 |1585569857491 |      14 |    16.0 |14,29 |mscpnrf3.txt |2,5e+03 |
|10 | 2800 | 5000 |   65 |       0.45 |1585569857491 |      14 |    16.0 |14,29 |mscpnrf3.txt |2,7e+03 |
|10 | 2900 | 5000 |   70 |       0.45 |1585569857491 |      14 |    16.0 |14,29 |mscpnrf3.txt |2,8e+03 |
|10 | 3000 | 5000 |   70 |       0.45 |1585569857491 |      14 |    16.0 |14,29 |mscpnrf3.txt |2,9e+03 |
|10 | 3100 | 5000 |   70 |       0.45 |1585569857491 |      14 |    16.0 |14,29 |mscpnrf3.txt |3,1e+03 |
|10 | 3200 | 5000 |   70 |       0.45 |1585569857491 |      14 |    16.0 |14,29 |mscpnrf3.txt |3,2e+03 |
|10 | 3300 | 5000 |   75 |       0.44 |1585569857491 |      14 |    16.0 |14,29 |mscpnrf3.txt |3,4e+03 |
|10 | 3400 | 5000 |   75 |       0.44 |1585569857491 |      14 |    16.0 |14,29 |mscpnrf3.txt |3,5e+03 |
|10 | 3500 | 5000 |   75 |       0.44 |1585569857491 |      14 |    16.0 |14,29 |mscpnrf3.txt |3,7e+03 |
|10 | 3600 | 5000 |   75 |       0.44 |1585569857491 |      14 |    16.0 |14,29 |mscpnrf3.txt |3,8e+03 |
|10 | 3700 | 5000 |   80 |     0.4125 |1585569857491 |      14 |    16.0 |14,29 |mscpnrf3.txt |4,0e+03 |
|10 | 3800 | 5000 |   80 |     0.4125 |1585569857491 |      14 |    16.0 |14,29 |mscpnrf3.txt |4,2e+03 |
|10 | 3900 | 5000 |   80 |     0.4125 |1585569857491 |      14 |    16.0 |14,29 |mscpnrf3.txt |4,4e+03 |
|10 | 4000 | 5000 |   80 |     0.4125 |1585569857491 |      14 |    16.0 |14,29 |mscpnrf3.txt |4,6e+03 |
|10 | 4100 | 5000 |   85 |        0.4 |1585569857491 |      14 |    16.0 |14,29 |mscpnrf3.txt |4,8e+03 |
|10 | 4200 | 5000 |   85 |        0.4 |1585569857491 |      14 |    16.0 |14,29 |mscpnrf3.txt |5,0e+03 |
|10 | 4300 | 5000 |   85 |        0.4 |1585569857491 |      14 |    16.0 |14,29 |mscpnrf3.txt |5,2e+03 |
|10 | 4400 | 5000 |   85 |        0.4 |1585569857491 |      14 |    16.0 |14,29 |mscpnrf3.txt |5,4e+03 |
|10 | 4500 | 5000 |   90 | 0.37777779 |1585569857491 |      14 |    16.0 |14,29 |mscpnrf3.txt |5,7e+03 |
|10 | 4600 | 5000 |   90 | 0.37777779 |1585569857491 |      14 |    16.0 |14,29 |mscpnrf3.txt |5,9e+03 |
|10 | 4700 | 5000 |   90 | 0.37777779 |1585569857491 |      14 |    16.0 |14,29 |mscpnrf3.txt |6,1e+03 |
|10 | 4800 | 5000 |   90 | 0.37777779 |1585569857491 |      14 |    16.0 |14,29 |mscpnrf3.txt |6,4e+03 |
|10 | 4900 | 5000 |   95 | 0.36842105 |1585569857491 |      14 |    16.0 |14,29 |mscpnrf3.txt |6,6e+03 |
|10 | 5000 | 5000 |   95 | 0.36842105 |1585569857491 |      14 |    16.0 |14,29 |mscpnrf3.txt |6,8e+03 |
|10 |  500 | 5000 |   95 | 0.36842105 |1585569857491 |      14 |    16.0 |14,29 |mscpnrf3.txt |6,8e+03 |
|11 |    1 | 5000 |   35 |       0.25 |1585576695974 |      14 |  2842.0 |20200,00 |mscpnrf3.txt |0,0050 |
|11 |  100 | 5000 |   35 |  0.2857143 |1585576695974 |      14 |  2242.0 |15914,29 |mscpnrf3.txt | 0,40 |
|11 |  200 | 5000 |   35 | 0.37142858 |1585576695974 |      14 |  2137.0 |15164,29 |mscpnrf3.txt | 0,80 |
|11 |  300 | 5000 |   40 |       0.45 |1585576695974 |      14 |    17.0 |21,43 |mscpnrf3.txt |   41 |
|11 |  400 | 5000 |   40 |      0.425 |1585576695974 |      14 |    17.0 |21,43 |mscpnrf3.txt |1,4e+02 |
|11 |  500 | 5000 |   40 |       0.35 |1585576695974 |      14 |    16.0 |14,29 |mscpnrf3.txt |2,5e+02 |
|11 |  600 | 5000 |   40 |      0.325 |1585576695974 |      14 |    16.0 |14,29 |mscpnrf3.txt |3,6e+02 |
|11 |  700 | 5000 |   45 | 0.26666668 |1585576695974 |      14 |    16.0 |14,29 |mscpnrf3.txt |5,2e+02 |
|11 |  800 | 5000 |   45 | 0.37777779 |1585576695974 |      14 |    16.0 |14,29 |mscpnrf3.txt |6,2e+02 |
|11 |  900 | 5000 |   45 | 0.37777779 |1585576695974 |      14 |    16.0 |14,29 |mscpnrf3.txt |7,3e+02 |
|11 | 1000 | 5000 |   45 | 0.37777779 |1585576695974 |      14 |    16.0 |14,29 |mscpnrf3.txt |8,4e+02 |
|11 | 1100 | 5000 |   50 |       0.34 |1585576695974 |      14 |    16.0 |14,29 |mscpnrf3.txt |9,8e+02 |
|11 | 1200 | 5000 |   50 |       0.34 |1585576695974 |      14 |    16.0 |14,29 |mscpnrf3.txt |1,1e+03 |
|11 | 1300 | 5000 |   50 |       0.34 |1585576695974 |      14 |    16.0 |14,29 |mscpnrf3.txt |1,2e+03 |
|11 | 1400 | 5000 |   50 |       0.34 |1585576695974 |      14 |    16.0 |14,29 |mscpnrf3.txt |1,3e+03 |
|11 | 1500 | 5000 |   55 |  0.3272727 |1585576695974 |      14 |    16.0 |14,29 |mscpnrf3.txt |1,5e+03 |
|11 | 1600 | 5000 |   55 |  0.3272727 |1585576695974 |      14 |    16.0 |14,29 |mscpnrf3.txt |1,6e+03 |
|11 | 1700 | 5000 |   55 |  0.3272727 |1585576695974 |      14 |    16.0 |14,29 |mscpnrf3.txt |1,7e+03 |
|11 | 1800 | 5000 |   55 |  0.3272727 |1585576695974 |      14 |    16.0 |14,29 |mscpnrf3.txt |1,8e+03 |
|11 | 1900 | 5000 |   60 | 0.36666667 |1585576695974 |      14 |    16.0 |14,29 |mscpnrf3.txt |2,0e+03 |
|11 | 2000 | 5000 |   60 | 0.36666667 |1585576695974 |      14 |    16.0 |14,29 |mscpnrf3.txt |2,1e+03 |
|11 | 2100 | 5000 |   60 | 0.36666667 |1585576695974 |      14 |    16.0 |14,29 |mscpnrf3.txt |2,3e+03 |
|11 | 2200 | 5000 |   60 | 0.36666667 |1585576695974 |      14 |    16.0 |14,29 |mscpnrf3.txt |2,4e+03 |
|11 | 2300 | 5000 |   65 | 0.36923078 |1585576695974 |      14 |    16.0 |14,29 |mscpnrf3.txt |2,6e+03 |
|11 | 2400 | 5000 |   65 |       0.45 |1585576695974 |      14 |    16.0 |14,29 |mscpnrf3.txt |2,7e+03 |
|11 | 2500 | 5000 |   65 |       0.45 |1585576695974 |      14 |    16.0 |14,29 |mscpnrf3.txt |2,7e+03 |
|11 | 2600 | 5000 |   65 |       0.45 |1585576695974 |      14 |    16.0 |14,29 |mscpnrf3.txt |2,9e+03 |
|11 | 2700 | 5000 |   70 |       0.45 |1585576695974 |      14 |    16.0 |14,29 |mscpnrf3.txt |3,0e+03 |
|11 | 2800 | 5000 |   70 |       0.45 |1585576695974 |      14 |    16.0 |14,29 |mscpnrf3.txt |3,1e+03 |
|11 | 2900 | 5000 |   70 |       0.45 |1585576695974 |      14 |    16.0 |14,29 |mscpnrf3.txt |3,2e+03 |
|11 | 3000 | 5000 |   70 |       0.45 |1585576695974 |      14 |    16.0 |14,29 |mscpnrf3.txt |3,4e+03 |
|11 | 3100 | 5000 |   75 |       0.45 |1585576695974 |      14 |    16.0 |14,29 |mscpnrf3.txt |3,5e+03 |
|11 | 3200 | 5000 |   75 |       0.45 |1585576695974 |      14 |    16.0 |14,29 |mscpnrf3.txt |3,6e+03 |
|11 | 3300 | 5000 |   75 |       0.45 |1585576695974 |      14 |    16.0 |14,29 |mscpnrf3.txt |3,7e+03 |
|11 | 3400 | 5000 |   75 |       0.45 |1585576695974 |      14 |    16.0 |14,29 |mscpnrf3.txt |3,9e+03 |
|11 | 3500 | 5000 |   80 |       0.45 |1585576695974 |      14 |    16.0 |14,29 |mscpnrf3.txt |4,0e+03 |
|11 | 3600 | 5000 |   80 |       0.45 |1585576695974 |      14 |    16.0 |14,29 |mscpnrf3.txt |4,2e+03 |
|11 | 3700 | 5000 |   80 |       0.45 |1585576695974 |      14 |    16.0 |14,29 |mscpnrf3.txt |4,3e+03 |
|11 | 3800 | 5000 |   80 |       0.45 |1585576695974 |      14 |    16.0 |14,29 |mscpnrf3.txt |4,5e+03 |
|11 | 3900 | 5000 |   85 | 0.44705883 |1585576695974 |      14 |    16.0 |14,29 |mscpnrf3.txt |4,6e+03 |
|11 | 4000 | 5000 |   85 | 0.44705883 |1585576695974 |      14 |    16.0 |14,29 |mscpnrf3.txt |4,9e+03 |
|11 | 4100 | 5000 |   85 | 0.44705883 |1585576695974 |      14 |    16.0 |14,29 |mscpnrf3.txt |5,1e+03 |
|11 | 4200 | 5000 |   85 | 0.44705883 |1585576695974 |      14 |    16.0 |14,29 |mscpnrf3.txt |5,2e+03 |
|11 | 4300 | 5000 |   90 | 0.42222223 |1585576695974 |      14 |    16.0 |14,29 |mscpnrf3.txt |5,4e+03 |
|11 | 4400 | 5000 |   90 | 0.42222223 |1585576695974 |      14 |    16.0 |14,29 |mscpnrf3.txt |5,6e+03 |
|11 | 4500 | 5000 |   90 | 0.42222223 |1585576695974 |      14 |    16.0 |14,29 |mscpnrf3.txt |5,8e+03 |
|11 | 4600 | 5000 |   90 | 0.42222223 |1585576695974 |      14 |    16.0 |14,29 |mscpnrf3.txt |6,1e+03 |
|11 | 4700 | 5000 |   95 |        0.4 |1585576695974 |      14 |    16.0 |14,29 |mscpnrf3.txt |6,4e+03 |
|11 | 4800 | 5000 |   95 |        0.4 |1585576695974 |      14 |    16.0 |14,29 |mscpnrf3.txt |6,7e+03 |
|11 | 4900 | 5000 |   95 |        0.4 |1585576695974 |      14 |    16.0 |14,29 |mscpnrf3.txt |6,9e+03 |
|11 | 5000 | 5000 |   95 |        0.4 |1585576695974 |      14 |    16.0 |14,29 |mscpnrf3.txt |7,1e+03 |
|11 |  500 | 5000 |  100 |        0.4 |1585576695974 |      14 |    16.0 |14,29 |mscpnrf3.txt |7,1e+03 |
|12 |    1 | 5000 |   35 |       0.25 |1585583817037 |      14 |  2821.0 |20050,00 |mscpnrf3.txt |0,0050 |
|12 |  100 | 5000 |   35 | 0.42857143 |1585583817037 |      14 |  2364.0 |16785,71 |mscpnrf3.txt | 0,54 |
|12 |  200 | 5000 |   35 | 0.42857143 |1585583817037 |      14 |  2194.0 |15571,43 |mscpnrf3.txt | 0,99 |
|12 |  300 | 5000 |   35 | 0.31428573 |1585583817037 |      14 |  2187.0 |15521,43 |mscpnrf3.txt |  1,4 |
|12 |  400 | 5000 |   35 | 0.37142858 |1585583817037 |      14 |  2019.0 |14321,43 |mscpnrf3.txt |  1,9 |
|12 |  500 | 5000 |   40 |       0.45 |1585583817037 |      14 |    17.0 |21,43 |mscpnrf3.txt |   62 |
|12 |  600 | 5000 |   40 |        0.4 |1585583817037 |      14 |    17.0 |21,43 |mscpnrf3.txt |1,9e+02 |
|12 |  700 | 5000 |   40 |      0.325 |1585583817037 |      14 |    17.0 |21,43 |mscpnrf3.txt |3,3e+02 |
|12 |  800 | 5000 |   40 |      0.275 |1585583817037 |      14 |    17.0 |21,43 |mscpnrf3.txt |4,8e+02 |
|12 |  900 | 5000 |   45 | 0.33333334 |1585583817037 |      14 |    17.0 |21,43 |mscpnrf3.txt |5,7e+02 |
|12 | 1000 | 5000 |   45 | 0.33333334 |1585583817037 |      14 |    17.0 |21,43 |mscpnrf3.txt |6,7e+02 |
|12 | 1100 | 5000 |   45 | 0.33333334 |1585583817037 |      14 |    17.0 |21,43 |mscpnrf3.txt |7,7e+02 |
|12 | 1200 | 5000 |   45 | 0.33333334 |1585583817037 |      14 |    17.0 |21,43 |mscpnrf3.txt |8,8e+02 |
|12 | 1300 | 5000 |   50 |       0.32 |1585583817037 |      14 |    17.0 |21,43 |mscpnrf3.txt |1,0e+03 |
|12 | 1400 | 5000 |   50 |       0.32 |1585583817037 |      14 |    17.0 |21,43 |mscpnrf3.txt |1,1e+03 |
|12 | 1500 | 5000 |   50 |       0.32 |1585583817037 |      14 |    17.0 |21,43 |mscpnrf3.txt |1,3e+03 |
|12 | 1600 | 5000 |   50 |       0.32 |1585583817037 |      14 |    17.0 |21,43 |mscpnrf3.txt |1,4e+03 |
|12 | 1700 | 5000 |   55 | 0.36363637 |1585583817037 |      14 |    17.0 |21,43 |mscpnrf3.txt |1,6e+03 |
|12 | 1800 | 5000 |   55 |       0.45 |1585583817037 |      14 |    17.0 |21,43 |mscpnrf3.txt |1,6e+03 |
|12 | 1900 | 5000 |   55 |       0.45 |1585583817037 |      14 |    17.0 |21,43 |mscpnrf3.txt |1,7e+03 |
|12 | 2000 | 5000 |   55 |       0.45 |1585583817037 |      14 |    17.0 |21,43 |mscpnrf3.txt |1,8e+03 |
|12 | 2100 | 5000 |   60 |       0.45 |1585583817037 |      14 |    17.0 |21,43 |mscpnrf3.txt |1,9e+03 |
|12 | 2200 | 5000 |   60 |       0.45 |1585583817037 |      14 |    17.0 |21,43 |mscpnrf3.txt |2,0e+03 |
|12 | 2300 | 5000 |   60 |       0.45 |1585583817037 |      14 |    17.0 |21,43 |mscpnrf3.txt |2,1e+03 |
|12 | 2400 | 5000 |   60 |       0.45 |1585583817037 |      14 |    17.0 |21,43 |mscpnrf3.txt |2,2e+03 |
|12 | 2500 | 5000 |   65 |       0.45 |1585583817037 |      14 |    17.0 |21,43 |mscpnrf3.txt |2,3e+03 |
|12 | 2600 | 5000 |   65 |       0.45 |1585583817037 |      14 |    17.0 |21,43 |mscpnrf3.txt |2,5e+03 |
|12 | 2700 | 5000 |   65 |       0.45 |1585583817037 |      14 |    17.0 |21,43 |mscpnrf3.txt |2,6e+03 |
|12 | 2800 | 5000 |   65 |       0.45 |1585583817037 |      14 |    17.0 |21,43 |mscpnrf3.txt |2,7e+03 |
|12 | 2900 | 5000 |   70 |       0.45 |1585583817037 |      14 |    17.0 |21,43 |mscpnrf3.txt |2,9e+03 |
|12 | 3000 | 5000 |   70 |       0.45 |1585583817037 |      14 |    17.0 |21,43 |mscpnrf3.txt |3,0e+03 |
|12 | 3100 | 5000 |   70 |       0.45 |1585583817037 |      14 |    17.0 |21,43 |mscpnrf3.txt |3,2e+03 |
|12 | 3200 | 5000 |   70 |       0.45 |1585583817037 |      14 |    17.0 |21,43 |mscpnrf3.txt |3,4e+03 |
|12 | 3300 | 5000 |   75 |       0.44 |1585583817037 |      14 |    17.0 |21,43 |mscpnrf3.txt |3,6e+03 |
|12 | 3400 | 5000 |   75 |       0.44 |1585583817037 |      14 |    17.0 |21,43 |mscpnrf3.txt |3,8e+03 |
|12 | 3500 | 5000 |   75 |       0.44 |1585583817037 |      14 |    17.0 |21,43 |mscpnrf3.txt |4,0e+03 |
|12 | 3600 | 5000 |   75 |       0.44 |1585583817037 |      14 |    17.0 |21,43 |mscpnrf3.txt |4,2e+03 |
|12 | 3700 | 5000 |   80 |     0.4125 |1585583817037 |      14 |    16.0 |14,29 |mscpnrf3.txt |4,4e+03 |
|12 | 3800 | 5000 |   80 |     0.4125 |1585583817037 |      14 |    16.0 |14,29 |mscpnrf3.txt |4,6e+03 |
|12 | 3900 | 5000 |   80 |     0.4125 |1585583817037 |      14 |    16.0 |14,29 |mscpnrf3.txt |4,8e+03 |
|12 | 4000 | 5000 |   80 |     0.4125 |1585583817037 |      14 |    16.0 |14,29 |mscpnrf3.txt |5,0e+03 |
|12 | 4100 | 5000 |   85 |  0.3882353 |1585583817037 |      14 |    16.0 |14,29 |mscpnrf3.txt |5,2e+03 |
|12 | 4200 | 5000 |   85 |  0.3882353 |1585583817037 |      14 |    16.0 |14,29 |mscpnrf3.txt |5,4e+03 |
|12 | 4300 | 5000 |   85 |  0.3882353 |1585583817037 |      14 |    16.0 |14,29 |mscpnrf3.txt |5,7e+03 |
|12 | 4400 | 5000 |   85 |  0.3882353 |1585583817037 |      14 |    16.0 |14,29 |mscpnrf3.txt |5,9e+03 |
|12 | 4500 | 5000 |   90 | 0.37777779 |1585583817037 |      14 |    16.0 |14,29 |mscpnrf3.txt |6,1e+03 |
|12 | 4600 | 5000 |   90 | 0.37777779 |1585583817037 |      14 |    16.0 |14,29 |mscpnrf3.txt |6,4e+03 |
|12 | 4700 | 5000 |   90 | 0.37777779 |1585583817037 |      14 |    16.0 |14,29 |mscpnrf3.txt |6,6e+03 |
|12 | 4800 | 5000 |   90 | 0.37777779 |1585583817037 |      14 |    16.0 |14,29 |mscpnrf3.txt |6,9e+03 |
|12 | 4900 | 5000 |   95 | 0.35789475 |1585583817037 |      14 |    16.0 |14,29 |mscpnrf3.txt |7,1e+03 |
|12 | 5000 | 5000 |   95 | 0.35789475 |1585583817037 |      14 |    16.0 |14,29 |mscpnrf3.txt |7,4e+03 |
|12 |  500 | 5000 |   95 | 0.35789475 |1585583817037 |      14 |    16.0 |14,29 |mscpnrf3.txt |7,4e+03 |
|13 |    1 | 5000 |   35 |       0.25 |1585591192903 |      14 |  2785.0 |19792,86 |mscpnrf3.txt |0,0070 |
|13 |  100 | 5000 |   35 |       0.45 |1585591192903 |      14 |  2368.0 |16814,29 |mscpnrf3.txt | 0,54 |
|13 |  200 | 5000 |   35 |       0.45 |1585591192903 |      14 |  2200.0 |15614,29 |mscpnrf3.txt |  1,0 |
|13 |  300 | 5000 |   40 |       0.45 |1585591192903 |      14 |    17.0 |21,43 |mscpnrf3.txt |   59 |
|13 |  400 | 5000 |   40 |      0.375 |1585591192903 |      14 |    17.0 |21,43 |mscpnrf3.txt |1,9e+02 |
|13 |  500 | 5000 |   40 |        0.3 |1585591192903 |      14 |    17.0 |21,43 |mscpnrf3.txt |3,3e+02 |
|13 |  600 | 5000 |   40 |       0.35 |1585591192903 |      14 |    17.0 |21,43 |mscpnrf3.txt |4,1e+02 |
|13 |  700 | 5000 |   45 | 0.31111112 |1585591192903 |      14 |    17.0 |21,43 |mscpnrf3.txt |5,2e+02 |
|13 |  800 | 5000 |   45 | 0.31111112 |1585591192903 |      14 |    17.0 |21,43 |mscpnrf3.txt |6,2e+02 |
|13 |  900 | 5000 |   45 | 0.31111112 |1585591192903 |      14 |    17.0 |21,43 |mscpnrf3.txt |7,3e+02 |
|13 | 1000 | 5000 |   45 | 0.31111112 |1585591192903 |      14 |    17.0 |21,43 |mscpnrf3.txt |8,4e+02 |
|13 | 1100 | 5000 |   50 |        0.3 |1585591192903 |      14 |    17.0 |21,43 |mscpnrf3.txt |9,7e+02 |
|13 | 1200 | 5000 |   50 |        0.3 |1585591192903 |      14 |    17.0 |21,43 |mscpnrf3.txt |1,1e+03 |
|13 | 1300 | 5000 |   50 |        0.3 |1585591192903 |      14 |    17.0 |21,43 |mscpnrf3.txt |1,2e+03 |
|13 | 1400 | 5000 |   50 |       0.32 |1585591192903 |      14 |    17.0 |21,43 |mscpnrf3.txt |1,3e+03 |
|13 | 1500 | 5000 |   55 |  0.4181818 |1585591192903 |      14 |    17.0 |21,43 |mscpnrf3.txt |1,5e+03 |
|13 | 1600 | 5000 |   55 |  0.4181818 |1585591192903 |      14 |    17.0 |21,43 |mscpnrf3.txt |1,7e+03 |
|13 | 1700 | 5000 |   55 | 0.43636364 |1585591192903 |      14 |    17.0 |21,43 |mscpnrf3.txt |1,8e+03 |
|13 | 1800 | 5000 |   55 |       0.45 |1585591192903 |      14 |    17.0 |21,43 |mscpnrf3.txt |1,9e+03 |
|13 | 1900 | 5000 |   60 |       0.45 |1585591192903 |      14 |    17.0 |21,43 |mscpnrf3.txt |2,0e+03 |
|13 | 2000 | 5000 |   60 |       0.45 |1585591192903 |      14 |    17.0 |21,43 |mscpnrf3.txt |2,1e+03 |
|13 | 2100 | 5000 |   60 |       0.45 |1585591192903 |      14 |    17.0 |21,43 |mscpnrf3.txt |2,2e+03 |
|13 | 2200 | 5000 |   60 |       0.45 |1585591192903 |      14 |    17.0 |21,43 |mscpnrf3.txt |2,3e+03 |
|13 | 2300 | 5000 |   65 |       0.45 |1585591192903 |      14 |    17.0 |21,43 |mscpnrf3.txt |2,5e+03 |
|13 | 2400 | 5000 |   65 |       0.45 |1585591192903 |      14 |    17.0 |21,43 |mscpnrf3.txt |2,6e+03 |
|13 | 2500 | 5000 |   65 |       0.45 |1585591192903 |      14 |    17.0 |21,43 |mscpnrf3.txt |2,8e+03 |
|13 | 2600 | 5000 |   65 |       0.45 |1585591192903 |      14 |    16.0 |14,29 |mscpnrf3.txt |3,0e+03 |
|13 | 2700 | 5000 |   70 | 0.42857143 |1585591192903 |      14 |    16.0 |14,29 |mscpnrf3.txt |3,1e+03 |
|13 | 2800 | 5000 |   70 | 0.42857143 |1585591192903 |      14 |    16.0 |14,29 |mscpnrf3.txt |3,3e+03 |
|13 | 2900 | 5000 |   70 | 0.42857143 |1585591192903 |      14 |    16.0 |14,29 |mscpnrf3.txt |3,5e+03 |
|13 | 3000 | 5000 |   70 | 0.42857143 |1585591192903 |      14 |    16.0 |14,29 |mscpnrf3.txt |3,7e+03 |
|13 | 3100 | 5000 |   75 |        0.4 |1585591192903 |      14 |    16.0 |14,29 |mscpnrf3.txt |3,9e+03 |
|13 | 3200 | 5000 |   75 |        0.4 |1585591192903 |      14 |    16.0 |14,29 |mscpnrf3.txt |4,1e+03 |
|13 | 3300 | 5000 |   75 |        0.4 |1585591192903 |      14 |    16.0 |14,29 |mscpnrf3.txt |4,3e+03 |
|13 | 3400 | 5000 |   75 |        0.4 |1585591192903 |      14 |    16.0 |14,29 |mscpnrf3.txt |4,5e+03 |
|13 | 3500 | 5000 |   80 |      0.375 |1585591192903 |      14 |    16.0 |14,29 |mscpnrf3.txt |4,8e+03 |
|13 | 3600 | 5000 |   80 |      0.375 |1585591192903 |      14 |    16.0 |14,29 |mscpnrf3.txt |5,0e+03 |
|13 | 3700 | 5000 |   80 |      0.375 |1585591192903 |      14 |    16.0 |14,29 |mscpnrf3.txt |5,5e+03 |
|13 | 3800 | 5000 |   80 |      0.375 |1585591192903 |      14 |    16.0 |14,29 |mscpnrf3.txt |5,7e+03 |
|13 | 3900 | 5000 |   85 |  0.3764706 |1585591192903 |      14 |    16.0 |14,29 |mscpnrf3.txt |5,9e+03 |
|13 | 4000 | 5000 |   85 |  0.3764706 |1585591192903 |      14 |    16.0 |14,29 |mscpnrf3.txt |6,2e+03 |
|13 | 4100 | 5000 |   85 |  0.3764706 |1585591192903 |      14 |    16.0 |14,29 |mscpnrf3.txt |6,5e+03 |
|13 | 4200 | 5000 |   85 |  0.3764706 |1585591192903 |      14 |    16.0 |14,29 |mscpnrf3.txt |6,7e+03 |
|13 | 4300 | 5000 |   90 | 0.37777779 |1585591192903 |      14 |    16.0 |14,29 |mscpnrf3.txt |7,0e+03 |
|13 | 4400 | 5000 |   90 | 0.37777779 |1585591192903 |      14 |    16.0 |14,29 |mscpnrf3.txt |7,3e+03 |
|13 | 4500 | 5000 |   90 | 0.37777779 |1585591192903 |      14 |    16.0 |14,29 |mscpnrf3.txt |7,6e+03 |
|13 | 4600 | 5000 |   90 | 0.37777779 |1585591192903 |      14 |    16.0 |14,29 |mscpnrf3.txt |7,9e+03 |
|13 | 4700 | 5000 |   95 |        0.4 |1585591192903 |      14 |    16.0 |14,29 |mscpnrf3.txt |8,3e+03 |
|13 | 4800 | 5000 |   95 |        0.4 |1585591192903 |      14 |    16.0 |14,29 |mscpnrf3.txt |8,6e+03 |
|13 | 4900 | 5000 |   95 |        0.4 |1585591192903 |      14 |    16.0 |14,29 |mscpnrf3.txt |9,0e+03 |
|13 | 5000 | 5000 |   95 | 0.37894738 |1585591192903 |      14 |    16.0 |14,29 |mscpnrf3.txt |9,3e+03 |
|13 |  500 | 5000 |  100 | 0.37894738 |1585591192903 |      14 |    16.0 |14,29 |mscpnrf3.txt |9,3e+03 |
|14 |    1 | 5000 |   35 |       0.25 |1585600454387 |      14 |  2766.0 |19657,14 |mscpnrf3.txt |0,0070 |
|14 |  100 | 5000 |   35 | 0.42857143 |1585600454387 |      14 |  2274.0 |16142,86 |mscpnrf3.txt | 0,64 |
|14 |  200 | 5000 |   35 | 0.34285715 |1585600454387 |      14 |  2059.0 |14607,14 |mscpnrf3.txt |  1,2 |
|14 |  300 | 5000 |   35 | 0.37142858 |1585600454387 |      14 |  1902.0 |13485,71 |mscpnrf3.txt |  1,7 |
|14 |  400 | 5000 |   35 |       0.45 |1585600454387 |      14 |  1859.0 |13178,57 |mscpnrf3.txt |  2,3 |
|14 |  500 | 5000 |   40 |       0.45 |1585600454387 |      14 |    17.0 |21,43 |mscpnrf3.txt |   76 |
|14 |  600 | 5000 |   40 |       0.45 |1585600454387 |      14 |    17.0 |21,43 |mscpnrf3.txt |2,2e+02 |
|14 |  700 | 5000 |   40 |      0.275 |1585600454387 |      14 |    17.0 |21,43 |mscpnrf3.txt |3,9e+02 |
|14 |  800 | 5000 |   40 |      0.375 |1585600454387 |      14 |    17.0 |21,43 |mscpnrf3.txt |4,8e+02 |
|14 |  900 | 5000 |   45 | 0.33333334 |1585600454387 |      14 |    17.0 |21,43 |mscpnrf3.txt |6,1e+02 |
|14 | 1000 | 5000 |   45 | 0.33333334 |1585600454387 |      14 |    17.0 |21,43 |mscpnrf3.txt |7,3e+02 |
|14 | 1100 | 5000 |   45 | 0.33333334 |1585600454387 |      14 |    17.0 |21,43 |mscpnrf3.txt |8,3e+02 |
|14 | 1200 | 5000 |   45 | 0.33333334 |1585600454387 |      14 |    17.0 |21,43 |mscpnrf3.txt |9,8e+02 |
|14 | 1300 | 5000 |   50 |       0.34 |1585600454387 |      14 |    17.0 |21,43 |mscpnrf3.txt |1,2e+03 |
|14 | 1400 | 5000 |   50 |       0.36 |1585600454387 |      14 |    17.0 |21,43 |mscpnrf3.txt |1,3e+03 |
|14 | 1500 | 5000 |   50 |       0.36 |1585600454387 |      14 |    17.0 |21,43 |mscpnrf3.txt |1,5e+03 |
|14 | 1600 | 5000 |   50 |       0.38 |1585600454387 |      14 |    17.0 |21,43 |mscpnrf3.txt |1,6e+03 |
|14 | 1700 | 5000 |   55 | 0.34545454 |1585600454387 |      14 |    17.0 |21,43 |mscpnrf3.txt |1,8e+03 |
|14 | 1800 | 5000 |   55 |       0.45 |1585600454387 |      14 |    17.0 |21,43 |mscpnrf3.txt |1,8e+03 |
|14 | 1900 | 5000 |   55 |       0.45 |1585600454387 |      14 |    17.0 |21,43 |mscpnrf3.txt |1,9e+03 |
|14 | 2000 | 5000 |   55 |       0.45 |1585600454387 |      14 |    17.0 |21,43 |mscpnrf3.txt |2,0e+03 |
|14 | 2100 | 5000 |   60 |       0.45 |1585600454387 |      14 |    17.0 |21,43 |mscpnrf3.txt |2,1e+03 |
|14 | 2200 | 5000 |   60 |       0.45 |1585600454387 |      14 |    17.0 |21,43 |mscpnrf3.txt |2,3e+03 |
|14 | 2300 | 5000 |   60 |       0.45 |1585600454387 |      14 |    17.0 |21,43 |mscpnrf3.txt |2,4e+03 |
|14 | 2400 | 5000 |   60 |       0.45 |1585600454387 |      14 |    17.0 |21,43 |mscpnrf3.txt |2,6e+03 |
|14 | 2500 | 5000 |   65 |       0.45 |1585600454387 |      14 |    17.0 |21,43 |mscpnrf3.txt |2,8e+03 |
|14 | 2600 | 5000 |   65 |       0.45 |1585600454387 |      14 |    17.0 |21,43 |mscpnrf3.txt |2,9e+03 |
|14 | 2700 | 5000 |   65 |       0.45 |1585600454387 |      14 |    17.0 |21,43 |mscpnrf3.txt |3,1e+03 |
|14 | 2800 | 5000 |   65 |       0.45 |1585600454387 |      14 |    17.0 |21,43 |mscpnrf3.txt |3,3e+03 |
|14 | 2900 | 5000 |   70 |       0.45 |1585600454387 |      14 |    17.0 |21,43 |mscpnrf3.txt |3,4e+03 |
|14 | 3000 | 5000 |   70 |       0.45 |1585600454387 |      14 |    17.0 |21,43 |mscpnrf3.txt |3,6e+03 |
|14 | 3100 | 5000 |   70 |       0.45 |1585600454387 |      14 |    17.0 |21,43 |mscpnrf3.txt |3,8e+03 |
|14 | 3200 | 5000 |   70 |       0.45 |1585600454387 |      14 |    17.0 |21,43 |mscpnrf3.txt |4,0e+03 |
|14 | 3300 | 5000 |   75 |       0.44 |1585600454387 |      14 |    17.0 |21,43 |mscpnrf3.txt |4,2e+03 |
|14 | 3400 | 5000 |   75 |       0.44 |1585600454387 |      14 |    17.0 |21,43 |mscpnrf3.txt |4,3e+03 |
|14 | 3500 | 5000 |   75 |       0.44 |1585600454387 |      14 |    17.0 |21,43 |mscpnrf3.txt |4,5e+03 |
|14 | 3600 | 5000 |   75 |       0.44 |1585600454387 |      14 |    17.0 |21,43 |mscpnrf3.txt |4,7e+03 |
|14 | 3700 | 5000 |   80 |     0.4125 |1585600454387 |      14 |    17.0 |21,43 |mscpnrf3.txt |4,9e+03 |
|14 | 3800 | 5000 |   80 |     0.4125 |1585600454387 |      14 |    17.0 |21,43 |mscpnrf3.txt |5,2e+03 |
|14 | 3900 | 5000 |   80 |     0.4125 |1585600454387 |      14 |    17.0 |21,43 |mscpnrf3.txt |5,4e+03 |
|14 | 4000 | 5000 |   80 |     0.4125 |1585600454387 |      14 |    17.0 |21,43 |mscpnrf3.txt |5,6e+03 |
|14 | 4100 | 5000 |   85 |  0.3882353 |1585600454387 |      14 |    17.0 |21,43 |mscpnrf3.txt |5,8e+03 |
|14 | 4200 | 5000 |   85 |       0.45 |1585600454387 |      14 |    17.0 |21,43 |mscpnrf3.txt |5,9e+03 |
|14 | 4300 | 5000 |   85 |       0.45 |1585600454387 |      14 |    17.0 |21,43 |mscpnrf3.txt |6,0e+03 |
|14 | 4400 | 5000 |   85 |       0.45 |1585600454387 |      14 |    17.0 |21,43 |mscpnrf3.txt |6,0e+03 |
|14 | 4500 | 5000 |   90 |       0.45 |1585600454387 |      14 |    17.0 |21,43 |mscpnrf3.txt |6,0e+03 |
|14 | 4600 | 5000 |   90 |       0.45 |1585600454387 |      14 |    17.0 |21,43 |mscpnrf3.txt |6,0e+03 |
|14 | 4700 | 5000 |   90 |       0.45 |1585600454387 |      14 |    17.0 |21,43 |mscpnrf3.txt |6,1e+03 |
|14 | 4800 | 5000 |   90 |       0.45 |1585600454387 |      14 |    17.0 |21,43 |mscpnrf3.txt |6,1e+03 |
|14 | 4900 | 5000 |   95 |       0.45 |1585600454387 |      14 |    17.0 |21,43 |mscpnrf3.txt |6,1e+03 |
|14 | 5000 | 5000 |   95 |       0.45 |1585600454387 |      14 |    17.0 |21,43 |mscpnrf3.txt |6,1e+03 |
|14 |  500 | 5000 |   95 |       0.45 |1585600454387 |      14 |    17.0 |21,43 |mscpnrf3.txt |6,1e+03 |
|15 |    1 | 5000 |   35 |       0.25 |1585606551137 |      14 |  2760.0 |19614,29 |mscpnrf3.txt |0,0060 |
|15 |  100 | 5000 |   35 | 0.34285715 |1585606551137 |      14 |  2439.0 |17321,43 |mscpnrf3.txt | 0,46 |
|15 |  200 | 5000 |   35 | 0.42857143 |1585606551137 |      14 |  2300.0 |16328,57 |mscpnrf3.txt | 0,89 |
|15 |  300 | 5000 |   40 |       0.45 |1585606551137 |      14 |    17.0 |21,43 |mscpnrf3.txt |   44 |
|15 |  400 | 5000 |   40 |        0.3 |1585606551137 |      14 |    17.0 |21,43 |mscpnrf3.txt |1,4e+02 |
|15 |  500 | 5000 |   40 |      0.325 |1585606551137 |      14 |    17.0 |21,43 |mscpnrf3.txt |2,6e+02 |
|15 |  600 | 5000 |   40 |      0.275 |1585606551137 |      14 |    17.0 |21,43 |mscpnrf3.txt |4,2e+02 |
|15 |  700 | 5000 |   45 | 0.33333334 |1585606551137 |      14 |    17.0 |21,43 |mscpnrf3.txt |5,3e+02 |
|15 |  800 | 5000 |   45 | 0.33333334 |1585606551137 |      14 |    17.0 |21,43 |mscpnrf3.txt |6,4e+02 |
|15 |  900 | 5000 |   45 | 0.33333334 |1585606551137 |      14 |    17.0 |21,43 |mscpnrf3.txt |7,6e+02 |
|15 | 1000 | 5000 |   45 | 0.33333334 |1585606551137 |      14 |    17.0 |21,43 |mscpnrf3.txt |8,7e+02 |
|15 | 1100 | 5000 |   50 |        0.3 |1585606551137 |      14 |    17.0 |21,43 |mscpnrf3.txt |1,0e+03 |
|15 | 1200 | 5000 |   50 |        0.3 |1585606551137 |      14 |    17.0 |21,43 |mscpnrf3.txt |1,2e+03 |
|15 | 1300 | 5000 |   50 |        0.3 |1585606551137 |      14 |    17.0 |21,43 |mscpnrf3.txt |1,3e+03 |
|15 | 1400 | 5000 |   50 |        0.3 |1585606551137 |      14 |    17.0 |21,43 |mscpnrf3.txt |1,5e+03 |
|15 | 1500 | 5000 |   55 | 0.36363637 |1585606551137 |      14 |    17.0 |21,43 |mscpnrf3.txt |1,6e+03 |
|15 | 1600 | 5000 |   55 | 0.36363637 |1585606551137 |      14 |    17.0 |21,43 |mscpnrf3.txt |1,8e+03 |
|15 | 1700 | 5000 |   55 | 0.36363637 |1585606551137 |      14 |    17.0 |21,43 |mscpnrf3.txt |2,0e+03 |
|15 | 1800 | 5000 |   55 | 0.36363637 |1585606551137 |      14 |    17.0 |21,43 |mscpnrf3.txt |2,1e+03 |
|15 | 1900 | 5000 |   60 | 0.36666667 |1585606551137 |      14 |    17.0 |21,43 |mscpnrf3.txt |2,4e+03 |
|15 | 2000 | 5000 |   60 |       0.45 |1585606551137 |      14 |    17.0 |21,43 |mscpnrf3.txt |2,4e+03 |
|15 | 2100 | 5000 |   60 |       0.45 |1585606551137 |      14 |    17.0 |21,43 |mscpnrf3.txt |2,6e+03 |
|15 | 2200 | 5000 |   60 |       0.45 |1585606551137 |      14 |    17.0 |21,43 |mscpnrf3.txt |2,7e+03 |
|15 | 2300 | 5000 |   65 |       0.45 |1585606551137 |      14 |    17.0 |21,43 |mscpnrf3.txt |2,8e+03 |
|15 | 2400 | 5000 |   65 |       0.45 |1585606551137 |      14 |    17.0 |21,43 |mscpnrf3.txt |2,9e+03 |
|15 | 2500 | 5000 |   65 |       0.45 |1585606551137 |      14 |    17.0 |21,43 |mscpnrf3.txt |3,1e+03 |
|15 | 2600 | 5000 |   65 |       0.45 |1585606551137 |      14 |    17.0 |21,43 |mscpnrf3.txt |3,2e+03 |
|15 | 2700 | 5000 |   70 |       0.45 |1585606551137 |      14 |    17.0 |21,43 |mscpnrf3.txt |3,3e+03 |
|15 | 2800 | 5000 |   70 |       0.45 |1585606551137 |      14 |    17.0 |21,43 |mscpnrf3.txt |3,4e+03 |
|15 | 2900 | 5000 |   70 |       0.45 |1585606551137 |      14 |    17.0 |21,43 |mscpnrf3.txt |3,6e+03 |
|15 | 3000 | 5000 |   70 |       0.45 |1585606551137 |      14 |    17.0 |21,43 |mscpnrf3.txt |3,7e+03 |
|15 | 3100 | 5000 |   75 |       0.45 |1585606551137 |      14 |    17.0 |21,43 |mscpnrf3.txt |3,9e+03 |
|15 | 3200 | 5000 |   75 |       0.45 |1585606551137 |      14 |    17.0 |21,43 |mscpnrf3.txt |4,1e+03 |
|15 | 3300 | 5000 |   75 |       0.45 |1585606551137 |      14 |    17.0 |21,43 |mscpnrf3.txt |4,3e+03 |
|15 | 3400 | 5000 |   75 |       0.45 |1585606551137 |      14 |    17.0 |21,43 |mscpnrf3.txt |4,5e+03 |
|15 | 3500 | 5000 |   80 |      0.425 |1585606551137 |      14 |    17.0 |21,43 |mscpnrf3.txt |4,7e+03 |
|15 | 3600 | 5000 |   80 |      0.425 |1585606551137 |      14 |    17.0 |21,43 |mscpnrf3.txt |4,9e+03 |
|15 | 3700 | 5000 |   80 |      0.425 |1585606551137 |      14 |    17.0 |21,43 |mscpnrf3.txt |5,1e+03 |
|15 | 3800 | 5000 |   80 |      0.425 |1585606551137 |      14 |    17.0 |21,43 |mscpnrf3.txt |5,4e+03 |
|15 | 3900 | 5000 |   85 |        0.4 |1585606551137 |      14 |    17.0 |21,43 |mscpnrf3.txt |5,7e+03 |
|15 | 4000 | 5000 |   85 |        0.4 |1585606551137 |      14 |    17.0 |21,43 |mscpnrf3.txt |5,9e+03 |
|15 | 4100 | 5000 |   85 |        0.4 |1585606551137 |      14 |    17.0 |21,43 |mscpnrf3.txt |6,2e+03 |
|15 | 4200 | 5000 |   85 |        0.4 |1585606551137 |      14 |    17.0 |21,43 |mscpnrf3.txt |6,4e+03 |
|15 | 4300 | 5000 |   90 | 0.37777779 |1585606551137 |      14 |    17.0 |21,43 |mscpnrf3.txt |6,7e+03 |
|15 | 4400 | 5000 |   90 | 0.37777779 |1585606551137 |      14 |    17.0 |21,43 |mscpnrf3.txt |7,0e+03 |
|15 | 4500 | 5000 |   90 | 0.37777779 |1585606551137 |      14 |    17.0 |21,43 |mscpnrf3.txt |7,4e+03 |
|15 | 4600 | 5000 |   90 | 0.37777779 |1585606551137 |      14 |    17.0 |21,43 |mscpnrf3.txt |7,7e+03 |
|15 | 4700 | 5000 |   95 | 0.35789475 |1585606551137 |      14 |    17.0 |21,43 |mscpnrf3.txt |8,1e+03 |
|15 | 4800 | 5000 |   95 | 0.35789475 |1585606551137 |      14 |    17.0 |21,43 |mscpnrf3.txt |8,4e+03 |
|15 | 4900 | 5000 |   95 | 0.35789475 |1585606551137 |      14 |    17.0 |21,43 |mscpnrf3.txt |8,7e+03 |
|15 | 5000 | 5000 |   95 | 0.35789475 |1585606551137 |      14 |    17.0 |21,43 |mscpnrf3.txt |9,1e+03 |
|15 |  500 | 5000 |  100 | 0.35789475 |1585606551137 |      14 |    17.0 |21,43 |mscpnrf3.txt |9,1e+03 |
