| # |    #ITER | #IterMAX | Nest |      %Desc |      semilla | BestFit |GottedFit |  RDP |  instancia | time |
-------------------------------------------------------------------------------------------------
| 1 |    1 | 5000 |   35 |     0,2500 |1585669017356 |     176 | 11143.0 |6231,25 |mscpnrg1.txt |0,078 |
| 1 |  100 | 5000 |   35 |     0,3714 |1585669017356 |     176 | 10190.0 |5689,77 |mscpnrg1.txt |  3,3 |
| 1 |  200 | 5000 |   35 |     0,4500 |1585669017356 |     176 |  9772.0 |5452,27 |mscpnrg1.txt |  6,3 |
| 1 |  300 | 5000 |   35 |     0,4500 |1585669017356 |     176 |  9459.0 |5274,43 |mscpnrg1.txt |  9,3 |
| 1 |  400 | 5000 |   35 |     0,3429 |1585669017356 |     176 |  9199.0 |5126,70 |mscpnrg1.txt |   12 |
| 1 |  500 | 5000 |   40 |     0,4500 |1585669017356 |     176 |   197.0 |11,93 |mscpnrg1.txt |2,5e+02 |
| 1 |  600 | 5000 |   40 |     0,4500 |1585669017356 |     176 |   195.0 |10,80 |mscpnrg1.txt |5,2e+02 |
| 1 |  700 | 5000 |   40 |     0,4500 |1585669017356 |     176 |   195.0 |10,80 |mscpnrg1.txt |8,1e+02 |
| 1 |  800 | 5000 |   40 |     0,4500 |1585669017356 |     176 |   195.0 |10,80 |mscpnrg1.txt |1,1e+03 |
| 1 |  900 | 5000 |   45 |     0,4500 |1585669017356 |     176 |   195.0 |10,80 |mscpnrg1.txt |1,4e+03 |
| 1 | 1000 | 5000 |   45 |     0,3111 |1585669017356 |     176 |   195.0 |10,80 |mscpnrg1.txt |1,6e+03 |
| 1 | 1100 | 5000 |   45 |     0,3111 |1585669017356 |     176 |   195.0 |10,80 |mscpnrg1.txt |1,8e+03 |
| 1 | 1200 | 5000 |   45 |     0,3333 |1585669017356 |     176 |   195.0 |10,80 |mscpnrg1.txt |2,0e+03 |
| 1 | 1300 | 5000 |   50 |     0,4500 |1585669017356 |     176 |   195.0 |10,80 |mscpnrg1.txt |2,3e+03 |
| 1 | 1400 | 5000 |   50 |     0,4500 |1585669017356 |     176 |   195.0 |10,80 |mscpnrg1.txt |2,5e+03 |
| 1 | 1500 | 5000 |   50 |     0,4400 |1585669017356 |     176 |   195.0 |10,80 |mscpnrg1.txt |2,7e+03 |
| 1 | 1600 | 5000 |   50 |     0,4400 |1585669017356 |     176 |   195.0 |10,80 |mscpnrg1.txt |2,9e+03 |
| 1 | 1700 | 5000 |   55 |     0,4364 |1585669017356 |     176 |   195.0 |10,80 |mscpnrg1.txt |3,2e+03 |
| 1 | 1800 | 5000 |   55 |     0,4364 |1585669017356 |     176 |   195.0 |10,80 |mscpnrg1.txt |3,6e+03 |
| 1 | 1900 | 5000 |   55 |     0,4500 |1585669017356 |     176 |   195.0 |10,80 |mscpnrg1.txt |4,0e+03 |
| 1 | 2000 | 5000 |   55 |     0,4500 |1585669017356 |     176 |   195.0 |10,80 |mscpnrg1.txt |4,3e+03 |
| 1 | 2100 | 5000 |   60 |     0,4500 |1585669017356 |     176 |   195.0 |10,80 |mscpnrg1.txt |4,7e+03 |
| 1 | 2200 | 5000 |   60 |     0,4500 |1585669017356 |     176 |   195.0 |10,80 |mscpnrg1.txt |5,2e+03 |
| 1 | 2300 | 5000 |   60 |     0,4500 |1585669017356 |     176 |   195.0 |10,80 |mscpnrg1.txt |5,5e+03 |
| 1 | 2400 | 5000 |   60 |     0,4500 |1585669017356 |     176 |   195.0 |10,80 |mscpnrg1.txt |5,9e+03 |
| 1 | 2500 | 5000 |   65 |     0,4500 |1585669017356 |     176 |   195.0 |10,80 |mscpnrg1.txt |6,4e+03 |
| 1 | 2600 | 5000 |   65 |     0,4500 |1585669017356 |     176 |   195.0 |10,80 |mscpnrg1.txt |6,6e+03 |
| 1 | 2700 | 5000 |   65 |     0,4500 |1585669017356 |     176 |   195.0 |10,80 |mscpnrg1.txt |6,9e+03 |
| 1 | 2800 | 5000 |   65 |     0,4500 |1585669017356 |     176 |   195.0 |10,80 |mscpnrg1.txt |7,2e+03 |
| 1 | 2900 | 5000 |   70 |     0,4500 |1585669017356 |     176 |   195.0 |10,80 |mscpnrg1.txt |7,6e+03 |
| 1 | 3000 | 5000 |   70 |     0,4500 |1585669017356 |     176 |   195.0 |10,80 |mscpnrg1.txt |8,0e+03 |
| 1 | 3100 | 5000 |   70 |     0,4500 |1585669017356 |     176 |   195.0 |10,80 |mscpnrg1.txt |8,4e+03 |
| 1 | 3200 | 5000 |   70 |     0,4500 |1585669017356 |     176 |   195.0 |10,80 |mscpnrg1.txt |8,8e+03 |
| 1 | 3300 | 5000 |   75 |     0,4500 |1585669017356 |     176 |   195.0 |10,80 |mscpnrg1.txt |9,3e+03 |
| 1 | 3400 | 5000 |   75 |     0,4500 |1585669017356 |     176 |   195.0 |10,80 |mscpnrg1.txt |9,8e+03 |
| 1 | 3500 | 5000 |   75 |     0,4500 |1585669017356 |     176 |   195.0 |10,80 |mscpnrg1.txt |1,0e+04 |
| 1 | 3600 | 5000 |   75 |     0,4500 |1585669017356 |     176 |   193.0 | 9,66 |mscpnrg1.txt |1,1e+04 |
| 1 | 3700 | 5000 |   80 |     0,4500 |1585669017356 |     176 |   193.0 | 9,66 |mscpnrg1.txt |1,1e+04 |
| 1 | 3800 | 5000 |   80 |     0,4500 |1585669017356 |     176 |   192.0 | 9,09 |mscpnrg1.txt |1,2e+04 |
| 1 | 3900 | 5000 |   80 |     0,4500 |1585669017356 |     176 |   192.0 | 9,09 |mscpnrg1.txt |1,3e+04 |
| 1 | 4000 | 5000 |   80 |     0,4500 |1585669017356 |     176 |   192.0 | 9,09 |mscpnrg1.txt |1,4e+04 |
| 1 | 4100 | 5000 |   85 |     0,4500 |1585669017356 |     176 |   192.0 | 9,09 |mscpnrg1.txt |1,5e+04 |
| 1 | 4200 | 5000 |   85 |     0,4500 |1585669017356 |     176 |   192.0 | 9,09 |mscpnrg1.txt |1,6e+04 |
| 1 | 4300 | 5000 |   85 |     0,4500 |1585669017356 |     176 |   192.0 | 9,09 |mscpnrg1.txt |1,7e+04 |
| 1 | 4400 | 5000 |   85 |     0,4500 |1585669017356 |     176 |   192.0 | 9,09 |mscpnrg1.txt |1,7e+04 |
| 1 | 4500 | 5000 |   90 |     0,4500 |1585669017356 |     176 |   192.0 | 9,09 |mscpnrg1.txt |1,8e+04 |
| 1 | 4600 | 5000 |   90 |     0,4500 |1585669017356 |     176 |   192.0 | 9,09 |mscpnrg1.txt |1,9e+04 |
| 1 | 4700 | 5000 |   90 |     0,4500 |1585669017356 |     176 |   192.0 | 9,09 |mscpnrg1.txt |2,0e+04 |
| 1 | 4800 | 5000 |   90 |     0,4500 |1585669017356 |     176 |   192.0 | 9,09 |mscpnrg1.txt |2,1e+04 |
| 1 | 4900 | 5000 |   95 |     0,4500 |1585669017356 |     176 |   192.0 | 9,09 |mscpnrg1.txt |2,2e+04 |
| 1 | 5000 | 5000 |   95 |     0,4500 |1585669017356 |     176 |   192.0 | 9,09 |mscpnrg1.txt |2,3e+04 |
| 1 | 1000 | 5000 |   95 |     0,4500 |1585669017356 |     176 |   192.0 | 9,09 |mscpnrg1.txt |2,3e+04 |
| 2 |    1 | 5000 |   35 |     0,2500 |1585692354158 |     176 | 11406.0 |6380,68 |mscpnrg1.txt |0,057 |
| 2 |  100 | 5000 |   35 |     0,4500 |1585692354158 |     176 | 10457.0 |5841,48 |mscpnrg1.txt |  4,1 |
| 2 |  200 | 5000 |   35 |     0,4286 |1585692354158 |     176 | 10028.0 |5597,73 |mscpnrg1.txt |  8,2 |
| 2 |  300 | 5000 |   40 |     0,4500 |1585692354158 |     176 |   197.0 |11,93 |mscpnrg1.txt |4,6e+02 |
| 2 |  400 | 5000 |   40 |     0,4500 |1585692354158 |     176 |   197.0 |11,93 |mscpnrg1.txt |1,0e+03 |
| 2 |  500 | 5000 |   40 |     0,4500 |1585692354158 |     176 |   197.0 |11,93 |mscpnrg1.txt |1,7e+03 |
| 2 |  600 | 5000 |   40 |     0,4500 |1585692354158 |     176 |   197.0 |11,93 |mscpnrg1.txt |2,5e+03 |
| 2 |  700 | 5000 |   45 |     0,4500 |1585692354158 |     176 |   193.0 | 9,66 |mscpnrg1.txt |3,2e+03 |
| 2 |  800 | 5000 |   45 |     0,4500 |1585692354158 |     176 |   193.0 | 9,66 |mscpnrg1.txt |3,9e+03 |
| 2 |  900 | 5000 |   45 |     0,4500 |1585692354158 |     176 |   193.0 | 9,66 |mscpnrg1.txt |4,6e+03 |
| 2 | 1000 | 5000 |   45 |     0,4000 |1585692354158 |     176 |   193.0 | 9,66 |mscpnrg1.txt |5,1e+03 |
| 2 | 1100 | 5000 |   50 |     0,4500 |1585692354158 |     176 |   193.0 | 9,66 |mscpnrg1.txt |5,5e+03 |
| 2 | 1200 | 5000 |   50 |     0,4500 |1585692354158 |     176 |   193.0 | 9,66 |mscpnrg1.txt |6,0e+03 |
| 2 | 1300 | 5000 |   50 |     0,4500 |1585692354158 |     176 |   193.0 | 9,66 |mscpnrg1.txt |6,5e+03 |
| 2 | 1400 | 5000 |   50 |     0,4500 |1585692354158 |     176 |   193.0 | 9,66 |mscpnrg1.txt |6,9e+03 |
| 2 | 1500 | 5000 |   55 |     0,4500 |1585692354158 |     176 |   193.0 | 9,66 |mscpnrg1.txt |7,6e+03 |
| 2 | 1600 | 5000 |   55 |     0,4500 |1585692354158 |     176 |   193.0 | 9,66 |mscpnrg1.txt |8,3e+03 |
| 2 | 1700 | 5000 |   55 |     0,4500 |1585692354158 |     176 |   193.0 | 9,66 |mscpnrg1.txt |8,6e+03 |
| 2 | 1800 | 5000 |   55 |     0,4500 |1585692354158 |     176 |   193.0 | 9,66 |mscpnrg1.txt |8,9e+03 |
| 2 | 1900 | 5000 |   60 |     0,4500 |1585692354158 |     176 |   193.0 | 9,66 |mscpnrg1.txt |9,5e+03 |
| 2 | 2000 | 5000 |   60 |     0,4500 |1585692354158 |     176 |   193.0 | 9,66 |mscpnrg1.txt |9,9e+03 |
| 2 | 2100 | 5000 |   60 |     0,4500 |1585692354158 |     176 |   193.0 | 9,66 |mscpnrg1.txt |1,0e+04 |
| 2 | 2200 | 5000 |   60 |     0,4500 |1585692354158 |     176 |   193.0 | 9,66 |mscpnrg1.txt |1,0e+04 |
| 2 | 2300 | 5000 |   65 |     0,4500 |1585692354158 |     176 |   193.0 | 9,66 |mscpnrg1.txt |1,1e+04 |
| 2 | 2400 | 5000 |   65 |     0,4500 |1585692354158 |     176 |   192.0 | 9,09 |mscpnrg1.txt |1,1e+04 |
| 2 | 2500 | 5000 |   65 |     0,4500 |1585692354158 |     176 |   192.0 | 9,09 |mscpnrg1.txt |1,2e+04 |
| 2 | 2600 | 5000 |   65 |     0,4500 |1585692354158 |     176 |   192.0 | 9,09 |mscpnrg1.txt |1,2e+04 |
| 2 | 2700 | 5000 |   70 |     0,4500 |1585692354158 |     176 |   192.0 | 9,09 |mscpnrg1.txt |1,3e+04 |
| 2 | 2800 | 5000 |   70 |     0,4500 |1585692354158 |     176 |   192.0 | 9,09 |mscpnrg1.txt |1,3e+04 |
| 2 | 2900 | 5000 |   70 |     0,4500 |1585692354158 |     176 |   192.0 | 9,09 |mscpnrg1.txt |1,3e+04 |
| 2 | 3000 | 5000 |   70 |     0,4500 |1585692354158 |     176 |   192.0 | 9,09 |mscpnrg1.txt |1,4e+04 |
| 2 | 3100 | 5000 |   75 |     0,4500 |1585692354158 |     176 |   192.0 | 9,09 |mscpnrg1.txt |1,4e+04 |
| 2 | 3200 | 5000 |   75 |     0,4500 |1585692354158 |     176 |   192.0 | 9,09 |mscpnrg1.txt |1,5e+04 |
| 2 | 3300 | 5000 |   75 |     0,4500 |1585692354158 |     176 |   192.0 | 9,09 |mscpnrg1.txt |1,5e+04 |
| 2 | 3400 | 5000 |   75 |     0,4500 |1585692354158 |     176 |   192.0 | 9,09 |mscpnrg1.txt |1,6e+04 |
| 2 | 3500 | 5000 |   80 |     0,4500 |1585692354158 |     176 |   192.0 | 9,09 |mscpnrg1.txt |1,7e+04 |
| 2 | 3600 | 5000 |   80 |     0,4500 |1585692354158 |     176 |   192.0 | 9,09 |mscpnrg1.txt |1,7e+04 |
| 2 | 3700 | 5000 |   80 |     0,4500 |1585692354158 |     176 |   192.0 | 9,09 |mscpnrg1.txt |1,7e+04 |
| 2 | 3800 | 5000 |   80 |     0,4500 |1585692354158 |     176 |   192.0 | 9,09 |mscpnrg1.txt |1,8e+04 |
| 2 | 3900 | 5000 |   85 |     0,4500 |1585692354158 |     176 |   192.0 | 9,09 |mscpnrg1.txt |1,8e+04 |
| 2 | 4000 | 5000 |   85 |     0,1000 |1585692354158 |     176 |   192.0 | 9,09 |mscpnrg1.txt |1,8e+04 |
| 2 | 4100 | 5000 |   85 |     0,1000 |1585692354158 |     176 |   192.0 | 9,09 |mscpnrg1.txt |1,9e+04 |
| 2 | 4200 | 5000 |   85 |     0,1000 |1585692354158 |     176 |   192.0 | 9,09 |mscpnrg1.txt |1,9e+04 |
| 2 | 4300 | 5000 |   90 |     0,4500 |1585692354158 |     176 |   192.0 | 9,09 |mscpnrg1.txt |1,9e+04 |
| 2 | 4400 | 5000 |   90 |     0,4500 |1585692354158 |     176 |   192.0 | 9,09 |mscpnrg1.txt |2,0e+04 |
| 2 | 4500 | 5000 |   90 |     0,4500 |1585692354158 |     176 |   192.0 | 9,09 |mscpnrg1.txt |2,0e+04 |
| 2 | 4600 | 5000 |   90 |     0,4500 |1585692354158 |     176 |   192.0 | 9,09 |mscpnrg1.txt |2,1e+04 |
| 2 | 4700 | 5000 |   95 |     0,4500 |1585692354158 |     176 |   192.0 | 9,09 |mscpnrg1.txt |2,1e+04 |
| 2 | 4800 | 5000 |   95 |     0,2316 |1585692354158 |     176 |   192.0 | 9,09 |mscpnrg1.txt |2,2e+04 |
| 2 | 4900 | 5000 |   95 |     0,2316 |1585692354158 |     176 |   192.0 | 9,09 |mscpnrg1.txt |2,2e+04 |
| 2 | 5000 | 5000 |   95 |     0,2316 |1585692354158 |     176 |   192.0 | 9,09 |mscpnrg1.txt |2,2e+04 |
| 2 | 1000 | 5000 |  100 |     0,2316 |1585692354158 |     176 |   192.0 | 9,09 |mscpnrg1.txt |2,2e+04 |
| 3 |    1 | 5000 |   35 |     0,2500 |1585714465625 |     176 | 11508.0 |6438,64 |mscpnrg1.txt |0,073 |
| 3 |  100 | 5000 |   35 |     0,3714 |1585714465625 |     176 | 10228.0 |5711,36 |mscpnrg1.txt |  4,5 |
| 3 |  200 | 5000 |   35 |     0,4500 |1585714465625 |     176 |  9857.0 |5500,57 |mscpnrg1.txt |  9,1 |
| 3 |  300 | 5000 |   35 |     0,4000 |1585714465625 |     176 |  9603.0 |5356,25 |mscpnrg1.txt |   14 |
| 3 |  400 | 5000 |   35 |     0,4500 |1585714465625 |     176 |  9388.0 |5234,09 |mscpnrg1.txt |   18 |
| 3 |  500 | 5000 |   35 |     0,4286 |1585714465625 |     176 |  9202.0 |5128,41 |mscpnrg1.txt |   23 |
| 3 |  600 | 5000 |   40 |     0,4500 |1585714465625 |     176 |   197.0 |11,93 |mscpnrg1.txt |5,6e+02 |
| 3 |  700 | 5000 |   40 |     0,4500 |1585714465625 |     176 |   191.0 | 8,52 |mscpnrg1.txt |1,2e+03 |
| 3 |  800 | 5000 |   40 |     0,4500 |1585714465625 |     176 |   191.0 | 8,52 |mscpnrg1.txt |1,9e+03 |
| 3 |  900 | 5000 |   40 |     0,4500 |1585714465625 |     176 |   191.0 | 8,52 |mscpnrg1.txt |2,6e+03 |
| 3 | 1000 | 5000 |   45 |     0,4500 |1585714465625 |     176 |   191.0 | 8,52 |mscpnrg1.txt |3,5e+03 |
| 3 | 1100 | 5000 |   45 |     0,4500 |1585714465625 |     176 |   190.0 | 7,95 |mscpnrg1.txt |4,4e+03 |
| 3 | 1200 | 5000 |   45 |     0,4500 |1585714465625 |     176 |   189.0 | 7,39 |mscpnrg1.txt |5,2e+03 |
| 3 | 1300 | 5000 |   45 |     0,4500 |1585714465625 |     176 |   189.0 | 7,39 |mscpnrg1.txt |6,1e+03 |
| 3 | 1400 | 5000 |   50 |     0,4500 |1585714465625 |     176 |   189.0 | 7,39 |mscpnrg1.txt |7,3e+03 |
| 3 | 1500 | 5000 |   50 |     0,4500 |1585714465625 |     176 |   189.0 | 7,39 |mscpnrg1.txt |8,4e+03 |
| 3 | 1600 | 5000 |   50 |     0,4500 |1585714465625 |     176 |   189.0 | 7,39 |mscpnrg1.txt |9,5e+03 |
| 3 | 1700 | 5000 |   50 |     0,4500 |1585714465625 |     176 |   189.0 | 7,39 |mscpnrg1.txt |1,1e+04 |
| 3 | 1800 | 5000 |   55 |     0,4500 |1585714465625 |     176 |   189.0 | 7,39 |mscpnrg1.txt |1,1e+04 |
| 3 | 1900 | 5000 |   55 |     0,4500 |1585714465625 |     176 |   189.0 | 7,39 |mscpnrg1.txt |1,2e+04 |
| 3 | 2000 | 5000 |   55 |     0,3273 |1585714465625 |     176 |   189.0 | 7,39 |mscpnrg1.txt |1,3e+04 |
| 3 | 2100 | 5000 |   55 |     0,4500 |1585714465625 |     176 |   189.0 | 7,39 |mscpnrg1.txt |1,3e+04 |
| 3 | 2200 | 5000 |   60 |     0,4500 |1585714465625 |     176 |   189.0 | 7,39 |mscpnrg1.txt |1,4e+04 |
| 3 | 2300 | 5000 |   60 |     0,4500 |1585714465625 |     176 |   189.0 | 7,39 |mscpnrg1.txt |1,4e+04 |
| 3 | 2400 | 5000 |   60 |     0,4500 |1585714465625 |     176 |   189.0 | 7,39 |mscpnrg1.txt |1,4e+04 |
| 3 | 2500 | 5000 |   60 |     0,4500 |1585714465625 |     176 |   189.0 | 7,39 |mscpnrg1.txt |1,5e+04 |
| 3 | 2600 | 5000 |   65 |     0,4500 |1585714465625 |     176 |   189.0 | 7,39 |mscpnrg1.txt |1,6e+04 |
| 3 | 2700 | 5000 |   65 |     0,4500 |1585714465625 |     176 |   189.0 | 7,39 |mscpnrg1.txt |1,6e+04 |
| 3 | 2800 | 5000 |   65 |     0,4500 |1585714465625 |     176 |   189.0 | 7,39 |mscpnrg1.txt |1,7e+04 |
| 3 | 2900 | 5000 |   65 |     0,4500 |1585714465625 |     176 |   189.0 | 7,39 |mscpnrg1.txt |1,7e+04 |
| 3 | 3000 | 5000 |   70 |     0,4500 |1585714465625 |     176 |   189.0 | 7,39 |mscpnrg1.txt |1,8e+04 |
| 3 | 3100 | 5000 |   70 |     0,4500 |1585714465625 |     176 |   189.0 | 7,39 |mscpnrg1.txt |1,9e+04 |
| 3 | 3200 | 5000 |   70 |     0,4500 |1585714465625 |     176 |   189.0 | 7,39 |mscpnrg1.txt |1,9e+04 |
| 3 | 3300 | 5000 |   70 |     0,4500 |1585714465625 |     176 |   189.0 | 7,39 |mscpnrg1.txt |2,0e+04 |
| 3 | 3400 | 5000 |   75 |     0,4500 |1585714465625 |     176 |   189.0 | 7,39 |mscpnrg1.txt |2,0e+04 |
| 3 | 3500 | 5000 |   75 |     0,4500 |1585714465625 |     176 |   189.0 | 7,39 |mscpnrg1.txt |2,1e+04 |
| 3 | 3600 | 5000 |   75 |     0,4500 |1585714465625 |     176 |   189.0 | 7,39 |mscpnrg1.txt |2,1e+04 |
| 3 | 3700 | 5000 |   75 |     0,4500 |1585714465625 |     176 |   189.0 | 7,39 |mscpnrg1.txt |2,2e+04 |
| 3 | 3800 | 5000 |   80 |     0,4500 |1585714465625 |     176 |   189.0 | 7,39 |mscpnrg1.txt |2,3e+04 |
| 3 | 3900 | 5000 |   80 |     0,4500 |1585714465625 |     176 |   189.0 | 7,39 |mscpnrg1.txt |2,3e+04 |
| 3 | 4000 | 5000 |   80 |     0,4500 |1585714465625 |     176 |   189.0 | 7,39 |mscpnrg1.txt |2,4e+04 |
| 3 | 4100 | 5000 |   80 |     0,4500 |1585714465625 |     176 |   189.0 | 7,39 |mscpnrg1.txt |2,4e+04 |
| 3 | 4200 | 5000 |   85 |     0,4500 |1585714465625 |     176 |   189.0 | 7,39 |mscpnrg1.txt |2,5e+04 |
| 3 | 4300 | 5000 |   85 |     0,4500 |1585714465625 |     176 |   189.0 | 7,39 |mscpnrg1.txt |2,5e+04 |
| 3 | 4400 | 5000 |   85 |     0,4500 |1585714465625 |     176 |   189.0 | 7,39 |mscpnrg1.txt |2,6e+04 |
| 3 | 4500 | 5000 |   85 |     0,4500 |1585714465625 |     176 |   189.0 | 7,39 |mscpnrg1.txt |2,6e+04 |
| 3 | 4600 | 5000 |   90 |     0,4500 |1585714465625 |     176 |   189.0 | 7,39 |mscpnrg1.txt |2,7e+04 |
| 3 | 4700 | 5000 |   90 |     0,4500 |1585714465625 |     176 |   189.0 | 7,39 |mscpnrg1.txt |2,7e+04 |
| 3 | 4800 | 5000 |   90 |     0,4500 |1585714465625 |     176 |   189.0 | 7,39 |mscpnrg1.txt |2,8e+04 |
| 3 | 4900 | 5000 |   90 |     0,4500 |1585714465625 |     176 |   189.0 | 7,39 |mscpnrg1.txt |2,8e+04 |
| 3 | 5000 | 5000 |   95 |     0,4500 |1585714465625 |     176 |   189.0 | 7,39 |mscpnrg1.txt |2,9e+04 |
| 3 | 1000 | 5000 |   95 |     0,4500 |1585714465625 |     176 |   189.0 | 7,39 |mscpnrg1.txt |2,9e+04 |
| 4 |    1 | 5000 |   35 |     0,2500 |1585743057525 |     176 | 11555.0 |6465,34 |mscpnrg1.txt |0,057 |
| 4 |  100 | 5000 |   35 |     0,4286 |1585743057525 |     176 | 10356.0 |5784,09 |mscpnrg1.txt |  4,0 |
| 4 |  200 | 5000 |   35 |     0,4000 |1585743057525 |     176 |  9912.0 |5531,82 |mscpnrg1.txt |  8,2 |
| 4 |  300 | 5000 |   35 |     0,3714 |1585743057525 |     176 |  9629.0 |5371,02 |mscpnrg1.txt |   12 |
| 4 |  400 | 5000 |   40 |     0,4500 |1585743057525 |     176 |   196.0 |11,36 |mscpnrg1.txt |4,7e+02 |
| 4 |  500 | 5000 |   40 |     0,4500 |1585743057525 |     176 |   193.0 | 9,66 |mscpnrg1.txt |1,1e+03 |
| 4 |  600 | 5000 |   40 |     0,4500 |1585743057525 |     176 |   193.0 | 9,66 |mscpnrg1.txt |1,8e+03 |
| 4 |  700 | 5000 |   40 |     0,4500 |1585743057525 |     176 |   192.0 | 9,09 |mscpnrg1.txt |2,5e+03 |
| 4 |  800 | 5000 |   45 |     0,4500 |1585743057525 |     176 |   192.0 | 9,09 |mscpnrg1.txt |3,3e+03 |
| 4 |  900 | 5000 |   45 |     0,4500 |1585743057525 |     176 |   192.0 | 9,09 |mscpnrg1.txt |4,3e+03 |
| 4 | 1000 | 5000 |   45 |     0,4500 |1585743057525 |     176 |   192.0 | 9,09 |mscpnrg1.txt |5,2e+03 |
| 4 | 1100 | 5000 |   45 |     0,4500 |1585743057525 |     176 |   192.0 | 9,09 |mscpnrg1.txt |5,8e+03 |
| 4 | 1200 | 5000 |   50 |     0,4400 |1585743057525 |     176 |   192.0 | 9,09 |mscpnrg1.txt |6,2e+03 |
| 4 | 1300 | 5000 |   50 |     0,4200 |1585743057525 |     176 |   192.0 | 9,09 |mscpnrg1.txt |6,8e+03 |
| 4 | 1400 | 5000 |   50 |     0,4200 |1585743057525 |     176 |   192.0 | 9,09 |mscpnrg1.txt |7,3e+03 |
| 4 | 1500 | 5000 |   50 |     0,4200 |1585743057525 |     176 |   192.0 | 9,09 |mscpnrg1.txt |7,8e+03 |
| 4 | 1600 | 5000 |   55 |     0,4500 |1585743057525 |     176 |   192.0 | 9,09 |mscpnrg1.txt |8,5e+03 |
| 4 | 1700 | 5000 |   55 |     0,4500 |1585743057525 |     176 |   192.0 | 9,09 |mscpnrg1.txt |9,3e+03 |
| 4 | 1800 | 5000 |   55 |     0,4500 |1585743057525 |     176 |   192.0 | 9,09 |mscpnrg1.txt |9,7e+03 |
| 4 | 1900 | 5000 |   55 |     0,4500 |1585743057525 |     176 |   192.0 | 9,09 |mscpnrg1.txt |1,0e+04 |
| 4 | 2000 | 5000 |   60 |     0,4500 |1585743057525 |     176 |   192.0 | 9,09 |mscpnrg1.txt |1,1e+04 |
| 4 | 2100 | 5000 |   60 |     0,4500 |1585743057525 |     176 |   192.0 | 9,09 |mscpnrg1.txt |1,1e+04 |
| 4 | 2200 | 5000 |   60 |     0,4500 |1585743057525 |     176 |   192.0 | 9,09 |mscpnrg1.txt |1,2e+04 |
| 4 | 2300 | 5000 |   60 |     0,4500 |1585743057525 |     176 |   192.0 | 9,09 |mscpnrg1.txt |1,3e+04 |
| 4 | 2400 | 5000 |   65 |     0,4500 |1585743057525 |     176 |   192.0 | 9,09 |mscpnrg1.txt |1,3e+04 |
| 4 | 2500 | 5000 |   65 |     0,4500 |1585743057525 |     176 |   192.0 | 9,09 |mscpnrg1.txt |1,4e+04 |
| 4 | 2600 | 5000 |   65 |     0,4500 |1585743057525 |     176 |   192.0 | 9,09 |mscpnrg1.txt |1,5e+04 |
| 4 | 2700 | 5000 |   65 |     0,4500 |1585743057525 |     176 |   192.0 | 9,09 |mscpnrg1.txt |1,6e+04 |
| 4 | 2800 | 5000 |   70 |     0,4500 |1585743057525 |     176 |   192.0 | 9,09 |mscpnrg1.txt |1,7e+04 |
| 4 | 2900 | 5000 |   70 |     0,4500 |1585743057525 |     176 |   192.0 | 9,09 |mscpnrg1.txt |1,7e+04 |
| 4 | 3000 | 5000 |   70 |     0,4500 |1585743057525 |     176 |   192.0 | 9,09 |mscpnrg1.txt |1,8e+04 |
| 4 | 3100 | 5000 |   70 |     0,4500 |1585743057525 |     176 |   192.0 | 9,09 |mscpnrg1.txt |1,8e+04 |
| 4 | 3200 | 5000 |   75 |     0,4500 |1585743057525 |     176 |   192.0 | 9,09 |mscpnrg1.txt |1,9e+04 |
| 4 | 3300 | 5000 |   75 |     0,4500 |1585743057525 |     176 |   192.0 | 9,09 |mscpnrg1.txt |2,0e+04 |
| 4 | 3400 | 5000 |   75 |     0,4500 |1585743057525 |     176 |   192.0 | 9,09 |mscpnrg1.txt |2,0e+04 |
| 4 | 3500 | 5000 |   75 |     0,4500 |1585743057525 |     176 |   192.0 | 9,09 |mscpnrg1.txt |2,1e+04 |
| 4 | 3600 | 5000 |   80 |     0,4500 |1585743057525 |     176 |   192.0 | 9,09 |mscpnrg1.txt |2,2e+04 |
| 4 | 3700 | 5000 |   80 |     0,4500 |1585743057525 |     176 |   192.0 | 9,09 |mscpnrg1.txt |2,3e+04 |
| 4 | 3800 | 5000 |   80 |     0,4500 |1585743057525 |     176 |   192.0 | 9,09 |mscpnrg1.txt |2,4e+04 |
| 4 | 3900 | 5000 |   80 |     0,4500 |1585743057525 |     176 |   192.0 | 9,09 |mscpnrg1.txt |2,4e+04 |
| 4 | 4000 | 5000 |   85 |     0,4500 |1585743057525 |     176 |   192.0 | 9,09 |mscpnrg1.txt |2,6e+04 |
| 4 | 4100 | 5000 |   85 |     0,4500 |1585743057525 |     176 |   192.0 | 9,09 |mscpnrg1.txt |2,6e+04 |
| 4 | 4200 | 5000 |   85 |     0,4500 |1585743057525 |     176 |   192.0 | 9,09 |mscpnrg1.txt |2,7e+04 |
| 4 | 4300 | 5000 |   85 |     0,4500 |1585743057525 |     176 |   192.0 | 9,09 |mscpnrg1.txt |2,9e+04 |
| 4 | 4400 | 5000 |   90 |     0,4500 |1585743057525 |     176 |   192.0 | 9,09 |mscpnrg1.txt |3,1e+04 |
| 4 | 4500 | 5000 |   90 |     0,4500 |1585743057525 |     176 |   192.0 | 9,09 |mscpnrg1.txt |3,2e+04 |
| 4 | 4600 | 5000 |   90 |     0,4500 |1585743057525 |     176 |   192.0 | 9,09 |mscpnrg1.txt |3,3e+04 |
| 4 | 4700 | 5000 |   90 |     0,4500 |1585743057525 |     176 |   192.0 | 9,09 |mscpnrg1.txt |3,3e+04 |
| 4 | 4800 | 5000 |   95 |     0,4500 |1585743057525 |     176 |   192.0 | 9,09 |mscpnrg1.txt |3,4e+04 |
| 4 | 4900 | 5000 |   95 |     0,4500 |1585743057525 |     176 |   192.0 | 9,09 |mscpnrg1.txt |3,5e+04 |
| 4 | 5000 | 5000 |   95 |     0,4500 |1585743057525 |     176 |   192.0 | 9,09 |mscpnrg1.txt |3,6e+04 |
| 4 | 1000 | 5000 |   95 |     0,4500 |1585743057525 |     176 |   192.0 | 9,09 |mscpnrg1.txt |3,6e+04 |
| 5 |    1 | 5000 |   35 |     0,2500 |1585778928162 |     176 | 11425.0 |6391,48 |mscpnrg1.txt |0,045 |
| 5 |  100 | 5000 |   35 |     0,3714 |1585778928162 |     176 | 10267.0 |5733,52 |mscpnrg1.txt |  4,6 |
| 5 |  200 | 5000 |   40 |     0,4500 |1585778928162 |     176 |   197.0 |11,93 |mscpnrg1.txt |4,0e+02 |
| 5 |  300 | 5000 |   40 |     0,4500 |1585778928162 |     176 |   196.0 |11,36 |mscpnrg1.txt |9,2e+02 |
| 5 |  400 | 5000 |   40 |     0,4500 |1585778928162 |     176 |   196.0 |11,36 |mscpnrg1.txt |1,5e+03 |
| 5 |  500 | 5000 |   40 |     0,2750 |1585778928162 |     176 |   196.0 |11,36 |mscpnrg1.txt |1,8e+03 |
| 5 |  600 | 5000 |   45 |     0,4500 |1585778928162 |     176 |   193.0 | 9,66 |mscpnrg1.txt |2,4e+03 |
| 5 |  700 | 5000 |   45 |     0,4500 |1585778928162 |     176 |   193.0 | 9,66 |mscpnrg1.txt |3,0e+03 |
| 5 |  800 | 5000 |   45 |     0,4500 |1585778928162 |     176 |   193.0 | 9,66 |mscpnrg1.txt |3,6e+03 |
| 5 |  900 | 5000 |   45 |     0,4500 |1585778928162 |     176 |   193.0 | 9,66 |mscpnrg1.txt |4,2e+03 |
| 5 | 1000 | 5000 |   50 |     0,4500 |1585778928162 |     176 |   193.0 | 9,66 |mscpnrg1.txt |5,0e+03 |
| 5 | 1100 | 5000 |   50 |     0,4500 |1585778928162 |     176 |   193.0 | 9,66 |mscpnrg1.txt |5,7e+03 |
| 5 | 1200 | 5000 |   50 |     0,4500 |1585778928162 |     176 |   190.0 | 7,95 |mscpnrg1.txt |6,5e+03 |
| 5 | 1300 | 5000 |   50 |     0,4500 |1585778928162 |     176 |   190.0 | 7,95 |mscpnrg1.txt |7,2e+03 |
| 5 | 1400 | 5000 |   55 |     0,4500 |1585778928162 |     176 |   190.0 | 7,95 |mscpnrg1.txt |8,1e+03 |
| 5 | 1500 | 5000 |   55 |     0,4500 |1585778928162 |     176 |   190.0 | 7,95 |mscpnrg1.txt |9,0e+03 |
| 5 | 1600 | 5000 |   55 |     0,4500 |1585778928162 |     176 |   190.0 | 7,95 |mscpnrg1.txt |1,0e+04 |
| 5 | 1700 | 5000 |   55 |     0,4500 |1585778928162 |     176 |   190.0 | 7,95 |mscpnrg1.txt |1,1e+04 |
| 5 | 1800 | 5000 |   60 |     0,4500 |1585778928162 |     176 |   190.0 | 7,95 |mscpnrg1.txt |1,2e+04 |
| 5 | 1900 | 5000 |   60 |     0,4500 |1585778928162 |     176 |   190.0 | 7,95 |mscpnrg1.txt |1,3e+04 |
| 5 | 2000 | 5000 |   60 |     0,4500 |1585778928162 |     176 |   190.0 | 7,95 |mscpnrg1.txt |1,3e+04 |
| 5 | 2100 | 5000 |   60 |     0,4500 |1585778928162 |     176 |   190.0 | 7,95 |mscpnrg1.txt |1,4e+04 |
| 5 | 2200 | 5000 |   65 |     0,4500 |1585778928162 |     176 |   190.0 | 7,95 |mscpnrg1.txt |1,5e+04 |
| 5 | 2300 | 5000 |   65 |     0,4500 |1585778928162 |     176 |   190.0 | 7,95 |mscpnrg1.txt |1,6e+04 |
| 5 | 2400 | 5000 |   65 |     0,4500 |1585778928162 |     176 |   190.0 | 7,95 |mscpnrg1.txt |1,7e+04 |
| 5 | 2500 | 5000 |   65 |     0,4500 |1585778928162 |     176 |   190.0 | 7,95 |mscpnrg1.txt |1,8e+04 |
| 5 | 2600 | 5000 |   70 |     0,4500 |1585778928162 |     176 |   190.0 | 7,95 |mscpnrg1.txt |1,9e+04 |
| 5 | 2700 | 5000 |   70 |     0,4500 |1585778928162 |     176 |   190.0 | 7,95 |mscpnrg1.txt |2,0e+04 |
| 5 | 2800 | 5000 |   70 |     0,4500 |1585778928162 |     176 |   190.0 | 7,95 |mscpnrg1.txt |2,1e+04 |
| 5 | 2900 | 5000 |   70 |     0,4500 |1585778928162 |     176 |   190.0 | 7,95 |mscpnrg1.txt |2,2e+04 |
| 5 | 3000 | 5000 |   75 |     0,4500 |1585778928162 |     176 |   190.0 | 7,95 |mscpnrg1.txt |2,3e+04 |
| 5 | 3100 | 5000 |   75 |     0,4500 |1585778928162 |     176 |   190.0 | 7,95 |mscpnrg1.txt |2,4e+04 |
| 5 | 3200 | 5000 |   75 |     0,4500 |1585778928162 |     176 |   190.0 | 7,95 |mscpnrg1.txt |2,5e+04 |
| 5 | 3300 | 5000 |   75 |     0,4500 |1585778928162 |     176 |   190.0 | 7,95 |mscpnrg1.txt |2,6e+04 |
| 5 | 3400 | 5000 |   80 |     0,4500 |1585778928162 |     176 |   190.0 | 7,95 |mscpnrg1.txt |2,7e+04 |
| 5 | 3500 | 5000 |   80 |     0,4500 |1585778928162 |     176 |   190.0 | 7,95 |mscpnrg1.txt |2,7e+04 |
| 5 | 3600 | 5000 |   80 |     0,4500 |1585778928162 |     176 |   190.0 | 7,95 |mscpnrg1.txt |2,8e+04 |
| 5 | 3700 | 5000 |   80 |     0,4500 |1585778928162 |     176 |   190.0 | 7,95 |mscpnrg1.txt |2,9e+04 |
| 5 | 3800 | 5000 |   85 |     0,4500 |1585778928162 |     176 |   190.0 | 7,95 |mscpnrg1.txt |3,1e+04 |
| 5 | 3900 | 5000 |   85 |     0,4500 |1585778928162 |     176 |   190.0 | 7,95 |mscpnrg1.txt |3,2e+04 |
| 5 | 4000 | 5000 |   85 |     0,4500 |1585778928162 |     176 |   190.0 | 7,95 |mscpnrg1.txt |3,3e+04 |
| 5 | 4100 | 5000 |   85 |     0,4500 |1585778928162 |     176 |   190.0 | 7,95 |mscpnrg1.txt |3,4e+04 |
| 5 | 4200 | 5000 |   90 |     0,4500 |1585778928162 |     176 |   190.0 | 7,95 |mscpnrg1.txt |3,6e+04 |
| 5 | 4300 | 5000 |   90 |     0,4500 |1585778928162 |     176 |   190.0 | 7,95 |mscpnrg1.txt |3,7e+04 |
| 5 | 4400 | 5000 |   90 |     0,4500 |1585778928162 |     176 |   190.0 | 7,95 |mscpnrg1.txt |3,9e+04 |
| 5 | 4500 | 5000 |   90 |     0,4500 |1585778928162 |     176 |   190.0 | 7,95 |mscpnrg1.txt |4,0e+04 |
| 5 | 4600 | 5000 |   95 |     0,4500 |1585778928162 |     176 |   190.0 | 7,95 |mscpnrg1.txt |4,2e+04 |
| 5 | 4700 | 5000 |   95 |     0,4500 |1585778928162 |     176 |   190.0 | 7,95 |mscpnrg1.txt |4,3e+04 |
| 5 | 4800 | 5000 |   95 |     0,4500 |1585778928162 |     176 |   190.0 | 7,95 |mscpnrg1.txt |4,4e+04 |
| 5 | 4900 | 5000 |   95 |     0,4500 |1585778928162 |     176 |   190.0 | 7,95 |mscpnrg1.txt |4,4e+04 |
| 5 | 5000 | 5000 |  100 |     0,4500 |1585778928162 |     176 |   190.0 | 7,95 |mscpnrg1.txt |4,6e+04 |
| 5 | 1000 | 5000 |  100 |     0,4500 |1585778928162 |     176 |   190.0 | 7,95 |mscpnrg1.txt |4,6e+04 |
| 6 |    1 | 5000 |   35 |     0,2500 |1585824466236 |     176 | 11356.0 |6352,27 |mscpnrg1.txt |0,071 |
| 6 |  100 | 5000 |   35 |     0,4286 |1585824466236 |     176 | 10218.0 |5705,68 |mscpnrg1.txt |  4,7 |
| 6 |  200 | 5000 |   35 |     0,4000 |1585824466236 |     176 |  9835.0 |5488,07 |mscpnrg1.txt |  9,7 |
| 6 |  300 | 5000 |   35 |     0,4500 |1585824466236 |     176 |  9428.0 |5256,82 |mscpnrg1.txt |   15 |
| 6 |  400 | 5000 |   40 |     0,4500 |1585824466236 |     176 |   194.0 |10,23 |mscpnrg1.txt |6,4e+02 |
| 6 |  500 | 5000 |   40 |     0,4500 |1585824466236 |     176 |   194.0 |10,23 |mscpnrg1.txt |1,4e+03 |
| 6 |  600 | 5000 |   40 |     0,4500 |1585824466236 |     176 |   194.0 |10,23 |mscpnrg1.txt |2,2e+03 |
| 6 |  700 | 5000 |   40 |     0,2250 |1585824466236 |     176 |   194.0 |10,23 |mscpnrg1.txt |2,6e+03 |
| 6 |  800 | 5000 |   45 |     0,4500 |1585824466236 |     176 |   194.0 |10,23 |mscpnrg1.txt |3,1e+03 |
| 6 |  900 | 5000 |   45 |     0,4500 |1585824466236 |     176 |   194.0 |10,23 |mscpnrg1.txt |3,5e+03 |
| 6 | 1000 | 5000 |   45 |     0,4500 |1585824466236 |     176 |   194.0 |10,23 |mscpnrg1.txt |4,0e+03 |
| 6 | 1100 | 5000 |   45 |     0,4500 |1585824466236 |     176 |   194.0 |10,23 |mscpnrg1.txt |4,5e+03 |
| 6 | 1200 | 5000 |   50 |     0,4500 |1585824466236 |     176 |   194.0 |10,23 |mscpnrg1.txt |5,2e+03 |
| 6 | 1300 | 5000 |   50 |     0,4500 |1585824466236 |     176 |   194.0 |10,23 |mscpnrg1.txt |5,5e+03 |
| 6 | 1400 | 5000 |   50 |     0,4500 |1585824466236 |     176 |   194.0 |10,23 |mscpnrg1.txt |5,9e+03 |
| 6 | 1500 | 5000 |   50 |     0,4500 |1585824466236 |     176 |   194.0 |10,23 |mscpnrg1.txt |6,2e+03 |
| 6 | 1600 | 5000 |   55 |     0,4500 |1585824466236 |     176 |   194.0 |10,23 |mscpnrg1.txt |6,7e+03 |
| 6 | 1700 | 5000 |   55 |     0,4500 |1585824466236 |     176 |   194.0 |10,23 |mscpnrg1.txt |7,3e+03 |
| 6 | 1800 | 5000 |   55 |     0,4500 |1585824466236 |     176 |   194.0 |10,23 |mscpnrg1.txt |7,8e+03 |
| 6 | 1900 | 5000 |   55 |     0,4500 |1585824466236 |     176 |   194.0 |10,23 |mscpnrg1.txt |8,4e+03 |
| 6 | 2000 | 5000 |   60 |     0,4500 |1585824466236 |     176 |   194.0 |10,23 |mscpnrg1.txt |9,1e+03 |
| 6 | 2100 | 5000 |   60 |     0,4500 |1585824466236 |     176 |   194.0 |10,23 |mscpnrg1.txt |9,5e+03 |
| 6 | 2200 | 5000 |   60 |     0,4500 |1585824466236 |     176 |   194.0 |10,23 |mscpnrg1.txt |9,9e+03 |
| 6 | 2300 | 5000 |   60 |     0,4500 |1585824466236 |     176 |   194.0 |10,23 |mscpnrg1.txt |1,0e+04 |
| 6 | 2400 | 5000 |   65 |     0,4500 |1585824466236 |     176 |   194.0 |10,23 |mscpnrg1.txt |1,1e+04 |
| 6 | 2500 | 5000 |   65 |     0,4500 |1585824466236 |     176 |   194.0 |10,23 |mscpnrg1.txt |1,2e+04 |
| 6 | 2600 | 5000 |   65 |     0,4500 |1585824466236 |     176 |   194.0 |10,23 |mscpnrg1.txt |1,2e+04 |
| 6 | 2700 | 5000 |   65 |     0,4500 |1585824466236 |     176 |   194.0 |10,23 |mscpnrg1.txt |1,3e+04 |
| 6 | 2800 | 5000 |   70 |     0,4500 |1585824466236 |     176 |   194.0 |10,23 |mscpnrg1.txt |1,4e+04 |
| 6 | 2900 | 5000 |   70 |     0,4500 |1585824466236 |     176 |   194.0 |10,23 |mscpnrg1.txt |1,5e+04 |
| 6 | 3000 | 5000 |   70 |     0,4500 |1585824466236 |     176 |   194.0 |10,23 |mscpnrg1.txt |1,5e+04 |
| 6 | 3100 | 5000 |   70 |     0,4500 |1585824466236 |     176 |   194.0 |10,23 |mscpnrg1.txt |1,6e+04 |
| 6 | 3200 | 5000 |   75 |     0,4500 |1585824466236 |     176 |   194.0 |10,23 |mscpnrg1.txt |1,7e+04 |
| 6 | 3300 | 5000 |   75 |     0,4500 |1585824466236 |     176 |   194.0 |10,23 |mscpnrg1.txt |1,8e+04 |
| 6 | 3400 | 5000 |   75 |     0,4500 |1585824466236 |     176 |   194.0 |10,23 |mscpnrg1.txt |1,8e+04 |
| 6 | 3500 | 5000 |   75 |     0,4500 |1585824466236 |     176 |   194.0 |10,23 |mscpnrg1.txt |1,9e+04 |
| 6 | 3600 | 5000 |   80 |     0,4500 |1585824466236 |     176 |   194.0 |10,23 |mscpnrg1.txt |2,0e+04 |
| 6 | 3700 | 5000 |   80 |     0,4500 |1585824466236 |     176 |   194.0 |10,23 |mscpnrg1.txt |2,0e+04 |
| 6 | 3800 | 5000 |   80 |     0,4500 |1585824466236 |     176 |   194.0 |10,23 |mscpnrg1.txt |2,1e+04 |
| 6 | 3900 | 5000 |   80 |     0,4500 |1585824466236 |     176 |   194.0 |10,23 |mscpnrg1.txt |2,2e+04 |
| 6 | 4000 | 5000 |   85 |     0,4500 |1585824466236 |     176 |   194.0 |10,23 |mscpnrg1.txt |2,3e+04 |
| 6 | 4100 | 5000 |   85 |     0,4500 |1585824466236 |     176 |   194.0 |10,23 |mscpnrg1.txt |2,4e+04 |
| 6 | 4200 | 5000 |   85 |     0,4500 |1585824466236 |     176 |   194.0 |10,23 |mscpnrg1.txt |2,5e+04 |
| 6 | 4300 | 5000 |   85 |     0,4500 |1585824466236 |     176 |   194.0 |10,23 |mscpnrg1.txt |2,6e+04 |
| 6 | 4400 | 5000 |   90 |     0,4500 |1585824466236 |     176 |   194.0 |10,23 |mscpnrg1.txt |2,7e+04 |
| 6 | 4500 | 5000 |   90 |     0,4500 |1585824466236 |     176 |   194.0 |10,23 |mscpnrg1.txt |2,8e+04 |
| 6 | 4600 | 5000 |   90 |     0,4500 |1585824466236 |     176 |   194.0 |10,23 |mscpnrg1.txt |3,0e+04 |
| 6 | 4700 | 5000 |   90 |     0,4500 |1585824466236 |     176 |   194.0 |10,23 |mscpnrg1.txt |3,1e+04 |
| 6 | 4800 | 5000 |   95 |     0,4500 |1585824466236 |     176 |   194.0 |10,23 |mscpnrg1.txt |3,2e+04 |
| 6 | 4900 | 5000 |   95 |     0,4500 |1585824466236 |     176 |   194.0 |10,23 |mscpnrg1.txt |3,3e+04 |
| 6 | 5000 | 5000 |   95 |     0,4500 |1585824466236 |     176 |   194.0 |10,23 |mscpnrg1.txt |3,4e+04 |
| 6 | 1000 | 5000 |   95 |     0,4500 |1585824466236 |     176 |   194.0 |10,23 |mscpnrg1.txt |3,4e+04 |
| 7 |    1 | 5000 |   35 |     0,2500 |1585858073208 |     176 | 11355.0 |6351,70 |mscpnrg1.txt |0,048 |
| 7 |  100 | 5000 |   35 |     0,4500 |1585858073208 |     176 | 10016.0 |5590,91 |mscpnrg1.txt |  4,6 |
| 7 |  200 | 5000 |   40 |     0,4500 |1585858073208 |     176 |   197.0 |11,93 |mscpnrg1.txt |6,2e+02 |
| 7 |  300 | 5000 |   40 |     0,4500 |1585858073208 |     176 |   196.0 |11,36 |mscpnrg1.txt |1,4e+03 |
| 7 |  400 | 5000 |   40 |     0,4500 |1585858073208 |     176 |   194.0 |10,23 |mscpnrg1.txt |1,9e+03 |
| 7 |  500 | 5000 |   40 |     0,4500 |1585858073208 |     176 |   194.0 |10,23 |mscpnrg1.txt |2,3e+03 |
| 7 |  600 | 5000 |   45 |     0,4500 |1585858073208 |     176 |   194.0 |10,23 |mscpnrg1.txt |3,1e+03 |
| 7 |  700 | 5000 |   45 |     0,4500 |1585858073208 |     176 |   194.0 |10,23 |mscpnrg1.txt |3,8e+03 |
| 7 |  800 | 5000 |   45 |     0,3333 |1585858073208 |     176 |   194.0 |10,23 |mscpnrg1.txt |4,2e+03 |
| 7 |  900 | 5000 |   45 |     0,3556 |1585858073208 |     176 |   194.0 |10,23 |mscpnrg1.txt |4,6e+03 |
| 7 | 1000 | 5000 |   50 |     0,4500 |1585858073208 |     176 |   194.0 |10,23 |mscpnrg1.txt |5,2e+03 |
| 7 | 1100 | 5000 |   50 |     0,4500 |1585858073208 |     176 |   194.0 |10,23 |mscpnrg1.txt |5,6e+03 |
| 7 | 1200 | 5000 |   50 |     0,4500 |1585858073208 |     176 |   194.0 |10,23 |mscpnrg1.txt |6,0e+03 |
| 7 | 1300 | 5000 |   50 |     0,4500 |1585858073208 |     176 |   194.0 |10,23 |mscpnrg1.txt |6,4e+03 |
| 7 | 1400 | 5000 |   55 |     0,4500 |1585858073208 |     176 |   194.0 |10,23 |mscpnrg1.txt |6,9e+03 |
| 7 | 1500 | 5000 |   55 |     0,4500 |1585858073208 |     176 |   194.0 |10,23 |mscpnrg1.txt |7,5e+03 |
| 7 | 1600 | 5000 |   55 |     0,4500 |1585858073208 |     176 |   194.0 |10,23 |mscpnrg1.txt |8,1e+03 |
| 7 | 1700 | 5000 |   55 |     0,4500 |1585858073208 |     176 |   194.0 |10,23 |mscpnrg1.txt |8,7e+03 |
| 7 | 1800 | 5000 |   60 |     0,4500 |1585858073208 |     176 |   194.0 |10,23 |mscpnrg1.txt |9,5e+03 |
| 7 | 1900 | 5000 |   60 |     0,4500 |1585858073208 |     176 |   194.0 |10,23 |mscpnrg1.txt |9,9e+03 |
| 7 | 2000 | 5000 |   60 |     0,4500 |1585858073208 |     176 |   194.0 |10,23 |mscpnrg1.txt |1,0e+04 |
| 7 | 2100 | 5000 |   60 |     0,4500 |1585858073208 |     176 |   194.0 |10,23 |mscpnrg1.txt |1,1e+04 |
| 7 | 2200 | 5000 |   65 |     0,4500 |1585858073208 |     176 |   194.0 |10,23 |mscpnrg1.txt |1,1e+04 |
| 7 | 2300 | 5000 |   65 |     0,4500 |1585858073208 |     176 |   194.0 |10,23 |mscpnrg1.txt |1,2e+04 |
| 7 | 2400 | 5000 |   65 |     0,4500 |1585858073208 |     176 |   194.0 |10,23 |mscpnrg1.txt |1,3e+04 |
| 7 | 2500 | 5000 |   65 |     0,4500 |1585858073208 |     176 |   194.0 |10,23 |mscpnrg1.txt |1,3e+04 |
| 7 | 2600 | 5000 |   70 |     0,4500 |1585858073208 |     176 |   194.0 |10,23 |mscpnrg1.txt |1,4e+04 |
| 7 | 2700 | 5000 |   70 |     0,4500 |1585858073208 |     176 |   194.0 |10,23 |mscpnrg1.txt |1,5e+04 |
| 7 | 2800 | 5000 |   70 |     0,4500 |1585858073208 |     176 |   194.0 |10,23 |mscpnrg1.txt |1,5e+04 |
| 7 | 2900 | 5000 |   70 |     0,4500 |1585858073208 |     176 |   194.0 |10,23 |mscpnrg1.txt |1,6e+04 |
| 7 | 3000 | 5000 |   75 |     0,4500 |1585858073208 |     176 |   194.0 |10,23 |mscpnrg1.txt |1,7e+04 |
| 7 | 3100 | 5000 |   75 |     0,4500 |1585858073208 |     176 |   194.0 |10,23 |mscpnrg1.txt |1,8e+04 |
| 7 | 3200 | 5000 |   75 |     0,4500 |1585858073208 |     176 |   194.0 |10,23 |mscpnrg1.txt |1,8e+04 |
| 7 | 3300 | 5000 |   75 |     0,4500 |1585858073208 |     176 |   194.0 |10,23 |mscpnrg1.txt |1,9e+04 |
| 7 | 3400 | 5000 |   80 |     0,4500 |1585858073208 |     176 |   194.0 |10,23 |mscpnrg1.txt |2,0e+04 |
| 7 | 3500 | 5000 |   80 |     0,4500 |1585858073208 |     176 |   194.0 |10,23 |mscpnrg1.txt |2,1e+04 |
| 7 | 3600 | 5000 |   80 |     0,4500 |1585858073208 |     176 |   194.0 |10,23 |mscpnrg1.txt |2,3e+04 |
| 7 | 3700 | 5000 |   80 |     0,4500 |1585858073208 |     176 |   194.0 |10,23 |mscpnrg1.txt |2,4e+04 |
| 7 | 3800 | 5000 |   85 |     0,4500 |1585858073208 |     176 |   194.0 |10,23 |mscpnrg1.txt |2,5e+04 |
| 7 | 3900 | 5000 |   85 |     0,4500 |1585858073208 |     176 |   194.0 |10,23 |mscpnrg1.txt |2,6e+04 |
| 7 | 4000 | 5000 |   85 |     0,4500 |1585858073208 |     176 |   194.0 |10,23 |mscpnrg1.txt |2,8e+04 |
| 7 | 4100 | 5000 |   85 |     0,4500 |1585858073208 |     176 |   194.0 |10,23 |mscpnrg1.txt |2,9e+04 |
| 7 | 4200 | 5000 |   90 |     0,4500 |1585858073208 |     176 |   194.0 |10,23 |mscpnrg1.txt |3,0e+04 |
| 7 | 4300 | 5000 |   90 |     0,4500 |1585858073208 |     176 |   194.0 |10,23 |mscpnrg1.txt |3,1e+04 |
| 7 | 4400 | 5000 |   90 |     0,4500 |1585858073208 |     176 |   194.0 |10,23 |mscpnrg1.txt |3,2e+04 |
| 7 | 4500 | 5000 |   90 |     0,4500 |1585858073208 |     176 |   194.0 |10,23 |mscpnrg1.txt |3,3e+04 |
| 7 | 4600 | 5000 |   95 |     0,4500 |1585858073208 |     176 |   194.0 |10,23 |mscpnrg1.txt |3,4e+04 |
| 7 | 4700 | 5000 |   95 |     0,4500 |1585858073208 |     176 |   194.0 |10,23 |mscpnrg1.txt |3,5e+04 |
| 7 | 4800 | 5000 |   95 |     0,4500 |1585858073208 |     176 |   194.0 |10,23 |mscpnrg1.txt |3,6e+04 |
| 7 | 4900 | 5000 |   95 |     0,4500 |1585858073208 |     176 |   194.0 |10,23 |mscpnrg1.txt |3,7e+04 |
| 7 | 5000 | 5000 |  100 |     0,4500 |1585858073208 |     176 |   194.0 |10,23 |mscpnrg1.txt |3,9e+04 |
| 7 | 1000 | 5000 |  100 |     0,4500 |1585858073208 |     176 |   194.0 |10,23 |mscpnrg1.txt |3,9e+04 |
| 8 |    1 | 5000 |   35 |     0,2500 |1585896617723 |     176 | 11214.0 |6271,59 |mscpnrg1.txt |0,044 |
| 8 |  100 | 5000 |   35 |     0,4500 |1585896617723 |     176 | 10254.0 |5726,14 |mscpnrg1.txt |  4,9 |
| 8 |  200 | 5000 |   35 |     0,3714 |1585896617723 |     176 |  9895.0 |5522,16 |mscpnrg1.txt |   11 |
| 8 |  300 | 5000 |   35 |     0,4500 |1585896617723 |     176 |  9581.0 |5343,75 |mscpnrg1.txt |   16 |
| 8 |  400 | 5000 |   35 |     0,4286 |1585896617723 |     176 |  9287.0 |5176,70 |mscpnrg1.txt |   21 |
| 8 |  500 | 5000 |   40 |     0,4500 |1585896617723 |     176 |   197.0 |11,93 |mscpnrg1.txt |7,3e+02 |
| 8 |  600 | 5000 |   40 |     0,4500 |1585896617723 |     176 |   197.0 |11,93 |mscpnrg1.txt |1,5e+03 |
| 8 |  700 | 5000 |   40 |     0,3000 |1585896617723 |     176 |   197.0 |11,93 |mscpnrg1.txt |2,1e+03 |
| 8 |  800 | 5000 |   40 |     0,4500 |1585896617723 |     176 |   197.0 |11,93 |mscpnrg1.txt |2,4e+03 |
| 8 |  900 | 5000 |   45 |     0,4444 |1585896617723 |     176 |   197.0 |11,93 |mscpnrg1.txt |3,0e+03 |
| 8 | 1000 | 5000 |   45 |     0,4444 |1585896617723 |     176 |   197.0 |11,93 |mscpnrg1.txt |3,5e+03 |
| 8 | 1100 | 5000 |   45 |     0,4444 |1585896617723 |     176 |   197.0 |11,93 |mscpnrg1.txt |4,2e+03 |
| 8 | 1200 | 5000 |   45 |     0,4444 |1585896617723 |     176 |   197.0 |11,93 |mscpnrg1.txt |4,8e+03 |
| 8 | 1300 | 5000 |   50 |     0,4500 |1585896617723 |     176 |   197.0 |11,93 |mscpnrg1.txt |5,6e+03 |
| 8 | 1400 | 5000 |   50 |     0,4500 |1585896617723 |     176 |   197.0 |11,93 |mscpnrg1.txt |6,1e+03 |
| 8 | 1500 | 5000 |   50 |     0,4500 |1585896617723 |     176 |   197.0 |11,93 |mscpnrg1.txt |6,6e+03 |
| 8 | 1600 | 5000 |   50 |     0,4500 |1585896617723 |     176 |   197.0 |11,93 |mscpnrg1.txt |7,0e+03 |
| 8 | 1700 | 5000 |   55 |     0,4500 |1585896617723 |     176 |   197.0 |11,93 |mscpnrg1.txt |7,8e+03 |
| 8 | 1800 | 5000 |   55 |     0,4500 |1585896617723 |     176 |   197.0 |11,93 |mscpnrg1.txt |8,5e+03 |
| 8 | 1900 | 5000 |   55 |     0,4500 |1585896617723 |     176 |   197.0 |11,93 |mscpnrg1.txt |9,2e+03 |
| 8 | 2000 | 5000 |   55 |     0,4500 |1585896617723 |     176 |   197.0 |11,93 |mscpnrg1.txt |9,6e+03 |
| 8 | 2100 | 5000 |   60 |     0,4500 |1585896617723 |     176 |   197.0 |11,93 |mscpnrg1.txt |1,0e+04 |
| 8 | 2200 | 5000 |   60 |     0,4500 |1585896617723 |     176 |   197.0 |11,93 |mscpnrg1.txt |1,1e+04 |
| 8 | 2300 | 5000 |   60 |     0,4500 |1585896617723 |     176 |   197.0 |11,93 |mscpnrg1.txt |1,2e+04 |
| 8 | 2400 | 5000 |   60 |     0,4500 |1585896617723 |     176 |   197.0 |11,93 |mscpnrg1.txt |1,3e+04 |
| 8 | 2500 | 5000 |   65 |     0,4500 |1585896617723 |     176 |   197.0 |11,93 |mscpnrg1.txt |1,4e+04 |
| 8 | 2600 | 5000 |   65 |     0,4500 |1585896617723 |     176 |   197.0 |11,93 |mscpnrg1.txt |1,5e+04 |
| 8 | 2700 | 5000 |   65 |     0,4500 |1585896617723 |     176 |   197.0 |11,93 |mscpnrg1.txt |1,5e+04 |
| 8 | 2800 | 5000 |   65 |     0,4500 |1585896617723 |     176 |   197.0 |11,93 |mscpnrg1.txt |1,6e+04 |
| 8 | 2900 | 5000 |   70 |     0,4500 |1585896617723 |     176 |   197.0 |11,93 |mscpnrg1.txt |1,6e+04 |
| 8 | 3000 | 5000 |   70 |     0,4500 |1585896617723 |     176 |   197.0 |11,93 |mscpnrg1.txt |1,7e+04 |
| 8 | 3100 | 5000 |   70 |     0,4500 |1585896617723 |     176 |   197.0 |11,93 |mscpnrg1.txt |1,8e+04 |
| 8 | 3200 | 5000 |   70 |     0,4500 |1585896617723 |     176 |   197.0 |11,93 |mscpnrg1.txt |1,8e+04 |
| 8 | 3300 | 5000 |   75 |     0,4500 |1585896617723 |     176 |   197.0 |11,93 |mscpnrg1.txt |1,9e+04 |
| 8 | 3400 | 5000 |   75 |     0,4500 |1585896617723 |     176 |   197.0 |11,93 |mscpnrg1.txt |2,0e+04 |
| 8 | 3500 | 5000 |   75 |     0,4500 |1585896617723 |     176 |   197.0 |11,93 |mscpnrg1.txt |2,0e+04 |
| 8 | 3600 | 5000 |   75 |     0,4500 |1585896617723 |     176 |   195.0 |10,80 |mscpnrg1.txt |2,1e+04 |
| 8 | 3700 | 5000 |   80 |     0,4500 |1585896617723 |     176 |   195.0 |10,80 |mscpnrg1.txt |2,1e+04 |
| 8 | 3800 | 5000 |   80 |     0,4500 |1585896617723 |     176 |   195.0 |10,80 |mscpnrg1.txt |2,2e+04 |
| 8 | 3900 | 5000 |   80 |     0,4500 |1585896617723 |     176 |   195.0 |10,80 |mscpnrg1.txt |2,3e+04 |
| 8 | 4000 | 5000 |   80 |     0,4500 |1585896617723 |     176 |   195.0 |10,80 |mscpnrg1.txt |2,3e+04 |
| 8 | 4100 | 5000 |   85 |     0,4500 |1585896617723 |     176 |   195.0 |10,80 |mscpnrg1.txt |2,4e+04 |
| 8 | 4200 | 5000 |   85 |     0,4500 |1585896617723 |     176 |   195.0 |10,80 |mscpnrg1.txt |2,5e+04 |
| 8 | 4300 | 5000 |   85 |     0,4500 |1585896617723 |     176 |   195.0 |10,80 |mscpnrg1.txt |2,5e+04 |
| 8 | 4400 | 5000 |   85 |     0,4500 |1585896617723 |     176 |   195.0 |10,80 |mscpnrg1.txt |2,5e+04 |
| 8 | 4500 | 5000 |   90 |     0,4500 |1585896617723 |     176 |   195.0 |10,80 |mscpnrg1.txt |2,6e+04 |
| 8 | 4600 | 5000 |   90 |     0,4500 |1585896617723 |     176 |   195.0 |10,80 |mscpnrg1.txt |2,7e+04 |
| 8 | 4700 | 5000 |   90 |     0,4500 |1585896617723 |     176 |   195.0 |10,80 |mscpnrg1.txt |2,8e+04 |
| 8 | 4800 | 5000 |   90 |     0,4500 |1585896617723 |     176 |   195.0 |10,80 |mscpnrg1.txt |2,8e+04 |
| 8 | 4900 | 5000 |   95 |     0,4500 |1585896617723 |     176 |   195.0 |10,80 |mscpnrg1.txt |3,0e+04 |
| 8 | 5000 | 5000 |   95 |     0,4500 |1585896617723 |     176 |   195.0 |10,80 |mscpnrg1.txt |3,1e+04 |
| 8 | 1000 | 5000 |   95 |     0,4500 |1585896617723 |     176 |   195.0 |10,80 |mscpnrg1.txt |3,1e+04 |
| 9 |    1 | 5000 |   35 |     0,2500 |1585927224184 |     176 | 11305.0 |6323,30 |mscpnrg1.txt |0,048 |
| 9 |  100 | 5000 |   35 |     0,4286 |1585927224184 |     176 | 10126.0 |5653,41 |mscpnrg1.txt |  6,0 |
| 9 |  200 | 5000 |   35 |     0,4286 |1585927224184 |     176 |  9673.0 |5396,02 |mscpnrg1.txt |   12 |
| 9 |  300 | 5000 |   35 |     0,3429 |1585927224184 |     176 |  9401.0 |5241,48 |mscpnrg1.txt |   18 |
| 9 |  400 | 5000 |   40 |     0,4500 |1585927224184 |     176 |   196.0 |11,36 |mscpnrg1.txt |8,3e+02 |
| 9 |  500 | 5000 |   40 |     0,4500 |1585927224184 |     176 |   196.0 |11,36 |mscpnrg1.txt |1,9e+03 |
| 9 |  600 | 5000 |   40 |     0,4000 |1585927224184 |     176 |   196.0 |11,36 |mscpnrg1.txt |2,7e+03 |
| 9 |  700 | 5000 |   40 |     0,4500 |1585927224184 |     176 |   196.0 |11,36 |mscpnrg1.txt |3,3e+03 |
| 9 |  800 | 5000 |   45 |     0,4500 |1585927224184 |     176 |   196.0 |11,36 |mscpnrg1.txt |4,2e+03 |
| 9 |  900 | 5000 |   45 |     0,2889 |1585927224184 |     176 |   196.0 |11,36 |mscpnrg1.txt |4,8e+03 |
| 9 | 1000 | 5000 |   45 |     0,3333 |1585927224184 |     176 |   196.0 |11,36 |mscpnrg1.txt |5,4e+03 |
| 9 | 1100 | 5000 |   45 |     0,3333 |1585927224184 |     176 |   196.0 |11,36 |mscpnrg1.txt |5,9e+03 |
| 9 | 1200 | 5000 |   50 |     0,4500 |1585927224184 |     176 |   196.0 |11,36 |mscpnrg1.txt |6,8e+03 |
| 9 | 1300 | 5000 |   50 |     0,4200 |1585927224184 |     176 |   196.0 |11,36 |mscpnrg1.txt |7,4e+03 |
| 9 | 1400 | 5000 |   50 |     0,4200 |1585927224184 |     176 |   196.0 |11,36 |mscpnrg1.txt |7,9e+03 |
| 9 | 1500 | 5000 |   50 |     0,4200 |1585927224184 |     176 |   196.0 |11,36 |mscpnrg1.txt |8,4e+03 |
| 9 | 1600 | 5000 |   55 |     0,4182 |1585927224184 |     176 |   196.0 |11,36 |mscpnrg1.txt |9,1e+03 |
| 9 | 1700 | 5000 |   55 |     0,4182 |1585927224184 |     176 |   196.0 |11,36 |mscpnrg1.txt |9,9e+03 |
| 9 | 1800 | 5000 |   55 |     0,4364 |1585927224184 |     176 |   196.0 |11,36 |mscpnrg1.txt |1,1e+04 |
| 9 | 1900 | 5000 |   55 |     0,4364 |1585927224184 |     176 |   196.0 |11,36 |mscpnrg1.txt |1,1e+04 |
| 9 | 2000 | 5000 |   60 |     0,4500 |1585927224184 |     176 |   196.0 |11,36 |mscpnrg1.txt |1,2e+04 |
| 9 | 2100 | 5000 |   60 |     0,4500 |1585927224184 |     176 |   194.0 |10,23 |mscpnrg1.txt |1,3e+04 |
| 9 | 2200 | 5000 |   60 |     0,4500 |1585927224184 |     176 |   194.0 |10,23 |mscpnrg1.txt |1,3e+04 |
| 9 | 2300 | 5000 |   60 |     0,4500 |1585927224184 |     176 |   194.0 |10,23 |mscpnrg1.txt |1,4e+04 |
| 9 | 2400 | 5000 |   65 |     0,4500 |1585927224184 |     176 |   194.0 |10,23 |mscpnrg1.txt |1,5e+04 |
| 9 | 2500 | 5000 |   65 |     0,4500 |1585927224184 |     176 |   194.0 |10,23 |mscpnrg1.txt |1,6e+04 |
| 9 | 2600 | 5000 |   65 |     0,4500 |1585927224184 |     176 |   194.0 |10,23 |mscpnrg1.txt |1,7e+04 |
| 9 | 2700 | 5000 |   65 |     0,4500 |1585927224184 |     176 |   194.0 |10,23 |mscpnrg1.txt |1,7e+04 |
| 9 | 2800 | 5000 |   70 |     0,4500 |1585927224184 |     176 |   194.0 |10,23 |mscpnrg1.txt |1,8e+04 |
| 9 | 2900 | 5000 |   70 |     0,4500 |1585927224184 |     176 |   194.0 |10,23 |mscpnrg1.txt |2,0e+04 |
| 9 | 3000 | 5000 |   70 |     0,4500 |1585927224184 |     176 |   194.0 |10,23 |mscpnrg1.txt |2,1e+04 |
| 9 | 3100 | 5000 |   70 |     0,4500 |1585927224184 |     176 |   194.0 |10,23 |mscpnrg1.txt |2,2e+04 |
| 9 | 3200 | 5000 |   75 |     0,4500 |1585927224184 |     176 |   194.0 |10,23 |mscpnrg1.txt |2,3e+04 |
| 9 | 3300 | 5000 |   75 |     0,4500 |1585927224184 |     176 |   194.0 |10,23 |mscpnrg1.txt |2,4e+04 |
| 9 | 3400 | 5000 |   75 |     0,4500 |1585927224184 |     176 |   194.0 |10,23 |mscpnrg1.txt |2,5e+04 |
| 9 | 3500 | 5000 |   75 |     0,4500 |1585927224184 |     176 |   194.0 |10,23 |mscpnrg1.txt |2,6e+04 |
| 9 | 3600 | 5000 |   80 |     0,4500 |1585927224184 |     176 |   194.0 |10,23 |mscpnrg1.txt |2,7e+04 |
| 9 | 3700 | 5000 |   80 |     0,4500 |1585927224184 |     176 |   194.0 |10,23 |mscpnrg1.txt |2,8e+04 |
| 9 | 3800 | 5000 |   80 |     0,4500 |1585927224184 |     176 |   194.0 |10,23 |mscpnrg1.txt |2,9e+04 |
| 9 | 3900 | 5000 |   80 |     0,4500 |1585927224184 |     176 |   194.0 |10,23 |mscpnrg1.txt |3,0e+04 |
| 9 | 4000 | 5000 |   85 |     0,4500 |1585927224184 |     176 |   194.0 |10,23 |mscpnrg1.txt |3,1e+04 |
| 9 | 4100 | 5000 |   85 |     0,4500 |1585927224184 |     176 |   194.0 |10,23 |mscpnrg1.txt |3,3e+04 |
| 9 | 4200 | 5000 |   85 |     0,4500 |1585927224184 |     176 |   194.0 |10,23 |mscpnrg1.txt |3,4e+04 |
| 9 | 4300 | 5000 |   85 |     0,4500 |1585927224184 |     176 |   194.0 |10,23 |mscpnrg1.txt |3,6e+04 |
| 9 | 4400 | 5000 |   90 |     0,4500 |1585927224184 |     176 |   194.0 |10,23 |mscpnrg1.txt |3,8e+04 |
| 9 | 4500 | 5000 |   90 |     0,4500 |1585927224184 |     176 |   194.0 |10,23 |mscpnrg1.txt |3,9e+04 |
| 9 | 4600 | 5000 |   90 |     0,4500 |1585927224184 |     176 |   194.0 |10,23 |mscpnrg1.txt |4,0e+04 |
| 9 | 4700 | 5000 |   90 |     0,4500 |1585927224184 |     176 |   194.0 |10,23 |mscpnrg1.txt |4,0e+04 |
| 9 | 4800 | 5000 |   95 |     0,4500 |1585927224184 |     176 |   194.0 |10,23 |mscpnrg1.txt |4,2e+04 |
| 9 | 4900 | 5000 |   95 |     0,4500 |1585927224184 |     176 |   194.0 |10,23 |mscpnrg1.txt |4,3e+04 |
| 9 | 5000 | 5000 |   95 |     0,4500 |1585927224184 |     176 |   194.0 |10,23 |mscpnrg1.txt |4,4e+04 |
| 9 | 1000 | 5000 |   95 |     0,4500 |1585927224184 |     176 |   194.0 |10,23 |mscpnrg1.txt |4,4e+04 |
|10 |    1 | 5000 |   35 |     0,2500 |1585970984700 |     176 | 11320.0 |6331,82 |mscpnrg1.txt |0,065 |
|10 |  100 | 5000 |   35 |     0,2571 |1585970984700 |     176 | 10592.0 |5918,18 |mscpnrg1.txt |  5,7 |
|10 |  200 | 5000 |   40 |     0,4500 |1585970984700 |     176 |   197.0 |11,93 |mscpnrg1.txt |7,0e+02 |
|10 |  300 | 5000 |   40 |     0,4500 |1585970984700 |     176 |   197.0 |11,93 |mscpnrg1.txt |1,6e+03 |
|10 |  400 | 5000 |   40 |     0,3750 |1585970984700 |     176 |   197.0 |11,93 |mscpnrg1.txt |2,2e+03 |
|10 |  500 | 5000 |   40 |     0,4500 |1585970984700 |     176 |   197.0 |11,93 |mscpnrg1.txt |2,8e+03 |
|10 |  600 | 5000 |   45 |     0,4500 |1585970984700 |     176 |   197.0 |11,93 |mscpnrg1.txt |3,7e+03 |
|10 |  700 | 5000 |   45 |     0,3111 |1585970984700 |     176 |   197.0 |11,93 |mscpnrg1.txt |4,3e+03 |
|10 |  800 | 5000 |   45 |     0,3111 |1585970984700 |     176 |   196.0 |11,36 |mscpnrg1.txt |4,8e+03 |
|10 |  900 | 5000 |   45 |     0,3333 |1585970984700 |     176 |   196.0 |11,36 |mscpnrg1.txt |5,3e+03 |
|10 | 1000 | 5000 |   50 |     0,4500 |1585970984700 |     176 |   196.0 |11,36 |mscpnrg1.txt |6,1e+03 |
|10 | 1100 | 5000 |   50 |     0,4500 |1585970984700 |     176 |   196.0 |11,36 |mscpnrg1.txt |6,6e+03 |
|10 | 1200 | 5000 |   50 |     0,4500 |1585970984700 |     176 |   196.0 |11,36 |mscpnrg1.txt |7,1e+03 |
|10 | 1300 | 5000 |   50 |     0,4500 |1585970984700 |     176 |   196.0 |11,36 |mscpnrg1.txt |7,6e+03 |
|10 | 1400 | 5000 |   55 |     0,4500 |1585970984700 |     176 |   196.0 |11,36 |mscpnrg1.txt |8,3e+03 |
|10 | 1500 | 5000 |   55 |     0,4500 |1585970984700 |     176 |   196.0 |11,36 |mscpnrg1.txt |9,0e+03 |
|10 | 1600 | 5000 |   55 |     0,4500 |1585970984700 |     176 |   196.0 |11,36 |mscpnrg1.txt |9,7e+03 |
|10 | 1700 | 5000 |   55 |     0,4500 |1585970984700 |     176 |   196.0 |11,36 |mscpnrg1.txt |1,0e+04 |
|10 | 1800 | 5000 |   60 |     0,4500 |1585970984700 |     176 |   196.0 |11,36 |mscpnrg1.txt |1,1e+04 |
|10 | 1900 | 5000 |   60 |     0,4500 |1585970984700 |     176 |   196.0 |11,36 |mscpnrg1.txt |1,3e+04 |
|10 | 2000 | 5000 |   60 |     0,4500 |1585970984700 |     176 |   196.0 |11,36 |mscpnrg1.txt |1,4e+04 |
|10 | 2100 | 5000 |   60 |     0,4500 |1585970984700 |     176 |   196.0 |11,36 |mscpnrg1.txt |1,5e+04 |
|10 | 2200 | 5000 |   65 |     0,4500 |1585970984700 |     176 |   196.0 |11,36 |mscpnrg1.txt |1,6e+04 |
|10 | 2300 | 5000 |   65 |     0,4500 |1585970984700 |     176 |   196.0 |11,36 |mscpnrg1.txt |1,7e+04 |
|10 | 2400 | 5000 |   65 |     0,4500 |1585970984700 |     176 |   196.0 |11,36 |mscpnrg1.txt |1,8e+04 |
|10 | 2500 | 5000 |   65 |     0,4500 |1585970984700 |     176 |   196.0 |11,36 |mscpnrg1.txt |1,9e+04 |
|10 | 2600 | 5000 |   70 |     0,4500 |1585970984700 |     176 |   196.0 |11,36 |mscpnrg1.txt |2,0e+04 |
|10 | 2700 | 5000 |   70 |     0,4500 |1585970984700 |     176 |   196.0 |11,36 |mscpnrg1.txt |2,1e+04 |
|10 | 2800 | 5000 |   70 |     0,4500 |1585970984700 |     176 |   196.0 |11,36 |mscpnrg1.txt |2,2e+04 |
|10 | 2900 | 5000 |   70 |     0,4500 |1585970984700 |     176 |   196.0 |11,36 |mscpnrg1.txt |2,2e+04 |
|10 | 3000 | 5000 |   75 |     0,4500 |1585970984700 |     176 |   196.0 |11,36 |mscpnrg1.txt |2,4e+04 |
|10 | 3100 | 5000 |   75 |     0,4500 |1585970984700 |     176 |   196.0 |11,36 |mscpnrg1.txt |2,4e+04 |
|10 | 3200 | 5000 |   75 |     0,4500 |1585970984700 |     176 |   196.0 |11,36 |mscpnrg1.txt |2,5e+04 |
|10 | 3300 | 5000 |   75 |     0,4500 |1585970984700 |     176 |   196.0 |11,36 |mscpnrg1.txt |2,5e+04 |
|10 | 3400 | 5000 |   80 |     0,4500 |1585970984700 |     176 |   196.0 |11,36 |mscpnrg1.txt |2,6e+04 |
|10 | 3500 | 5000 |   80 |     0,4500 |1585970984700 |     176 |   196.0 |11,36 |mscpnrg1.txt |2,7e+04 |
|10 | 3600 | 5000 |   80 |     0,4500 |1585970984700 |     176 |   196.0 |11,36 |mscpnrg1.txt |2,8e+04 |
|10 | 3700 | 5000 |   80 |     0,4500 |1585970984700 |     176 |   196.0 |11,36 |mscpnrg1.txt |2,8e+04 |
|10 | 3800 | 5000 |   85 |     0,4500 |1585970984700 |     176 |   196.0 |11,36 |mscpnrg1.txt |2,9e+04 |
|10 | 3900 | 5000 |   85 |     0,4500 |1585970984700 |     176 |   196.0 |11,36 |mscpnrg1.txt |3,0e+04 |
|10 | 4000 | 5000 |   85 |     0,4500 |1585970984700 |     176 |   196.0 |11,36 |mscpnrg1.txt |3,1e+04 |
|10 | 4100 | 5000 |   85 |     0,4500 |1585970984700 |     176 |   196.0 |11,36 |mscpnrg1.txt |3,2e+04 |
|10 | 4200 | 5000 |   90 |     0,4500 |1585970984700 |     176 |   196.0 |11,36 |mscpnrg1.txt |3,4e+04 |
|10 | 4300 | 5000 |   90 |     0,4500 |1585970984700 |     176 |   196.0 |11,36 |mscpnrg1.txt |3,5e+04 |
|10 | 4400 | 5000 |   90 |     0,4500 |1585970984700 |     176 |   196.0 |11,36 |mscpnrg1.txt |3,6e+04 |
|10 | 4500 | 5000 |   90 |     0,4500 |1585970984700 |     176 |   196.0 |11,36 |mscpnrg1.txt |3,7e+04 |
|10 | 4600 | 5000 |   95 |     0,4500 |1585970984700 |     176 |   196.0 |11,36 |mscpnrg1.txt |3,8e+04 |
|10 | 4700 | 5000 |   95 |     0,4500 |1585970984700 |     176 |   196.0 |11,36 |mscpnrg1.txt |3,9e+04 |
|10 | 4800 | 5000 |   95 |     0,4500 |1585970984700 |     176 |   196.0 |11,36 |mscpnrg1.txt |4,0e+04 |
|10 | 4900 | 5000 |   95 |     0,4500 |1585970984700 |     176 |   196.0 |11,36 |mscpnrg1.txt |4,2e+04 |
|10 | 5000 | 5000 |  100 |     0,4500 |1585970984700 |     176 |   196.0 |11,36 |mscpnrg1.txt |4,3e+04 |
|10 | 1000 | 5000 |  100 |     0,4500 |1585970984700 |     176 |   196.0 |11,36 |mscpnrg1.txt |4,3e+04 |
|11 |    1 | 5000 |   35 |     0,2500 |1586014088553 |     176 | 11301.0 |6321,02 |mscpnrg1.txt |0,061 |
|11 |  100 | 5000 |   35 |     0,3714 |1586014088553 |     176 | 10200.0 |5695,45 |mscpnrg1.txt |  5,6 |
|11 |  200 | 5000 |   35 |     0,4500 |1586014088553 |     176 |  9746.0 |5437,50 |mscpnrg1.txt |   12 |
|11 |  300 | 5000 |   35 |     0,3714 |1586014088553 |     176 |  9547.0 |5324,43 |mscpnrg1.txt |   18 |
|11 |  400 | 5000 |   35 |     0,4286 |1586014088553 |     176 |  9352.0 |5213,64 |mscpnrg1.txt |   24 |
|11 |  500 | 5000 |   40 |     0,4500 |1586014088553 |     176 |   197.0 |11,93 |mscpnrg1.txt |8,3e+02 |
|11 |  600 | 5000 |   40 |     0,4500 |1586014088553 |     176 |   197.0 |11,93 |mscpnrg1.txt |1,9e+03 |
|11 |  700 | 5000 |   40 |     0,4500 |1586014088553 |     176 |   197.0 |11,93 |mscpnrg1.txt |2,7e+03 |
|11 |  800 | 5000 |   40 |     0,4250 |1586014088553 |     176 |   197.0 |11,93 |mscpnrg1.txt |3,1e+03 |
|11 |  900 | 5000 |   45 |     0,4222 |1586014088553 |     176 |   197.0 |11,93 |mscpnrg1.txt |3,8e+03 |
|11 | 1000 | 5000 |   45 |     0,4500 |1586014088553 |     176 |   197.0 |11,93 |mscpnrg1.txt |4,5e+03 |
|11 | 1100 | 5000 |   45 |     0,4500 |1586014088553 |     176 |   197.0 |11,93 |mscpnrg1.txt |5,2e+03 |
|11 | 1200 | 5000 |   45 |     0,4500 |1586014088553 |     176 |   197.0 |11,93 |mscpnrg1.txt |6,0e+03 |
|11 | 1300 | 5000 |   50 |     0,4500 |1586014088553 |     176 |   197.0 |11,93 |mscpnrg1.txt |7,1e+03 |
|11 | 1400 | 5000 |   50 |     0,4500 |1586014088553 |     176 |   197.0 |11,93 |mscpnrg1.txt |8,2e+03 |
|11 | 1500 | 5000 |   50 |     0,4500 |1586014088553 |     176 |   197.0 |11,93 |mscpnrg1.txt |9,2e+03 |
|11 | 1600 | 5000 |   50 |     0,4500 |1586014088553 |     176 |   197.0 |11,93 |mscpnrg1.txt |1,0e+04 |
|11 | 1700 | 5000 |   55 |     0,4500 |1586014088553 |     176 |   197.0 |11,93 |mscpnrg1.txt |1,2e+04 |
|11 | 1800 | 5000 |   55 |     0,4500 |1586014088553 |     176 |   197.0 |11,93 |mscpnrg1.txt |1,3e+04 |
|11 | 1900 | 5000 |   55 |     0,4500 |1586014088553 |     176 |   197.0 |11,93 |mscpnrg1.txt |1,3e+04 |
|11 | 2000 | 5000 |   55 |     0,4500 |1586014088553 |     176 |   197.0 |11,93 |mscpnrg1.txt |1,4e+04 |
|11 | 2100 | 5000 |   60 |     0,4500 |1586014088553 |     176 |   197.0 |11,93 |mscpnrg1.txt |1,5e+04 |
|11 | 2200 | 5000 |   60 |     0,4500 |1586014088553 |     176 |   197.0 |11,93 |mscpnrg1.txt |1,6e+04 |
|11 | 2300 | 5000 |   60 |     0,4500 |1586014088553 |     176 |   197.0 |11,93 |mscpnrg1.txt |1,8e+04 |
|11 | 2400 | 5000 |   60 |     0,4500 |1586014088553 |     176 |   197.0 |11,93 |mscpnrg1.txt |1,9e+04 |
|11 | 2500 | 5000 |   65 |     0,4500 |1586014088553 |     176 |   197.0 |11,93 |mscpnrg1.txt |2,0e+04 |
|11 | 2600 | 5000 |   65 |     0,4500 |1586014088553 |     176 |   197.0 |11,93 |mscpnrg1.txt |2,1e+04 |
|11 | 2700 | 5000 |   65 |     0,4500 |1586014088553 |     176 |   196.0 |11,36 |mscpnrg1.txt |2,3e+04 |
|11 | 2800 | 5000 |   65 |     0,4500 |1586014088553 |     176 |   196.0 |11,36 |mscpnrg1.txt |2,4e+04 |
|11 | 2900 | 5000 |   70 |     0,4500 |1586014088553 |     176 |   196.0 |11,36 |mscpnrg1.txt |2,5e+04 |
|11 | 3000 | 5000 |   70 |     0,4500 |1586014088553 |     176 |   196.0 |11,36 |mscpnrg1.txt |2,6e+04 |
|11 | 3100 | 5000 |   70 |     0,4500 |1586014088553 |     176 |   196.0 |11,36 |mscpnrg1.txt |2,7e+04 |
|11 | 3200 | 5000 |   70 |     0,4500 |1586014088553 |     176 |   196.0 |11,36 |mscpnrg1.txt |2,8e+04 |
|11 | 3300 | 5000 |   75 |     0,4500 |1586014088553 |     176 |   196.0 |11,36 |mscpnrg1.txt |2,9e+04 |
|11 | 3400 | 5000 |   75 |     0,4500 |1586014088553 |     176 |   196.0 |11,36 |mscpnrg1.txt |3,0e+04 |
|11 | 3500 | 5000 |   75 |     0,4500 |1586014088553 |     176 |   196.0 |11,36 |mscpnrg1.txt |3,1e+04 |
|11 | 3600 | 5000 |   75 |     0,4500 |1586014088553 |     176 |   196.0 |11,36 |mscpnrg1.txt |3,2e+04 |
|11 | 3700 | 5000 |   80 |     0,4500 |1586014088553 |     176 |   196.0 |11,36 |mscpnrg1.txt |3,4e+04 |
|11 | 3800 | 5000 |   80 |     0,4500 |1586014088553 |     176 |   196.0 |11,36 |mscpnrg1.txt |3,5e+04 |
|11 | 3900 | 5000 |   80 |     0,4500 |1586014088553 |     176 |   196.0 |11,36 |mscpnrg1.txt |3,7e+04 |
|11 | 4000 | 5000 |   80 |     0,4500 |1586014088553 |     176 |   196.0 |11,36 |mscpnrg1.txt |3,8e+04 |
|11 | 4100 | 5000 |   85 |     0,4500 |1586014088553 |     176 |   193.0 | 9,66 |mscpnrg1.txt |4,0e+04 |
|11 | 4200 | 5000 |   85 |     0,4500 |1586014088553 |     176 |   193.0 | 9,66 |mscpnrg1.txt |4,1e+04 |
|11 | 4300 | 5000 |   85 |     0,4500 |1586014088553 |     176 |   193.0 | 9,66 |mscpnrg1.txt |4,3e+04 |
|11 | 4400 | 5000 |   85 |     0,4500 |1586014088553 |     176 |   193.0 | 9,66 |mscpnrg1.txt |4,4e+04 |
|11 | 4500 | 5000 |   90 |     0,4500 |1586014088553 |     176 |   193.0 | 9,66 |mscpnrg1.txt |4,6e+04 |
|11 | 4600 | 5000 |   90 |     0,4500 |1586014088553 |     176 |   193.0 | 9,66 |mscpnrg1.txt |4,7e+04 |
|11 | 4700 | 5000 |   90 |     0,4500 |1586014088553 |     176 |   193.0 | 9,66 |mscpnrg1.txt |4,8e+04 |
|11 | 4800 | 5000 |   90 |     0,4500 |1586014088553 |     176 |   193.0 | 9,66 |mscpnrg1.txt |4,9e+04 |
|11 | 4900 | 5000 |   95 |     0,4500 |1586014088553 |     176 |   193.0 | 9,66 |mscpnrg1.txt |5,0e+04 |
|11 | 5000 | 5000 |   95 |     0,4500 |1586014088553 |     176 |   193.0 | 9,66 |mscpnrg1.txt |5,1e+04 |
|11 | 1000 | 5000 |   95 |     0,4500 |1586014088553 |     176 |   193.0 | 9,66 |mscpnrg1.txt |5,1e+04 |
|12 |    1 | 5000 |   35 |     0,2500 |1586065313923 |     176 | 11128.0 |6222,73 |mscpnrg1.txt |0,079 |
|12 |  100 | 5000 |   35 |     0,3429 |1586065313923 |     176 |  9979.0 |5569,89 |mscpnrg1.txt |  4,6 |
|12 |  200 | 5000 |   35 |     0,4286 |1586065313923 |     176 |  9524.0 |5311,36 |mscpnrg1.txt |  9,9 |
|12 |  300 | 5000 |   40 |     0,4500 |1586065313923 |     176 |   196.0 |11,36 |mscpnrg1.txt |5,7e+02 |
|12 |  400 | 5000 |   40 |     0,4500 |1586065313923 |     176 |   196.0 |11,36 |mscpnrg1.txt |1,3e+03 |
|12 |  500 | 5000 |   40 |     0,4500 |1586065313923 |     176 |   196.0 |11,36 |mscpnrg1.txt |2,0e+03 |
|12 |  600 | 5000 |   40 |     0,3000 |1586065313923 |     176 |   196.0 |11,36 |mscpnrg1.txt |2,5e+03 |
|12 |  700 | 5000 |   45 |     0,4444 |1586065313923 |     176 |   196.0 |11,36 |mscpnrg1.txt |2,9e+03 |
|12 |  800 | 5000 |   45 |     0,4500 |1586065313923 |     176 |   196.0 |11,36 |mscpnrg1.txt |3,4e+03 |
|12 |  900 | 5000 |   45 |     0,4500 |1586065313923 |     176 |   196.0 |11,36 |mscpnrg1.txt |3,9e+03 |
|12 | 1000 | 5000 |   45 |     0,4500 |1586065313923 |     176 |   196.0 |11,36 |mscpnrg1.txt |4,5e+03 |
|12 | 1100 | 5000 |   50 |     0,4500 |1586065313923 |     176 |   196.0 |11,36 |mscpnrg1.txt |5,2e+03 |
|12 | 1200 | 5000 |   50 |     0,4500 |1586065313923 |     176 |   196.0 |11,36 |mscpnrg1.txt |5,6e+03 |
|12 | 1300 | 5000 |   50 |     0,4500 |1586065313923 |     176 |   196.0 |11,36 |mscpnrg1.txt |6,0e+03 |
|12 | 1400 | 5000 |   50 |     0,4500 |1586065313923 |     176 |   196.0 |11,36 |mscpnrg1.txt |6,4e+03 |
|12 | 1500 | 5000 |   55 |     0,4500 |1586065313923 |     176 |   196.0 |11,36 |mscpnrg1.txt |7,0e+03 |
|12 | 1600 | 5000 |   55 |     0,4500 |1586065313923 |     176 |   196.0 |11,36 |mscpnrg1.txt |7,7e+03 |
|12 | 1700 | 5000 |   55 |     0,4500 |1586065313923 |     176 |   196.0 |11,36 |mscpnrg1.txt |8,3e+03 |
|12 | 1800 | 5000 |   55 |     0,4500 |1586065313923 |     176 |   196.0 |11,36 |mscpnrg1.txt |8,9e+03 |
|12 | 1900 | 5000 |   60 |     0,4500 |1586065313923 |     176 |   196.0 |11,36 |mscpnrg1.txt |9,8e+03 |
|12 | 2000 | 5000 |   60 |     0,4500 |1586065313923 |     176 |   196.0 |11,36 |mscpnrg1.txt |1,1e+04 |
|12 | 2100 | 5000 |   60 |     0,4500 |1586065313923 |     176 |   196.0 |11,36 |mscpnrg1.txt |1,1e+04 |
|12 | 2200 | 5000 |   60 |     0,4500 |1586065313923 |     176 |   196.0 |11,36 |mscpnrg1.txt |1,2e+04 |
|12 | 2300 | 5000 |   65 |     0,4500 |1586065313923 |     176 |   196.0 |11,36 |mscpnrg1.txt |1,3e+04 |
|12 | 2400 | 5000 |   65 |     0,4500 |1586065313923 |     176 |   196.0 |11,36 |mscpnrg1.txt |1,4e+04 |
|12 | 2500 | 5000 |   65 |     0,4500 |1586065313923 |     176 |   196.0 |11,36 |mscpnrg1.txt |1,5e+04 |
|12 | 2600 | 5000 |   65 |     0,4500 |1586065313923 |     176 |   196.0 |11,36 |mscpnrg1.txt |1,5e+04 |
|12 | 2700 | 5000 |   70 |     0,4500 |1586065313923 |     176 |   196.0 |11,36 |mscpnrg1.txt |1,6e+04 |
|12 | 2800 | 5000 |   70 |     0,4500 |1586065313923 |     176 |   196.0 |11,36 |mscpnrg1.txt |1,7e+04 |
|12 | 2900 | 5000 |   70 |     0,4500 |1586065313923 |     176 |   196.0 |11,36 |mscpnrg1.txt |1,8e+04 |
|12 | 3000 | 5000 |   70 |     0,4500 |1586065313923 |     176 |   196.0 |11,36 |mscpnrg1.txt |1,9e+04 |
|12 | 3100 | 5000 |   75 |     0,4500 |1586065313923 |     176 |   196.0 |11,36 |mscpnrg1.txt |2,0e+04 |
|12 | 3200 | 5000 |   75 |     0,4500 |1586065313923 |     176 |   196.0 |11,36 |mscpnrg1.txt |2,1e+04 |
|12 | 3300 | 5000 |   75 |     0,4500 |1586065313923 |     176 |   196.0 |11,36 |mscpnrg1.txt |2,2e+04 |
|12 | 3400 | 5000 |   75 |     0,4500 |1586065313923 |     176 |   196.0 |11,36 |mscpnrg1.txt |2,4e+04 |
|12 | 3500 | 5000 |   80 |     0,4500 |1586065313923 |     176 |   196.0 |11,36 |mscpnrg1.txt |2,5e+04 |
|12 | 3600 | 5000 |   80 |     0,4500 |1586065313923 |     176 |   196.0 |11,36 |mscpnrg1.txt |2,6e+04 |
|12 | 3700 | 5000 |   80 |     0,4500 |1586065313923 |     176 |   196.0 |11,36 |mscpnrg1.txt |2,6e+04 |
|12 | 3800 | 5000 |   80 |     0,4500 |1586065313923 |     176 |   196.0 |11,36 |mscpnrg1.txt |2,7e+04 |
|12 | 3900 | 5000 |   85 |     0,4500 |1586065313923 |     176 |   196.0 |11,36 |mscpnrg1.txt |2,8e+04 |
|12 | 4000 | 5000 |   85 |     0,4500 |1586065313923 |     176 |   196.0 |11,36 |mscpnrg1.txt |2,9e+04 |
|12 | 4100 | 5000 |   85 |     0,4500 |1586065313923 |     176 |   196.0 |11,36 |mscpnrg1.txt |3,0e+04 |
|12 | 4200 | 5000 |   85 |     0,4500 |1586065313923 |     176 |   196.0 |11,36 |mscpnrg1.txt |3,1e+04 |
|12 | 4300 | 5000 |   90 |     0,4500 |1586065313923 |     176 |   196.0 |11,36 |mscpnrg1.txt |3,2e+04 |
|12 | 4400 | 5000 |   90 |     0,4500 |1586065313923 |     176 |   196.0 |11,36 |mscpnrg1.txt |3,4e+04 |
|12 | 4500 | 5000 |   90 |     0,4500 |1586065313923 |     176 |   196.0 |11,36 |mscpnrg1.txt |3,5e+04 |
|12 | 4600 | 5000 |   90 |     0,4500 |1586065313923 |     176 |   196.0 |11,36 |mscpnrg1.txt |3,6e+04 |
|12 | 4700 | 5000 |   95 |     0,4500 |1586065313923 |     176 |   196.0 |11,36 |mscpnrg1.txt |3,8e+04 |
|12 | 4800 | 5000 |   95 |     0,4500 |1586065313923 |     176 |   196.0 |11,36 |mscpnrg1.txt |3,9e+04 |
|12 | 4900 | 5000 |   95 |     0,4500 |1586065313923 |     176 |   196.0 |11,36 |mscpnrg1.txt |4,1e+04 |
|12 | 5000 | 5000 |   95 |     0,4500 |1586065313923 |     176 |   196.0 |11,36 |mscpnrg1.txt |4,2e+04 |
|12 | 1000 | 5000 |  100 |     0,4500 |1586065313923 |     176 |   196.0 |11,36 |mscpnrg1.txt |4,2e+04 |
|13 |    1 | 5000 |   35 |     0,2500 |1586107259392 |     176 | 11328.0 |6336,36 |mscpnrg1.txt |0,063 |
|13 |  100 | 5000 |   35 |     0,4500 |1586107259392 |     176 | 10337.0 |5773,30 |mscpnrg1.txt |  4,2 |
|13 |  200 | 5000 |   35 |     0,3714 |1586107259392 |     176 |  9894.0 |5521,59 |mscpnrg1.txt |  8,7 |
|13 |  300 | 5000 |   35 |     0,4500 |1586107259392 |     176 |  9791.0 |5463,07 |mscpnrg1.txt |   13 |
|13 |  400 | 5000 |   35 |     0,3429 |1586107259392 |     176 |  9234.0 |5146,59 |mscpnrg1.txt |   18 |
|13 |  500 | 5000 |   40 |     0,4500 |1586107259392 |     176 |   197.0 |11,93 |mscpnrg1.txt |6,2e+02 |
|13 |  600 | 5000 |   40 |     0,4500 |1586107259392 |     176 |   195.0 |10,80 |mscpnrg1.txt |1,4e+03 |
|13 |  700 | 5000 |   40 |     0,4500 |1586107259392 |     176 |   195.0 |10,80 |mscpnrg1.txt |2,3e+03 |
|13 |  800 | 5000 |   40 |     0,4500 |1586107259392 |     176 |   195.0 |10,80 |mscpnrg1.txt |3,1e+03 |
|13 |  900 | 5000 |   45 |     0,4500 |1586107259392 |     176 |   195.0 |10,80 |mscpnrg1.txt |3,9e+03 |
|13 | 1000 | 5000 |   45 |     0,3778 |1586107259392 |     176 |   195.0 |10,80 |mscpnrg1.txt |4,5e+03 |
|13 | 1100 | 5000 |   45 |     0,3778 |1586107259392 |     176 |   195.0 |10,80 |mscpnrg1.txt |5,0e+03 |
|13 | 1200 | 5000 |   45 |     0,4000 |1586107259392 |     176 |   195.0 |10,80 |mscpnrg1.txt |5,6e+03 |
|13 | 1300 | 5000 |   50 |     0,4500 |1586107259392 |     176 |   195.0 |10,80 |mscpnrg1.txt |6,6e+03 |
|13 | 1400 | 5000 |   50 |     0,4200 |1586107259392 |     176 |   195.0 |10,80 |mscpnrg1.txt |7,4e+03 |
|13 | 1500 | 5000 |   50 |     0,4200 |1586107259392 |     176 |   195.0 |10,80 |mscpnrg1.txt |8,2e+03 |
|13 | 1600 | 5000 |   50 |     0,4200 |1586107259392 |     176 |   195.0 |10,80 |mscpnrg1.txt |9,0e+03 |
|13 | 1700 | 5000 |   55 |     0,4500 |1586107259392 |     176 |   195.0 |10,80 |mscpnrg1.txt |1,0e+04 |
|13 | 1800 | 5000 |   55 |     0,4500 |1586107259392 |     176 |   195.0 |10,80 |mscpnrg1.txt |1,1e+04 |
|13 | 1900 | 5000 |   55 |     0,4500 |1586107259392 |     176 |   195.0 |10,80 |mscpnrg1.txt |1,3e+04 |
|13 | 2000 | 5000 |   55 |     0,4500 |1586107259392 |     176 |   195.0 |10,80 |mscpnrg1.txt |1,4e+04 |
|13 | 2100 | 5000 |   60 |     0,4500 |1586107259392 |     176 |   195.0 |10,80 |mscpnrg1.txt |1,5e+04 |
|13 | 2200 | 5000 |   60 |     0,4500 |1586107259392 |     176 |   195.0 |10,80 |mscpnrg1.txt |1,6e+04 |
|13 | 2300 | 5000 |   60 |     0,4500 |1586107259392 |     176 |   195.0 |10,80 |mscpnrg1.txt |1,7e+04 |
|13 | 2400 | 5000 |   60 |     0,4500 |1586107259392 |     176 |   195.0 |10,80 |mscpnrg1.txt |1,8e+04 |
|13 | 2500 | 5000 |   65 |     0,4500 |1586107259392 |     176 |   195.0 |10,80 |mscpnrg1.txt |1,9e+04 |
|13 | 2600 | 5000 |   65 |     0,4500 |1586107259392 |     176 |   195.0 |10,80 |mscpnrg1.txt |2,0e+04 |
|13 | 2700 | 5000 |   65 |     0,4500 |1586107259392 |     176 |   195.0 |10,80 |mscpnrg1.txt |2,2e+04 |
|13 | 2800 | 5000 |   65 |     0,4500 |1586107259392 |     176 |   195.0 |10,80 |mscpnrg1.txt |2,3e+04 |
|13 | 2900 | 5000 |   70 |     0,4500 |1586107259392 |     176 |   195.0 |10,80 |mscpnrg1.txt |2,4e+04 |
|13 | 3000 | 5000 |   70 |     0,4500 |1586107259392 |     176 |   195.0 |10,80 |mscpnrg1.txt |2,6e+04 |
|13 | 3100 | 5000 |   70 |     0,4500 |1586107259392 |     176 |   195.0 |10,80 |mscpnrg1.txt |2,7e+04 |
|13 | 3200 | 5000 |   70 |     0,4500 |1586107259392 |     176 |   193.0 | 9,66 |mscpnrg1.txt |2,8e+04 |
|13 | 3300 | 5000 |   75 |     0,4500 |1586107259392 |     176 |   193.0 | 9,66 |mscpnrg1.txt |3,0e+04 |
|13 | 3400 | 5000 |   75 |     0,4500 |1586107259392 |     176 |   193.0 | 9,66 |mscpnrg1.txt |3,2e+04 |
|13 | 3500 | 5000 |   75 |     0,4500 |1586107259392 |     176 |   193.0 | 9,66 |mscpnrg1.txt |3,3e+04 |
|13 | 3600 | 5000 |   75 |     0,4500 |1586107259392 |     176 |   193.0 | 9,66 |mscpnrg1.txt |3,4e+04 |
|13 | 3700 | 5000 |   80 |     0,4500 |1586107259392 |     176 |   193.0 | 9,66 |mscpnrg1.txt |3,5e+04 |
|13 | 3800 | 5000 |   80 |     0,4500 |1586107259392 |     176 |   193.0 | 9,66 |mscpnrg1.txt |3,6e+04 |
|13 | 3900 | 5000 |   80 |     0,4500 |1586107259392 |     176 |   193.0 | 9,66 |mscpnrg1.txt |3,7e+04 |
|13 | 4000 | 5000 |   80 |     0,4500 |1586107259392 |     176 |   193.0 | 9,66 |mscpnrg1.txt |3,8e+04 |
|13 | 4100 | 5000 |   85 |     0,4500 |1586107259392 |     176 |   190.0 | 7,95 |mscpnrg1.txt |3,9e+04 |
|13 | 4200 | 5000 |   85 |     0,4500 |1586107259392 |     176 |   190.0 | 7,95 |mscpnrg1.txt |4,0e+04 |
|13 | 4300 | 5000 |   85 |     0,4500 |1586107259392 |     176 |   190.0 | 7,95 |mscpnrg1.txt |4,1e+04 |
|13 | 4400 | 5000 |   85 |     0,4500 |1586107259392 |     176 |   190.0 | 7,95 |mscpnrg1.txt |4,3e+04 |
|13 | 4500 | 5000 |   90 |     0,4500 |1586107259392 |     176 |   190.0 | 7,95 |mscpnrg1.txt |4,3e+04 |
|13 | 4600 | 5000 |   90 |     0,4500 |1586107259392 |     176 |   190.0 | 7,95 |mscpnrg1.txt |4,4e+04 |
|13 | 4700 | 5000 |   90 |     0,4500 |1586107259392 |     176 |   190.0 | 7,95 |mscpnrg1.txt |4,5e+04 |
|13 | 4800 | 5000 |   90 |     0,4500 |1586107259392 |     176 |   190.0 | 7,95 |mscpnrg1.txt |4,6e+04 |
|13 | 4900 | 5000 |   95 |     0,4500 |1586107259392 |     176 |   190.0 | 7,95 |mscpnrg1.txt |4,7e+04 |
|13 | 5000 | 5000 |   95 |     0,4500 |1586107259392 |     176 |   190.0 | 7,95 |mscpnrg1.txt |4,7e+04 |
|13 | 1000 | 5000 |   95 |     0,4500 |1586107259392 |     176 |   190.0 | 7,95 |mscpnrg1.txt |4,7e+04 |
|14 |    1 | 5000 |   35 |     0,2500 |1586154756299 |     176 | 11187.0 |6256,25 |mscpnrg1.txt |0,065 |
|14 |  100 | 5000 |   35 |     0,3429 |1586154756299 |     176 | 10095.0 |5635,80 |mscpnrg1.txt |  4,6 |
|14 |  200 | 5000 |   35 |     0,3429 |1586154756299 |     176 |  9663.0 |5390,34 |mscpnrg1.txt |  9,1 |
|14 |  300 | 5000 |   40 |     0,4500 |1586154756299 |     176 |   197.0 |11,93 |mscpnrg1.txt |6,3e+02 |
|14 |  400 | 5000 |   40 |     0,4500 |1586154756299 |     176 |   196.0 |11,36 |mscpnrg1.txt |1,4e+03 |
|14 |  500 | 5000 |   40 |     0,4500 |1586154756299 |     176 |   196.0 |11,36 |mscpnrg1.txt |1,9e+03 |
|14 |  600 | 5000 |   40 |     0,4250 |1586154756299 |     176 |   196.0 |11,36 |mscpnrg1.txt |2,4e+03 |
|14 |  700 | 5000 |   45 |     0,4500 |1586154756299 |     176 |   196.0 |11,36 |mscpnrg1.txt |3,1e+03 |
|14 |  800 | 5000 |   45 |     0,2889 |1586154756299 |     176 |   196.0 |11,36 |mscpnrg1.txt |3,6e+03 |
|14 |  900 | 5000 |   45 |     0,2889 |1586154756299 |     176 |   196.0 |11,36 |mscpnrg1.txt |4,1e+03 |
|14 | 1000 | 5000 |   45 |     0,2667 |1586154756299 |     176 |   196.0 |11,36 |mscpnrg1.txt |4,6e+03 |
|14 | 1100 | 5000 |   50 |     0,4500 |1586154756299 |     176 |   196.0 |11,36 |mscpnrg1.txt |5,3e+03 |
|14 | 1200 | 5000 |   50 |     0,3000 |1586154756299 |     176 |   196.0 |11,36 |mscpnrg1.txt |5,8e+03 |
|14 | 1300 | 5000 |   50 |     0,3000 |1586154756299 |     176 |   196.0 |11,36 |mscpnrg1.txt |6,3e+03 |
|14 | 1400 | 5000 |   50 |     0,3000 |1586154756299 |     176 |   196.0 |11,36 |mscpnrg1.txt |6,8e+03 |
|14 | 1500 | 5000 |   55 |     0,4364 |1586154756299 |     176 |   196.0 |11,36 |mscpnrg1.txt |7,5e+03 |
|14 | 1600 | 5000 |   55 |     0,4500 |1586154756299 |     176 |   196.0 |11,36 |mscpnrg1.txt |8,2e+03 |
|14 | 1700 | 5000 |   55 |     0,4500 |1586154756299 |     176 |   196.0 |11,36 |mscpnrg1.txt |8,7e+03 |
|14 | 1800 | 5000 |   55 |     0,4500 |1586154756299 |     176 |   196.0 |11,36 |mscpnrg1.txt |9,1e+03 |
|14 | 1900 | 5000 |   60 |     0,4500 |1586154756299 |     176 |   194.0 |10,23 |mscpnrg1.txt |9,7e+03 |
|14 | 2000 | 5000 |   60 |     0,4500 |1586154756299 |     176 |   194.0 |10,23 |mscpnrg1.txt |1,0e+04 |
|14 | 2100 | 5000 |   60 |     0,4500 |1586154756299 |     176 |   194.0 |10,23 |mscpnrg1.txt |1,1e+04 |
|14 | 2200 | 5000 |   60 |     0,4500 |1586154756299 |     176 |   194.0 |10,23 |mscpnrg1.txt |1,2e+04 |
|14 | 2300 | 5000 |   65 |     0,4500 |1586154756299 |     176 |   194.0 |10,23 |mscpnrg1.txt |1,3e+04 |
|14 | 2400 | 5000 |   65 |     0,4500 |1586154756299 |     176 |   194.0 |10,23 |mscpnrg1.txt |1,3e+04 |
|14 | 2500 | 5000 |   65 |     0,4500 |1586154756299 |     176 |   194.0 |10,23 |mscpnrg1.txt |1,4e+04 |
|14 | 2600 | 5000 |   65 |     0,4500 |1586154756299 |     176 |   194.0 |10,23 |mscpnrg1.txt |1,4e+04 |
|14 | 2700 | 5000 |   70 |     0,4500 |1586154756299 |     176 |   194.0 |10,23 |mscpnrg1.txt |1,5e+04 |
|14 | 2800 | 5000 |   70 |     0,4500 |1586154756299 |     176 |   194.0 |10,23 |mscpnrg1.txt |1,6e+04 |
|14 | 2900 | 5000 |   70 |     0,4500 |1586154756299 |     176 |   194.0 |10,23 |mscpnrg1.txt |1,6e+04 |
|14 | 3000 | 5000 |   70 |     0,4500 |1586154756299 |     176 |   194.0 |10,23 |mscpnrg1.txt |1,7e+04 |
|14 | 3100 | 5000 |   75 |     0,4500 |1586154756299 |     176 |   194.0 |10,23 |mscpnrg1.txt |1,8e+04 |
|14 | 3200 | 5000 |   75 |     0,4500 |1586154756299 |     176 |   194.0 |10,23 |mscpnrg1.txt |1,9e+04 |
|14 | 3300 | 5000 |   75 |     0,4500 |1586154756299 |     176 |   194.0 |10,23 |mscpnrg1.txt |2,0e+04 |
|14 | 3400 | 5000 |   75 |     0,4500 |1586154756299 |     176 |   194.0 |10,23 |mscpnrg1.txt |2,1e+04 |
|14 | 3500 | 5000 |   80 |     0,4500 |1586154756299 |     176 |   194.0 |10,23 |mscpnrg1.txt |2,3e+04 |
|14 | 3600 | 5000 |   80 |     0,4500 |1586154756299 |     176 |   194.0 |10,23 |mscpnrg1.txt |2,3e+04 |
|14 | 3700 | 5000 |   80 |     0,4500 |1586154756299 |     176 |   194.0 |10,23 |mscpnrg1.txt |2,4e+04 |
|14 | 3800 | 5000 |   80 |     0,4500 |1586154756299 |     176 |   194.0 |10,23 |mscpnrg1.txt |2,5e+04 |
|14 | 3900 | 5000 |   85 |     0,4500 |1586154756299 |     176 |   194.0 |10,23 |mscpnrg1.txt |2,6e+04 |
|14 | 4000 | 5000 |   85 |     0,4500 |1586154756299 |     176 |   194.0 |10,23 |mscpnrg1.txt |2,7e+04 |
|14 | 4100 | 5000 |   85 |     0,4500 |1586154756299 |     176 |   194.0 |10,23 |mscpnrg1.txt |2,8e+04 |
|14 | 4200 | 5000 |   85 |     0,4500 |1586154756299 |     176 |   194.0 |10,23 |mscpnrg1.txt |2,8e+04 |
|14 | 4300 | 5000 |   90 |     0,4500 |1586154756299 |     176 |   194.0 |10,23 |mscpnrg1.txt |3,0e+04 |
|14 | 4400 | 5000 |   90 |     0,4500 |1586154756299 |     176 |   194.0 |10,23 |mscpnrg1.txt |3,1e+04 |
|14 | 4500 | 5000 |   90 |     0,4500 |1586154756299 |     176 |   194.0 |10,23 |mscpnrg1.txt |3,2e+04 |
|14 | 4600 | 5000 |   90 |     0,4500 |1586154756299 |     176 |   194.0 |10,23 |mscpnrg1.txt |3,3e+04 |
|14 | 4700 | 5000 |   95 |     0,4500 |1586154756299 |     176 |   194.0 |10,23 |mscpnrg1.txt |3,4e+04 |
|14 | 4800 | 5000 |   95 |     0,4500 |1586154756299 |     176 |   194.0 |10,23 |mscpnrg1.txt |3,5e+04 |
|14 | 4900 | 5000 |   95 |     0,4500 |1586154756299 |     176 |   194.0 |10,23 |mscpnrg1.txt |3,6e+04 |
|14 | 5000 | 5000 |   95 |     0,4500 |1586154756299 |     176 |   194.0 |10,23 |mscpnrg1.txt |3,7e+04 |
|14 | 1000 | 5000 |  100 |     0,4500 |1586154756299 |     176 |   194.0 |10,23 |mscpnrg1.txt |3,7e+04 |
|15 |    1 | 5000 |   35 |     0,2500 |1586191662808 |     176 | 11310.0 |6326,14 |mscpnrg1.txt |0,067 |
|15 |  100 | 5000 |   35 |     0,4286 |1586191662808 |     176 | 10176.0 |5681,82 |mscpnrg1.txt |  5,7 |
|15 |  200 | 5000 |   35 |     0,2857 |1586191662808 |     176 |  9848.0 |5495,45 |mscpnrg1.txt |   11 |
|15 |  300 | 5000 |   35 |     0,2857 |1586191662808 |     176 |  9481.0 |5286,93 |mscpnrg1.txt |   17 |
|15 |  400 | 5000 |   35 |     0,3714 |1586191662808 |     176 |  9186.0 |5119,32 |mscpnrg1.txt |   23 |
|15 |  500 | 5000 |   40 |     0,4500 |1586191662808 |     176 |   196.0 |11,36 |mscpnrg1.txt |7,7e+02 |
|15 |  600 | 5000 |   40 |     0,4500 |1586191662808 |     176 |   196.0 |11,36 |mscpnrg1.txt |1,6e+03 |
|15 |  700 | 5000 |   40 |     0,4250 |1586191662808 |     176 |   196.0 |11,36 |mscpnrg1.txt |2,3e+03 |
|15 |  800 | 5000 |   40 |     0,4250 |1586191662808 |     176 |   196.0 |11,36 |mscpnrg1.txt |2,6e+03 |
|15 |  900 | 5000 |   45 |     0,4500 |1586191662808 |     176 |   196.0 |11,36 |mscpnrg1.txt |3,2e+03 |
|15 | 1000 | 5000 |   45 |     0,4500 |1586191662808 |     176 |   196.0 |11,36 |mscpnrg1.txt |3,8e+03 |
|15 | 1100 | 5000 |   45 |     0,4444 |1586191662808 |     176 |   196.0 |11,36 |mscpnrg1.txt |4,4e+03 |
|15 | 1200 | 5000 |   45 |     0,4500 |1586191662808 |     176 |   196.0 |11,36 |mscpnrg1.txt |4,9e+03 |
|15 | 1300 | 5000 |   50 |     0,4500 |1586191662808 |     176 |   196.0 |11,36 |mscpnrg1.txt |5,7e+03 |
|15 | 1400 | 5000 |   50 |     0,4500 |1586191662808 |     176 |   196.0 |11,36 |mscpnrg1.txt |6,5e+03 |
|15 | 1500 | 5000 |   50 |     0,4500 |1586191662808 |     176 |   196.0 |11,36 |mscpnrg1.txt |7,3e+03 |
|15 | 1600 | 5000 |   50 |     0,4500 |1586191662808 |     176 |   196.0 |11,36 |mscpnrg1.txt |8,1e+03 |
|15 | 1700 | 5000 |   55 |     0,4500 |1586191662808 |     176 |   196.0 |11,36 |mscpnrg1.txt |9,2e+03 |
|15 | 1800 | 5000 |   55 |     0,4500 |1586191662808 |     176 |   196.0 |11,36 |mscpnrg1.txt |9,7e+03 |
|15 | 1900 | 5000 |   55 |     0,4500 |1586191662808 |     176 |   196.0 |11,36 |mscpnrg1.txt |1,0e+04 |
|15 | 2000 | 5000 |   55 |     0,4500 |1586191662808 |     176 |   196.0 |11,36 |mscpnrg1.txt |1,1e+04 |
|15 | 2100 | 5000 |   60 |     0,4500 |1586191662808 |     176 |   196.0 |11,36 |mscpnrg1.txt |1,2e+04 |
|15 | 2200 | 5000 |   60 |     0,4500 |1586191662808 |     176 |   196.0 |11,36 |mscpnrg1.txt |1,3e+04 |
|15 | 2300 | 5000 |   60 |     0,4500 |1586191662808 |     176 |   196.0 |11,36 |mscpnrg1.txt |1,3e+04 |
|15 | 2400 | 5000 |   60 |     0,4500 |1586191662808 |     176 |   196.0 |11,36 |mscpnrg1.txt |1,4e+04 |
|15 | 2500 | 5000 |   65 |     0,4500 |1586191662808 |     176 |   196.0 |11,36 |mscpnrg1.txt |1,5e+04 |
|15 | 2600 | 5000 |   65 |     0,4500 |1586191662808 |     176 |   196.0 |11,36 |mscpnrg1.txt |1,6e+04 |
|15 | 2700 | 5000 |   65 |     0,4500 |1586191662808 |     176 |   196.0 |11,36 |mscpnrg1.txt |1,6e+04 |
|15 | 2800 | 5000 |   65 |     0,4500 |1586191662808 |     176 |   196.0 |11,36 |mscpnrg1.txt |1,7e+04 |
|15 | 2900 | 5000 |   70 |     0,4500 |1586191662808 |     176 |   194.0 |10,23 |mscpnrg1.txt |1,8e+04 |
|15 | 3000 | 5000 |   70 |     0,4500 |1586191662808 |     176 |   194.0 |10,23 |mscpnrg1.txt |1,9e+04 |
|15 | 3100 | 5000 |   70 |     0,4500 |1586191662808 |     176 |   194.0 |10,23 |mscpnrg1.txt |1,9e+04 |
|15 | 3200 | 5000 |   70 |     0,4500 |1586191662808 |     176 |   194.0 |10,23 |mscpnrg1.txt |1,9e+04 |
|15 | 3300 | 5000 |   75 |     0,4500 |1586191662808 |     176 |   194.0 |10,23 |mscpnrg1.txt |2,0e+04 |
|15 | 3400 | 5000 |   75 |     0,4500 |1586191662808 |     176 |   194.0 |10,23 |mscpnrg1.txt |2,0e+04 |
|15 | 3500 | 5000 |   75 |     0,4500 |1586191662808 |     176 |   194.0 |10,23 |mscpnrg1.txt |2,1e+04 |
|15 | 3600 | 5000 |   75 |     0,4500 |1586191662808 |     176 |   194.0 |10,23 |mscpnrg1.txt |2,1e+04 |
|15 | 3700 | 5000 |   80 |     0,4500 |1586191662808 |     176 |   194.0 |10,23 |mscpnrg1.txt |2,2e+04 |
|15 | 3800 | 5000 |   80 |     0,4500 |1586191662808 |     176 |   194.0 |10,23 |mscpnrg1.txt |2,2e+04 |
|15 | 3900 | 5000 |   80 |     0,4500 |1586191662808 |     176 |   194.0 |10,23 |mscpnrg1.txt |2,3e+04 |
|15 | 4000 | 5000 |   80 |     0,4500 |1586191662808 |     176 |   194.0 |10,23 |mscpnrg1.txt |2,3e+04 |
|15 | 4100 | 5000 |   85 |     0,4500 |1586191662808 |     176 |   194.0 |10,23 |mscpnrg1.txt |2,4e+04 |
|15 | 4200 | 5000 |   85 |     0,4500 |1586191662808 |     176 |   194.0 |10,23 |mscpnrg1.txt |2,4e+04 |
|15 | 4300 | 5000 |   85 |     0,4500 |1586191662808 |     176 |   194.0 |10,23 |mscpnrg1.txt |2,5e+04 |
|15 | 4400 | 5000 |   85 |     0,4500 |1586191662808 |     176 |   194.0 |10,23 |mscpnrg1.txt |2,5e+04 |
|15 | 4500 | 5000 |   90 |     0,4500 |1586191662808 |     176 |   193.0 | 9,66 |mscpnrg1.txt |2,6e+04 |
|15 | 4600 | 5000 |   90 |     0,4500 |1586191662808 |     176 |   193.0 | 9,66 |mscpnrg1.txt |2,6e+04 |
|15 | 4700 | 5000 |   90 |     0,4500 |1586191662808 |     176 |   193.0 | 9,66 |mscpnrg1.txt |2,7e+04 |
|15 | 4800 | 5000 |   90 |     0,4500 |1586191662808 |     176 |   193.0 | 9,66 |mscpnrg1.txt |2,8e+04 |
|15 | 4900 | 5000 |   95 |     0,4500 |1586191662808 |     176 |   193.0 | 9,66 |mscpnrg1.txt |2,8e+04 |
|15 | 5000 | 5000 |   95 |     0,4500 |1586191662808 |     176 |   193.0 | 9,66 |mscpnrg1.txt |2,9e+04 |
|15 | 1000 | 5000 |   95 |     0,4500 |1586191662808 |     176 |   193.0 | 9,66 |mscpnrg1.txt |2,9e+04 |
