| # |    #ITER | #IterMAX | Nest |      %Desc |      semilla | BestFit |GottedFit |  RDP |  instancia | time |
-------------------------------------------------------------------------------------------------
| 1 |    1 | 5000 |   35 |       0.25 |1585335745690 |     146 |   233.0 |59,59 | mscp62.txt |0,011 |
| 1 |  100 | 5000 |   35 |       0.45 |1585335745690 |     146 |   177.0 |21,23 | mscp62.txt |   13 |
| 1 |  200 | 5000 |   35 |        0.4 |1585335745690 |     146 |   172.0 |17,81 | mscp62.txt |   22 |
| 1 |  300 | 5000 |   35 |       0.45 |1585335745690 |     146 |   170.0 |16,44 | mscp62.txt |   32 |
| 1 |  400 | 5000 |   40 |       0.45 |1585335745690 |     146 |   161.0 |10,27 | mscp62.txt |   45 |
| 1 |  500 | 5000 |   40 |       0.45 |1585335745690 |     146 |   152.0 | 4,11 | mscp62.txt |   60 |
| 1 |  600 | 5000 |   40 |       0.45 |1585335745690 |     146 |   152.0 | 4,11 | mscp62.txt |   71 |
| 1 |  700 | 5000 |   40 |       0.45 |1585335745690 |     146 |   152.0 | 4,11 | mscp62.txt |   83 |
| 1 |  800 | 5000 |   40 |       0.45 |1585335745690 |     146 |   152.0 | 4,11 | mscp62.txt |   95 |
| 1 |  900 | 5000 |   45 |       0.45 |1585335745690 |     146 |   150.0 | 2,74 | mscp62.txt |1,1e+02 |
| 1 | 1000 | 5000 |   45 |       0.45 |1585335745690 |     146 |   150.0 | 2,74 | mscp62.txt |1,3e+02 |
| 1 | 1100 | 5000 |   45 |       0.45 |1585335745690 |     146 |   150.0 | 2,74 | mscp62.txt |1,4e+02 |
| 1 | 1200 | 5000 |   45 | 0.44444445 |1585335745690 |     146 |   150.0 | 2,74 | mscp62.txt |1,6e+02 |
| 1 | 1300 | 5000 |   50 |        0.4 |1585335745690 |     146 |   150.0 | 2,74 | mscp62.txt |1,8e+02 |
| 1 | 1400 | 5000 |   50 |        0.4 |1585335745690 |     146 |   150.0 | 2,74 | mscp62.txt |2,0e+02 |
| 1 | 1500 | 5000 |   50 |        0.4 |1585335745690 |     146 |   150.0 | 2,74 | mscp62.txt |2,2e+02 |
| 1 | 1600 | 5000 |   50 |        0.4 |1585335745690 |     146 |   150.0 | 2,74 | mscp62.txt |2,4e+02 |
| 1 | 1700 | 5000 |   55 |       0.45 |1585335745690 |     146 |   150.0 | 2,74 | mscp62.txt |2,5e+02 |
| 1 | 1800 | 5000 |   55 |       0.45 |1585335745690 |     146 |   150.0 | 2,74 | mscp62.txt |2,7e+02 |
| 1 | 1900 | 5000 |   55 |       0.45 |1585335745690 |     146 |   150.0 | 2,74 | mscp62.txt |2,8e+02 |
| 1 | 2000 | 5000 |   55 |       0.45 |1585335745690 |     146 |   150.0 | 2,74 | mscp62.txt |3,0e+02 |
| 1 | 2100 | 5000 |   60 |       0.45 |1585335745690 |     146 |   150.0 | 2,74 | mscp62.txt |3,1e+02 |
| 1 | 2200 | 5000 |   60 |       0.45 |1585335745690 |     146 |   150.0 | 2,74 | mscp62.txt |3,2e+02 |
| 1 | 2300 | 5000 |   60 |       0.45 |1585335745690 |     146 |   150.0 | 2,74 | mscp62.txt |3,3e+02 |
| 1 | 2400 | 5000 |   60 |       0.45 |1585335745690 |     146 |   150.0 | 2,74 | mscp62.txt |3,4e+02 |
| 1 | 2500 | 5000 |   65 |       0.45 |1585335745690 |     146 |   150.0 | 2,74 | mscp62.txt |3,4e+02 |
| 1 | 2600 | 5000 |   65 |       0.45 |1585335745690 |     146 |   150.0 | 2,74 | mscp62.txt |3,5e+02 |
| 1 | 2700 | 5000 |   65 |       0.45 |1585335745690 |     146 |   150.0 | 2,74 | mscp62.txt |3,6e+02 |
| 1 | 2800 | 5000 |   65 |       0.45 |1585335745690 |     146 |   150.0 | 2,74 | mscp62.txt |3,6e+02 |
| 1 | 2900 | 5000 |   70 |       0.45 |1585335745690 |     146 |   150.0 | 2,74 | mscp62.txt |3,7e+02 |
| 1 | 3000 | 5000 |   70 |       0.45 |1585335745690 |     146 |   150.0 | 2,74 | mscp62.txt |3,8e+02 |
| 1 | 3100 | 5000 |   70 |       0.45 |1585335745690 |     146 |   150.0 | 2,74 | mscp62.txt |3,9e+02 |
| 1 | 3200 | 5000 |   70 |       0.45 |1585335745690 |     146 |   150.0 | 2,74 | mscp62.txt |4,0e+02 |
| 1 | 3300 | 5000 |   75 |       0.45 |1585335745690 |     146 |   150.0 | 2,74 | mscp62.txt |4,0e+02 |
| 1 | 3400 | 5000 |   75 |       0.45 |1585335745690 |     146 |   150.0 | 2,74 | mscp62.txt |4,1e+02 |
| 1 | 3500 | 5000 |   75 |       0.45 |1585335745690 |     146 |   150.0 | 2,74 | mscp62.txt |4,2e+02 |
| 1 | 3600 | 5000 |   75 |       0.45 |1585335745690 |     146 |   150.0 | 2,74 | mscp62.txt |4,3e+02 |
| 1 | 3700 | 5000 |   80 |       0.45 |1585335745690 |     146 |   150.0 | 2,74 | mscp62.txt |4,4e+02 |
| 1 | 3800 | 5000 |   80 |       0.45 |1585335745690 |     146 |   150.0 | 2,74 | mscp62.txt |4,5e+02 |
| 1 | 3900 | 5000 |   80 |       0.45 |1585335745690 |     146 |   150.0 | 2,74 | mscp62.txt |4,6e+02 |
| 1 | 4000 | 5000 |   80 |       0.45 |1585335745690 |     146 |   150.0 | 2,74 | mscp62.txt |4,7e+02 |
| 1 | 4100 | 5000 |   85 |       0.45 |1585335745690 |     146 |   150.0 | 2,74 | mscp62.txt |4,8e+02 |
| 1 | 4200 | 5000 |   85 |       0.45 |1585335745690 |     146 |   150.0 | 2,74 | mscp62.txt |4,9e+02 |
| 1 | 4300 | 5000 |   85 |       0.45 |1585335745690 |     146 |   150.0 | 2,74 | mscp62.txt |5,0e+02 |
| 1 | 4400 | 5000 |   85 |       0.45 |1585335745690 |     146 |   150.0 | 2,74 | mscp62.txt |5,1e+02 |
| 1 | 4500 | 5000 |   90 |       0.45 |1585335745690 |     146 |   150.0 | 2,74 | mscp62.txt |5,2e+02 |
| 1 | 4600 | 5000 |   90 |       0.45 |1585335745690 |     146 |   150.0 | 2,74 | mscp62.txt |5,3e+02 |
| 1 | 4700 | 5000 |   90 |       0.45 |1585335745690 |     146 |   150.0 | 2,74 | mscp62.txt |5,4e+02 |
| 1 | 4800 | 5000 |   90 |       0.45 |1585335745690 |     146 |   150.0 | 2,74 | mscp62.txt |5,5e+02 |
| 1 | 4900 | 5000 |   95 |       0.45 |1585335745690 |     146 |   150.0 | 2,74 | mscp62.txt |5,6e+02 |
| 1 | 5000 | 5000 |   95 |       0.45 |1585335745690 |     146 |   150.0 | 2,74 | mscp62.txt |5,7e+02 |
| 1 |  200 | 5000 |   95 |       0.45 |1585335745690 |     146 |   150.0 | 2,74 | mscp62.txt |5,7e+02 |
| 2 |    1 | 5000 |   35 |       0.25 |1585336317875 |     146 |   258.0 |76,71 | mscp62.txt |0,017 |
| 2 |  100 | 5000 |   35 | 0.31428573 |1585336317875 |     146 |   187.0 |28,08 | mscp62.txt |  9,4 |
| 2 |  200 | 5000 |   35 |       0.45 |1585336317875 |     146 |   176.0 |20,55 | mscp62.txt |   19 |
| 2 |  300 | 5000 |   40 |       0.45 |1585336317875 |     146 |   158.0 | 8,22 | mscp62.txt |   36 |
| 2 |  400 | 5000 |   40 |       0.45 |1585336317875 |     146 |   152.0 | 4,11 | mscp62.txt |   51 |
| 2 |  500 | 5000 |   40 |       0.45 |1585336317875 |     146 |   150.0 | 2,74 | mscp62.txt |   64 |
| 2 |  600 | 5000 |   40 |      0.425 |1585336317875 |     146 |   150.0 | 2,74 | mscp62.txt |   77 |
| 2 |  700 | 5000 |   45 | 0.37777779 |1585336317875 |     146 |   150.0 | 2,74 | mscp62.txt |   95 |
| 2 |  800 | 5000 |   45 |        0.4 |1585336317875 |     146 |   150.0 | 2,74 | mscp62.txt |1,1e+02 |
| 2 |  900 | 5000 |   45 | 0.37777779 |1585336317875 |     146 |   149.0 | 2,05 | mscp62.txt |1,3e+02 |
| 2 | 1000 | 5000 |   45 | 0.33333334 |1585336317875 |     146 |   149.0 | 2,05 | mscp62.txt |1,5e+02 |
| 2 | 1100 | 5000 |   50 |       0.28 |1585336317875 |     146 |   149.0 | 2,05 | mscp62.txt |1,6e+02 |
| 2 | 1200 | 5000 |   50 |        0.3 |1585336317875 |     146 |   149.0 | 2,05 | mscp62.txt |1,8e+02 |
| 2 | 1300 | 5000 |   50 |       0.34 |1585336317875 |     146 |   149.0 | 2,05 | mscp62.txt |2,0e+02 |
| 2 | 1400 | 5000 |   50 |       0.34 |1585336317875 |     146 |   149.0 | 2,05 | mscp62.txt |2,2e+02 |
| 2 | 1500 | 5000 |   55 |        0.4 |1585336317875 |     146 |   149.0 | 2,05 | mscp62.txt |2,4e+02 |
| 2 | 1600 | 5000 |   55 |        0.4 |1585336317875 |     146 |   149.0 | 2,05 | mscp62.txt |2,5e+02 |
| 2 | 1700 | 5000 |   55 |        0.4 |1585336317875 |     146 |   149.0 | 2,05 | mscp62.txt |2,7e+02 |
| 2 | 1800 | 5000 |   55 |        0.4 |1585336317875 |     146 |   149.0 | 2,05 | mscp62.txt |2,9e+02 |
| 2 | 1900 | 5000 |   60 | 0.36666667 |1585336317875 |     146 |   149.0 | 2,05 | mscp62.txt |3,0e+02 |
| 2 | 2000 | 5000 |   60 | 0.36666667 |1585336317875 |     146 |   149.0 | 2,05 | mscp62.txt |3,2e+02 |
| 2 | 2100 | 5000 |   60 | 0.36666667 |1585336317875 |     146 |   149.0 | 2,05 | mscp62.txt |3,4e+02 |
| 2 | 2200 | 5000 |   60 | 0.36666667 |1585336317875 |     146 |   149.0 | 2,05 | mscp62.txt |3,6e+02 |
| 2 | 2300 | 5000 |   65 | 0.33846155 |1585336317875 |     146 |   149.0 | 2,05 | mscp62.txt |3,8e+02 |
| 2 | 2400 | 5000 |   65 | 0.33846155 |1585336317875 |     146 |   149.0 | 2,05 | mscp62.txt |4,0e+02 |
| 2 | 2500 | 5000 |   65 | 0.33846155 |1585336317875 |     146 |   149.0 | 2,05 | mscp62.txt |4,2e+02 |
| 2 | 2600 | 5000 |   65 |       0.45 |1585336317875 |     146 |   149.0 | 2,05 | mscp62.txt |4,3e+02 |
| 2 | 2700 | 5000 |   70 |       0.45 |1585336317875 |     146 |   149.0 | 2,05 | mscp62.txt |4,5e+02 |
| 2 | 2800 | 5000 |   70 |       0.45 |1585336317875 |     146 |   149.0 | 2,05 | mscp62.txt |4,6e+02 |
| 2 | 2900 | 5000 |   70 |       0.45 |1585336317875 |     146 |   149.0 | 2,05 | mscp62.txt |4,7e+02 |
| 2 | 3000 | 5000 |   70 |       0.45 |1585336317875 |     146 |   149.0 | 2,05 | mscp62.txt |4,9e+02 |
| 2 | 3100 | 5000 |   75 |       0.45 |1585336317875 |     146 |   149.0 | 2,05 | mscp62.txt |5,1e+02 |
| 2 | 3200 | 5000 |   75 |       0.45 |1585336317875 |     146 |   149.0 | 2,05 | mscp62.txt |5,3e+02 |
| 2 | 3300 | 5000 |   75 |       0.45 |1585336317875 |     146 |   149.0 | 2,05 | mscp62.txt |5,4e+02 |
| 2 | 3400 | 5000 |   75 |       0.45 |1585336317875 |     146 |   149.0 | 2,05 | mscp62.txt |5,6e+02 |
| 2 | 3500 | 5000 |   80 |       0.45 |1585336317875 |     146 |   149.0 | 2,05 | mscp62.txt |5,8e+02 |
| 2 | 3600 | 5000 |   80 |       0.45 |1585336317875 |     146 |   149.0 | 2,05 | mscp62.txt |6,0e+02 |
| 2 | 3700 | 5000 |   80 |       0.45 |1585336317875 |     146 |   149.0 | 2,05 | mscp62.txt |6,2e+02 |
| 2 | 3800 | 5000 |   80 |       0.45 |1585336317875 |     146 |   149.0 | 2,05 | mscp62.txt |6,4e+02 |
| 2 | 3900 | 5000 |   85 |       0.45 |1585336317875 |     146 |   149.0 | 2,05 | mscp62.txt |6,6e+02 |
| 2 | 4000 | 5000 |   85 |       0.45 |1585336317875 |     146 |   149.0 | 2,05 | mscp62.txt |6,7e+02 |
| 2 | 4100 | 5000 |   85 |       0.45 |1585336317875 |     146 |   149.0 | 2,05 | mscp62.txt |6,9e+02 |
| 2 | 4200 | 5000 |   85 |       0.45 |1585336317875 |     146 |   149.0 | 2,05 | mscp62.txt |7,0e+02 |
| 2 | 4300 | 5000 |   90 |       0.45 |1585336317875 |     146 |   149.0 | 2,05 | mscp62.txt |7,2e+02 |
| 2 | 4400 | 5000 |   90 |       0.45 |1585336317875 |     146 |   149.0 | 2,05 | mscp62.txt |7,5e+02 |
| 2 | 4500 | 5000 |   90 |       0.45 |1585336317875 |     146 |   149.0 | 2,05 | mscp62.txt |7,6e+02 |
| 2 | 4600 | 5000 |   90 |       0.45 |1585336317875 |     146 |   149.0 | 2,05 | mscp62.txt |7,8e+02 |
| 2 | 4700 | 5000 |   95 |       0.45 |1585336317875 |     146 |   149.0 | 2,05 | mscp62.txt |8,0e+02 |
| 2 | 4800 | 5000 |   95 |       0.45 |1585336317875 |     146 |   149.0 | 2,05 | mscp62.txt |8,2e+02 |
| 2 | 4900 | 5000 |   95 |       0.45 |1585336317875 |     146 |   149.0 | 2,05 | mscp62.txt |8,4e+02 |
| 2 | 5000 | 5000 |   95 |       0.45 |1585336317875 |     146 |   149.0 | 2,05 | mscp62.txt |8,6e+02 |
| 2 |  200 | 5000 |  100 |       0.45 |1585336317875 |     146 |   149.0 | 2,05 | mscp62.txt |8,6e+02 |
| 3 |    1 | 5000 |   35 |       0.25 |1585337175033 |     146 |   216.0 |47,95 | mscp62.txt |0,015 |
| 3 |  100 | 5000 |   35 | 0.31428573 |1585337175033 |     146 |   171.0 |17,12 | mscp62.txt |  8,8 |
| 3 |  200 | 5000 |   35 | 0.37142858 |1585337175033 |     146 |   168.0 |15,07 | mscp62.txt |   18 |
| 3 |  300 | 5000 |   35 |       0.45 |1585337175033 |     146 |   160.0 | 9,59 | mscp62.txt |   28 |
| 3 |  400 | 5000 |   35 | 0.42857143 |1585337175033 |     146 |   160.0 | 9,59 | mscp62.txt |   36 |
| 3 |  500 | 5000 |   35 |        0.4 |1585337175033 |     146 |   160.0 | 9,59 | mscp62.txt |   45 |
| 3 |  600 | 5000 |   40 |       0.45 |1585337175033 |     146 |   157.0 | 7,53 | mscp62.txt |   61 |
| 3 |  700 | 5000 |   40 |       0.45 |1585337175033 |     146 |   157.0 | 7,53 | mscp62.txt |   73 |
| 3 |  800 | 5000 |   40 |       0.45 |1585337175033 |     146 |   155.0 | 6,16 | mscp62.txt |   84 |
| 3 |  900 | 5000 |   40 |       0.45 |1585337175033 |     146 |   154.0 | 5,48 | mscp62.txt |   96 |
| 3 | 1000 | 5000 |   45 |       0.45 |1585337175033 |     146 |   153.0 | 4,79 | mscp62.txt |1,1e+02 |
| 3 | 1100 | 5000 |   45 |       0.45 |1585337175033 |     146 |   153.0 | 4,79 | mscp62.txt |1,2e+02 |
| 3 | 1200 | 5000 |   45 |       0.45 |1585337175033 |     146 |   150.0 | 2,74 | mscp62.txt |1,4e+02 |
| 3 | 1300 | 5000 |   45 |       0.45 |1585337175033 |     146 |   150.0 | 2,74 | mscp62.txt |1,5e+02 |
| 3 | 1400 | 5000 |   50 |       0.45 |1585337175033 |     146 |   150.0 | 2,74 | mscp62.txt |1,7e+02 |
| 3 | 1500 | 5000 |   50 |       0.45 |1585337175033 |     146 |   150.0 | 2,74 | mscp62.txt |1,9e+02 |
| 3 | 1600 | 5000 |   50 |       0.45 |1585337175033 |     146 |   150.0 | 2,74 | mscp62.txt |2,1e+02 |
| 3 | 1700 | 5000 |   50 |       0.45 |1585337175033 |     146 |   150.0 | 2,74 | mscp62.txt |2,3e+02 |
| 3 | 1800 | 5000 |   55 |       0.45 |1585337175033 |     146 |   150.0 | 2,74 | mscp62.txt |2,4e+02 |
| 3 | 1900 | 5000 |   55 |       0.45 |1585337175033 |     146 |   150.0 | 2,74 | mscp62.txt |2,6e+02 |
| 3 | 2000 | 5000 |   55 |       0.45 |1585337175033 |     146 |   149.0 | 2,05 | mscp62.txt |2,8e+02 |
| 3 | 2100 | 5000 |   55 |       0.45 |1585337175033 |     146 |   149.0 | 2,05 | mscp62.txt |3,0e+02 |
| 3 | 2200 | 5000 |   60 |       0.45 |1585337175033 |     146 |   149.0 | 2,05 | mscp62.txt |3,2e+02 |
| 3 | 2300 | 5000 |   60 |       0.45 |1585337175033 |     146 |   149.0 | 2,05 | mscp62.txt |3,4e+02 |
| 3 | 2400 | 5000 |   60 |       0.45 |1585337175033 |     146 |   149.0 | 2,05 | mscp62.txt |3,6e+02 |
| 3 | 2500 | 5000 |   60 |       0.45 |1585337175033 |     146 |   149.0 | 2,05 | mscp62.txt |3,8e+02 |
| 3 | 2600 | 5000 |   65 |       0.45 |1585337175033 |     146 |   149.0 | 2,05 | mscp62.txt |4,1e+02 |
| 3 | 2700 | 5000 |   65 |       0.45 |1585337175033 |     146 |   149.0 | 2,05 | mscp62.txt |4,3e+02 |
| 3 | 2800 | 5000 |   65 |       0.45 |1585337175033 |     146 |   149.0 | 2,05 | mscp62.txt |4,6e+02 |
| 3 | 2900 | 5000 |   65 |       0.45 |1585337175033 |     146 |   149.0 | 2,05 | mscp62.txt |4,8e+02 |
| 3 | 3000 | 5000 |   70 |       0.45 |1585337175033 |     146 |   149.0 | 2,05 | mscp62.txt |5,0e+02 |
| 3 | 3100 | 5000 |   70 |       0.45 |1585337175033 |     146 |   149.0 | 2,05 | mscp62.txt |5,3e+02 |
| 3 | 3200 | 5000 |   70 |       0.45 |1585337175033 |     146 |   149.0 | 2,05 | mscp62.txt |5,6e+02 |
| 3 | 3300 | 5000 |   70 |       0.45 |1585337175033 |     146 |   149.0 | 2,05 | mscp62.txt |5,8e+02 |
| 3 | 3400 | 5000 |   75 |       0.45 |1585337175033 |     146 |   149.0 | 2,05 | mscp62.txt |6,1e+02 |
| 3 | 3500 | 5000 |   75 |       0.45 |1585337175033 |     146 |   149.0 | 2,05 | mscp62.txt |6,4e+02 |
| 3 | 3600 | 5000 |   75 |       0.45 |1585337175033 |     146 |   147.0 | 0,68 | mscp62.txt |6,7e+02 |
| 3 | 3700 | 5000 |   75 |       0.45 |1585337175033 |     146 |   147.0 | 0,68 | mscp62.txt |6,9e+02 |
| 3 | 3800 | 5000 |   80 |       0.45 |1585337175033 |     146 |   147.0 | 0,68 | mscp62.txt |7,2e+02 |
| 3 | 3900 | 5000 |   80 |       0.45 |1585337175033 |     146 |   147.0 | 0,68 | mscp62.txt |7,6e+02 |
| 3 | 4000 | 5000 |   80 |       0.45 |1585337175033 |     146 |   147.0 | 0,68 | mscp62.txt |7,9e+02 |
| 3 | 4100 | 5000 |   80 |       0.45 |1585337175033 |     146 |   147.0 | 0,68 | mscp62.txt |8,2e+02 |
| 3 | 4200 | 5000 |   85 | 0.42352942 |1585337175033 |     146 |   147.0 | 0,68 | mscp62.txt |8,5e+02 |
| 3 | 4300 | 5000 |   85 | 0.42352942 |1585337175033 |     146 |   147.0 | 0,68 | mscp62.txt |8,8e+02 |
| 3 | 4400 | 5000 |   85 | 0.42352942 |1585337175033 |     146 |   147.0 | 0,68 | mscp62.txt |9,1e+02 |
| 3 | 4500 | 5000 |   85 | 0.42352942 |1585337175033 |     146 |   147.0 | 0,68 | mscp62.txt |9,5e+02 |
| 3 | 4600 | 5000 |   90 |        0.4 |1585337175033 |     146 |   147.0 | 0,68 | mscp62.txt |9,8e+02 |
| 3 | 4700 | 5000 |   90 |  0.3888889 |1585337175033 |     146 |   147.0 | 0,68 | mscp62.txt |1,0e+03 |
| 3 | 4800 | 5000 |   90 |  0.3888889 |1585337175033 |     146 |   147.0 | 0,68 | mscp62.txt |1,1e+03 |
| 3 | 4900 | 5000 |   90 |  0.3888889 |1585337175033 |     146 |   147.0 | 0,68 | mscp62.txt |1,1e+03 |
| 3 | 5000 | 5000 |   95 | 0.36842105 |1585337175033 |     146 |   147.0 | 0,68 | mscp62.txt |1,1e+03 |
| 3 |  200 | 5000 |   95 | 0.36842105 |1585337175033 |     146 |   147.0 | 0,68 | mscp62.txt |1,1e+03 |
| 4 |    1 | 5000 |   35 |       0.25 |1585338298187 |     146 |   226.0 |54,79 | mscp62.txt |0,032 |
| 4 |  100 | 5000 |   35 |  0.2857143 |1585338298187 |     146 |   183.0 |25,34 | mscp62.txt |  8,4 |
| 4 |  200 | 5000 |   35 |       0.45 |1585338298187 |     146 |   177.0 |21,23 | mscp62.txt |   17 |
| 4 |  300 | 5000 |   35 | 0.37142858 |1585338298187 |     146 |   177.0 |21,23 | mscp62.txt |   28 |
| 4 |  400 | 5000 |   40 |       0.45 |1585338298187 |     146 |   154.0 | 5,48 | mscp62.txt |   40 |
| 4 |  500 | 5000 |   40 |       0.45 |1585338298187 |     146 |   154.0 | 5,48 | mscp62.txt |   51 |
| 4 |  600 | 5000 |   40 |       0.45 |1585338298187 |     146 |   152.0 | 4,11 | mscp62.txt |   64 |
| 4 |  700 | 5000 |   40 |       0.45 |1585338298187 |     146 |   152.0 | 4,11 | mscp62.txt |   76 |
| 4 |  800 | 5000 |   45 |       0.45 |1585338298187 |     146 |   152.0 | 4,11 | mscp62.txt |   90 |
| 4 |  900 | 5000 |   45 |       0.45 |1585338298187 |     146 |   152.0 | 4,11 | mscp62.txt |1,1e+02 |
| 4 | 1000 | 5000 |   45 |       0.45 |1585338298187 |     146 |   152.0 | 4,11 | mscp62.txt |1,2e+02 |
| 4 | 1100 | 5000 |   45 |       0.45 |1585338298187 |     146 |   152.0 | 4,11 | mscp62.txt |1,4e+02 |
| 4 | 1200 | 5000 |   50 |       0.45 |1585338298187 |     146 |   152.0 | 4,11 | mscp62.txt |1,5e+02 |
| 4 | 1300 | 5000 |   50 |       0.45 |1585338298187 |     146 |   150.0 | 2,74 | mscp62.txt |1,7e+02 |
| 4 | 1400 | 5000 |   50 |       0.45 |1585338298187 |     146 |   150.0 | 2,74 | mscp62.txt |1,9e+02 |
| 4 | 1500 | 5000 |   50 |       0.45 |1585338298187 |     146 |   150.0 | 2,74 | mscp62.txt |2,1e+02 |
| 4 | 1600 | 5000 |   55 |       0.45 |1585338298187 |     146 |   150.0 | 2,74 | mscp62.txt |2,3e+02 |
| 4 | 1700 | 5000 |   55 |       0.45 |1585338298187 |     146 |   150.0 | 2,74 | mscp62.txt |2,5e+02 |
| 4 | 1800 | 5000 |   55 |       0.45 |1585338298187 |     146 |   150.0 | 2,74 | mscp62.txt |2,7e+02 |
| 4 | 1900 | 5000 |   55 |       0.45 |1585338298187 |     146 |   150.0 | 2,74 | mscp62.txt |2,8e+02 |
| 4 | 2000 | 5000 |   60 |       0.45 |1585338298187 |     146 |   150.0 | 2,74 | mscp62.txt |3,1e+02 |
| 4 | 2100 | 5000 |   60 |       0.45 |1585338298187 |     146 |   150.0 | 2,74 | mscp62.txt |3,3e+02 |
| 4 | 2200 | 5000 |   60 |       0.45 |1585338298187 |     146 |   150.0 | 2,74 | mscp62.txt |3,5e+02 |
| 4 | 2300 | 5000 |   60 |       0.45 |1585338298187 |     146 |   150.0 | 2,74 | mscp62.txt |3,7e+02 |
| 4 | 2400 | 5000 |   65 |       0.45 |1585338298187 |     146 |   150.0 | 2,74 | mscp62.txt |4,0e+02 |
| 4 | 2500 | 5000 |   65 |       0.45 |1585338298187 |     146 |   149.0 | 2,05 | mscp62.txt |4,2e+02 |
| 4 | 2600 | 5000 |   65 |       0.45 |1585338298187 |     146 |   149.0 | 2,05 | mscp62.txt |4,5e+02 |
| 4 | 2700 | 5000 |   65 |       0.45 |1585338298187 |     146 |   149.0 | 2,05 | mscp62.txt |4,7e+02 |
| 4 | 2800 | 5000 |   70 |       0.45 |1585338298187 |     146 |   149.0 | 2,05 | mscp62.txt |5,0e+02 |
| 4 | 2900 | 5000 |   70 |       0.45 |1585338298187 |     146 |   149.0 | 2,05 | mscp62.txt |5,2e+02 |
| 4 | 3000 | 5000 |   70 |       0.45 |1585338298187 |     146 |   149.0 | 2,05 | mscp62.txt |5,5e+02 |
| 4 | 3100 | 5000 |   70 |       0.45 |1585338298187 |     146 |   149.0 | 2,05 | mscp62.txt |5,8e+02 |
| 4 | 3200 | 5000 |   75 |       0.45 |1585338298187 |     146 |   149.0 | 2,05 | mscp62.txt |6,1e+02 |
| 4 | 3300 | 5000 |   75 |       0.45 |1585338298187 |     146 |   149.0 | 2,05 | mscp62.txt |6,4e+02 |
| 4 | 3400 | 5000 |   75 |       0.45 |1585338298187 |     146 |   149.0 | 2,05 | mscp62.txt |6,7e+02 |
| 4 | 3500 | 5000 |   75 |       0.45 |1585338298187 |     146 |   149.0 | 2,05 | mscp62.txt |7,0e+02 |
| 4 | 3600 | 5000 |   80 |     0.4375 |1585338298187 |     146 |   149.0 | 2,05 | mscp62.txt |7,3e+02 |
| 4 | 3700 | 5000 |   80 |     0.4375 |1585338298187 |     146 |   149.0 | 2,05 | mscp62.txt |7,6e+02 |
| 4 | 3800 | 5000 |   80 |     0.4375 |1585338298187 |     146 |   149.0 | 2,05 | mscp62.txt |7,9e+02 |
| 4 | 3900 | 5000 |   80 |     0.4375 |1585338298187 |     146 |   149.0 | 2,05 | mscp62.txt |8,2e+02 |
| 4 | 4000 | 5000 |   85 |  0.4117647 |1585338298187 |     146 |   149.0 | 2,05 | mscp62.txt |8,5e+02 |
| 4 | 4100 | 5000 |   85 |  0.4117647 |1585338298187 |     146 |   149.0 | 2,05 | mscp62.txt |8,8e+02 |
| 4 | 4200 | 5000 |   85 |  0.4117647 |1585338298187 |     146 |   149.0 | 2,05 | mscp62.txt |9,1e+02 |
| 4 | 4300 | 5000 |   85 |  0.4117647 |1585338298187 |     146 |   149.0 | 2,05 | mscp62.txt |9,4e+02 |
| 4 | 4400 | 5000 |   90 |  0.3888889 |1585338298187 |     146 |   149.0 | 2,05 | mscp62.txt |9,8e+02 |
| 4 | 4500 | 5000 |   90 |  0.3888889 |1585338298187 |     146 |   149.0 | 2,05 | mscp62.txt |1,0e+03 |
| 4 | 4600 | 5000 |   90 |  0.3888889 |1585338298187 |     146 |   149.0 | 2,05 | mscp62.txt |1,0e+03 |
| 4 | 4700 | 5000 |   90 |  0.3888889 |1585338298187 |     146 |   148.0 | 1,37 | mscp62.txt |1,1e+03 |
| 4 | 4800 | 5000 |   95 | 0.36842105 |1585338298187 |     146 |   148.0 | 1,37 | mscp62.txt |1,1e+03 |
| 4 | 4900 | 5000 |   95 | 0.36842105 |1585338298187 |     146 |   148.0 | 1,37 | mscp62.txt |1,2e+03 |
| 4 | 5000 | 5000 |   95 | 0.36842105 |1585338298187 |     146 |   148.0 | 1,37 | mscp62.txt |1,2e+03 |
| 4 |  200 | 5000 |   95 | 0.36842105 |1585338298187 |     146 |   148.0 | 1,37 | mscp62.txt |1,2e+03 |
| 5 |    1 | 5000 |   35 |       0.25 |1585339512342 |     146 |   238.0 |63,01 | mscp62.txt |0,020 |
| 5 |  100 | 5000 |   35 |       0.45 |1585339512342 |     146 |   190.0 |30,14 | mscp62.txt |  8,5 |
| 5 |  200 | 5000 |   40 |       0.45 |1585339512342 |     146 |   159.0 | 8,90 | mscp62.txt |   25 |
| 5 |  300 | 5000 |   40 |       0.45 |1585339512342 |     146 |   158.0 | 8,22 | mscp62.txt |   39 |
| 5 |  400 | 5000 |   40 |       0.45 |1585339512342 |     146 |   153.0 | 4,79 | mscp62.txt |   54 |
| 5 |  500 | 5000 |   40 |       0.45 |1585339512342 |     146 |   153.0 | 4,79 | mscp62.txt |   69 |
| 5 |  600 | 5000 |   45 |       0.45 |1585339512342 |     146 |   153.0 | 4,79 | mscp62.txt |   85 |
| 5 |  700 | 5000 |   45 |       0.45 |1585339512342 |     146 |   152.0 | 4,11 | mscp62.txt |1,0e+02 |
| 5 |  800 | 5000 |   45 |       0.45 |1585339512342 |     146 |   152.0 | 4,11 | mscp62.txt |1,2e+02 |
| 5 |  900 | 5000 |   45 |       0.45 |1585339512342 |     146 |   152.0 | 4,11 | mscp62.txt |1,4e+02 |
| 5 | 1000 | 5000 |   50 |       0.45 |1585339512342 |     146 |   151.0 | 3,42 | mscp62.txt |1,6e+02 |
| 5 | 1100 | 5000 |   50 |       0.45 |1585339512342 |     146 |   151.0 | 3,42 | mscp62.txt |1,8e+02 |
| 5 | 1200 | 5000 |   50 |       0.45 |1585339512342 |     146 |   150.0 | 2,74 | mscp62.txt |2,0e+02 |
| 5 | 1300 | 5000 |   50 |       0.45 |1585339512342 |     146 |   150.0 | 2,74 | mscp62.txt |2,1e+02 |
| 5 | 1400 | 5000 |   55 |       0.45 |1585339512342 |     146 |   150.0 | 2,74 | mscp62.txt |2,3e+02 |
| 5 | 1500 | 5000 |   55 |       0.45 |1585339512342 |     146 |   150.0 | 2,74 | mscp62.txt |2,5e+02 |
| 5 | 1600 | 5000 |   55 |       0.45 |1585339512342 |     146 |   150.0 | 2,74 | mscp62.txt |2,7e+02 |
| 5 | 1700 | 5000 |   55 |       0.45 |1585339512342 |     146 |   150.0 | 2,74 | mscp62.txt |2,8e+02 |
| 5 | 1800 | 5000 |   60 |       0.45 |1585339512342 |     146 |   150.0 | 2,74 | mscp62.txt |3,0e+02 |
| 5 | 1900 | 5000 |   60 |       0.45 |1585339512342 |     146 |   149.0 | 2,05 | mscp62.txt |3,2e+02 |
| 5 | 2000 | 5000 |   60 |       0.45 |1585339512342 |     146 |   149.0 | 2,05 | mscp62.txt |3,3e+02 |
| 5 | 2100 | 5000 |   60 |       0.45 |1585339512342 |     146 |   149.0 | 2,05 | mscp62.txt |3,4e+02 |
| 5 | 2200 | 5000 |   65 |       0.45 |1585339512342 |     146 |   148.0 | 1,37 | mscp62.txt |3,6e+02 |
| 5 | 2300 | 5000 |   65 |       0.45 |1585339512342 |     146 |   148.0 | 1,37 | mscp62.txt |3,8e+02 |
| 5 | 2400 | 5000 |   65 |       0.45 |1585339512342 |     146 |   148.0 | 1,37 | mscp62.txt |4,0e+02 |
| 5 | 2500 | 5000 |   65 |       0.45 |1585339512342 |     146 |   148.0 | 1,37 | mscp62.txt |4,2e+02 |
| 5 | 2600 | 5000 |   70 |       0.45 |1585339512342 |     146 |   148.0 | 1,37 | mscp62.txt |4,4e+02 |
| 5 | 2700 | 5000 |   70 |       0.45 |1585339512342 |     146 |   148.0 | 1,37 | mscp62.txt |4,6e+02 |
| 5 | 2800 | 5000 |   70 |       0.45 |1585339512342 |     146 |   148.0 | 1,37 | mscp62.txt |4,8e+02 |
| 5 | 2900 | 5000 |   70 |       0.45 |1585339512342 |     146 |   148.0 | 1,37 | mscp62.txt |5,0e+02 |
| 5 |  200 | 5000 |   75 |       0.45 |1585339512342 |     146 |   146.0 | 0,00 | mscp62.txt |5,0e+02 |
| 6 |    1 | 5000 |   35 |       0.25 |1585340015157 |     146 |   228.0 |56,16 | mscp62.txt |0,027 |
| 6 |  100 | 5000 |   35 | 0.37142858 |1585340015157 |     146 |   182.0 |24,66 | mscp62.txt |  8,2 |
| 6 |  200 | 5000 |   35 | 0.42857143 |1585340015157 |     146 |   182.0 |24,66 | mscp62.txt |   19 |
| 6 |  300 | 5000 |   35 |       0.45 |1585340015157 |     146 |   161.0 |10,27 | mscp62.txt |   28 |
| 6 |  400 | 5000 |   35 | 0.42857143 |1585340015157 |     146 |   159.0 | 8,90 | mscp62.txt |   38 |
| 6 |  500 | 5000 |   40 |       0.45 |1585340015157 |     146 |   149.0 | 2,05 | mscp62.txt |   49 |
| 6 |  600 | 5000 |   40 |       0.45 |1585340015157 |     146 |   149.0 | 2,05 | mscp62.txt |   64 |
| 6 |  700 | 5000 |   40 |       0.45 |1585340015157 |     146 |   149.0 | 2,05 | mscp62.txt |   78 |
| 6 |  800 | 5000 |   40 |       0.45 |1585340015157 |     146 |   149.0 | 2,05 | mscp62.txt |   89 |
| 6 |  900 | 5000 |   45 |       0.45 |1585340015157 |     146 |   149.0 | 2,05 | mscp62.txt |1,1e+02 |
| 6 | 1000 | 5000 |   45 |       0.45 |1585340015157 |     146 |   149.0 | 2,05 | mscp62.txt |1,2e+02 |
| 6 | 1100 | 5000 |   45 |       0.45 |1585340015157 |     146 |   149.0 | 2,05 | mscp62.txt |1,4e+02 |
| 6 | 1200 | 5000 |   45 |       0.45 |1585340015157 |     146 |   149.0 | 2,05 | mscp62.txt |1,5e+02 |
| 6 | 1300 | 5000 |   50 |       0.45 |1585340015157 |     146 |   149.0 | 2,05 | mscp62.txt |1,7e+02 |
| 6 | 1400 | 5000 |   50 |       0.45 |1585340015157 |     146 |   149.0 | 2,05 | mscp62.txt |1,9e+02 |
| 6 | 1500 | 5000 |   50 |       0.45 |1585340015157 |     146 |   149.0 | 2,05 | mscp62.txt |2,0e+02 |
| 6 | 1600 | 5000 |   50 |       0.45 |1585340015157 |     146 |   149.0 | 2,05 | mscp62.txt |2,2e+02 |
| 6 | 1700 | 5000 |   55 |       0.45 |1585340015157 |     146 |   149.0 | 2,05 | mscp62.txt |2,3e+02 |
| 6 | 1800 | 5000 |   55 | 0.43636364 |1585340015157 |     146 |   149.0 | 2,05 | mscp62.txt |2,5e+02 |
| 6 | 1900 | 5000 |   55 | 0.43636364 |1585340015157 |     146 |   149.0 | 2,05 | mscp62.txt |2,7e+02 |
| 6 | 2000 | 5000 |   55 |       0.45 |1585340015157 |     146 |   148.0 | 1,37 | mscp62.txt |2,8e+02 |
| 6 | 2100 | 5000 |   60 |       0.45 |1585340015157 |     146 |   148.0 | 1,37 | mscp62.txt |3,1e+02 |
| 6 | 2200 | 5000 |   60 |       0.45 |1585340015157 |     146 |   148.0 | 1,37 | mscp62.txt |3,2e+02 |
| 6 | 2300 | 5000 |   60 |       0.45 |1585340015157 |     146 |   148.0 | 1,37 | mscp62.txt |3,5e+02 |
| 6 | 2400 | 5000 |   60 |       0.45 |1585340015157 |     146 |   148.0 | 1,37 | mscp62.txt |3,7e+02 |
| 6 | 2500 | 5000 |   65 |       0.45 |1585340015157 |     146 |   148.0 | 1,37 | mscp62.txt |3,9e+02 |
| 6 | 2600 | 5000 |   65 |       0.45 |1585340015157 |     146 |   148.0 | 1,37 | mscp62.txt |4,1e+02 |
| 6 | 2700 | 5000 |   65 |       0.45 |1585340015157 |     146 |   148.0 | 1,37 | mscp62.txt |4,3e+02 |
| 6 | 2800 | 5000 |   65 |       0.45 |1585340015157 |     146 |   148.0 | 1,37 | mscp62.txt |4,5e+02 |
| 6 | 2900 | 5000 |   70 |       0.45 |1585340015157 |     146 |   148.0 | 1,37 | mscp62.txt |4,7e+02 |
| 6 | 3000 | 5000 |   70 |       0.45 |1585340015157 |     146 |   148.0 | 1,37 | mscp62.txt |4,9e+02 |
| 6 | 3100 | 5000 |   70 |       0.45 |1585340015157 |     146 |   148.0 | 1,37 | mscp62.txt |5,1e+02 |
| 6 | 3200 | 5000 |   70 |       0.45 |1585340015157 |     146 |   148.0 | 1,37 | mscp62.txt |5,3e+02 |
| 6 | 3300 | 5000 |   75 |       0.45 |1585340015157 |     146 |   148.0 | 1,37 | mscp62.txt |5,6e+02 |
| 6 | 3400 | 5000 |   75 |       0.45 |1585340015157 |     146 |   148.0 | 1,37 | mscp62.txt |5,9e+02 |
| 6 | 3500 | 5000 |   75 |       0.45 |1585340015157 |     146 |   148.0 | 1,37 | mscp62.txt |6,2e+02 |
| 6 | 3600 | 5000 |   75 |       0.45 |1585340015157 |     146 |   148.0 | 1,37 | mscp62.txt |6,4e+02 |
| 6 | 3700 | 5000 |   80 |       0.45 |1585340015157 |     146 |   148.0 | 1,37 | mscp62.txt |6,7e+02 |
| 6 | 3800 | 5000 |   80 |       0.45 |1585340015157 |     146 |   148.0 | 1,37 | mscp62.txt |6,9e+02 |
| 6 | 3900 | 5000 |   80 |       0.45 |1585340015157 |     146 |   148.0 | 1,37 | mscp62.txt |7,2e+02 |
| 6 | 4000 | 5000 |   80 |       0.45 |1585340015157 |     146 |   148.0 | 1,37 | mscp62.txt |7,5e+02 |
| 6 | 4100 | 5000 |   85 |       0.45 |1585340015157 |     146 |   148.0 | 1,37 | mscp62.txt |7,8e+02 |
| 6 | 4200 | 5000 |   85 |       0.45 |1585340015157 |     146 |   148.0 | 1,37 | mscp62.txt |8,0e+02 |
| 6 | 4300 | 5000 |   85 |       0.45 |1585340015157 |     146 |   148.0 | 1,37 | mscp62.txt |8,4e+02 |
| 6 | 4400 | 5000 |   85 |       0.45 |1585340015157 |     146 |   148.0 | 1,37 | mscp62.txt |8,6e+02 |
| 6 | 4500 | 5000 |   90 |       0.45 |1585340015157 |     146 |   148.0 | 1,37 | mscp62.txt |9,0e+02 |
| 6 | 4600 | 5000 |   90 |       0.45 |1585340015157 |     146 |   148.0 | 1,37 | mscp62.txt |9,3e+02 |
| 6 | 4700 | 5000 |   90 |       0.45 |1585340015157 |     146 |   148.0 | 1,37 | mscp62.txt |9,6e+02 |
| 6 | 4800 | 5000 |   90 |       0.45 |1585340015157 |     146 |   148.0 | 1,37 | mscp62.txt |9,9e+02 |
| 6 | 4900 | 5000 |   95 |       0.45 |1585340015157 |     146 |   148.0 | 1,37 | mscp62.txt |1,0e+03 |
| 6 | 5000 | 5000 |   95 |       0.45 |1585340015157 |     146 |   148.0 | 1,37 | mscp62.txt |1,1e+03 |
| 6 |  200 | 5000 |   95 |       0.45 |1585340015157 |     146 |   148.0 | 1,37 | mscp62.txt |1,1e+03 |
| 7 |    1 | 5000 |   35 |       0.25 |1585341070185 |     146 |   251.0 |71,92 | mscp62.txt |0,014 |
| 7 |  100 | 5000 |   35 | 0.37142858 |1585341070185 |     146 |   181.0 |23,97 | mscp62.txt |  8,5 |
| 7 |  200 | 5000 |   35 |       0.45 |1585341070185 |     146 |   167.0 |14,38 | mscp62.txt |   17 |
| 7 |  300 | 5000 |   40 |       0.45 |1585341070185 |     146 |   155.0 | 6,16 | mscp62.txt |   29 |
| 7 |  400 | 5000 |   40 |       0.45 |1585341070185 |     146 |   148.0 | 1,37 | mscp62.txt |   42 |
| 7 |  500 | 5000 |   40 |      0.375 |1585341070185 |     146 |   148.0 | 1,37 | mscp62.txt |   56 |
| 7 |  600 | 5000 |   40 |       0.35 |1585341070185 |     146 |   148.0 | 1,37 | mscp62.txt |   67 |
| 7 |  700 | 5000 |   45 | 0.42222223 |1585341070185 |     146 |   148.0 | 1,37 | mscp62.txt |   81 |
| 7 |  800 | 5000 |   45 | 0.42222223 |1585341070185 |     146 |   148.0 | 1,37 | mscp62.txt |   96 |
| 7 |  900 | 5000 |   45 |       0.45 |1585341070185 |     146 |   148.0 | 1,37 | mscp62.txt |1,1e+02 |
| 7 | 1000 | 5000 |   45 | 0.42222223 |1585341070185 |     146 |   148.0 | 1,37 | mscp62.txt |1,2e+02 |
| 7 | 1100 | 5000 |   50 |       0.38 |1585341070185 |     146 |   148.0 | 1,37 | mscp62.txt |1,4e+02 |
| 7 | 1200 | 5000 |   50 |       0.38 |1585341070185 |     146 |   148.0 | 1,37 | mscp62.txt |1,5e+02 |
| 7 | 1300 | 5000 |   50 |       0.38 |1585341070185 |     146 |   148.0 | 1,37 | mscp62.txt |1,6e+02 |
| 7 | 1400 | 5000 |   50 |       0.38 |1585341070185 |     146 |   148.0 | 1,37 | mscp62.txt |1,8e+02 |
| 7 | 1500 | 5000 |   55 | 0.34545454 |1585341070185 |     146 |   148.0 | 1,37 | mscp62.txt |1,9e+02 |
| 7 | 1600 | 5000 |   55 | 0.34545454 |1585341070185 |     146 |   148.0 | 1,37 | mscp62.txt |2,1e+02 |
| 7 | 1700 | 5000 |   55 | 0.34545454 |1585341070185 |     146 |   148.0 | 1,37 | mscp62.txt |2,2e+02 |
| 7 | 1800 | 5000 |   55 |  0.3272727 |1585341070185 |     146 |   148.0 | 1,37 | mscp62.txt |2,4e+02 |
| 7 | 1900 | 5000 |   60 | 0.31666666 |1585341070185 |     146 |   148.0 | 1,37 | mscp62.txt |2,6e+02 |
| 7 | 2000 | 5000 |   60 |       0.45 |1585341070185 |     146 |   148.0 | 1,37 | mscp62.txt |2,7e+02 |
| 7 | 2100 | 5000 |   60 |       0.45 |1585341070185 |     146 |   148.0 | 1,37 | mscp62.txt |2,8e+02 |
| 7 | 2200 | 5000 |   60 |       0.45 |1585341070185 |     146 |   148.0 | 1,37 | mscp62.txt |2,9e+02 |
| 7 | 2300 | 5000 |   65 |       0.45 |1585341070185 |     146 |   148.0 | 1,37 | mscp62.txt |3,1e+02 |
| 7 | 2400 | 5000 |   65 |       0.45 |1585341070185 |     146 |   148.0 | 1,37 | mscp62.txt |3,2e+02 |
| 7 | 2500 | 5000 |   65 |       0.45 |1585341070185 |     146 |   148.0 | 1,37 | mscp62.txt |3,3e+02 |
| 7 | 2600 | 5000 |   65 |       0.45 |1585341070185 |     146 |   148.0 | 1,37 | mscp62.txt |3,5e+02 |
| 7 | 2700 | 5000 |   70 |       0.45 |1585341070185 |     146 |   148.0 | 1,37 | mscp62.txt |3,6e+02 |
| 7 | 2800 | 5000 |   70 |       0.45 |1585341070185 |     146 |   148.0 | 1,37 | mscp62.txt |3,8e+02 |
| 7 | 2900 | 5000 |   70 |       0.45 |1585341070185 |     146 |   148.0 | 1,37 | mscp62.txt |3,9e+02 |
| 7 | 3000 | 5000 |   70 |       0.45 |1585341070185 |     146 |   148.0 | 1,37 | mscp62.txt |4,1e+02 |
| 7 | 3100 | 5000 |   75 |       0.45 |1585341070185 |     146 |   148.0 | 1,37 | mscp62.txt |4,3e+02 |
| 7 | 3200 | 5000 |   75 |       0.45 |1585341070185 |     146 |   148.0 | 1,37 | mscp62.txt |4,4e+02 |
| 7 | 3300 | 5000 |   75 |       0.45 |1585341070185 |     146 |   148.0 | 1,37 | mscp62.txt |4,5e+02 |
| 7 | 3400 | 5000 |   75 |       0.45 |1585341070185 |     146 |   148.0 | 1,37 | mscp62.txt |4,7e+02 |
| 7 | 3500 | 5000 |   80 |       0.45 |1585341070185 |     146 |   148.0 | 1,37 | mscp62.txt |4,8e+02 |
| 7 | 3600 | 5000 |   80 |       0.45 |1585341070185 |     146 |   148.0 | 1,37 | mscp62.txt |5,0e+02 |
| 7 | 3700 | 5000 |   80 |       0.45 |1585341070185 |     146 |   148.0 | 1,37 | mscp62.txt |5,1e+02 |
| 7 | 3800 | 5000 |   80 |       0.45 |1585341070185 |     146 |   148.0 | 1,37 | mscp62.txt |5,3e+02 |
| 7 | 3900 | 5000 |   85 |       0.45 |1585341070185 |     146 |   148.0 | 1,37 | mscp62.txt |5,4e+02 |
| 7 | 4000 | 5000 |   85 |       0.45 |1585341070185 |     146 |   148.0 | 1,37 | mscp62.txt |5,6e+02 |
| 7 | 4100 | 5000 |   85 |       0.45 |1585341070185 |     146 |   148.0 | 1,37 | mscp62.txt |5,8e+02 |
| 7 | 4200 | 5000 |   85 |       0.45 |1585341070185 |     146 |   148.0 | 1,37 | mscp62.txt |6,0e+02 |
| 7 | 4300 | 5000 |   90 |       0.45 |1585341070185 |     146 |   148.0 | 1,37 | mscp62.txt |6,2e+02 |
| 7 | 4400 | 5000 |   90 |       0.45 |1585341070185 |     146 |   148.0 | 1,37 | mscp62.txt |6,4e+02 |
| 7 | 4500 | 5000 |   90 |       0.45 |1585341070185 |     146 |   148.0 | 1,37 | mscp62.txt |6,6e+02 |
| 7 | 4600 | 5000 |   90 |       0.45 |1585341070185 |     146 |   148.0 | 1,37 | mscp62.txt |6,9e+02 |
| 7 | 4700 | 5000 |   95 |       0.45 |1585341070185 |     146 |   148.0 | 1,37 | mscp62.txt |7,1e+02 |
| 7 | 4800 | 5000 |   95 |       0.45 |1585341070185 |     146 |   148.0 | 1,37 | mscp62.txt |7,4e+02 |
| 7 | 4900 | 5000 |   95 |       0.45 |1585341070185 |     146 |   148.0 | 1,37 | mscp62.txt |7,6e+02 |
| 7 | 5000 | 5000 |   95 |       0.45 |1585341070185 |     146 |   148.0 | 1,37 | mscp62.txt |7,9e+02 |
| 7 |  200 | 5000 |  100 |       0.45 |1585341070185 |     146 |   148.0 | 1,37 | mscp62.txt |7,9e+02 |
| 8 |    1 | 5000 |   35 |       0.25 |1585341857133 |     146 |   251.0 |71,92 | mscp62.txt |0,013 |
| 8 |  100 | 5000 |   35 | 0.34285715 |1585341857133 |     146 |   184.0 |26,03 | mscp62.txt |  8,0 |
| 8 |  200 | 5000 |   35 | 0.42857143 |1585341857133 |     146 |   179.0 |22,60 | mscp62.txt |   18 |
| 8 |  300 | 5000 |   35 |       0.45 |1585341857133 |     146 |   168.0 |15,07 | mscp62.txt |   27 |
| 8 |  400 | 5000 |   35 | 0.34285715 |1585341857133 |     146 |   167.0 |14,38 | mscp62.txt |   41 |
| 8 |  500 | 5000 |   40 |       0.45 |1585341857133 |     146 |   155.0 | 6,16 | mscp62.txt |   52 |
| 8 |  600 | 5000 |   40 |      0.375 |1585341857133 |     146 |   155.0 | 6,16 | mscp62.txt |   65 |
| 8 |  700 | 5000 |   40 |       0.45 |1585341857133 |     146 |   155.0 | 6,16 | mscp62.txt |   78 |
| 8 |  800 | 5000 |   40 |      0.375 |1585341857133 |     146 |   155.0 | 6,16 | mscp62.txt |   86 |
| 8 |  900 | 5000 |   45 |       0.45 |1585341857133 |     146 |   155.0 | 6,16 | mscp62.txt |   96 |
| 8 | 1000 | 5000 |   45 |       0.45 |1585341857133 |     146 |   149.0 | 2,05 | mscp62.txt |1,1e+02 |
| 8 | 1100 | 5000 |   45 |       0.45 |1585341857133 |     146 |   149.0 | 2,05 | mscp62.txt |1,2e+02 |
| 8 | 1200 | 5000 |   45 |       0.45 |1585341857133 |     146 |   149.0 | 2,05 | mscp62.txt |1,3e+02 |
| 8 | 1300 | 5000 |   50 |       0.45 |1585341857133 |     146 |   149.0 | 2,05 | mscp62.txt |1,5e+02 |
| 8 | 1400 | 5000 |   50 |       0.45 |1585341857133 |     146 |   149.0 | 2,05 | mscp62.txt |1,6e+02 |
| 8 | 1500 | 5000 |   50 |       0.45 |1585341857133 |     146 |   149.0 | 2,05 | mscp62.txt |1,7e+02 |
| 8 | 1600 | 5000 |   50 |       0.45 |1585341857133 |     146 |   149.0 | 2,05 | mscp62.txt |1,9e+02 |
| 8 | 1700 | 5000 |   55 |       0.45 |1585341857133 |     146 |   149.0 | 2,05 | mscp62.txt |2,0e+02 |
| 8 | 1800 | 5000 |   55 |       0.45 |1585341857133 |     146 |   149.0 | 2,05 | mscp62.txt |2,1e+02 |
| 8 | 1900 | 5000 |   55 |       0.45 |1585341857133 |     146 |   149.0 | 2,05 | mscp62.txt |2,2e+02 |
| 8 | 2000 | 5000 |   55 |       0.45 |1585341857133 |     146 |   149.0 | 2,05 | mscp62.txt |2,3e+02 |
| 8 | 2100 | 5000 |   60 |       0.45 |1585341857133 |     146 |   149.0 | 2,05 | mscp62.txt |2,5e+02 |
| 8 | 2200 | 5000 |   60 |       0.45 |1585341857133 |     146 |   149.0 | 2,05 | mscp62.txt |2,7e+02 |
| 8 | 2300 | 5000 |   60 |       0.45 |1585341857133 |     146 |   149.0 | 2,05 | mscp62.txt |2,8e+02 |
| 8 | 2400 | 5000 |   60 |       0.45 |1585341857133 |     146 |   149.0 | 2,05 | mscp62.txt |3,0e+02 |
| 8 | 2500 | 5000 |   65 |       0.45 |1585341857133 |     146 |   149.0 | 2,05 | mscp62.txt |3,2e+02 |
| 8 | 2600 | 5000 |   65 |       0.45 |1585341857133 |     146 |   149.0 | 2,05 | mscp62.txt |3,4e+02 |
| 8 | 2700 | 5000 |   65 |       0.45 |1585341857133 |     146 |   149.0 | 2,05 | mscp62.txt |3,5e+02 |
| 8 | 2800 | 5000 |   65 |       0.45 |1585341857133 |     146 |   149.0 | 2,05 | mscp62.txt |3,7e+02 |
| 8 | 2900 | 5000 |   70 |       0.45 |1585341857133 |     146 |   149.0 | 2,05 | mscp62.txt |3,9e+02 |
| 8 | 3000 | 5000 |   70 |       0.45 |1585341857133 |     146 |   149.0 | 2,05 | mscp62.txt |4,1e+02 |
| 8 | 3100 | 5000 |   70 |       0.45 |1585341857133 |     146 |   149.0 | 2,05 | mscp62.txt |4,2e+02 |
| 8 | 3200 | 5000 |   70 |       0.45 |1585341857133 |     146 |   149.0 | 2,05 | mscp62.txt |4,3e+02 |
| 8 | 3300 | 5000 |   75 |       0.45 |1585341857133 |     146 |   149.0 | 2,05 | mscp62.txt |4,5e+02 |
| 8 | 3400 | 5000 |   75 |       0.45 |1585341857133 |     146 |   149.0 | 2,05 | mscp62.txt |4,7e+02 |
| 8 | 3500 | 5000 |   75 |       0.45 |1585341857133 |     146 |   149.0 | 2,05 | mscp62.txt |4,8e+02 |
| 8 | 3600 | 5000 |   75 |       0.45 |1585341857133 |     146 |   149.0 | 2,05 | mscp62.txt |5,0e+02 |
| 8 | 3700 | 5000 |   80 |       0.45 |1585341857133 |     146 |   149.0 | 2,05 | mscp62.txt |5,1e+02 |
| 8 | 3800 | 5000 |   80 |       0.45 |1585341857133 |     146 |   149.0 | 2,05 | mscp62.txt |5,3e+02 |
| 8 | 3900 | 5000 |   80 |       0.45 |1585341857133 |     146 |   149.0 | 2,05 | mscp62.txt |5,5e+02 |
| 8 | 4000 | 5000 |   80 |       0.45 |1585341857133 |     146 |   149.0 | 2,05 | mscp62.txt |5,6e+02 |
| 8 | 4100 | 5000 |   85 |       0.45 |1585341857133 |     146 |   149.0 | 2,05 | mscp62.txt |5,8e+02 |
| 8 | 4200 | 5000 |   85 |       0.45 |1585341857133 |     146 |   149.0 | 2,05 | mscp62.txt |6,0e+02 |
| 8 | 4300 | 5000 |   85 |       0.45 |1585341857133 |     146 |   149.0 | 2,05 | mscp62.txt |6,2e+02 |
| 8 | 4400 | 5000 |   85 |       0.45 |1585341857133 |     146 |   149.0 | 2,05 | mscp62.txt |6,5e+02 |
| 8 | 4500 | 5000 |   90 |       0.45 |1585341857133 |     146 |   149.0 | 2,05 | mscp62.txt |6,7e+02 |
| 8 | 4600 | 5000 |   90 |       0.45 |1585341857133 |     146 |   149.0 | 2,05 | mscp62.txt |6,9e+02 |
| 8 | 4700 | 5000 |   90 |       0.45 |1585341857133 |     146 |   149.0 | 2,05 | mscp62.txt |7,0e+02 |
| 8 | 4800 | 5000 |   90 |       0.45 |1585341857133 |     146 |   149.0 | 2,05 | mscp62.txt |7,1e+02 |
| 8 | 4900 | 5000 |   95 |       0.45 |1585341857133 |     146 |   149.0 | 2,05 | mscp62.txt |7,3e+02 |
| 8 | 5000 | 5000 |   95 |       0.45 |1585341857133 |     146 |   149.0 | 2,05 | mscp62.txt |7,5e+02 |
| 8 |  200 | 5000 |   95 |       0.45 |1585341857133 |     146 |   149.0 | 2,05 | mscp62.txt |7,5e+02 |
| 9 |    1 | 5000 |   35 |       0.25 |1585342605498 |     146 |   250.0 |71,23 | mscp62.txt |0,0090 |
| 9 |  100 | 5000 |   35 | 0.42857143 |1585342605498 |     146 |   185.0 |26,71 | mscp62.txt |   12 |
| 9 |  200 | 5000 |   35 | 0.34285715 |1585342605498 |     146 |   170.0 |16,44 | mscp62.txt |   21 |
| 9 |  300 | 5000 |   35 |        0.4 |1585342605498 |     146 |   168.0 |15,07 | mscp62.txt |   30 |
| 9 |  400 | 5000 |   40 |       0.45 |1585342605498 |     146 |   159.0 | 8,90 | mscp62.txt |   41 |
| 9 |  500 | 5000 |   40 |       0.45 |1585342605498 |     146 |   154.0 | 5,48 | mscp62.txt |   52 |
| 9 |  600 | 5000 |   40 |       0.45 |1585342605498 |     146 |   152.0 | 4,11 | mscp62.txt |   65 |
| 9 |  700 | 5000 |   40 |       0.45 |1585342605498 |     146 |   152.0 | 4,11 | mscp62.txt |   76 |
| 9 |  800 | 5000 |   45 |       0.45 |1585342605498 |     146 |   152.0 | 4,11 | mscp62.txt |   90 |
| 9 |  900 | 5000 |   45 |       0.45 |1585342605498 |     146 |   152.0 | 4,11 | mscp62.txt |1,1e+02 |
| 9 | 1000 | 5000 |   45 |       0.45 |1585342605498 |     146 |   149.0 | 2,05 | mscp62.txt |1,2e+02 |
| 9 |  200 | 5000 |   45 |       0.45 |1585342605498 |     146 |   146.0 | 0,00 | mscp62.txt |1,2e+02 |
|10 |    1 | 5000 |   35 |       0.25 |1585342729967 |     146 |   222.0 |52,05 | mscp62.txt |0,019 |
|10 |  100 | 5000 |   35 |       0.45 |1585342729967 |     146 |   184.0 |26,03 | mscp62.txt |  9,9 |
|10 |  200 | 5000 |   40 |       0.45 |1585342729967 |     146 |   149.0 | 2,05 | mscp62.txt |   22 |
|10 |  300 | 5000 |   40 |       0.45 |1585342729967 |     146 |   149.0 | 2,05 | mscp62.txt |   32 |
|10 |  400 | 5000 |   40 |       0.45 |1585342729967 |     146 |   149.0 | 2,05 | mscp62.txt |   44 |
|10 |  500 | 5000 |   40 |       0.45 |1585342729967 |     146 |   149.0 | 2,05 | mscp62.txt |   58 |
|10 |  600 | 5000 |   45 |       0.45 |1585342729967 |     146 |   149.0 | 2,05 | mscp62.txt |   73 |
|10 |  700 | 5000 |   45 |       0.45 |1585342729967 |     146 |   149.0 | 2,05 | mscp62.txt |   88 |
|10 |  800 | 5000 |   45 |       0.45 |1585342729967 |     146 |   149.0 | 2,05 | mscp62.txt |1,0e+02 |
|10 |  900 | 5000 |   45 |       0.45 |1585342729967 |     146 |   149.0 | 2,05 | mscp62.txt |1,2e+02 |
|10 | 1000 | 5000 |   50 |       0.45 |1585342729967 |     146 |   149.0 | 2,05 | mscp62.txt |1,3e+02 |
|10 | 1100 | 5000 |   50 |       0.45 |1585342729967 |     146 |   149.0 | 2,05 | mscp62.txt |1,5e+02 |
|10 | 1200 | 5000 |   50 |       0.45 |1585342729967 |     146 |   149.0 | 2,05 | mscp62.txt |1,6e+02 |
|10 | 1300 | 5000 |   50 |       0.45 |1585342729967 |     146 |   149.0 | 2,05 | mscp62.txt |1,8e+02 |
|10 | 1400 | 5000 |   55 |       0.45 |1585342729967 |     146 |   149.0 | 2,05 | mscp62.txt |1,9e+02 |
|10 | 1500 | 5000 |   55 |       0.45 |1585342729967 |     146 |   149.0 | 2,05 | mscp62.txt |2,1e+02 |
|10 | 1600 | 5000 |   55 |       0.45 |1585342729967 |     146 |   149.0 | 2,05 | mscp62.txt |2,2e+02 |
|10 | 1700 | 5000 |   55 |       0.45 |1585342729967 |     146 |   149.0 | 2,05 | mscp62.txt |2,4e+02 |
|10 | 1800 | 5000 |   60 |       0.45 |1585342729967 |     146 |   149.0 | 2,05 | mscp62.txt |2,5e+02 |
|10 | 1900 | 5000 |   60 |       0.45 |1585342729967 |     146 |   149.0 | 2,05 | mscp62.txt |2,6e+02 |
|10 | 2000 | 5000 |   60 |       0.45 |1585342729967 |     146 |   149.0 | 2,05 | mscp62.txt |2,8e+02 |
|10 | 2100 | 5000 |   60 |       0.45 |1585342729967 |     146 |   149.0 | 2,05 | mscp62.txt |2,9e+02 |
|10 | 2200 | 5000 |   65 |       0.45 |1585342729967 |     146 |   149.0 | 2,05 | mscp62.txt |3,1e+02 |
|10 | 2300 | 5000 |   65 |       0.45 |1585342729967 |     146 |   149.0 | 2,05 | mscp62.txt |3,2e+02 |
|10 | 2400 | 5000 |   65 |       0.45 |1585342729967 |     146 |   149.0 | 2,05 | mscp62.txt |3,3e+02 |
|10 | 2500 | 5000 |   65 |       0.45 |1585342729967 |     146 |   149.0 | 2,05 | mscp62.txt |3,5e+02 |
|10 | 2600 | 5000 |   70 |       0.45 |1585342729967 |     146 |   149.0 | 2,05 | mscp62.txt |3,6e+02 |
|10 | 2700 | 5000 |   70 |       0.45 |1585342729967 |     146 |   149.0 | 2,05 | mscp62.txt |3,8e+02 |
|10 | 2800 | 5000 |   70 |       0.45 |1585342729967 |     146 |   149.0 | 2,05 | mscp62.txt |4,0e+02 |
|10 | 2900 | 5000 |   70 |       0.45 |1585342729967 |     146 |   149.0 | 2,05 | mscp62.txt |4,1e+02 |
|10 | 3000 | 5000 |   75 |       0.45 |1585342729967 |     146 |   149.0 | 2,05 | mscp62.txt |4,3e+02 |
|10 | 3100 | 5000 |   75 |       0.45 |1585342729967 |     146 |   149.0 | 2,05 | mscp62.txt |4,5e+02 |
|10 | 3200 | 5000 |   75 |       0.45 |1585342729967 |     146 |   149.0 | 2,05 | mscp62.txt |4,7e+02 |
|10 | 3300 | 5000 |   75 |       0.45 |1585342729967 |     146 |   149.0 | 2,05 | mscp62.txt |4,9e+02 |
|10 | 3400 | 5000 |   80 |       0.45 |1585342729967 |     146 |   149.0 | 2,05 | mscp62.txt |5,1e+02 |
|10 | 3500 | 5000 |   80 |       0.45 |1585342729967 |     146 |   149.0 | 2,05 | mscp62.txt |5,3e+02 |
|10 | 3600 | 5000 |   80 |       0.45 |1585342729967 |     146 |   149.0 | 2,05 | mscp62.txt |5,5e+02 |
|10 | 3700 | 5000 |   80 |       0.45 |1585342729967 |     146 |   149.0 | 2,05 | mscp62.txt |5,8e+02 |
|10 | 3800 | 5000 |   85 |       0.45 |1585342729967 |     146 |   149.0 | 2,05 | mscp62.txt |6,0e+02 |
|10 | 3900 | 5000 |   85 |       0.45 |1585342729967 |     146 |   149.0 | 2,05 | mscp62.txt |6,2e+02 |
|10 | 4000 | 5000 |   85 |       0.45 |1585342729967 |     146 |   149.0 | 2,05 | mscp62.txt |6,3e+02 |
|10 | 4100 | 5000 |   85 |       0.45 |1585342729967 |     146 |   149.0 | 2,05 | mscp62.txt |6,5e+02 |
|10 | 4200 | 5000 |   90 |       0.45 |1585342729967 |     146 |   149.0 | 2,05 | mscp62.txt |6,6e+02 |
|10 | 4300 | 5000 |   90 |       0.45 |1585342729967 |     146 |   149.0 | 2,05 | mscp62.txt |6,8e+02 |
|10 | 4400 | 5000 |   90 |       0.45 |1585342729967 |     146 |   149.0 | 2,05 | mscp62.txt |7,0e+02 |
|10 | 4500 | 5000 |   90 |       0.45 |1585342729967 |     146 |   149.0 | 2,05 | mscp62.txt |7,2e+02 |
|10 | 4600 | 5000 |   95 |       0.45 |1585342729967 |     146 |   149.0 | 2,05 | mscp62.txt |7,4e+02 |
|10 | 4700 | 5000 |   95 |       0.45 |1585342729967 |     146 |   149.0 | 2,05 | mscp62.txt |7,5e+02 |
|10 | 4800 | 5000 |   95 |       0.45 |1585342729967 |     146 |   149.0 | 2,05 | mscp62.txt |7,7e+02 |
|10 | 4900 | 5000 |   95 |       0.45 |1585342729967 |     146 |   149.0 | 2,05 | mscp62.txt |7,9e+02 |
|10 | 5000 | 5000 |  100 |       0.45 |1585342729967 |     146 |   149.0 | 2,05 | mscp62.txt |8,1e+02 |
|10 |  200 | 5000 |  100 |       0.45 |1585342729967 |     146 |   149.0 | 2,05 | mscp62.txt |8,1e+02 |
|11 |    1 | 5000 |   35 |       0.25 |1585343542786 |     146 |   236.0 |61,64 | mscp62.txt |0,011 |
|11 |  100 | 5000 |   35 |       0.45 |1585343542786 |     146 |   172.0 |17,81 | mscp62.txt |  7,5 |
|11 |  200 | 5000 |   35 |       0.45 |1585343542786 |     146 |   172.0 |17,81 | mscp62.txt |   18 |
|11 |  300 | 5000 |   35 |       0.45 |1585343542786 |     146 |   172.0 |17,81 | mscp62.txt |   27 |
|11 |  400 | 5000 |   40 |       0.45 |1585343542786 |     146 |   158.0 | 8,22 | mscp62.txt |   39 |
|11 |  500 | 5000 |   40 |       0.45 |1585343542786 |     146 |   150.0 | 2,74 | mscp62.txt |   51 |
|11 |  600 | 5000 |   40 |       0.45 |1585343542786 |     146 |   150.0 | 2,74 | mscp62.txt |   63 |
|11 |  700 | 5000 |   40 |       0.45 |1585343542786 |     146 |   150.0 | 2,74 | mscp62.txt |   76 |
|11 |  800 | 5000 |   40 |      0.425 |1585343542786 |     146 |   150.0 | 2,74 | mscp62.txt |   88 |
|11 |  900 | 5000 |   45 | 0.44444445 |1585343542786 |     146 |   150.0 | 2,74 | mscp62.txt |1,0e+02 |
|11 | 1000 | 5000 |   45 | 0.42222223 |1585343542786 |     146 |   150.0 | 2,74 | mscp62.txt |1,1e+02 |
|11 | 1100 | 5000 |   45 | 0.42222223 |1585343542786 |     146 |   150.0 | 2,74 | mscp62.txt |1,2e+02 |
|11 | 1200 | 5000 |   45 | 0.42222223 |1585343542786 |     146 |   150.0 | 2,74 | mscp62.txt |1,4e+02 |
|11 | 1300 | 5000 |   50 |       0.42 |1585343542786 |     146 |   150.0 | 2,74 | mscp62.txt |1,5e+02 |
|11 | 1400 | 5000 |   50 |       0.45 |1585343542786 |     146 |   150.0 | 2,74 | mscp62.txt |1,6e+02 |
|11 | 1500 | 5000 |   50 |       0.45 |1585343542786 |     146 |   150.0 | 2,74 | mscp62.txt |1,6e+02 |
|11 | 1600 | 5000 |   50 |       0.45 |1585343542786 |     146 |   150.0 | 2,74 | mscp62.txt |1,7e+02 |
|11 | 1700 | 5000 |   55 |       0.45 |1585343542786 |     146 |   150.0 | 2,74 | mscp62.txt |1,8e+02 |
|11 | 1800 | 5000 |   55 |       0.45 |1585343542786 |     146 |   150.0 | 2,74 | mscp62.txt |1,9e+02 |
|11 | 1900 | 5000 |   55 |       0.45 |1585343542786 |     146 |   150.0 | 2,74 | mscp62.txt |2,0e+02 |
|11 | 2000 | 5000 |   55 |       0.45 |1585343542786 |     146 |   150.0 | 2,74 | mscp62.txt |2,2e+02 |
|11 | 2100 | 5000 |   60 |       0.45 |1585343542786 |     146 |   150.0 | 2,74 | mscp62.txt |2,2e+02 |
|11 | 2200 | 5000 |   60 |       0.45 |1585343542786 |     146 |   150.0 | 2,74 | mscp62.txt |2,3e+02 |
|11 |  200 | 5000 |   60 |       0.45 |1585343542786 |     146 |   146.0 | 0,00 | mscp62.txt |2,4e+02 |
|12 |    1 | 5000 |   35 |       0.25 |1585343780912 |     146 |   278.0 |90,41 | mscp62.txt |0,016 |
|12 |  100 | 5000 |   35 |       0.45 |1585343780912 |     146 |   181.0 |23,97 | mscp62.txt |  7,9 |
|12 |  200 | 5000 |   35 | 0.42857143 |1585343780912 |     146 |   181.0 |23,97 | mscp62.txt |   17 |
|12 |  300 | 5000 |   40 |       0.45 |1585343780912 |     146 |   150.0 | 2,74 | mscp62.txt |   28 |
|12 |  400 | 5000 |   40 |       0.45 |1585343780912 |     146 |   150.0 | 2,74 | mscp62.txt |   40 |
|12 |  500 | 5000 |   40 |       0.45 |1585343780912 |     146 |   150.0 | 2,74 | mscp62.txt |   51 |
|12 |  600 | 5000 |   40 |       0.45 |1585343780912 |     146 |   150.0 | 2,74 | mscp62.txt |   63 |
|12 |  700 | 5000 |   45 |       0.45 |1585343780912 |     146 |   150.0 | 2,74 | mscp62.txt |   77 |
|12 |  800 | 5000 |   45 |       0.45 |1585343780912 |     146 |   150.0 | 2,74 | mscp62.txt |   91 |
|12 |  900 | 5000 |   45 | 0.42222223 |1585343780912 |     146 |   150.0 | 2,74 | mscp62.txt |1,0e+02 |
|12 | 1000 | 5000 |   45 |       0.45 |1585343780912 |     146 |   150.0 | 2,74 | mscp62.txt |1,1e+02 |
|12 | 1100 | 5000 |   50 |       0.45 |1585343780912 |     146 |   150.0 | 2,74 | mscp62.txt |1,2e+02 |
|12 | 1200 | 5000 |   50 |       0.45 |1585343780912 |     146 |   150.0 | 2,74 | mscp62.txt |1,3e+02 |
|12 | 1300 | 5000 |   50 |       0.45 |1585343780912 |     146 |   150.0 | 2,74 | mscp62.txt |1,4e+02 |
|12 | 1400 | 5000 |   50 |       0.45 |1585343780912 |     146 |   150.0 | 2,74 | mscp62.txt |1,4e+02 |
|12 | 1500 | 5000 |   55 |       0.45 |1585343780912 |     146 |   150.0 | 2,74 | mscp62.txt |1,5e+02 |
|12 | 1600 | 5000 |   55 |       0.45 |1585343780912 |     146 |   150.0 | 2,74 | mscp62.txt |1,6e+02 |
|12 | 1700 | 5000 |   55 |       0.45 |1585343780912 |     146 |   150.0 | 2,74 | mscp62.txt |1,6e+02 |
|12 | 1800 | 5000 |   55 |       0.45 |1585343780912 |     146 |   150.0 | 2,74 | mscp62.txt |1,7e+02 |
|12 | 1900 | 5000 |   60 |       0.45 |1585343780912 |     146 |   150.0 | 2,74 | mscp62.txt |1,7e+02 |
|12 | 2000 | 5000 |   60 |       0.45 |1585343780912 |     146 |   150.0 | 2,74 | mscp62.txt |1,8e+02 |
|12 | 2100 | 5000 |   60 |       0.45 |1585343780912 |     146 |   150.0 | 2,74 | mscp62.txt |1,9e+02 |
|12 | 2200 | 5000 |   60 |       0.45 |1585343780912 |     146 |   150.0 | 2,74 | mscp62.txt |1,9e+02 |
|12 | 2300 | 5000 |   65 |       0.45 |1585343780912 |     146 |   150.0 | 2,74 | mscp62.txt |2,0e+02 |
|12 | 2400 | 5000 |   65 |       0.45 |1585343780912 |     146 |   150.0 | 2,74 | mscp62.txt |2,1e+02 |
|12 | 2500 | 5000 |   65 |       0.45 |1585343780912 |     146 |   150.0 | 2,74 | mscp62.txt |2,2e+02 |
|12 | 2600 | 5000 |   65 |       0.45 |1585343780912 |     146 |   150.0 | 2,74 | mscp62.txt |2,3e+02 |
|12 | 2700 | 5000 |   70 |       0.45 |1585343780912 |     146 |   150.0 | 2,74 | mscp62.txt |2,4e+02 |
|12 | 2800 | 5000 |   70 |       0.45 |1585343780912 |     146 |   150.0 | 2,74 | mscp62.txt |2,5e+02 |
|12 | 2900 | 5000 |   70 |       0.45 |1585343780912 |     146 |   150.0 | 2,74 | mscp62.txt |2,6e+02 |
|12 | 3000 | 5000 |   70 |       0.45 |1585343780912 |     146 |   150.0 | 2,74 | mscp62.txt |2,7e+02 |
|12 | 3100 | 5000 |   75 |       0.45 |1585343780912 |     146 |   150.0 | 2,74 | mscp62.txt |2,8e+02 |
|12 | 3200 | 5000 |   75 |       0.45 |1585343780912 |     146 |   150.0 | 2,74 | mscp62.txt |2,9e+02 |
|12 | 3300 | 5000 |   75 |       0.45 |1585343780912 |     146 |   150.0 | 2,74 | mscp62.txt |3,0e+02 |
|12 | 3400 | 5000 |   75 |       0.45 |1585343780912 |     146 |   150.0 | 2,74 | mscp62.txt |3,1e+02 |
|12 | 3500 | 5000 |   80 |       0.45 |1585343780912 |     146 |   150.0 | 2,74 | mscp62.txt |3,2e+02 |
|12 | 3600 | 5000 |   80 |       0.45 |1585343780912 |     146 |   150.0 | 2,74 | mscp62.txt |3,3e+02 |
|12 | 3700 | 5000 |   80 |       0.45 |1585343780912 |     146 |   150.0 | 2,74 | mscp62.txt |3,4e+02 |
|12 | 3800 | 5000 |   80 |       0.45 |1585343780912 |     146 |   150.0 | 2,74 | mscp62.txt |3,5e+02 |
|12 | 3900 | 5000 |   85 |       0.45 |1585343780912 |     146 |   150.0 | 2,74 | mscp62.txt |3,6e+02 |
|12 | 4000 | 5000 |   85 |       0.45 |1585343780912 |     146 |   150.0 | 2,74 | mscp62.txt |3,8e+02 |
|12 | 4100 | 5000 |   85 |       0.45 |1585343780912 |     146 |   150.0 | 2,74 | mscp62.txt |3,9e+02 |
|12 | 4200 | 5000 |   85 |       0.45 |1585343780912 |     146 |   150.0 | 2,74 | mscp62.txt |4,0e+02 |
|12 | 4300 | 5000 |   90 |       0.45 |1585343780912 |     146 |   150.0 | 2,74 | mscp62.txt |4,1e+02 |
|12 | 4400 | 5000 |   90 |       0.45 |1585343780912 |     146 |   150.0 | 2,74 | mscp62.txt |4,2e+02 |
|12 | 4500 | 5000 |   90 |       0.45 |1585343780912 |     146 |   150.0 | 2,74 | mscp62.txt |4,4e+02 |
|12 | 4600 | 5000 |   90 |       0.45 |1585343780912 |     146 |   150.0 | 2,74 | mscp62.txt |4,5e+02 |
|12 | 4700 | 5000 |   95 |       0.45 |1585343780912 |     146 |   150.0 | 2,74 | mscp62.txt |4,6e+02 |
|12 | 4800 | 5000 |   95 |       0.45 |1585343780912 |     146 |   150.0 | 2,74 | mscp62.txt |4,8e+02 |
|12 | 4900 | 5000 |   95 |       0.45 |1585343780912 |     146 |   150.0 | 2,74 | mscp62.txt |4,9e+02 |
|12 | 5000 | 5000 |   95 |       0.45 |1585343780912 |     146 |   150.0 | 2,74 | mscp62.txt |5,0e+02 |
|12 |  200 | 5000 |  100 |       0.45 |1585343780912 |     146 |   150.0 | 2,74 | mscp62.txt |5,0e+02 |
|13 |    1 | 5000 |   35 |       0.25 |1585344281904 |     146 |   272.0 |86,30 | mscp62.txt |0,015 |
|13 |  100 | 5000 |   35 |       0.45 |1585344281904 |     146 |   188.0 |28,77 | mscp62.txt |  9,8 |
|13 |  200 | 5000 |   35 |       0.45 |1585344281904 |     146 |   177.0 |21,23 | mscp62.txt |   19 |
|13 |  300 | 5000 |   35 |       0.45 |1585344281904 |     146 |   177.0 |21,23 | mscp62.txt |   28 |
|13 |  400 | 5000 |   35 |  0.2857143 |1585344281904 |     146 |   154.0 | 5,48 | mscp62.txt |   36 |
|13 |  500 | 5000 |   40 |       0.45 |1585344281904 |     146 |   154.0 | 5,48 | mscp62.txt |   45 |
|13 |  600 | 5000 |   40 |       0.45 |1585344281904 |     146 |   152.0 | 4,11 | mscp62.txt |   55 |
|13 |  700 | 5000 |   40 |      0.425 |1585344281904 |     146 |   152.0 | 4,11 | mscp62.txt |   65 |
|13 |  800 | 5000 |   40 |      0.425 |1585344281904 |     146 |   152.0 | 4,11 | mscp62.txt |   75 |
|13 |  900 | 5000 |   45 | 0.37777779 |1585344281904 |     146 |   152.0 | 4,11 | mscp62.txt |   89 |
|13 | 1000 | 5000 |   45 | 0.42222223 |1585344281904 |     146 |   152.0 | 4,11 | mscp62.txt |1,0e+02 |
|13 | 1100 | 5000 |   45 | 0.37777779 |1585344281904 |     146 |   152.0 | 4,11 | mscp62.txt |1,2e+02 |
|13 | 1200 | 5000 |   45 | 0.35555556 |1585344281904 |     146 |   150.0 | 2,74 | mscp62.txt |1,3e+02 |
|13 | 1300 | 5000 |   50 |       0.42 |1585344281904 |     146 |   150.0 | 2,74 | mscp62.txt |1,4e+02 |
|13 | 1400 | 5000 |   50 |       0.42 |1585344281904 |     146 |   150.0 | 2,74 | mscp62.txt |1,6e+02 |
|13 | 1500 | 5000 |   50 |       0.42 |1585344281904 |     146 |   150.0 | 2,74 | mscp62.txt |1,7e+02 |
|13 | 1600 | 5000 |   50 |       0.42 |1585344281904 |     146 |   150.0 | 2,74 | mscp62.txt |1,9e+02 |
|13 | 1700 | 5000 |   55 | 0.38181818 |1585344281904 |     146 |   150.0 | 2,74 | mscp62.txt |2,1e+02 |
|13 | 1800 | 5000 |   55 | 0.38181818 |1585344281904 |     146 |   150.0 | 2,74 | mscp62.txt |2,2e+02 |
|13 | 1900 | 5000 |   55 | 0.38181818 |1585344281904 |     146 |   150.0 | 2,74 | mscp62.txt |2,4e+02 |
|13 | 2000 | 5000 |   55 |        0.4 |1585344281904 |     146 |   150.0 | 2,74 | mscp62.txt |2,6e+02 |
|13 | 2100 | 5000 |   60 | 0.41666666 |1585344281904 |     146 |   150.0 | 2,74 | mscp62.txt |2,8e+02 |
|13 | 2200 | 5000 |   60 | 0.43333334 |1585344281904 |     146 |   150.0 | 2,74 | mscp62.txt |2,9e+02 |
|13 | 2300 | 5000 |   60 |       0.45 |1585344281904 |     146 |   150.0 | 2,74 | mscp62.txt |3,1e+02 |
|13 | 2400 | 5000 |   60 |       0.45 |1585344281904 |     146 |   150.0 | 2,74 | mscp62.txt |3,1e+02 |
|13 | 2500 | 5000 |   65 |       0.45 |1585344281904 |     146 |   150.0 | 2,74 | mscp62.txt |3,2e+02 |
|13 | 2600 | 5000 |   65 |       0.45 |1585344281904 |     146 |   150.0 | 2,74 | mscp62.txt |3,2e+02 |
|13 | 2700 | 5000 |   65 |       0.45 |1585344281904 |     146 |   150.0 | 2,74 | mscp62.txt |3,3e+02 |
|13 | 2800 | 5000 |   65 |  0.3846154 |1585344281904 |     146 |   150.0 | 2,74 | mscp62.txt |3,3e+02 |
|13 | 2900 | 5000 |   70 |       0.45 |1585344281904 |     146 |   150.0 | 2,74 | mscp62.txt |3,4e+02 |
|13 | 3000 | 5000 |   70 |       0.45 |1585344281904 |     146 |   150.0 | 2,74 | mscp62.txt |3,5e+02 |
|13 | 3100 | 5000 |   70 |       0.45 |1585344281904 |     146 |   150.0 | 2,74 | mscp62.txt |3,5e+02 |
|13 | 3200 | 5000 |   70 |       0.45 |1585344281904 |     146 |   150.0 | 2,74 | mscp62.txt |3,6e+02 |
|13 | 3300 | 5000 |   75 |       0.45 |1585344281904 |     146 |   150.0 | 2,74 | mscp62.txt |3,7e+02 |
|13 | 3400 | 5000 |   75 |       0.45 |1585344281904 |     146 |   150.0 | 2,74 | mscp62.txt |3,7e+02 |
|13 | 3500 | 5000 |   75 |       0.45 |1585344281904 |     146 |   150.0 | 2,74 | mscp62.txt |3,8e+02 |
|13 | 3600 | 5000 |   75 |       0.45 |1585344281904 |     146 |   150.0 | 2,74 | mscp62.txt |3,8e+02 |
|13 | 3700 | 5000 |   80 |       0.45 |1585344281904 |     146 |   150.0 | 2,74 | mscp62.txt |3,9e+02 |
|13 | 3800 | 5000 |   80 |       0.45 |1585344281904 |     146 |   150.0 | 2,74 | mscp62.txt |4,0e+02 |
|13 | 3900 | 5000 |   80 |       0.45 |1585344281904 |     146 |   150.0 | 2,74 | mscp62.txt |4,1e+02 |
|13 | 4000 | 5000 |   80 |       0.45 |1585344281904 |     146 |   150.0 | 2,74 | mscp62.txt |4,2e+02 |
|13 | 4100 | 5000 |   85 |       0.45 |1585344281904 |     146 |   150.0 | 2,74 | mscp62.txt |4,3e+02 |
|13 | 4200 | 5000 |   85 |       0.45 |1585344281904 |     146 |   150.0 | 2,74 | mscp62.txt |4,4e+02 |
|13 | 4300 | 5000 |   85 |       0.45 |1585344281904 |     146 |   150.0 | 2,74 | mscp62.txt |4,5e+02 |
|13 | 4400 | 5000 |   85 |       0.45 |1585344281904 |     146 |   150.0 | 2,74 | mscp62.txt |4,6e+02 |
|13 | 4500 | 5000 |   90 |       0.45 |1585344281904 |     146 |   150.0 | 2,74 | mscp62.txt |4,7e+02 |
|13 | 4600 | 5000 |   90 |       0.45 |1585344281904 |     146 |   150.0 | 2,74 | mscp62.txt |4,9e+02 |
|13 | 4700 | 5000 |   90 |       0.45 |1585344281904 |     146 |   150.0 | 2,74 | mscp62.txt |5,0e+02 |
|13 | 4800 | 5000 |   90 |       0.45 |1585344281904 |     146 |   150.0 | 2,74 | mscp62.txt |5,1e+02 |
|13 | 4900 | 5000 |   95 |       0.45 |1585344281904 |     146 |   150.0 | 2,74 | mscp62.txt |5,3e+02 |
|13 | 5000 | 5000 |   95 |       0.45 |1585344281904 |     146 |   150.0 | 2,74 | mscp62.txt |5,4e+02 |
|13 |  200 | 5000 |   95 |       0.45 |1585344281904 |     146 |   150.0 | 2,74 | mscp62.txt |5,4e+02 |
|14 |    1 | 5000 |   35 |       0.25 |1585344822304 |     146 |   241.0 |65,07 | mscp62.txt |0,011 |
|14 |  100 | 5000 |   35 |       0.45 |1585344822304 |     146 |   178.0 |21,92 | mscp62.txt |   16 |
|14 |  200 | 5000 |   35 |       0.45 |1585344822304 |     146 |   178.0 |21,92 | mscp62.txt |   25 |
|14 |  300 | 5000 |   40 |       0.45 |1585344822304 |     146 |   157.0 | 7,53 | mscp62.txt |   37 |
|14 |  400 | 5000 |   40 |       0.45 |1585344822304 |     146 |   155.0 | 6,16 | mscp62.txt |   49 |
|14 |  500 | 5000 |   40 |       0.45 |1585344822304 |     146 |   154.0 | 5,48 | mscp62.txt |   63 |
|14 |  600 | 5000 |   40 |       0.45 |1585344822304 |     146 |   153.0 | 4,79 | mscp62.txt |   74 |
|14 |  700 | 5000 |   45 | 0.44444445 |1585344822304 |     146 |   149.0 | 2,05 | mscp62.txt |   88 |
|14 |  800 | 5000 |   45 | 0.42222223 |1585344822304 |     146 |   149.0 | 2,05 | mscp62.txt |1,0e+02 |
|14 |  900 | 5000 |   45 | 0.42222223 |1585344822304 |     146 |   149.0 | 2,05 | mscp62.txt |1,2e+02 |
|14 | 1000 | 5000 |   45 |        0.4 |1585344822304 |     146 |   149.0 | 2,05 | mscp62.txt |1,3e+02 |
|14 | 1100 | 5000 |   50 |       0.45 |1585344822304 |     146 |   149.0 | 2,05 | mscp62.txt |1,5e+02 |
|14 | 1200 | 5000 |   50 |       0.45 |1585344822304 |     146 |   149.0 | 2,05 | mscp62.txt |1,6e+02 |
|14 | 1300 | 5000 |   50 |       0.45 |1585344822304 |     146 |   149.0 | 2,05 | mscp62.txt |1,8e+02 |
|14 | 1400 | 5000 |   50 |       0.45 |1585344822304 |     146 |   149.0 | 2,05 | mscp62.txt |1,9e+02 |
|14 | 1500 | 5000 |   55 |       0.45 |1585344822304 |     146 |   149.0 | 2,05 | mscp62.txt |2,1e+02 |
|14 | 1600 | 5000 |   55 |       0.45 |1585344822304 |     146 |   149.0 | 2,05 | mscp62.txt |2,3e+02 |
|14 | 1700 | 5000 |   55 |       0.45 |1585344822304 |     146 |   149.0 | 2,05 | mscp62.txt |2,5e+02 |
|14 | 1800 | 5000 |   55 |       0.45 |1585344822304 |     146 |   149.0 | 2,05 | mscp62.txt |2,6e+02 |
|14 | 1900 | 5000 |   60 |       0.45 |1585344822304 |     146 |   149.0 | 2,05 | mscp62.txt |2,8e+02 |
|14 | 2000 | 5000 |   60 |       0.45 |1585344822304 |     146 |   149.0 | 2,05 | mscp62.txt |3,0e+02 |
|14 | 2100 | 5000 |   60 |       0.45 |1585344822304 |     146 |   149.0 | 2,05 | mscp62.txt |3,2e+02 |
|14 | 2200 | 5000 |   60 |       0.45 |1585344822304 |     146 |   149.0 | 2,05 | mscp62.txt |3,5e+02 |
|14 | 2300 | 5000 |   65 |       0.45 |1585344822304 |     146 |   149.0 | 2,05 | mscp62.txt |3,7e+02 |
|14 |  200 | 5000 |   65 |       0.45 |1585344822304 |     146 |   146.0 | 0,00 | mscp62.txt |3,8e+02 |
|15 |    1 | 5000 |   35 |       0.25 |1585345204235 |     146 |   255.0 |74,66 | mscp62.txt |0,017 |
|15 |  100 | 5000 |   35 | 0.37142858 |1585345204235 |     146 |   186.0 |27,40 | mscp62.txt |  7,2 |
|15 |  200 | 5000 |   35 | 0.37142858 |1585345204235 |     146 |   176.0 |20,55 | mscp62.txt |   17 |
|15 |  300 | 5000 |   35 |  0.2857143 |1585345204235 |     146 |   173.0 |18,49 | mscp62.txt |   25 |
|15 |  400 | 5000 |   40 |       0.45 |1585345204235 |     146 |   159.0 | 8,90 | mscp62.txt |   36 |
|15 |  500 | 5000 |   40 |       0.45 |1585345204235 |     146 |   154.0 | 5,48 | mscp62.txt |   48 |
|15 |  600 | 5000 |   40 |       0.45 |1585345204235 |     146 |   153.0 | 4,79 | mscp62.txt |   59 |
|15 |  700 | 5000 |   40 |       0.45 |1585345204235 |     146 |   151.0 | 3,42 | mscp62.txt |   72 |
|15 |  800 | 5000 |   45 |       0.45 |1585345204235 |     146 |   151.0 | 3,42 | mscp62.txt |   90 |
|15 |  900 | 5000 |   45 |       0.45 |1585345204235 |     146 |   151.0 | 3,42 | mscp62.txt |1,1e+02 |
|15 | 1000 | 5000 |   45 |       0.45 |1585345204235 |     146 |   151.0 | 3,42 | mscp62.txt |1,3e+02 |
|15 | 1100 | 5000 |   45 |       0.45 |1585345204235 |     146 |   149.0 | 2,05 | mscp62.txt |1,5e+02 |
|15 | 1200 | 5000 |   50 |       0.45 |1585345204235 |     146 |   149.0 | 2,05 | mscp62.txt |1,7e+02 |
|15 | 1300 | 5000 |   50 |       0.44 |1585345204235 |     146 |   149.0 | 2,05 | mscp62.txt |1,9e+02 |
|15 | 1400 | 5000 |   50 |       0.45 |1585345204235 |     146 |   148.0 | 1,37 | mscp62.txt |2,1e+02 |
|15 | 1500 | 5000 |   50 |       0.45 |1585345204235 |     146 |   148.0 | 1,37 | mscp62.txt |2,4e+02 |
|15 | 1600 | 5000 |   55 |       0.45 |1585345204235 |     146 |   148.0 | 1,37 | mscp62.txt |2,6e+02 |
|15 | 1700 | 5000 |   55 |       0.45 |1585345204235 |     146 |   148.0 | 1,37 | mscp62.txt |2,9e+02 |
|15 | 1800 | 5000 |   55 |       0.45 |1585345204235 |     146 |   148.0 | 1,37 | mscp62.txt |3,1e+02 |
|15 | 1900 | 5000 |   55 |       0.45 |1585345204235 |     146 |   148.0 | 1,37 | mscp62.txt |3,4e+02 |
|15 | 2000 | 5000 |   60 |       0.45 |1585345204235 |     146 |   148.0 | 1,37 | mscp62.txt |3,6e+02 |
|15 | 2100 | 5000 |   60 |       0.45 |1585345204235 |     146 |   148.0 | 1,37 | mscp62.txt |3,9e+02 |
|15 | 2200 | 5000 |   60 |       0.45 |1585345204235 |     146 |   148.0 | 1,37 | mscp62.txt |4,1e+02 |
|15 | 2300 | 5000 |   60 |       0.45 |1585345204235 |     146 |   148.0 | 1,37 | mscp62.txt |4,3e+02 |
|15 | 2400 | 5000 |   65 |       0.45 |1585345204235 |     146 |   148.0 | 1,37 | mscp62.txt |4,5e+02 |
|15 | 2500 | 5000 |   65 |       0.45 |1585345204235 |     146 |   148.0 | 1,37 | mscp62.txt |4,7e+02 |
|15 | 2600 | 5000 |   65 |       0.45 |1585345204235 |     146 |   148.0 | 1,37 | mscp62.txt |5,0e+02 |
|15 | 2700 | 5000 |   65 |       0.45 |1585345204235 |     146 |   148.0 | 1,37 | mscp62.txt |5,2e+02 |
|15 | 2800 | 5000 |   70 |       0.45 |1585345204235 |     146 |   148.0 | 1,37 | mscp62.txt |5,5e+02 |
|15 | 2900 | 5000 |   70 |       0.45 |1585345204235 |     146 |   148.0 | 1,37 | mscp62.txt |5,7e+02 |
|15 | 3000 | 5000 |   70 |       0.45 |1585345204235 |     146 |   148.0 | 1,37 | mscp62.txt |6,0e+02 |
|15 | 3100 | 5000 |   70 |       0.45 |1585345204235 |     146 |   148.0 | 1,37 | mscp62.txt |6,2e+02 |
|15 | 3200 | 5000 |   75 |       0.45 |1585345204235 |     146 |   148.0 | 1,37 | mscp62.txt |6,4e+02 |
|15 | 3300 | 5000 |   75 |       0.45 |1585345204235 |     146 |   148.0 | 1,37 | mscp62.txt |6,7e+02 |
|15 | 3400 | 5000 |   75 |       0.45 |1585345204235 |     146 |   148.0 | 1,37 | mscp62.txt |7,0e+02 |
|15 | 3500 | 5000 |   75 |       0.45 |1585345204235 |     146 |   148.0 | 1,37 | mscp62.txt |7,2e+02 |
|15 | 3600 | 5000 |   80 |       0.45 |1585345204235 |     146 |   148.0 | 1,37 | mscp62.txt |7,5e+02 |
|15 | 3700 | 5000 |   80 |       0.45 |1585345204235 |     146 |   148.0 | 1,37 | mscp62.txt |7,8e+02 |
|15 | 3800 | 5000 |   80 |       0.45 |1585345204235 |     146 |   148.0 | 1,37 | mscp62.txt |8,1e+02 |
|15 | 3900 | 5000 |   80 |       0.45 |1585345204235 |     146 |   148.0 | 1,37 | mscp62.txt |8,4e+02 |
|15 | 4000 | 5000 |   85 | 0.42352942 |1585345204235 |     146 |   148.0 | 1,37 | mscp62.txt |8,7e+02 |
|15 | 4100 | 5000 |   85 | 0.42352942 |1585345204235 |     146 |   148.0 | 1,37 | mscp62.txt |9,0e+02 |
|15 |  200 | 5000 |   85 | 0.42352942 |1585345204235 |     146 |   146.0 | 0,00 | mscp62.txt |9,0e+02 |
