| # |    #ITER | #IterMAX | Nest |      %Desc |      semilla | BestFit |GottedFit |  RDP |  instancia | time |
-------------------------------------------------------------------------------------------------
| 1 |    1 | 5000 |   35 |       0.25 |1585376635735 |     641 |   846.0 |31,98 | mscp49.txt |0,081 |
| 1 |  100 | 5000 |   35 | 0.34285715 |1585376635735 |     641 |   729.0 |13,73 | mscp49.txt |  8,8 |
| 1 |  200 | 5000 |   35 |       0.45 |1585376635735 |     641 |   722.0 |12,64 | mscp49.txt |   18 |
| 1 |  300 | 5000 |   35 |       0.45 |1585376635735 |     641 |   720.0 |12,32 | mscp49.txt |   27 |
| 1 |  400 | 5000 |   35 | 0.37142858 |1585376635735 |     641 |   704.0 | 9,83 | mscp49.txt |   36 |
| 1 |  500 | 5000 |   40 |       0.45 |1585376635735 |     641 |   681.0 | 6,24 | mscp49.txt |   46 |
| 1 |  600 | 5000 |   40 |      0.425 |1585376635735 |     641 |   666.0 | 3,90 | mscp49.txt |   57 |
| 1 |  700 | 5000 |   40 |       0.45 |1585376635735 |     641 |   662.0 | 3,28 | mscp49.txt |   67 |
| 1 |  800 | 5000 |   40 |       0.45 |1585376635735 |     641 |   662.0 | 3,28 | mscp49.txt |   78 |
| 1 |  900 | 5000 |   45 | 0.37777779 |1585376635735 |     641 |   662.0 | 3,28 | mscp49.txt |   91 |
| 1 | 1000 | 5000 |   45 | 0.35555556 |1585376635735 |     641 |   662.0 | 3,28 | mscp49.txt |1,0e+02 |
| 1 | 1100 | 5000 |   45 |  0.2888889 |1585376635735 |     641 |   662.0 | 3,28 | mscp49.txt |1,2e+02 |
| 1 | 1200 | 5000 |   45 | 0.26666668 |1585376635735 |     641 |   662.0 | 3,28 | mscp49.txt |1,3e+02 |
| 1 | 1300 | 5000 |   50 |       0.34 |1585376635735 |     641 |   653.0 | 1,87 | mscp49.txt |1,4e+02 |
| 1 | 1400 | 5000 |   50 |       0.34 |1585376635735 |     641 |   653.0 | 1,87 | mscp49.txt |1,6e+02 |
| 1 | 1500 | 5000 |   50 |       0.32 |1585376635735 |     641 |   649.0 | 1,25 | mscp49.txt |1,7e+02 |
| 1 | 1600 | 5000 |   50 |       0.32 |1585376635735 |     641 |   649.0 | 1,25 | mscp49.txt |1,8e+02 |
| 1 | 1700 | 5000 |   55 |  0.3090909 |1585376635735 |     641 |   645.0 | 0,62 | mscp49.txt |2,0e+02 |
| 1 | 1800 | 5000 |   55 |  0.3272727 |1585376635735 |     641 |   645.0 | 0,62 | mscp49.txt |2,1e+02 |
| 1 | 1900 | 5000 |   55 |  0.3090909 |1585376635735 |     641 |   645.0 | 0,62 | mscp49.txt |2,3e+02 |
| 1 | 2000 | 5000 |   55 | 0.34545454 |1585376635735 |     641 |   645.0 | 0,62 | mscp49.txt |2,5e+02 |
| 1 | 2100 | 5000 |   60 | 0.31666666 |1585376635735 |     641 |   645.0 | 0,62 | mscp49.txt |2,6e+02 |
| 1 | 2200 | 5000 |   60 | 0.33333334 |1585376635735 |     641 |   645.0 | 0,62 | mscp49.txt |2,8e+02 |
| 1 | 2300 | 5000 |   60 | 0.33333334 |1585376635735 |     641 |   645.0 | 0,62 | mscp49.txt |3,0e+02 |
| 1 | 2400 | 5000 |   60 | 0.33333334 |1585376635735 |     641 |   645.0 | 0,62 | mscp49.txt |3,2e+02 |
| 1 | 2500 | 5000 |   65 | 0.30769232 |1585376635735 |     641 |   645.0 | 0,62 | mscp49.txt |3,3e+02 |
| 1 | 2600 | 5000 |   65 | 0.30769232 |1585376635735 |     641 |   645.0 | 0,62 | mscp49.txt |3,5e+02 |
| 1 | 2700 | 5000 |   65 |  0.2923077 |1585376635735 |     641 |   645.0 | 0,62 | mscp49.txt |3,7e+02 |
| 1 | 2800 | 5000 |   65 | 0.24615385 |1585376635735 |     641 |   645.0 | 0,62 | mscp49.txt |3,9e+02 |
| 1 | 2900 | 5000 |   70 | 0.31428573 |1585376635735 |     641 |   645.0 | 0,62 | mscp49.txt |4,1e+02 |
| 1 | 3000 | 5000 |   70 | 0.31428573 |1585376635735 |     641 |   645.0 | 0,62 | mscp49.txt |4,3e+02 |
| 1 | 3100 | 5000 |   70 |        0.3 |1585376635735 |     641 |   645.0 | 0,62 | mscp49.txt |4,5e+02 |
| 1 | 3200 | 5000 |   70 |  0.2857143 |1585376635735 |     641 |   645.0 | 0,62 | mscp49.txt |4,7e+02 |
| 1 | 3300 | 5000 |   75 | 0.30666667 |1585376635735 |     641 |   645.0 | 0,62 | mscp49.txt |4,9e+02 |
| 1 | 3400 | 5000 |   75 | 0.30666667 |1585376635735 |     641 |   645.0 | 0,62 | mscp49.txt |5,1e+02 |
| 1 | 3500 | 5000 |   75 |       0.28 |1585376635735 |     641 |   645.0 | 0,62 | mscp49.txt |5,4e+02 |
| 1 | 3600 | 5000 |   75 |       0.45 |1585376635735 |     641 |   645.0 | 0,62 | mscp49.txt |5,6e+02 |
| 1 | 3700 | 5000 |   80 |     0.4375 |1585376635735 |     641 |   645.0 | 0,62 | mscp49.txt |5,8e+02 |
| 1 | 3800 | 5000 |   80 |     0.4375 |1585376635735 |     641 |   645.0 | 0,62 | mscp49.txt |6,0e+02 |
| 1 | 3900 | 5000 |   80 |      0.425 |1585376635735 |     641 |   645.0 | 0,62 | mscp49.txt |6,2e+02 |
| 1 | 4000 | 5000 |   80 |      0.425 |1585376635735 |     641 |   645.0 | 0,62 | mscp49.txt |6,4e+02 |
| 1 | 4100 | 5000 |   85 |        0.4 |1585376635735 |     641 |   645.0 | 0,62 | mscp49.txt |6,7e+02 |
| 1 | 4200 | 5000 |   85 |        0.4 |1585376635735 |     641 |   645.0 | 0,62 | mscp49.txt |6,9e+02 |
| 1 | 4300 | 5000 |   85 |        0.4 |1585376635735 |     641 |   645.0 | 0,62 | mscp49.txt |7,1e+02 |
| 1 | 4400 | 5000 |   85 |        0.4 |1585376635735 |     641 |   645.0 | 0,62 | mscp49.txt |7,4e+02 |
| 1 | 4500 | 5000 |   90 |  0.3888889 |1585376635735 |     641 |   645.0 | 0,62 | mscp49.txt |7,6e+02 |
| 1 | 4600 | 5000 |   90 |  0.3888889 |1585376635735 |     641 |   645.0 | 0,62 | mscp49.txt |7,9e+02 |
| 1 | 4700 | 5000 |   90 | 0.37777779 |1585376635735 |     641 |   645.0 | 0,62 | mscp49.txt |8,1e+02 |
| 1 | 4800 | 5000 |   90 | 0.36666667 |1585376635735 |     641 |   645.0 | 0,62 | mscp49.txt |8,4e+02 |
| 1 | 4900 | 5000 |   95 | 0.34736842 |1585376635735 |     641 |   645.0 | 0,62 | mscp49.txt |8,6e+02 |
| 1 | 5000 | 5000 |   95 | 0.34736842 |1585376635735 |     641 |   645.0 | 0,62 | mscp49.txt |8,9e+02 |
| 1 |  200 | 5000 |   95 | 0.34736842 |1585376635735 |     641 |   645.0 | 0,62 | mscp49.txt |8,9e+02 |
| 2 |    1 | 5000 |   35 |       0.25 |1585377525586 |     641 |   814.0 |26,99 | mscp49.txt |0,083 |
| 2 |  100 | 5000 |   35 | 0.42857143 |1585377525586 |     641 |   739.0 |15,29 | mscp49.txt |  8,9 |
| 2 |  200 | 5000 |   35 | 0.31428573 |1585377525586 |     641 |   720.0 |12,32 | mscp49.txt |   18 |
| 2 |  300 | 5000 |   40 |        0.4 |1585377525586 |     641 |   682.0 | 6,40 | mscp49.txt |   30 |
| 2 |  400 | 5000 |   40 |        0.4 |1585377525586 |     641 |   666.0 | 3,90 | mscp49.txt |   41 |
| 2 |  500 | 5000 |   40 |        0.3 |1585377525586 |     641 |   658.0 | 2,65 | mscp49.txt |   52 |
| 2 |  600 | 5000 |   40 |       0.35 |1585377525586 |     641 |   655.0 | 2,18 | mscp49.txt |   62 |
| 2 |  700 | 5000 |   45 | 0.33333334 |1585377525586 |     641 |   652.0 | 1,72 | mscp49.txt |   75 |
| 2 |  800 | 5000 |   45 | 0.33333334 |1585377525586 |     641 |   652.0 | 1,72 | mscp49.txt |   87 |
| 2 |  900 | 5000 |   45 | 0.33333334 |1585377525586 |     641 |   652.0 | 1,72 | mscp49.txt |1,0e+02 |
| 2 | 1000 | 5000 |   45 |       0.45 |1585377525586 |     641 |   650.0 | 1,40 | mscp49.txt |1,1e+02 |
| 2 | 1100 | 5000 |   50 |       0.45 |1585377525586 |     641 |   650.0 | 1,40 | mscp49.txt |1,3e+02 |
| 2 | 1200 | 5000 |   50 |       0.45 |1585377525586 |     641 |   650.0 | 1,40 | mscp49.txt |1,4e+02 |
| 2 | 1300 | 5000 |   50 |       0.45 |1585377525586 |     641 |   650.0 | 1,40 | mscp49.txt |1,6e+02 |
| 2 | 1400 | 5000 |   50 |       0.45 |1585377525586 |     641 |   650.0 | 1,40 | mscp49.txt |1,7e+02 |
| 2 | 1500 | 5000 |   55 |       0.45 |1585377525586 |     641 |   650.0 | 1,40 | mscp49.txt |1,9e+02 |
| 2 | 1600 | 5000 |   55 |       0.45 |1585377525586 |     641 |   650.0 | 1,40 | mscp49.txt |2,0e+02 |
| 2 | 1700 | 5000 |   55 |       0.45 |1585377525586 |     641 |   650.0 | 1,40 | mscp49.txt |2,2e+02 |
| 2 | 1800 | 5000 |   55 |       0.45 |1585377525586 |     641 |   650.0 | 1,40 | mscp49.txt |2,3e+02 |
| 2 | 1900 | 5000 |   60 |       0.45 |1585377525586 |     641 |   650.0 | 1,40 | mscp49.txt |2,5e+02 |
| 2 | 2000 | 5000 |   60 |       0.45 |1585377525586 |     641 |   645.0 | 0,62 | mscp49.txt |2,7e+02 |
| 2 | 2100 | 5000 |   60 |       0.45 |1585377525586 |     641 |   645.0 | 0,62 | mscp49.txt |2,9e+02 |
| 2 | 2200 | 5000 |   60 |       0.45 |1585377525586 |     641 |   645.0 | 0,62 | mscp49.txt |3,0e+02 |
| 2 | 2300 | 5000 |   65 | 0.44615385 |1585377525586 |     641 |   645.0 | 0,62 | mscp49.txt |3,2e+02 |
| 2 | 2400 | 5000 |   65 | 0.44615385 |1585377525586 |     641 |   645.0 | 0,62 | mscp49.txt |3,4e+02 |
| 2 | 2500 | 5000 |   65 | 0.44615385 |1585377525586 |     641 |   645.0 | 0,62 | mscp49.txt |3,6e+02 |
| 2 | 2600 | 5000 |   65 | 0.44615385 |1585377525586 |     641 |   645.0 | 0,62 | mscp49.txt |3,8e+02 |
| 2 | 2700 | 5000 |   70 | 0.44285715 |1585377525586 |     641 |   644.0 | 0,47 | mscp49.txt |4,0e+02 |
| 2 | 2800 | 5000 |   70 |        0.4 |1585377525586 |     641 |   644.0 | 0,47 | mscp49.txt |4,2e+02 |
| 2 | 2900 | 5000 |   70 |        0.4 |1585377525586 |     641 |   644.0 | 0,47 | mscp49.txt |4,4e+02 |
| 2 | 3000 | 5000 |   70 |  0.3857143 |1585377525586 |     641 |   644.0 | 0,47 | mscp49.txt |4,6e+02 |
| 2 | 3100 | 5000 |   75 | 0.33333334 |1585377525586 |     641 |   644.0 | 0,47 | mscp49.txt |4,8e+02 |
| 2 | 3200 | 5000 |   75 | 0.33333334 |1585377525586 |     641 |   644.0 | 0,47 | mscp49.txt |5,0e+02 |
| 2 | 3300 | 5000 |   75 | 0.33333334 |1585377525586 |     641 |   644.0 | 0,47 | mscp49.txt |5,2e+02 |
| 2 | 3400 | 5000 |   75 | 0.33333334 |1585377525586 |     641 |   644.0 | 0,47 | mscp49.txt |5,4e+02 |
| 2 | 3500 | 5000 |   80 |       0.35 |1585377525586 |     641 |   644.0 | 0,47 | mscp49.txt |5,6e+02 |
| 2 | 3600 | 5000 |   80 |       0.35 |1585377525586 |     641 |   644.0 | 0,47 | mscp49.txt |5,9e+02 |
| 2 | 3700 | 5000 |   80 |       0.35 |1585377525586 |     641 |   644.0 | 0,47 | mscp49.txt |6,1e+02 |
| 2 | 3800 | 5000 |   80 |       0.35 |1585377525586 |     641 |   644.0 | 0,47 | mscp49.txt |6,3e+02 |
| 2 | 3900 | 5000 |   85 | 0.32941177 |1585377525586 |     641 |   644.0 | 0,47 | mscp49.txt |6,5e+02 |
| 2 | 4000 | 5000 |   85 | 0.32941177 |1585377525586 |     641 |   644.0 | 0,47 | mscp49.txt |6,8e+02 |
| 2 | 4100 | 5000 |   85 | 0.32941177 |1585377525586 |     641 |   644.0 | 0,47 | mscp49.txt |7,0e+02 |
| 2 | 4200 | 5000 |   85 | 0.34117648 |1585377525586 |     641 |   644.0 | 0,47 | mscp49.txt |7,2e+02 |
| 2 | 4300 | 5000 |   90 | 0.32222223 |1585377525586 |     641 |   644.0 | 0,47 | mscp49.txt |7,5e+02 |
| 2 | 4400 | 5000 |   90 | 0.32222223 |1585377525586 |     641 |   644.0 | 0,47 | mscp49.txt |7,7e+02 |
| 2 | 4500 | 5000 |   90 | 0.32222223 |1585377525586 |     641 |   644.0 | 0,47 | mscp49.txt |8,0e+02 |
| 2 | 4600 | 5000 |   90 | 0.32222223 |1585377525586 |     641 |   644.0 | 0,47 | mscp49.txt |8,2e+02 |
| 2 | 4700 | 5000 |   95 | 0.30526316 |1585377525586 |     641 |   644.0 | 0,47 | mscp49.txt |8,5e+02 |
| 2 | 4800 | 5000 |   95 | 0.30526316 |1585377525586 |     641 |   644.0 | 0,47 | mscp49.txt |8,7e+02 |
| 2 | 4900 | 5000 |   95 | 0.30526316 |1585377525586 |     641 |   644.0 | 0,47 | mscp49.txt |9,0e+02 |
| 2 | 5000 | 5000 |   95 | 0.30526316 |1585377525586 |     641 |   644.0 | 0,47 | mscp49.txt |9,3e+02 |
| 2 |  200 | 5000 |  100 | 0.30526316 |1585377525586 |     641 |   644.0 | 0,47 | mscp49.txt |9,3e+02 |
| 3 |    1 | 5000 |   35 |       0.25 |1585378454138 |     641 |   849.0 |32,45 | mscp49.txt |0,088 |
| 3 |  100 | 5000 |   35 | 0.42857143 |1585378454138 |     641 |   717.0 |11,86 | mscp49.txt |  9,5 |
| 3 |  200 | 5000 |   35 | 0.34285715 |1585378454138 |     641 |   694.0 | 8,27 | mscp49.txt |   19 |
| 3 |  300 | 5000 |   35 |       0.45 |1585378454138 |     641 |   686.0 | 7,02 | mscp49.txt |   28 |
| 3 |  400 | 5000 |   35 |        0.4 |1585378454138 |     641 |   686.0 | 7,02 | mscp49.txt |   37 |
| 3 |  500 | 5000 |   40 |       0.45 |1585378454138 |     641 |   663.0 | 3,43 | mscp49.txt |   48 |
| 3 |  600 | 5000 |   40 |        0.4 |1585378454138 |     641 |   656.0 | 2,34 | mscp49.txt |   58 |
| 3 |  700 | 5000 |   40 |        0.3 |1585378454138 |     641 |   656.0 | 2,34 | mscp49.txt |   69 |
| 3 |  800 | 5000 |   40 |        0.2 |1585378454138 |     641 |   644.0 | 0,47 | mscp49.txt |   80 |
| 3 |  900 | 5000 |   45 |  0.2888889 |1585378454138 |     641 |   644.0 | 0,47 | mscp49.txt |   92 |
| 3 | 1000 | 5000 |   45 |  0.2888889 |1585378454138 |     641 |   644.0 | 0,47 | mscp49.txt |1,0e+02 |
| 3 | 1100 | 5000 |   45 | 0.44444445 |1585378454138 |     641 |   644.0 | 0,47 | mscp49.txt |1,2e+02 |
| 3 | 1200 | 5000 |   45 | 0.42222223 |1585378454138 |     641 |   644.0 | 0,47 | mscp49.txt |1,3e+02 |
| 3 | 1300 | 5000 |   50 |       0.38 |1585378454138 |     641 |   644.0 | 0,47 | mscp49.txt |1,4e+02 |
| 3 | 1400 | 5000 |   50 |       0.38 |1585378454138 |     641 |   644.0 | 0,47 | mscp49.txt |1,6e+02 |
| 3 | 1500 | 5000 |   50 |       0.38 |1585378454138 |     641 |   644.0 | 0,47 | mscp49.txt |1,7e+02 |
| 3 | 1600 | 5000 |   50 |       0.36 |1585378454138 |     641 |   644.0 | 0,47 | mscp49.txt |1,8e+02 |
| 3 | 1700 | 5000 |   55 |  0.3272727 |1585378454138 |     641 |   644.0 | 0,47 | mscp49.txt |2,0e+02 |
| 3 | 1800 | 5000 |   55 |  0.3272727 |1585378454138 |     641 |   644.0 | 0,47 | mscp49.txt |2,1e+02 |
| 3 | 1900 | 5000 |   55 |       0.45 |1585378454138 |     641 |   644.0 | 0,47 | mscp49.txt |2,3e+02 |
| 3 | 2000 | 5000 |   55 |       0.45 |1585378454138 |     641 |   644.0 | 0,47 | mscp49.txt |2,4e+02 |
| 3 | 2100 | 5000 |   60 |       0.45 |1585378454138 |     641 |   644.0 | 0,47 | mscp49.txt |2,6e+02 |
| 3 | 2200 | 5000 |   60 |       0.45 |1585378454138 |     641 |   644.0 | 0,47 | mscp49.txt |2,7e+02 |
| 3 | 2300 | 5000 |   60 |       0.45 |1585378454138 |     641 |   644.0 | 0,47 | mscp49.txt |2,9e+02 |
| 3 | 2400 | 5000 |   60 |       0.45 |1585378454138 |     641 |   644.0 | 0,47 | mscp49.txt |3,1e+02 |
| 3 | 2500 | 5000 |   65 |       0.45 |1585378454138 |     641 |   644.0 | 0,47 | mscp49.txt |3,2e+02 |
| 3 | 2600 | 5000 |   65 |       0.45 |1585378454138 |     641 |   644.0 | 0,47 | mscp49.txt |3,4e+02 |
| 3 | 2700 | 5000 |   65 |       0.45 |1585378454138 |     641 |   644.0 | 0,47 | mscp49.txt |3,6e+02 |
| 3 | 2800 | 5000 |   65 |       0.45 |1585378454138 |     641 |   644.0 | 0,47 | mscp49.txt |3,8e+02 |
| 3 | 2900 | 5000 |   70 |       0.45 |1585378454138 |     641 |   644.0 | 0,47 | mscp49.txt |4,0e+02 |
| 3 | 3000 | 5000 |   70 |       0.45 |1585378454138 |     641 |   644.0 | 0,47 | mscp49.txt |4,1e+02 |
| 3 | 3100 | 5000 |   70 |       0.45 |1585378454138 |     641 |   644.0 | 0,47 | mscp49.txt |4,3e+02 |
| 3 | 3200 | 5000 |   70 |       0.45 |1585378454138 |     641 |   644.0 | 0,47 | mscp49.txt |4,5e+02 |
| 3 | 3300 | 5000 |   75 |       0.45 |1585378454138 |     641 |   644.0 | 0,47 | mscp49.txt |4,7e+02 |
| 3 | 3400 | 5000 |   75 |       0.45 |1585378454138 |     641 |   644.0 | 0,47 | mscp49.txt |4,9e+02 |
| 3 | 3500 | 5000 |   75 |       0.45 |1585378454138 |     641 |   644.0 | 0,47 | mscp49.txt |5,1e+02 |
| 3 | 3600 | 5000 |   75 |       0.45 |1585378454138 |     641 |   644.0 | 0,47 | mscp49.txt |5,3e+02 |
| 3 | 3700 | 5000 |   80 |       0.45 |1585378454138 |     641 |   644.0 | 0,47 | mscp49.txt |5,5e+02 |
| 3 | 3800 | 5000 |   80 |       0.45 |1585378454138 |     641 |   644.0 | 0,47 | mscp49.txt |5,7e+02 |
| 3 | 3900 | 5000 |   80 |       0.45 |1585378454138 |     641 |   644.0 | 0,47 | mscp49.txt |6,0e+02 |
| 3 | 4000 | 5000 |   80 |       0.45 |1585378454138 |     641 |   644.0 | 0,47 | mscp49.txt |6,2e+02 |
| 3 | 4100 | 5000 |   85 |       0.45 |1585378454138 |     641 |   644.0 | 0,47 | mscp49.txt |6,4e+02 |
| 3 | 4200 | 5000 |   85 |       0.45 |1585378454138 |     641 |   644.0 | 0,47 | mscp49.txt |6,6e+02 |
| 3 | 4300 | 5000 |   85 |       0.45 |1585378454138 |     641 |   644.0 | 0,47 | mscp49.txt |6,8e+02 |
| 3 | 4400 | 5000 |   85 |       0.45 |1585378454138 |     641 |   644.0 | 0,47 | mscp49.txt |7,1e+02 |
| 3 | 4500 | 5000 |   90 |       0.45 |1585378454138 |     641 |   644.0 | 0,47 | mscp49.txt |7,3e+02 |
| 3 | 4600 | 5000 |   90 |       0.45 |1585378454138 |     641 |   644.0 | 0,47 | mscp49.txt |7,5e+02 |
| 3 | 4700 | 5000 |   90 |       0.45 |1585378454138 |     641 |   644.0 | 0,47 | mscp49.txt |7,8e+02 |
| 3 | 4800 | 5000 |   90 |       0.45 |1585378454138 |     641 |   644.0 | 0,47 | mscp49.txt |8,0e+02 |
| 3 | 4900 | 5000 |   95 |       0.45 |1585378454138 |     641 |   644.0 | 0,47 | mscp49.txt |8,3e+02 |
| 3 | 5000 | 5000 |   95 |       0.45 |1585378454138 |     641 |   644.0 | 0,47 | mscp49.txt |8,5e+02 |
| 3 |  200 | 5000 |   95 |       0.45 |1585378454138 |     641 |   644.0 | 0,47 | mscp49.txt |8,5e+02 |
| 4 |    1 | 5000 |   35 |       0.25 |1585379305934 |     641 |   845.0 |31,83 | mscp49.txt |0,093 |
| 4 |  100 | 5000 |   35 | 0.31428573 |1585379305934 |     641 |   722.0 |12,64 | mscp49.txt |  8,6 |
| 4 |  200 | 5000 |   35 | 0.31428573 |1585379305934 |     641 |   714.0 |11,39 | mscp49.txt |   18 |
| 4 |  300 | 5000 |   40 |        0.4 |1585379305934 |     641 |   684.0 | 6,71 | mscp49.txt |   29 |
| 4 |  400 | 5000 |   40 |      0.425 |1585379305934 |     641 |   666.0 | 3,90 | mscp49.txt |   39 |
| 4 |  500 | 5000 |   40 |       0.45 |1585379305934 |     641 |   665.0 | 3,74 | mscp49.txt |   50 |
| 4 |  600 | 5000 |   40 |      0.375 |1585379305934 |     641 |   665.0 | 3,74 | mscp49.txt |   60 |
| 4 |  700 | 5000 |   45 |       0.45 |1585379305934 |     641 |   665.0 | 3,74 | mscp49.txt |   72 |
| 4 |  800 | 5000 |   45 |       0.45 |1585379305934 |     641 |   665.0 | 3,74 | mscp49.txt |   85 |
| 4 |  900 | 5000 |   45 |       0.45 |1585379305934 |     641 |   659.0 | 2,81 | mscp49.txt |   98 |
| 4 | 1000 | 5000 |   45 | 0.42222223 |1585379305934 |     641 |   659.0 | 2,81 | mscp49.txt |1,1e+02 |
| 4 | 1100 | 5000 |   50 |       0.45 |1585379305934 |     641 |   659.0 | 2,81 | mscp49.txt |1,2e+02 |
| 4 | 1200 | 5000 |   50 |       0.36 |1585379305934 |     641 |   659.0 | 2,81 | mscp49.txt |1,4e+02 |
| 4 | 1300 | 5000 |   50 |       0.32 |1585379305934 |     641 |   659.0 | 2,81 | mscp49.txt |1,5e+02 |
| 4 | 1400 | 5000 |   50 |       0.42 |1585379305934 |     641 |   659.0 | 2,81 | mscp49.txt |1,7e+02 |
| 4 | 1500 | 5000 |   55 |       0.45 |1585379305934 |     641 |   659.0 | 2,81 | mscp49.txt |1,8e+02 |
| 4 | 1600 | 5000 |   55 |       0.45 |1585379305934 |     641 |   659.0 | 2,81 | mscp49.txt |2,0e+02 |
| 4 | 1700 | 5000 |   55 |       0.45 |1585379305934 |     641 |   659.0 | 2,81 | mscp49.txt |2,1e+02 |
| 4 | 1800 | 5000 |   55 |       0.45 |1585379305934 |     641 |   659.0 | 2,81 | mscp49.txt |2,3e+02 |
| 4 | 1900 | 5000 |   60 |       0.45 |1585379305934 |     641 |   659.0 | 2,81 | mscp49.txt |2,4e+02 |
| 4 | 2000 | 5000 |   60 |       0.45 |1585379305934 |     641 |   655.0 | 2,18 | mscp49.txt |2,6e+02 |
| 4 | 2100 | 5000 |   60 |       0.45 |1585379305934 |     641 |   655.0 | 2,18 | mscp49.txt |2,8e+02 |
| 4 | 2200 | 5000 |   60 |       0.45 |1585379305934 |     641 |   655.0 | 2,18 | mscp49.txt |2,9e+02 |
| 4 | 2300 | 5000 |   65 |       0.45 |1585379305934 |     641 |   655.0 | 2,18 | mscp49.txt |3,1e+02 |
| 4 | 2400 | 5000 |   65 |       0.45 |1585379305934 |     641 |   655.0 | 2,18 | mscp49.txt |3,3e+02 |
| 4 | 2500 | 5000 |   65 |       0.45 |1585379305934 |     641 |   655.0 | 2,18 | mscp49.txt |3,4e+02 |
| 4 | 2600 | 5000 |   65 |       0.45 |1585379305934 |     641 |   655.0 | 2,18 | mscp49.txt |3,6e+02 |
| 4 | 2700 | 5000 |   70 |       0.45 |1585379305934 |     641 |   651.0 | 1,56 | mscp49.txt |3,8e+02 |
| 4 | 2800 | 5000 |   70 |       0.45 |1585379305934 |     641 |   651.0 | 1,56 | mscp49.txt |4,0e+02 |
| 4 | 2900 | 5000 |   70 |       0.45 |1585379305934 |     641 |   649.0 | 1,25 | mscp49.txt |4,2e+02 |
| 4 | 3000 | 5000 |   70 |       0.45 |1585379305934 |     641 |   649.0 | 1,25 | mscp49.txt |4,4e+02 |
| 4 | 3100 | 5000 |   75 |       0.45 |1585379305934 |     641 |   649.0 | 1,25 | mscp49.txt |4,6e+02 |
| 4 | 3200 | 5000 |   75 |       0.45 |1585379305934 |     641 |   649.0 | 1,25 | mscp49.txt |4,8e+02 |
| 4 | 3300 | 5000 |   75 |       0.45 |1585379305934 |     641 |   649.0 | 1,25 | mscp49.txt |5,0e+02 |
| 4 | 3400 | 5000 |   75 |       0.45 |1585379305934 |     641 |   649.0 | 1,25 | mscp49.txt |5,2e+02 |
| 4 | 3500 | 5000 |   80 |       0.45 |1585379305934 |     641 |   649.0 | 1,25 | mscp49.txt |5,4e+02 |
| 4 | 3600 | 5000 |   80 |       0.45 |1585379305934 |     641 |   649.0 | 1,25 | mscp49.txt |5,6e+02 |
| 4 | 3700 | 5000 |   80 |       0.45 |1585379305934 |     641 |   649.0 | 1,25 | mscp49.txt |5,9e+02 |
| 4 | 3800 | 5000 |   80 |       0.45 |1585379305934 |     641 |   649.0 | 1,25 | mscp49.txt |6,1e+02 |
| 4 | 3900 | 5000 |   85 |       0.45 |1585379305934 |     641 |   649.0 | 1,25 | mscp49.txt |6,3e+02 |
| 4 | 4000 | 5000 |   85 |       0.45 |1585379305934 |     641 |   649.0 | 1,25 | mscp49.txt |6,5e+02 |
| 4 | 4100 | 5000 |   85 |       0.45 |1585379305934 |     641 |   649.0 | 1,25 | mscp49.txt |6,8e+02 |
| 4 | 4200 | 5000 |   85 |       0.45 |1585379305934 |     641 |   649.0 | 1,25 | mscp49.txt |7,0e+02 |
| 4 | 4300 | 5000 |   90 |       0.45 |1585379305934 |     641 |   649.0 | 1,25 | mscp49.txt |7,2e+02 |
| 4 | 4400 | 5000 |   90 |       0.45 |1585379305934 |     641 |   649.0 | 1,25 | mscp49.txt |7,5e+02 |
| 4 | 4500 | 5000 |   90 |       0.45 |1585379305934 |     641 |   649.0 | 1,25 | mscp49.txt |7,7e+02 |
| 4 | 4600 | 5000 |   90 |       0.45 |1585379305934 |     641 |   649.0 | 1,25 | mscp49.txt |8,0e+02 |
| 4 | 4700 | 5000 |   95 |       0.45 |1585379305934 |     641 |   649.0 | 1,25 | mscp49.txt |8,2e+02 |
| 4 | 4800 | 5000 |   95 |       0.45 |1585379305934 |     641 |   649.0 | 1,25 | mscp49.txt |8,5e+02 |
| 4 | 4900 | 5000 |   95 |       0.45 |1585379305934 |     641 |   649.0 | 1,25 | mscp49.txt |8,7e+02 |
| 4 | 5000 | 5000 |   95 |       0.45 |1585379305934 |     641 |   649.0 | 1,25 | mscp49.txt |9,0e+02 |
| 4 |  200 | 5000 |  100 |       0.45 |1585379305934 |     641 |   649.0 | 1,25 | mscp49.txt |9,0e+02 |
| 5 |    1 | 5000 |   35 |       0.25 |1585380203437 |     641 |   852.0 |32,92 | mscp49.txt | 0,11 |
| 5 |  100 | 5000 |   35 | 0.25714287 |1585380203437 |     641 |   719.0 |12,17 | mscp49.txt |  9,6 |
| 5 |  200 | 5000 |   35 | 0.42857143 |1585380203437 |     641 |   683.0 | 6,55 | mscp49.txt |   18 |
| 5 |  300 | 5000 |   35 |        0.4 |1585380203437 |     641 |   683.0 | 6,55 | mscp49.txt |   28 |
| 5 |  400 | 5000 |   35 | 0.42857143 |1585380203437 |     641 |   683.0 | 6,55 | mscp49.txt |   37 |
| 5 |  500 | 5000 |   40 |       0.45 |1585380203437 |     641 |   670.0 | 4,52 | mscp49.txt |   48 |
| 5 |  600 | 5000 |   40 |       0.45 |1585380203437 |     641 |   670.0 | 4,52 | mscp49.txt |   59 |
| 5 |  700 | 5000 |   40 |       0.45 |1585380203437 |     641 |   670.0 | 4,52 | mscp49.txt |   70 |
| 5 |  800 | 5000 |   40 |       0.45 |1585380203437 |     641 |   670.0 | 4,52 | mscp49.txt |   81 |
| 5 |  900 | 5000 |   45 |        0.4 |1585380203437 |     641 |   670.0 | 4,52 | mscp49.txt |   93 |
| 5 | 1000 | 5000 |   45 |       0.45 |1585380203437 |     641 |   670.0 | 4,52 | mscp49.txt |1,0e+02 |
| 5 | 1100 | 5000 |   45 |       0.45 |1585380203437 |     641 |   651.0 | 1,56 | mscp49.txt |1,2e+02 |
| 5 | 1200 | 5000 |   45 |        0.4 |1585380203437 |     641 |   650.0 | 1,40 | mscp49.txt |1,3e+02 |
| 5 | 1300 | 5000 |   50 |       0.36 |1585380203437 |     641 |   650.0 | 1,40 | mscp49.txt |1,4e+02 |
| 5 | 1400 | 5000 |   50 |        0.3 |1585380203437 |     641 |   650.0 | 1,40 | mscp49.txt |1,6e+02 |
| 5 | 1500 | 5000 |   50 |       0.28 |1585380203437 |     641 |   649.0 | 1,25 | mscp49.txt |1,7e+02 |
| 5 | 1600 | 5000 |   50 |        0.3 |1585380203437 |     641 |   649.0 | 1,25 | mscp49.txt |1,8e+02 |
| 5 | 1700 | 5000 |   50 |        0.3 |1585380203437 |     641 |   649.0 | 1,25 | mscp49.txt |2,0e+02 |
| 5 | 1800 | 5000 |   55 | 0.27272728 |1585380203437 |     641 |   649.0 | 1,25 | mscp49.txt |2,2e+02 |
| 5 | 1900 | 5000 |   55 | 0.23636363 |1585380203437 |     641 |   649.0 | 1,25 | mscp49.txt |2,3e+02 |
| 5 | 2000 | 5000 |   55 |  0.3090909 |1585380203437 |     641 |   649.0 | 1,25 | mscp49.txt |2,5e+02 |
| 5 | 2100 | 5000 |   55 |  0.3090909 |1585380203437 |     641 |   644.0 | 0,47 | mscp49.txt |2,6e+02 |
| 5 | 2200 | 5000 |   60 | 0.28333333 |1585380203437 |     641 |   644.0 | 0,47 | mscp49.txt |2,8e+02 |
| 5 | 2300 | 5000 |   60 |        0.3 |1585380203437 |     641 |   644.0 | 0,47 | mscp49.txt |3,0e+02 |
| 5 | 2400 | 5000 |   60 | 0.31666666 |1585380203437 |     641 |   644.0 | 0,47 | mscp49.txt |3,1e+02 |
| 5 | 2500 | 5000 |   60 | 0.31666666 |1585380203437 |     641 |   644.0 | 0,47 | mscp49.txt |3,3e+02 |
| 5 | 2600 | 5000 |   65 | 0.26153848 |1585380203437 |     641 |   644.0 | 0,47 | mscp49.txt |3,5e+02 |
| 5 | 2700 | 5000 |   65 |  0.2923077 |1585380203437 |     641 |   644.0 | 0,47 | mscp49.txt |3,7e+02 |
| 5 | 2800 | 5000 |   65 | 0.30769232 |1585380203437 |     641 |   644.0 | 0,47 | mscp49.txt |3,9e+02 |
| 5 | 2900 | 5000 |   65 | 0.30769232 |1585380203437 |     641 |   644.0 | 0,47 | mscp49.txt |4,1e+02 |
| 5 | 3000 | 5000 |   70 | 0.35714287 |1585380203437 |     641 |   644.0 | 0,47 | mscp49.txt |4,3e+02 |
| 5 | 3100 | 5000 |   70 | 0.32857144 |1585380203437 |     641 |   644.0 | 0,47 | mscp49.txt |4,5e+02 |
| 5 | 3200 | 5000 |   70 | 0.32857144 |1585380203437 |     641 |   644.0 | 0,47 | mscp49.txt |4,7e+02 |
| 5 | 3300 | 5000 |   70 | 0.34285715 |1585380203437 |     641 |   644.0 | 0,47 | mscp49.txt |4,9e+02 |
| 5 | 3400 | 5000 |   75 |       0.36 |1585380203437 |     641 |   644.0 | 0,47 | mscp49.txt |5,1e+02 |
| 5 | 3500 | 5000 |   75 |        0.4 |1585380203437 |     641 |   644.0 | 0,47 | mscp49.txt |5,3e+02 |
| 5 | 3600 | 5000 |   75 |        0.4 |1585380203437 |     641 |   644.0 | 0,47 | mscp49.txt |5,5e+02 |
| 5 | 3700 | 5000 |   75 |        0.4 |1585380203437 |     641 |   644.0 | 0,47 | mscp49.txt |5,7e+02 |
| 5 | 3800 | 5000 |   80 |      0.375 |1585380203437 |     641 |   644.0 | 0,47 | mscp49.txt |5,9e+02 |
| 5 | 3900 | 5000 |   80 |      0.375 |1585380203437 |     641 |   644.0 | 0,47 | mscp49.txt |6,1e+02 |
| 5 | 4000 | 5000 |   80 |      0.375 |1585380203437 |     641 |   644.0 | 0,47 | mscp49.txt |6,4e+02 |
| 5 | 4100 | 5000 |   80 |      0.375 |1585380203437 |     641 |   644.0 | 0,47 | mscp49.txt |6,6e+02 |
| 5 | 4200 | 5000 |   85 |  0.3529412 |1585380203437 |     641 |   644.0 | 0,47 | mscp49.txt |6,8e+02 |
| 5 | 4300 | 5000 |   85 |  0.3529412 |1585380203437 |     641 |   644.0 | 0,47 | mscp49.txt |7,0e+02 |
| 5 | 4400 | 5000 |   85 |  0.3529412 |1585380203437 |     641 |   644.0 | 0,47 | mscp49.txt |7,3e+02 |
| 5 | 4500 | 5000 |   85 |  0.3529412 |1585380203437 |     641 |   644.0 | 0,47 | mscp49.txt |7,5e+02 |
| 5 | 4600 | 5000 |   90 | 0.34444445 |1585380203437 |     641 |   644.0 | 0,47 | mscp49.txt |7,8e+02 |
| 5 | 4700 | 5000 |   90 | 0.34444445 |1585380203437 |     641 |   644.0 | 0,47 | mscp49.txt |8,0e+02 |
| 5 | 4800 | 5000 |   90 | 0.34444445 |1585380203437 |     641 |   644.0 | 0,47 | mscp49.txt |8,3e+02 |
| 5 | 4900 | 5000 |   90 | 0.34444445 |1585380203437 |     641 |   644.0 | 0,47 | mscp49.txt |8,5e+02 |
| 5 | 5000 | 5000 |   95 |  0.3263158 |1585380203437 |     641 |   644.0 | 0,47 | mscp49.txt |8,8e+02 |
| 5 |  200 | 5000 |   95 |  0.3263158 |1585380203437 |     641 |   644.0 | 0,47 | mscp49.txt |8,8e+02 |
| 6 |    1 | 5000 |   35 |       0.25 |1585381081745 |     641 |   835.0 |30,27 | mscp49.txt | 0,12 |
| 6 |  100 | 5000 |   35 | 0.34285715 |1585381081745 |     641 |   731.0 |14,04 | mscp49.txt |  8,9 |
| 6 |  200 | 5000 |   35 | 0.42857143 |1585381081745 |     641 |   728.0 |13,57 | mscp49.txt |   18 |
| 6 |  300 | 5000 |   35 | 0.37142858 |1585381081745 |     641 |   712.0 |11,08 | mscp49.txt |   26 |
| 6 |  400 | 5000 |   40 |        0.4 |1585381081745 |     641 |   677.0 | 5,62 | mscp49.txt |   37 |
| 6 |  500 | 5000 |   40 |        0.4 |1585381081745 |     641 |   677.0 | 5,62 | mscp49.txt |   48 |
| 6 |  600 | 5000 |   40 |        0.4 |1585381081745 |     641 |   663.0 | 3,43 | mscp49.txt |   59 |
| 6 |  700 | 5000 |   40 |       0.35 |1585381081745 |     641 |   663.0 | 3,43 | mscp49.txt |   70 |
| 6 |  800 | 5000 |   45 |       0.45 |1585381081745 |     641 |   661.0 | 3,12 | mscp49.txt |   82 |
| 6 |  900 | 5000 |   45 | 0.42222223 |1585381081745 |     641 |   661.0 | 3,12 | mscp49.txt |   95 |
| 6 | 1000 | 5000 |   45 | 0.42222223 |1585381081745 |     641 |   661.0 | 3,12 | mscp49.txt |1,1e+02 |
| 6 | 1100 | 5000 |   45 |       0.45 |1585381081745 |     641 |   658.0 | 2,65 | mscp49.txt |1,2e+02 |
| 6 | 1200 | 5000 |   50 |       0.44 |1585381081745 |     641 |   657.0 | 2,50 | mscp49.txt |1,3e+02 |
| 6 | 1300 | 5000 |   50 |       0.45 |1585381081745 |     641 |   657.0 | 2,50 | mscp49.txt |1,5e+02 |
| 6 | 1400 | 5000 |   50 |       0.45 |1585381081745 |     641 |   657.0 | 2,50 | mscp49.txt |1,6e+02 |
| 6 | 1500 | 5000 |   50 |       0.45 |1585381081745 |     641 |   657.0 | 2,50 | mscp49.txt |1,8e+02 |
| 6 | 1600 | 5000 |   55 | 0.43636364 |1585381081745 |     641 |   657.0 | 2,50 | mscp49.txt |1,9e+02 |
| 6 | 1700 | 5000 |   55 | 0.43636364 |1585381081745 |     641 |   657.0 | 2,50 | mscp49.txt |2,1e+02 |
| 6 | 1800 | 5000 |   55 | 0.43636364 |1585381081745 |     641 |   657.0 | 2,50 | mscp49.txt |2,2e+02 |
| 6 | 1900 | 5000 |   55 |  0.4181818 |1585381081745 |     641 |   657.0 | 2,50 | mscp49.txt |2,4e+02 |
| 6 | 2000 | 5000 |   60 | 0.43333334 |1585381081745 |     641 |   657.0 | 2,50 | mscp49.txt |2,5e+02 |
| 6 | 2100 | 5000 |   60 | 0.43333334 |1585381081745 |     641 |   655.0 | 2,18 | mscp49.txt |2,7e+02 |
| 6 | 2200 | 5000 |   60 | 0.43333334 |1585381081745 |     641 |   655.0 | 2,18 | mscp49.txt |2,9e+02 |
| 6 | 2300 | 5000 |   60 | 0.41666666 |1585381081745 |     641 |   655.0 | 2,18 | mscp49.txt |3,0e+02 |
| 6 | 2400 | 5000 |   65 | 0.43076923 |1585381081745 |     641 |   655.0 | 2,18 | mscp49.txt |3,2e+02 |
| 6 | 2500 | 5000 |   65 | 0.43076923 |1585381081745 |     641 |   655.0 | 2,18 | mscp49.txt |3,4e+02 |
| 6 | 2600 | 5000 |   65 | 0.43076923 |1585381081745 |     641 |   655.0 | 2,18 | mscp49.txt |3,6e+02 |
| 6 | 2700 | 5000 |   65 | 0.43076923 |1585381081745 |     641 |   655.0 | 2,18 | mscp49.txt |3,8e+02 |
| 6 | 2800 | 5000 |   70 |  0.3857143 |1585381081745 |     641 |   655.0 | 2,18 | mscp49.txt |4,0e+02 |
| 6 | 2900 | 5000 |   70 |  0.3857143 |1585381081745 |     641 |   655.0 | 2,18 | mscp49.txt |4,2e+02 |
| 6 | 3000 | 5000 |   70 |  0.3857143 |1585381081745 |     641 |   655.0 | 2,18 | mscp49.txt |4,4e+02 |
| 6 | 3100 | 5000 |   70 |  0.3857143 |1585381081745 |     641 |   655.0 | 2,18 | mscp49.txt |4,6e+02 |
| 6 | 3200 | 5000 |   75 |       0.36 |1585381081745 |     641 |   654.0 | 2,03 | mscp49.txt |4,8e+02 |
| 6 | 3300 | 5000 |   75 | 0.37333333 |1585381081745 |     641 |   654.0 | 2,03 | mscp49.txt |5,0e+02 |
| 6 | 3400 | 5000 |   75 | 0.37333333 |1585381081745 |     641 |   654.0 | 2,03 | mscp49.txt |5,2e+02 |
| 6 | 3500 | 5000 |   75 | 0.38666666 |1585381081745 |     641 |   654.0 | 2,03 | mscp49.txt |5,4e+02 |
| 6 | 3600 | 5000 |   80 |     0.3875 |1585381081745 |     641 |   654.0 | 2,03 | mscp49.txt |5,6e+02 |
| 6 | 3700 | 5000 |   80 |     0.4375 |1585381081745 |     641 |   654.0 | 2,03 | mscp49.txt |5,9e+02 |
| 6 | 3800 | 5000 |   80 |       0.45 |1585381081745 |     641 |   654.0 | 2,03 | mscp49.txt |6,1e+02 |
| 6 | 3900 | 5000 |   80 |       0.45 |1585381081745 |     641 |   654.0 | 2,03 | mscp49.txt |6,3e+02 |
| 6 | 4000 | 5000 |   85 |        0.4 |1585381081745 |     641 |   652.0 | 1,72 | mscp49.txt |6,6e+02 |
| 6 | 4100 | 5000 |   85 |        0.4 |1585381081745 |     641 |   652.0 | 1,72 | mscp49.txt |6,8e+02 |
| 6 | 4200 | 5000 |   85 |  0.4117647 |1585381081745 |     641 |   652.0 | 1,72 | mscp49.txt |7,1e+02 |
| 6 | 4300 | 5000 |   85 |  0.4117647 |1585381081745 |     641 |   652.0 | 1,72 | mscp49.txt |7,3e+02 |
| 6 | 4400 | 5000 |   90 | 0.37777779 |1585381081745 |     641 |   652.0 | 1,72 | mscp49.txt |7,6e+02 |
| 6 | 4500 | 5000 |   90 | 0.36666667 |1585381081745 |     641 |   652.0 | 1,72 | mscp49.txt |7,8e+02 |
| 6 | 4600 | 5000 |   90 | 0.41111112 |1585381081745 |     641 |   652.0 | 1,72 | mscp49.txt |8,1e+02 |
| 6 | 4700 | 5000 |   90 | 0.41111112 |1585381081745 |     641 |   652.0 | 1,72 | mscp49.txt |8,4e+02 |
| 6 | 4800 | 5000 |   95 |        0.4 |1585381081745 |     641 |   652.0 | 1,72 | mscp49.txt |8,6e+02 |
| 6 | 4900 | 5000 |   95 |        0.4 |1585381081745 |     641 |   651.0 | 1,56 | mscp49.txt |8,9e+02 |
| 6 | 5000 | 5000 |   95 | 0.37894738 |1585381081745 |     641 |   651.0 | 1,56 | mscp49.txt |9,2e+02 |
| 6 |  200 | 5000 |   95 | 0.37894738 |1585381081745 |     641 |   651.0 | 1,56 | mscp49.txt |9,2e+02 |
| 7 |    1 | 5000 |   35 |       0.25 |1585381999292 |     641 |   839.0 |30,89 | mscp49.txt |0,085 |
| 7 |  100 | 5000 |   35 | 0.22857143 |1585381999292 |     641 |   724.0 |12,95 | mscp49.txt |  8,4 |
| 7 |  200 | 5000 |   40 |      0.325 |1585381999292 |     641 |   684.0 | 6,71 | mscp49.txt |   19 |
| 7 |  300 | 5000 |   40 |      0.375 |1585381999292 |     641 |   675.0 | 5,30 | mscp49.txt |   30 |
| 7 |  400 | 5000 |   40 |       0.45 |1585381999292 |     641 |   670.0 | 4,52 | mscp49.txt |   41 |
| 7 |  500 | 5000 |   40 |       0.45 |1585381999292 |     641 |   660.0 | 2,96 | mscp49.txt |   52 |
| 7 |  600 | 5000 |   45 |       0.45 |1585381999292 |     641 |   660.0 | 2,96 | mscp49.txt |   64 |
| 7 |  700 | 5000 |   45 |       0.45 |1585381999292 |     641 |   660.0 | 2,96 | mscp49.txt |   77 |
| 7 |  800 | 5000 |   45 |       0.45 |1585381999292 |     641 |   659.0 | 2,81 | mscp49.txt |   89 |
| 7 |  900 | 5000 |   45 |       0.45 |1585381999292 |     641 |   658.0 | 2,65 | mscp49.txt |1,0e+02 |
| 7 | 1000 | 5000 |   50 |       0.45 |1585381999292 |     641 |   658.0 | 2,65 | mscp49.txt |1,1e+02 |
| 7 | 1100 | 5000 |   50 |       0.45 |1585381999292 |     641 |   653.0 | 1,87 | mscp49.txt |1,3e+02 |
| 7 | 1200 | 5000 |   50 |       0.45 |1585381999292 |     641 |   653.0 | 1,87 | mscp49.txt |1,4e+02 |
| 7 | 1300 | 5000 |   50 |       0.45 |1585381999292 |     641 |   652.0 | 1,72 | mscp49.txt |1,6e+02 |
| 7 | 1400 | 5000 |   55 |       0.45 |1585381999292 |     641 |   648.0 | 1,09 | mscp49.txt |1,7e+02 |
| 7 | 1500 | 5000 |   55 |       0.45 |1585381999292 |     641 |   648.0 | 1,09 | mscp49.txt |1,9e+02 |
| 7 | 1600 | 5000 |   55 |       0.45 |1585381999292 |     641 |   648.0 | 1,09 | mscp49.txt |2,0e+02 |
| 7 | 1700 | 5000 |   55 |       0.45 |1585381999292 |     641 |   645.0 | 0,62 | mscp49.txt |2,2e+02 |
| 7 | 1800 | 5000 |   60 |       0.45 |1585381999292 |     641 |   645.0 | 0,62 | mscp49.txt |2,4e+02 |
| 7 | 1900 | 5000 |   60 |       0.45 |1585381999292 |     641 |   645.0 | 0,62 | mscp49.txt |2,5e+02 |
| 7 | 2000 | 5000 |   60 |       0.45 |1585381999292 |     641 |   645.0 | 0,62 | mscp49.txt |2,7e+02 |
| 7 | 2100 | 5000 |   60 |       0.45 |1585381999292 |     641 |   645.0 | 0,62 | mscp49.txt |2,9e+02 |
| 7 | 2200 | 5000 |   65 |       0.45 |1585381999292 |     641 |   645.0 | 0,62 | mscp49.txt |3,0e+02 |
| 7 | 2300 | 5000 |   65 |       0.45 |1585381999292 |     641 |   645.0 | 0,62 | mscp49.txt |3,2e+02 |
| 7 | 2400 | 5000 |   65 |       0.45 |1585381999292 |     641 |   644.0 | 0,47 | mscp49.txt |3,4e+02 |
| 7 | 2500 | 5000 |   65 |       0.45 |1585381999292 |     641 |   644.0 | 0,47 | mscp49.txt |3,6e+02 |
| 7 | 2600 | 5000 |   70 | 0.44285715 |1585381999292 |     641 |   644.0 | 0,47 | mscp49.txt |3,8e+02 |
| 7 | 2700 | 5000 |   70 | 0.44285715 |1585381999292 |     641 |   644.0 | 0,47 | mscp49.txt |4,0e+02 |
| 7 | 2800 | 5000 |   70 | 0.44285715 |1585381999292 |     641 |   644.0 | 0,47 | mscp49.txt |4,2e+02 |
| 7 | 2900 | 5000 |   70 | 0.44285715 |1585381999292 |     641 |   644.0 | 0,47 | mscp49.txt |4,4e+02 |
| 7 | 3000 | 5000 |   75 | 0.41333333 |1585381999292 |     641 |   644.0 | 0,47 | mscp49.txt |4,6e+02 |
| 7 | 3100 | 5000 |   75 | 0.41333333 |1585381999292 |     641 |   644.0 | 0,47 | mscp49.txt |4,8e+02 |
| 7 | 3200 | 5000 |   75 | 0.41333333 |1585381999292 |     641 |   644.0 | 0,47 | mscp49.txt |5,0e+02 |
| 7 | 3300 | 5000 |   75 | 0.41333333 |1585381999292 |     641 |   644.0 | 0,47 | mscp49.txt |5,2e+02 |
| 7 | 3400 | 5000 |   80 |     0.3875 |1585381999292 |     641 |   644.0 | 0,47 | mscp49.txt |5,4e+02 |
| 7 | 3500 | 5000 |   80 |     0.3875 |1585381999292 |     641 |   644.0 | 0,47 | mscp49.txt |5,7e+02 |
| 7 | 3600 | 5000 |   80 |     0.3875 |1585381999292 |     641 |   644.0 | 0,47 | mscp49.txt |5,9e+02 |
| 7 | 3700 | 5000 |   80 |     0.3875 |1585381999292 |     641 |   644.0 | 0,47 | mscp49.txt |6,1e+02 |
| 7 | 3800 | 5000 |   85 |  0.3647059 |1585381999292 |     641 |   644.0 | 0,47 | mscp49.txt |6,3e+02 |
| 7 | 3900 | 5000 |   85 |  0.3647059 |1585381999292 |     641 |   644.0 | 0,47 | mscp49.txt |6,6e+02 |
| 7 | 4000 | 5000 |   85 |  0.3647059 |1585381999292 |     641 |   644.0 | 0,47 | mscp49.txt |6,8e+02 |
| 7 | 4100 | 5000 |   85 |  0.3647059 |1585381999292 |     641 |   644.0 | 0,47 | mscp49.txt |7,1e+02 |
| 7 | 4200 | 5000 |   90 | 0.34444445 |1585381999292 |     641 |   644.0 | 0,47 | mscp49.txt |7,3e+02 |
| 7 | 4300 | 5000 |   90 | 0.34444445 |1585381999292 |     641 |   644.0 | 0,47 | mscp49.txt |7,6e+02 |
| 7 | 4400 | 5000 |   90 | 0.34444445 |1585381999292 |     641 |   644.0 | 0,47 | mscp49.txt |7,8e+02 |
| 7 | 4500 | 5000 |   90 | 0.34444445 |1585381999292 |     641 |   644.0 | 0,47 | mscp49.txt |8,1e+02 |
| 7 | 4600 | 5000 |   95 |  0.3263158 |1585381999292 |     641 |   644.0 | 0,47 | mscp49.txt |8,3e+02 |
| 7 | 4700 | 5000 |   95 |  0.3263158 |1585381999292 |     641 |   644.0 | 0,47 | mscp49.txt |8,6e+02 |
| 7 | 4800 | 5000 |   95 |  0.3263158 |1585381999292 |     641 |   644.0 | 0,47 | mscp49.txt |8,9e+02 |
| 7 | 4900 | 5000 |   95 |  0.3263158 |1585381999292 |     641 |   644.0 | 0,47 | mscp49.txt |9,1e+02 |
| 7 | 5000 | 5000 |  100 |       0.41 |1585381999292 |     641 |   644.0 | 0,47 | mscp49.txt |9,4e+02 |
| 7 |  200 | 5000 |  100 |       0.41 |1585381999292 |     641 |   644.0 | 0,47 | mscp49.txt |9,4e+02 |
| 8 |    1 | 5000 |   35 |       0.25 |1585382940092 |     641 |   854.0 |33,23 | mscp49.txt |0,080 |
| 8 |  100 | 5000 |   35 | 0.42857143 |1585382940092 |     641 |   736.0 |14,82 | mscp49.txt |   10 |
| 8 |  200 | 5000 |   35 | 0.42857143 |1585382940092 |     641 |   720.0 |12,32 | mscp49.txt |   19 |
| 8 |  300 | 5000 |   35 |       0.45 |1585382940092 |     641 |   703.0 | 9,67 | mscp49.txt |   28 |
| 8 |  400 | 5000 |   40 |       0.45 |1585382940092 |     641 |   685.0 | 6,86 | mscp49.txt |   39 |
| 8 |  500 | 5000 |   40 |       0.45 |1585382940092 |     641 |   679.0 | 5,93 | mscp49.txt |   50 |
| 8 |  600 | 5000 |   40 |      0.425 |1585382940092 |     641 |   666.0 | 3,90 | mscp49.txt |   61 |
| 8 |  700 | 5000 |   40 |       0.45 |1585382940092 |     641 |   666.0 | 3,90 | mscp49.txt |   71 |
| 8 |  800 | 5000 |   45 | 0.35555556 |1585382940092 |     641 |   666.0 | 3,90 | mscp49.txt |   83 |
| 8 |  900 | 5000 |   45 | 0.31111112 |1585382940092 |     641 |   666.0 | 3,90 | mscp49.txt |   95 |
| 8 | 1000 | 5000 |   45 | 0.31111112 |1585382940092 |     641 |   658.0 | 2,65 | mscp49.txt |1,1e+02 |
| 8 | 1100 | 5000 |   45 | 0.31111112 |1585382940092 |     641 |   658.0 | 2,65 | mscp49.txt |1,2e+02 |
| 8 | 1200 | 5000 |   50 |       0.34 |1585382940092 |     641 |   658.0 | 2,65 | mscp49.txt |1,3e+02 |
| 8 | 1300 | 5000 |   50 |        0.3 |1585382940092 |     641 |   658.0 | 2,65 | mscp49.txt |1,5e+02 |
| 8 | 1400 | 5000 |   50 |       0.28 |1585382940092 |     641 |   657.0 | 2,50 | mscp49.txt |1,6e+02 |
| 8 | 1500 | 5000 |   50 |        0.3 |1585382940092 |     641 |   657.0 | 2,50 | mscp49.txt |1,7e+02 |
| 8 | 1600 | 5000 |   55 | 0.29090908 |1585382940092 |     641 |   657.0 | 2,50 | mscp49.txt |1,9e+02 |
| 8 | 1700 | 5000 |   55 | 0.23636363 |1585382940092 |     641 |   657.0 | 2,50 | mscp49.txt |2,0e+02 |
| 8 | 1800 | 5000 |   55 |       0.45 |1585382940092 |     641 |   657.0 | 2,50 | mscp49.txt |2,2e+02 |
| 8 | 1900 | 5000 |   55 |       0.45 |1585382940092 |     641 |   657.0 | 2,50 | mscp49.txt |2,3e+02 |
| 8 | 2000 | 5000 |   60 | 0.43333334 |1585382940092 |     641 |   657.0 | 2,50 | mscp49.txt |2,5e+02 |
| 8 | 2100 | 5000 |   60 | 0.43333334 |1585382940092 |     641 |   657.0 | 2,50 | mscp49.txt |2,7e+02 |
| 8 | 2200 | 5000 |   60 | 0.43333334 |1585382940092 |     641 |   657.0 | 2,50 | mscp49.txt |2,8e+02 |
| 8 | 2300 | 5000 |   60 | 0.43333334 |1585382940092 |     641 |   657.0 | 2,50 | mscp49.txt |3,0e+02 |
| 8 | 2400 | 5000 |   65 |       0.45 |1585382940092 |     641 |   657.0 | 2,50 | mscp49.txt |3,2e+02 |
| 8 | 2500 | 5000 |   65 |       0.45 |1585382940092 |     641 |   657.0 | 2,50 | mscp49.txt |3,3e+02 |
| 8 | 2600 | 5000 |   65 |       0.45 |1585382940092 |     641 |   657.0 | 2,50 | mscp49.txt |3,5e+02 |
| 8 | 2700 | 5000 |   65 |       0.45 |1585382940092 |     641 |   657.0 | 2,50 | mscp49.txt |3,7e+02 |
| 8 | 2800 | 5000 |   70 | 0.42857143 |1585382940092 |     641 |   657.0 | 2,50 | mscp49.txt |3,9e+02 |
| 8 | 2900 | 5000 |   70 | 0.42857143 |1585382940092 |     641 |   657.0 | 2,50 | mscp49.txt |4,1e+02 |
| 8 | 3000 | 5000 |   70 | 0.42857143 |1585382940092 |     641 |   652.0 | 1,72 | mscp49.txt |4,3e+02 |
| 8 | 3100 | 5000 |   70 | 0.42857143 |1585382940092 |     641 |   652.0 | 1,72 | mscp49.txt |4,5e+02 |
| 8 | 3200 | 5000 |   75 |        0.4 |1585382940092 |     641 |   652.0 | 1,72 | mscp49.txt |4,7e+02 |
| 8 | 3300 | 5000 |   75 |        0.4 |1585382940092 |     641 |   652.0 | 1,72 | mscp49.txt |4,9e+02 |
| 8 | 3400 | 5000 |   75 |        0.4 |1585382940092 |     641 |   652.0 | 1,72 | mscp49.txt |5,1e+02 |
| 8 | 3500 | 5000 |   75 |        0.4 |1585382940092 |     641 |   652.0 | 1,72 | mscp49.txt |5,3e+02 |
| 8 | 3600 | 5000 |   80 |      0.375 |1585382940092 |     641 |   652.0 | 1,72 | mscp49.txt |5,5e+02 |
| 8 | 3700 | 5000 |   80 |      0.375 |1585382940092 |     641 |   652.0 | 1,72 | mscp49.txt |5,8e+02 |
| 8 | 3800 | 5000 |   80 |      0.375 |1585382940092 |     641 |   652.0 | 1,72 | mscp49.txt |6,0e+02 |
| 8 | 3900 | 5000 |   80 |      0.375 |1585382940092 |     641 |   652.0 | 1,72 | mscp49.txt |6,2e+02 |
| 8 | 4000 | 5000 |   85 |  0.3529412 |1585382940092 |     641 |   652.0 | 1,72 | mscp49.txt |6,4e+02 |
| 8 | 4100 | 5000 |   85 |  0.3529412 |1585382940092 |     641 |   652.0 | 1,72 | mscp49.txt |6,7e+02 |
| 8 | 4200 | 5000 |   85 |  0.3529412 |1585382940092 |     641 |   652.0 | 1,72 | mscp49.txt |6,9e+02 |
| 8 | 4300 | 5000 |   85 |  0.3529412 |1585382940092 |     641 |   652.0 | 1,72 | mscp49.txt |7,2e+02 |
| 8 | 4400 | 5000 |   90 | 0.33333334 |1585382940092 |     641 |   648.0 | 1,09 | mscp49.txt |7,4e+02 |
| 8 | 4500 | 5000 |   90 | 0.33333334 |1585382940092 |     641 |   648.0 | 1,09 | mscp49.txt |7,7e+02 |
| 8 | 4600 | 5000 |   90 | 0.33333334 |1585382940092 |     641 |   648.0 | 1,09 | mscp49.txt |7,9e+02 |
| 8 | 4700 | 5000 |   90 | 0.31111112 |1585382940092 |     641 |   648.0 | 1,09 | mscp49.txt |8,2e+02 |
| 8 | 4800 | 5000 |   95 | 0.33684212 |1585382940092 |     641 |   648.0 | 1,09 | mscp49.txt |8,4e+02 |
| 8 | 4900 | 5000 |   95 | 0.33684212 |1585382940092 |     641 |   648.0 | 1,09 | mscp49.txt |8,7e+02 |
| 8 | 5000 | 5000 |   95 | 0.33684212 |1585382940092 |     641 |   648.0 | 1,09 | mscp49.txt |9,0e+02 |
| 8 |  200 | 5000 |   95 | 0.33684212 |1585382940092 |     641 |   648.0 | 1,09 | mscp49.txt |9,0e+02 |
| 9 |    1 | 5000 |   35 |       0.25 |1585383838601 |     641 |   854.0 |33,23 | mscp49.txt |0,084 |
| 9 |  100 | 5000 |   35 |        0.4 |1585383838601 |     641 |   732.0 |14,20 | mscp49.txt |   10 |
| 9 |  200 | 5000 |   40 |      0.375 |1585383838601 |     641 |   687.0 | 7,18 | mscp49.txt |   22 |
| 9 |  300 | 5000 |   40 |        0.3 |1585383838601 |     641 |   670.0 | 4,52 | mscp49.txt |   33 |
| 9 |  400 | 5000 |   40 |      0.375 |1585383838601 |     641 |   664.0 | 3,59 | mscp49.txt |   44 |
| 9 |  500 | 5000 |   40 |      0.325 |1585383838601 |     641 |   658.0 | 2,65 | mscp49.txt |   54 |
| 9 |  600 | 5000 |   45 |        0.4 |1585383838601 |     641 |   658.0 | 2,65 | mscp49.txt |   66 |
| 9 |  700 | 5000 |   45 | 0.42222223 |1585383838601 |     641 |   658.0 | 2,65 | mscp49.txt |   79 |
| 9 |  800 | 5000 |   45 | 0.42222223 |1585383838601 |     641 |   658.0 | 2,65 | mscp49.txt |   91 |
| 9 |  900 | 5000 |   45 | 0.33333334 |1585383838601 |     641 |   657.0 | 2,50 | mscp49.txt |1,0e+02 |
| 9 | 1000 | 5000 |   50 |       0.44 |1585383838601 |     641 |   657.0 | 2,50 | mscp49.txt |1,2e+02 |
| 9 | 1100 | 5000 |   50 |       0.45 |1585383838601 |     641 |   657.0 | 2,50 | mscp49.txt |1,3e+02 |
| 9 | 1200 | 5000 |   50 |       0.38 |1585383838601 |     641 |   657.0 | 2,50 | mscp49.txt |1,4e+02 |
| 9 | 1300 | 5000 |   50 |       0.36 |1585383838601 |     641 |   656.0 | 2,34 | mscp49.txt |1,6e+02 |
| 9 | 1400 | 5000 |   55 |        0.4 |1585383838601 |     641 |   656.0 | 2,34 | mscp49.txt |1,7e+02 |
| 9 | 1500 | 5000 |   55 |  0.4181818 |1585383838601 |     641 |   656.0 | 2,34 | mscp49.txt |1,9e+02 |
| 9 | 1600 | 5000 |   55 |       0.45 |1585383838601 |     641 |   656.0 | 2,34 | mscp49.txt |2,0e+02 |
| 9 | 1700 | 5000 |   55 |       0.45 |1585383838601 |     641 |   655.0 | 2,18 | mscp49.txt |2,2e+02 |
| 9 | 1800 | 5000 |   60 |       0.45 |1585383838601 |     641 |   655.0 | 2,18 | mscp49.txt |2,4e+02 |
| 9 | 1900 | 5000 |   60 |       0.45 |1585383838601 |     641 |   655.0 | 2,18 | mscp49.txt |2,5e+02 |
| 9 | 2000 | 5000 |   60 |       0.45 |1585383838601 |     641 |   655.0 | 2,18 | mscp49.txt |2,7e+02 |
| 9 | 2100 | 5000 |   60 |       0.45 |1585383838601 |     641 |   655.0 | 2,18 | mscp49.txt |2,9e+02 |
| 9 | 2200 | 5000 |   65 |       0.45 |1585383838601 |     641 |   654.0 | 2,03 | mscp49.txt |3,0e+02 |
| 9 | 2300 | 5000 |   65 | 0.44615385 |1585383838601 |     641 |   654.0 | 2,03 | mscp49.txt |3,2e+02 |
| 9 | 2400 | 5000 |   65 | 0.44615385 |1585383838601 |     641 |   653.0 | 1,87 | mscp49.txt |3,4e+02 |
| 9 | 2500 | 5000 |   65 |       0.45 |1585383838601 |     641 |   652.0 | 1,72 | mscp49.txt |3,6e+02 |
| 9 | 2600 | 5000 |   70 |       0.45 |1585383838601 |     641 |   651.0 | 1,56 | mscp49.txt |3,8e+02 |
| 9 | 2700 | 5000 |   70 |       0.45 |1585383838601 |     641 |   650.0 | 1,40 | mscp49.txt |4,0e+02 |
| 9 | 2800 | 5000 |   70 |       0.45 |1585383838601 |     641 |   650.0 | 1,40 | mscp49.txt |4,2e+02 |
| 9 | 2900 | 5000 |   70 |       0.45 |1585383838601 |     641 |   650.0 | 1,40 | mscp49.txt |4,4e+02 |
| 9 | 3000 | 5000 |   75 |       0.45 |1585383838601 |     641 |   650.0 | 1,40 | mscp49.txt |4,6e+02 |
| 9 | 3100 | 5000 |   75 |       0.45 |1585383838601 |     641 |   644.0 | 0,47 | mscp49.txt |4,8e+02 |
| 9 | 3200 | 5000 |   75 |       0.45 |1585383838601 |     641 |   644.0 | 0,47 | mscp49.txt |5,0e+02 |
| 9 | 3300 | 5000 |   75 |       0.45 |1585383838601 |     641 |   644.0 | 0,47 | mscp49.txt |5,2e+02 |
| 9 | 3400 | 5000 |   80 |       0.45 |1585383838601 |     641 |   644.0 | 0,47 | mscp49.txt |5,5e+02 |
| 9 | 3500 | 5000 |   80 |       0.45 |1585383838601 |     641 |   644.0 | 0,47 | mscp49.txt |5,7e+02 |
| 9 | 3600 | 5000 |   80 |       0.45 |1585383838601 |     641 |   644.0 | 0,47 | mscp49.txt |5,9e+02 |
| 9 | 3700 | 5000 |   80 |       0.45 |1585383838601 |     641 |   644.0 | 0,47 | mscp49.txt |6,1e+02 |
| 9 | 3800 | 5000 |   85 |       0.45 |1585383838601 |     641 |   644.0 | 0,47 | mscp49.txt |6,4e+02 |
| 9 | 3900 | 5000 |   85 |       0.45 |1585383838601 |     641 |   644.0 | 0,47 | mscp49.txt |6,6e+02 |
| 9 | 4000 | 5000 |   85 |       0.45 |1585383838601 |     641 |   644.0 | 0,47 | mscp49.txt |6,9e+02 |
| 9 | 4100 | 5000 |   85 | 0.44705883 |1585383838601 |     641 |   644.0 | 0,47 | mscp49.txt |7,1e+02 |
| 9 | 4200 | 5000 |   90 |        0.4 |1585383838601 |     641 |   644.0 | 0,47 | mscp49.txt |7,4e+02 |
| 9 | 4300 | 5000 |   90 | 0.42222223 |1585383838601 |     641 |   644.0 | 0,47 | mscp49.txt |7,6e+02 |
| 9 | 4400 | 5000 |   90 | 0.43333334 |1585383838601 |     641 |   644.0 | 0,47 | mscp49.txt |7,9e+02 |
| 9 | 4500 | 5000 |   90 | 0.43333334 |1585383838601 |     641 |   644.0 | 0,47 | mscp49.txt |8,1e+02 |
| 9 | 4600 | 5000 |   95 | 0.43157893 |1585383838601 |     641 |   644.0 | 0,47 | mscp49.txt |8,4e+02 |
| 9 | 4700 | 5000 |   95 | 0.42105263 |1585383838601 |     641 |   644.0 | 0,47 | mscp49.txt |8,7e+02 |
| 9 | 4800 | 5000 |   95 | 0.42105263 |1585383838601 |     641 |   644.0 | 0,47 | mscp49.txt |8,9e+02 |
| 9 | 4900 | 5000 |   95 |  0.4105263 |1585383838601 |     641 |   644.0 | 0,47 | mscp49.txt |9,2e+02 |
| 9 | 5000 | 5000 |  100 |        0.4 |1585383838601 |     641 |   644.0 | 0,47 | mscp49.txt |9,5e+02 |
| 9 |  200 | 5000 |  100 |        0.4 |1585383838601 |     641 |   644.0 | 0,47 | mscp49.txt |9,5e+02 |
|10 |    1 | 5000 |   35 |       0.25 |1585384786850 |     641 |   856.0 |33,54 | mscp49.txt |0,086 |
|10 |  100 | 5000 |   35 |       0.45 |1585384786850 |     641 |   722.0 |12,64 | mscp49.txt |  9,1 |
|10 |  200 | 5000 |   35 |       0.45 |1585384786850 |     641 |   720.0 |12,32 | mscp49.txt |   18 |
|10 |  300 | 5000 |   35 |       0.45 |1585384786850 |     641 |   705.0 | 9,98 | mscp49.txt |   27 |
|10 |  400 | 5000 |   40 |        0.4 |1585384786850 |     641 |   677.0 | 5,62 | mscp49.txt |   38 |
|10 |  500 | 5000 |   40 |      0.375 |1585384786850 |     641 |   664.0 | 3,59 | mscp49.txt |   49 |
|10 |  600 | 5000 |   40 |        0.3 |1585384786850 |     641 |   661.0 | 3,12 | mscp49.txt |   60 |
|10 |  700 | 5000 |   40 |       0.45 |1585384786850 |     641 |   658.0 | 2,65 | mscp49.txt |   70 |
|10 |  800 | 5000 |   45 |       0.45 |1585384786850 |     641 |   658.0 | 2,65 | mscp49.txt |   83 |
|10 |  900 | 5000 |   45 | 0.37777779 |1585384786850 |     641 |   658.0 | 2,65 | mscp49.txt |   95 |
|10 | 1000 | 5000 |   45 | 0.33333334 |1585384786850 |     641 |   658.0 | 2,65 | mscp49.txt |1,1e+02 |
|10 | 1100 | 5000 |   45 | 0.35555556 |1585384786850 |     641 |   657.0 | 2,50 | mscp49.txt |1,2e+02 |
|10 | 1200 | 5000 |   50 |       0.34 |1585384786850 |     641 |   657.0 | 2,50 | mscp49.txt |1,3e+02 |
|10 | 1300 | 5000 |   50 |       0.34 |1585384786850 |     641 |   657.0 | 2,50 | mscp49.txt |1,5e+02 |
|10 | 1400 | 5000 |   50 |       0.34 |1585384786850 |     641 |   657.0 | 2,50 | mscp49.txt |1,6e+02 |
|10 | 1500 | 5000 |   50 |       0.32 |1585384786850 |     641 |   657.0 | 2,50 | mscp49.txt |1,8e+02 |
|10 | 1600 | 5000 |   55 | 0.29090908 |1585384786850 |     641 |   657.0 | 2,50 | mscp49.txt |1,9e+02 |
|10 | 1700 | 5000 |   55 | 0.29090908 |1585384786850 |     641 |   657.0 | 2,50 | mscp49.txt |2,1e+02 |
|10 | 1800 | 5000 |   55 | 0.29090908 |1585384786850 |     641 |   657.0 | 2,50 | mscp49.txt |2,2e+02 |
|10 | 1900 | 5000 |   55 | 0.29090908 |1585384786850 |     641 |   657.0 | 2,50 | mscp49.txt |2,4e+02 |
|10 | 2000 | 5000 |   60 | 0.26666668 |1585384786850 |     641 |   657.0 | 2,50 | mscp49.txt |2,5e+02 |
|10 | 2100 | 5000 |   60 | 0.26666668 |1585384786850 |     641 |   657.0 | 2,50 | mscp49.txt |2,7e+02 |
|10 | 2200 | 5000 |   60 | 0.28333333 |1585384786850 |     641 |   657.0 | 2,50 | mscp49.txt |2,9e+02 |
|10 | 2300 | 5000 |   60 | 0.28333333 |1585384786850 |     641 |   657.0 | 2,50 | mscp49.txt |3,0e+02 |
|10 | 2400 | 5000 |   65 | 0.26153848 |1585384786850 |     641 |   657.0 | 2,50 | mscp49.txt |3,2e+02 |
|10 | 2500 | 5000 |   65 | 0.26153848 |1585384786850 |     641 |   652.0 | 1,72 | mscp49.txt |3,4e+02 |
|10 | 2600 | 5000 |   65 | 0.26153848 |1585384786850 |     641 |   652.0 | 1,72 | mscp49.txt |3,6e+02 |
|10 | 2700 | 5000 |   65 | 0.26153848 |1585384786850 |     641 |   652.0 | 1,72 | mscp49.txt |3,8e+02 |
|10 | 2800 | 5000 |   70 | 0.25714287 |1585384786850 |     641 |   652.0 | 1,72 | mscp49.txt |4,0e+02 |
|10 | 2900 | 5000 |   70 | 0.25714287 |1585384786850 |     641 |   652.0 | 1,72 | mscp49.txt |4,1e+02 |
|10 | 3000 | 5000 |   70 | 0.25714287 |1585384786850 |     641 |   652.0 | 1,72 | mscp49.txt |4,3e+02 |
|10 | 3100 | 5000 |   70 | 0.24285714 |1585384786850 |     641 |   652.0 | 1,72 | mscp49.txt |4,5e+02 |
|10 | 3200 | 5000 |   75 | 0.22666667 |1585384786850 |     641 |   652.0 | 1,72 | mscp49.txt |4,8e+02 |
|10 | 3300 | 5000 |   75 |       0.24 |1585384786850 |     641 |   652.0 | 1,72 | mscp49.txt |5,0e+02 |
|10 | 3400 | 5000 |   75 |       0.24 |1585384786850 |     641 |   652.0 | 1,72 | mscp49.txt |5,2e+02 |
|10 | 3500 | 5000 |   75 |       0.24 |1585384786850 |     641 |   652.0 | 1,72 | mscp49.txt |5,4e+02 |
|10 | 3600 | 5000 |   80 |      0.225 |1585384786850 |     641 |   650.0 | 1,40 | mscp49.txt |5,6e+02 |
|10 | 3700 | 5000 |   80 |      0.225 |1585384786850 |     641 |   650.0 | 1,40 | mscp49.txt |5,8e+02 |
|10 | 3800 | 5000 |   80 |      0.225 |1585384786850 |     641 |   650.0 | 1,40 | mscp49.txt |6,1e+02 |
|10 | 3900 | 5000 |   80 |      0.225 |1585384786850 |     641 |   650.0 | 1,40 | mscp49.txt |6,3e+02 |
|10 | 4000 | 5000 |   85 | 0.21176471 |1585384786850 |     641 |   650.0 | 1,40 | mscp49.txt |6,5e+02 |
|10 | 4100 | 5000 |   85 | 0.22352941 |1585384786850 |     641 |   650.0 | 1,40 | mscp49.txt |6,8e+02 |
|10 | 4200 | 5000 |   85 | 0.22352941 |1585384786850 |     641 |   650.0 | 1,40 | mscp49.txt |7,0e+02 |
|10 | 4300 | 5000 |   85 | 0.22352941 |1585384786850 |     641 |   650.0 | 1,40 | mscp49.txt |7,2e+02 |
|10 | 4400 | 5000 |   90 | 0.23333333 |1585384786850 |     641 |   650.0 | 1,40 | mscp49.txt |7,5e+02 |
|10 | 4500 | 5000 |   90 | 0.22222222 |1585384786850 |     641 |   650.0 | 1,40 | mscp49.txt |7,7e+02 |
|10 | 4600 | 5000 |   90 | 0.23333333 |1585384786850 |     641 |   650.0 | 1,40 | mscp49.txt |8,0e+02 |
|10 | 4700 | 5000 |   90 |       0.45 |1585384786850 |     641 |   650.0 | 1,40 | mscp49.txt |8,2e+02 |
|10 | 4800 | 5000 |   95 |       0.45 |1585384786850 |     641 |   650.0 | 1,40 | mscp49.txt |8,5e+02 |
|10 | 4900 | 5000 |   95 |       0.45 |1585384786850 |     641 |   650.0 | 1,40 | mscp49.txt |8,7e+02 |
|10 | 5000 | 5000 |   95 |       0.45 |1585384786850 |     641 |   650.0 | 1,40 | mscp49.txt |9,0e+02 |
|10 |  200 | 5000 |   95 |       0.45 |1585384786850 |     641 |   650.0 | 1,40 | mscp49.txt |9,0e+02 |
|11 |    1 | 5000 |   35 |       0.25 |1585385682654 |     641 |   803.0 |25,27 | mscp49.txt |0,083 |
|11 |  100 | 5000 |   35 |       0.45 |1585385682654 |     641 |   760.0 |18,56 | mscp49.txt |  8,4 |
|11 |  200 | 5000 |   40 |      0.425 |1585385682654 |     641 |   694.0 | 8,27 | mscp49.txt |   18 |
|11 |  300 | 5000 |   40 |       0.35 |1585385682654 |     641 |   673.0 | 4,99 | mscp49.txt |   29 |
|11 |  400 | 5000 |   40 |        0.3 |1585385682654 |     641 |   664.0 | 3,59 | mscp49.txt |   38 |
|11 |  500 | 5000 |   40 |      0.425 |1585385682654 |     641 |   664.0 | 3,59 | mscp49.txt |   48 |
|11 |  600 | 5000 |   40 |        0.3 |1585385682654 |     641 |   664.0 | 3,59 | mscp49.txt |   58 |
|11 |  700 | 5000 |   45 |       0.45 |1585385682654 |     641 |   664.0 | 3,59 | mscp49.txt |   69 |
|11 |  800 | 5000 |   45 |        0.4 |1585385682654 |     641 |   657.0 | 2,50 | mscp49.txt |   80 |
|11 |  900 | 5000 |   45 | 0.37777779 |1585385682654 |     641 |   657.0 | 2,50 | mscp49.txt |   92 |
|11 | 1000 | 5000 |   45 |        0.4 |1585385682654 |     641 |   657.0 | 2,50 | mscp49.txt |1,0e+02 |
|11 | 1100 | 5000 |   50 |        0.4 |1585385682654 |     641 |   657.0 | 2,50 | mscp49.txt |1,2e+02 |
|11 | 1200 | 5000 |   50 |        0.4 |1585385682654 |     641 |   656.0 | 2,34 | mscp49.txt |1,3e+02 |
|11 | 1300 | 5000 |   50 |       0.45 |1585385682654 |     641 |   656.0 | 2,34 | mscp49.txt |1,4e+02 |
|11 | 1400 | 5000 |   50 |       0.42 |1585385682654 |     641 |   655.0 | 2,18 | mscp49.txt |1,5e+02 |
|11 | 1500 | 5000 |   55 | 0.43636364 |1585385682654 |     641 |   655.0 | 2,18 | mscp49.txt |1,7e+02 |
|11 | 1600 | 5000 |   55 |       0.45 |1585385682654 |     641 |   655.0 | 2,18 | mscp49.txt |1,8e+02 |
|11 | 1700 | 5000 |   55 | 0.38181818 |1585385682654 |     641 |   655.0 | 2,18 | mscp49.txt |2,0e+02 |
|11 | 1800 | 5000 |   55 |  0.4181818 |1585385682654 |     641 |   654.0 | 2,03 | mscp49.txt |2,1e+02 |
|11 | 1900 | 5000 |   60 |        0.4 |1585385682654 |     641 |   654.0 | 2,03 | mscp49.txt |2,3e+02 |
|11 | 2000 | 5000 |   60 | 0.41666666 |1585385682654 |     641 |   654.0 | 2,03 | mscp49.txt |2,4e+02 |
|11 | 2100 | 5000 |   60 | 0.41666666 |1585385682654 |     641 |   654.0 | 2,03 | mscp49.txt |2,6e+02 |
|11 | 2200 | 5000 |   60 |        0.4 |1585385682654 |     641 |   654.0 | 2,03 | mscp49.txt |2,7e+02 |
|11 | 2300 | 5000 |   65 | 0.36923078 |1585385682654 |     641 |   654.0 | 2,03 | mscp49.txt |2,9e+02 |
|11 | 2400 | 5000 |   65 | 0.36923078 |1585385682654 |     641 |   654.0 | 2,03 | mscp49.txt |3,1e+02 |
|11 | 2500 | 5000 |   65 | 0.36923078 |1585385682654 |     641 |   654.0 | 2,03 | mscp49.txt |3,3e+02 |
|11 | 2600 | 5000 |   65 | 0.36923078 |1585385682654 |     641 |   654.0 | 2,03 | mscp49.txt |3,4e+02 |
|11 | 2700 | 5000 |   70 | 0.35714287 |1585385682654 |     641 |   654.0 | 2,03 | mscp49.txt |3,6e+02 |
|11 | 2800 | 5000 |   70 | 0.35714287 |1585385682654 |     641 |   654.0 | 2,03 | mscp49.txt |3,8e+02 |
|11 | 2900 | 5000 |   70 | 0.37142858 |1585385682654 |     641 |   654.0 | 2,03 | mscp49.txt |4,0e+02 |
|11 | 3000 | 5000 |   70 | 0.37142858 |1585385682654 |     641 |   654.0 | 2,03 | mscp49.txt |4,2e+02 |
|11 | 3100 | 5000 |   75 | 0.38666666 |1585385682654 |     641 |   654.0 | 2,03 | mscp49.txt |4,4e+02 |
|11 | 3200 | 5000 |   75 | 0.37333333 |1585385682654 |     641 |   654.0 | 2,03 | mscp49.txt |4,6e+02 |
|11 | 3300 | 5000 |   75 | 0.41333333 |1585385682654 |     641 |   654.0 | 2,03 | mscp49.txt |4,8e+02 |
|11 | 3400 | 5000 |   75 | 0.38666666 |1585385682654 |     641 |   654.0 | 2,03 | mscp49.txt |5,0e+02 |
|11 | 3500 | 5000 |   80 |        0.4 |1585385682654 |     641 |   654.0 | 2,03 | mscp49.txt |5,2e+02 |
|11 | 3600 | 5000 |   80 |        0.4 |1585385682654 |     641 |   653.0 | 1,87 | mscp49.txt |5,4e+02 |
|11 | 3700 | 5000 |   80 |        0.4 |1585385682654 |     641 |   653.0 | 1,87 | mscp49.txt |5,6e+02 |
|11 | 3800 | 5000 |   80 |     0.3875 |1585385682654 |     641 |   653.0 | 1,87 | mscp49.txt |5,8e+02 |
|11 | 3900 | 5000 |   85 |  0.3764706 |1585385682654 |     641 |   653.0 | 1,87 | mscp49.txt |6,1e+02 |
|11 | 4000 | 5000 |   85 |  0.4117647 |1585385682654 |     641 |   653.0 | 1,87 | mscp49.txt |6,3e+02 |
|11 | 4100 | 5000 |   85 |  0.4117647 |1585385682654 |     641 |   653.0 | 1,87 | mscp49.txt |6,5e+02 |
|11 | 4200 | 5000 |   85 |  0.4117647 |1585385682654 |     641 |   653.0 | 1,87 | mscp49.txt |6,7e+02 |
|11 | 4300 | 5000 |   90 |        0.4 |1585385682654 |     641 |   653.0 | 1,87 | mscp49.txt |7,0e+02 |
|11 | 4400 | 5000 |   90 |        0.4 |1585385682654 |     641 |   653.0 | 1,87 | mscp49.txt |7,2e+02 |
|11 | 4500 | 5000 |   90 | 0.34444445 |1585385682654 |     641 |   653.0 | 1,87 | mscp49.txt |7,5e+02 |
|11 | 4600 | 5000 |   90 |       0.45 |1585385682654 |     641 |   653.0 | 1,87 | mscp49.txt |7,7e+02 |
|11 | 4700 | 5000 |   95 |       0.45 |1585385682654 |     641 |   653.0 | 1,87 | mscp49.txt |7,9e+02 |
|11 | 4800 | 5000 |   95 |       0.45 |1585385682654 |     641 |   653.0 | 1,87 | mscp49.txt |8,1e+02 |
|11 | 4900 | 5000 |   95 |       0.45 |1585385682654 |     641 |   653.0 | 1,87 | mscp49.txt |8,4e+02 |
|11 | 5000 | 5000 |   95 |       0.45 |1585385682654 |     641 |   653.0 | 1,87 | mscp49.txt |8,6e+02 |
|11 |  200 | 5000 |  100 |       0.45 |1585385682654 |     641 |   653.0 | 1,87 | mscp49.txt |8,6e+02 |
|12 |    1 | 5000 |   35 |       0.25 |1585386542961 |     641 |   814.0 |26,99 | mscp49.txt |0,077 |
|12 |  100 | 5000 |   35 | 0.31428573 |1585386542961 |     641 |   710.0 |10,76 | mscp49.txt |  8,8 |
|12 |  200 | 5000 |   35 |        0.4 |1585386542961 |     641 |   701.0 | 9,36 | mscp49.txt |   18 |
|12 |  300 | 5000 |   35 | 0.34285715 |1585386542961 |     641 |   701.0 | 9,36 | mscp49.txt |   26 |
|12 |  400 | 5000 |   35 | 0.37142858 |1585386542961 |     641 |   683.0 | 6,55 | mscp49.txt |   34 |
|12 |  500 | 5000 |   40 |       0.45 |1585386542961 |     641 |   672.0 | 4,84 | mscp49.txt |   44 |
|12 |  600 | 5000 |   40 |       0.35 |1585386542961 |     641 |   670.0 | 4,52 | mscp49.txt |   55 |
|12 |  700 | 5000 |   40 |       0.35 |1585386542961 |     641 |   659.0 | 2,81 | mscp49.txt |   65 |
|12 |  800 | 5000 |   40 |        0.3 |1585386542961 |     641 |   652.0 | 1,72 | mscp49.txt |   75 |
|12 |  900 | 5000 |   45 | 0.26666668 |1585386542961 |     641 |   652.0 | 1,72 | mscp49.txt |   86 |
|12 | 1000 | 5000 |   45 | 0.31111112 |1585386542961 |     641 |   652.0 | 1,72 | mscp49.txt |   97 |
|12 | 1100 | 5000 |   45 | 0.26666668 |1585386542961 |     641 |   652.0 | 1,72 | mscp49.txt |1,1e+02 |
|12 | 1200 | 5000 |   45 | 0.31111112 |1585386542961 |     641 |   652.0 | 1,72 | mscp49.txt |1,2e+02 |
|12 | 1300 | 5000 |   50 |       0.34 |1585386542961 |     641 |   652.0 | 1,72 | mscp49.txt |1,3e+02 |
|12 | 1400 | 5000 |   50 |       0.38 |1585386542961 |     641 |   648.0 | 1,09 | mscp49.txt |1,5e+02 |
|12 | 1500 | 5000 |   50 |       0.36 |1585386542961 |     641 |   648.0 | 1,09 | mscp49.txt |1,6e+02 |
|12 | 1600 | 5000 |   50 |        0.4 |1585386542961 |     641 |   648.0 | 1,09 | mscp49.txt |1,7e+02 |
|12 | 1700 | 5000 |   55 |        0.4 |1585386542961 |     641 |   648.0 | 1,09 | mscp49.txt |1,8e+02 |
|12 | 1800 | 5000 |   55 |        0.4 |1585386542961 |     641 |   648.0 | 1,09 | mscp49.txt |2,0e+02 |
|12 | 1900 | 5000 |   55 |        0.4 |1585386542961 |     641 |   648.0 | 1,09 | mscp49.txt |2,1e+02 |
|12 | 2000 | 5000 |   55 |        0.4 |1585386542961 |     641 |   648.0 | 1,09 | mscp49.txt |2,3e+02 |
|12 | 2100 | 5000 |   60 | 0.36666667 |1585386542961 |     641 |   648.0 | 1,09 | mscp49.txt |2,4e+02 |
|12 | 2200 | 5000 |   60 | 0.36666667 |1585386542961 |     641 |   648.0 | 1,09 | mscp49.txt |2,6e+02 |
|12 | 2300 | 5000 |   60 | 0.36666667 |1585386542961 |     641 |   648.0 | 1,09 | mscp49.txt |2,7e+02 |
|12 | 2400 | 5000 |   60 | 0.36666667 |1585386542961 |     641 |   648.0 | 1,09 | mscp49.txt |2,9e+02 |
|12 | 2500 | 5000 |   65 |  0.3846154 |1585386542961 |     641 |   648.0 | 1,09 | mscp49.txt |3,0e+02 |
|12 | 2600 | 5000 |   65 |       0.45 |1585386542961 |     641 |   648.0 | 1,09 | mscp49.txt |3,2e+02 |
|12 | 2700 | 5000 |   65 |       0.45 |1585386542961 |     641 |   648.0 | 1,09 | mscp49.txt |3,4e+02 |
|12 | 2800 | 5000 |   65 |       0.45 |1585386542961 |     641 |   648.0 | 1,09 | mscp49.txt |3,5e+02 |
|12 | 2900 | 5000 |   70 |       0.45 |1585386542961 |     641 |   648.0 | 1,09 | mscp49.txt |3,7e+02 |
|12 | 3000 | 5000 |   70 |       0.45 |1585386542961 |     641 |   648.0 | 1,09 | mscp49.txt |3,9e+02 |
|12 | 3100 | 5000 |   70 |       0.45 |1585386542961 |     641 |   648.0 | 1,09 | mscp49.txt |4,0e+02 |
|12 | 3200 | 5000 |   70 |       0.45 |1585386542961 |     641 |   648.0 | 1,09 | mscp49.txt |4,2e+02 |
|12 | 3300 | 5000 |   75 |       0.45 |1585386542961 |     641 |   648.0 | 1,09 | mscp49.txt |4,4e+02 |
|12 | 3400 | 5000 |   75 |       0.45 |1585386542961 |     641 |   644.0 | 0,47 | mscp49.txt |4,6e+02 |
|12 | 3500 | 5000 |   75 |       0.45 |1585386542961 |     641 |   644.0 | 0,47 | mscp49.txt |4,8e+02 |
|12 | 3600 | 5000 |   75 |       0.45 |1585386542961 |     641 |   644.0 | 0,47 | mscp49.txt |5,0e+02 |
|12 | 3700 | 5000 |   80 |       0.45 |1585386542961 |     641 |   644.0 | 0,47 | mscp49.txt |5,1e+02 |
|12 | 3800 | 5000 |   80 |       0.45 |1585386542961 |     641 |   644.0 | 0,47 | mscp49.txt |5,3e+02 |
|12 | 3900 | 5000 |   80 |       0.45 |1585386542961 |     641 |   644.0 | 0,47 | mscp49.txt |5,5e+02 |
|12 | 4000 | 5000 |   80 |       0.45 |1585386542961 |     641 |   644.0 | 0,47 | mscp49.txt |5,7e+02 |
|12 | 4100 | 5000 |   85 |       0.45 |1585386542961 |     641 |   644.0 | 0,47 | mscp49.txt |5,9e+02 |
|12 | 4200 | 5000 |   85 |       0.45 |1585386542961 |     641 |   644.0 | 0,47 | mscp49.txt |6,1e+02 |
|12 | 4300 | 5000 |   85 |       0.45 |1585386542961 |     641 |   644.0 | 0,47 | mscp49.txt |6,3e+02 |
|12 | 4400 | 5000 |   85 |       0.45 |1585386542961 |     641 |   644.0 | 0,47 | mscp49.txt |6,5e+02 |
|12 | 4500 | 5000 |   90 |       0.45 |1585386542961 |     641 |   644.0 | 0,47 | mscp49.txt |6,8e+02 |
|12 | 4600 | 5000 |   90 |       0.45 |1585386542961 |     641 |   644.0 | 0,47 | mscp49.txt |7,0e+02 |
|12 | 4700 | 5000 |   90 |       0.45 |1585386542961 |     641 |   644.0 | 0,47 | mscp49.txt |7,2e+02 |
|12 | 4800 | 5000 |   90 |       0.45 |1585386542961 |     641 |   644.0 | 0,47 | mscp49.txt |7,4e+02 |
|12 | 4900 | 5000 |   95 |       0.45 |1585386542961 |     641 |   644.0 | 0,47 | mscp49.txt |7,7e+02 |
|12 | 5000 | 5000 |   95 |       0.45 |1585386542961 |     641 |   644.0 | 0,47 | mscp49.txt |7,9e+02 |
|12 |  200 | 5000 |   95 |       0.45 |1585386542961 |     641 |   644.0 | 0,47 | mscp49.txt |7,9e+02 |
|13 |    1 | 5000 |   35 |       0.25 |1585387333311 |     641 |   809.0 |26,21 | mscp49.txt |0,092 |
|13 |  100 | 5000 |   35 | 0.37142858 |1585387333311 |     641 |   727.0 |13,42 | mscp49.txt |  8,8 |
|13 |  200 | 5000 |   35 |       0.45 |1585387333311 |     641 |   719.0 |12,17 | mscp49.txt |   18 |
|13 |  300 | 5000 |   40 |       0.45 |1585387333311 |     641 |   679.0 | 5,93 | mscp49.txt |   28 |
|13 |  400 | 5000 |   40 |       0.35 |1585387333311 |     641 |   672.0 | 4,84 | mscp49.txt |   38 |
|13 |  500 | 5000 |   40 |      0.375 |1585387333311 |     641 |   664.0 | 3,59 | mscp49.txt |   49 |
|13 |  600 | 5000 |   40 |      0.375 |1585387333311 |     641 |   664.0 | 3,59 | mscp49.txt |   59 |
|13 |  700 | 5000 |   45 | 0.33333334 |1585387333311 |     641 |   664.0 | 3,59 | mscp49.txt |   70 |
|13 |  800 | 5000 |   45 |  0.2888889 |1585387333311 |     641 |   664.0 | 3,59 | mscp49.txt |   82 |
|13 |  900 | 5000 |   45 |  0.2888889 |1585387333311 |     641 |   664.0 | 3,59 | mscp49.txt |   93 |
|13 | 1000 | 5000 |   45 | 0.26666668 |1585387333311 |     641 |   664.0 | 3,59 | mscp49.txt |1,0e+02 |
|13 | 1100 | 5000 |   50 |       0.24 |1585387333311 |     641 |   664.0 | 3,59 | mscp49.txt |1,2e+02 |
|13 | 1200 | 5000 |   50 |       0.24 |1585387333311 |     641 |   659.0 | 2,81 | mscp49.txt |1,3e+02 |
|13 | 1300 | 5000 |   50 |        0.2 |1585387333311 |     641 |   659.0 | 2,81 | mscp49.txt |1,4e+02 |
|13 | 1400 | 5000 |   50 |       0.24 |1585387333311 |     641 |   659.0 | 2,81 | mscp49.txt |1,6e+02 |
|13 | 1500 | 5000 |   55 | 0.29090908 |1585387333311 |     641 |   659.0 | 2,81 | mscp49.txt |1,7e+02 |
|13 | 1600 | 5000 |   55 | 0.25454545 |1585387333311 |     641 |   659.0 | 2,81 | mscp49.txt |1,8e+02 |
|13 | 1700 | 5000 |   55 | 0.27272728 |1585387333311 |     641 |   658.0 | 2,65 | mscp49.txt |2,0e+02 |
|13 | 1800 | 5000 |   55 | 0.25454545 |1585387333311 |     641 |   657.0 | 2,50 | mscp49.txt |2,1e+02 |
|13 | 1900 | 5000 |   60 | 0.26666668 |1585387333311 |     641 |   657.0 | 2,50 | mscp49.txt |2,3e+02 |
|13 | 2000 | 5000 |   60 | 0.36666667 |1585387333311 |     641 |   657.0 | 2,50 | mscp49.txt |2,5e+02 |
|13 | 2100 | 5000 |   60 |        0.4 |1585387333311 |     641 |   657.0 | 2,50 | mscp49.txt |2,6e+02 |
|13 | 2200 | 5000 |   60 | 0.41666666 |1585387333311 |     641 |   657.0 | 2,50 | mscp49.txt |2,8e+02 |
|13 | 2300 | 5000 |   65 |  0.3846154 |1585387333311 |     641 |   657.0 | 2,50 | mscp49.txt |3,0e+02 |
|13 | 2400 | 5000 |   65 |        0.4 |1585387333311 |     641 |   657.0 | 2,50 | mscp49.txt |3,1e+02 |
|13 | 2500 | 5000 |   65 | 0.36923078 |1585387333311 |     641 |   657.0 | 2,50 | mscp49.txt |3,3e+02 |
|13 | 2600 | 5000 |   65 |  0.3846154 |1585387333311 |     641 |   651.0 | 1,56 | mscp49.txt |3,5e+02 |
|13 | 2700 | 5000 |   70 | 0.41428572 |1585387333311 |     641 |   651.0 | 1,56 | mscp49.txt |3,7e+02 |
|13 | 2800 | 5000 |   70 |        0.4 |1585387333311 |     641 |   651.0 | 1,56 | mscp49.txt |3,9e+02 |
|13 | 2900 | 5000 |   70 |        0.4 |1585387333311 |     641 |   651.0 | 1,56 | mscp49.txt |4,0e+02 |
|13 | 3000 | 5000 |   70 |        0.4 |1585387333311 |     641 |   651.0 | 1,56 | mscp49.txt |4,2e+02 |
|13 | 3100 | 5000 |   75 | 0.42666668 |1585387333311 |     641 |   651.0 | 1,56 | mscp49.txt |4,4e+02 |
|13 | 3200 | 5000 |   75 | 0.41333333 |1585387333311 |     641 |   651.0 | 1,56 | mscp49.txt |4,7e+02 |
|13 | 3300 | 5000 |   75 | 0.41333333 |1585387333311 |     641 |   651.0 | 1,56 | mscp49.txt |4,9e+02 |
|13 | 3400 | 5000 |   75 | 0.42666668 |1585387333311 |     641 |   651.0 | 1,56 | mscp49.txt |5,1e+02 |
|13 | 3500 | 5000 |   80 |     0.3875 |1585387333311 |     641 |   651.0 | 1,56 | mscp49.txt |5,3e+02 |
|13 | 3600 | 5000 |   80 |     0.3875 |1585387333311 |     641 |   651.0 | 1,56 | mscp49.txt |5,5e+02 |
|13 | 3700 | 5000 |   80 |      0.425 |1585387333311 |     641 |   651.0 | 1,56 | mscp49.txt |5,7e+02 |
|13 | 3800 | 5000 |   80 |     0.4125 |1585387333311 |     641 |   651.0 | 1,56 | mscp49.txt |6,0e+02 |
|13 | 3900 | 5000 |   85 |        0.4 |1585387333311 |     641 |   651.0 | 1,56 | mscp49.txt |6,2e+02 |
|13 | 4000 | 5000 |   85 |  0.4117647 |1585387333311 |     641 |   651.0 | 1,56 | mscp49.txt |6,4e+02 |
|13 | 4100 | 5000 |   85 |  0.4117647 |1585387333311 |     641 |   651.0 | 1,56 | mscp49.txt |6,7e+02 |
|13 | 4200 | 5000 |   85 |  0.4117647 |1585387333311 |     641 |   651.0 | 1,56 | mscp49.txt |6,9e+02 |
|13 | 4300 | 5000 |   90 |  0.3888889 |1585387333311 |     641 |   651.0 | 1,56 | mscp49.txt |7,1e+02 |
|13 | 4400 | 5000 |   90 |  0.3888889 |1585387333311 |     641 |   651.0 | 1,56 | mscp49.txt |7,4e+02 |
|13 | 4500 | 5000 |   90 |  0.3888889 |1585387333311 |     641 |   651.0 | 1,56 | mscp49.txt |7,6e+02 |
|13 | 4600 | 5000 |   90 |  0.3888889 |1585387333311 |     641 |   651.0 | 1,56 | mscp49.txt |7,9e+02 |
|13 | 4700 | 5000 |   95 | 0.36842105 |1585387333311 |     641 |   651.0 | 1,56 | mscp49.txt |8,1e+02 |
|13 | 4800 | 5000 |   95 | 0.37894738 |1585387333311 |     641 |   651.0 | 1,56 | mscp49.txt |8,4e+02 |
|13 | 4900 | 5000 |   95 | 0.37894738 |1585387333311 |     641 |   651.0 | 1,56 | mscp49.txt |8,7e+02 |
|13 | 5000 | 5000 |   95 | 0.37894738 |1585387333311 |     641 |   651.0 | 1,56 | mscp49.txt |8,9e+02 |
|13 |  200 | 5000 |  100 | 0.37894738 |1585387333311 |     641 |   651.0 | 1,56 | mscp49.txt |8,9e+02 |
|14 |    1 | 5000 |   35 |       0.25 |1585388225318 |     641 |   823.0 |28,39 | mscp49.txt |0,086 |
|14 |  100 | 5000 |   35 | 0.42857143 |1585388225318 |     641 |   738.0 |15,13 | mscp49.txt |  8,0 |
|14 |  200 | 5000 |   35 | 0.42857143 |1585388225318 |     641 |   718.0 |12,01 | mscp49.txt |   17 |
|14 |  300 | 5000 |   35 |        0.4 |1585388225318 |     641 |   696.0 | 8,58 | mscp49.txt |   26 |
|14 |  400 | 5000 |   35 | 0.42857143 |1585388225318 |     641 |   696.0 | 8,58 | mscp49.txt |   34 |
|14 |  500 | 5000 |   40 |       0.45 |1585388225318 |     641 |   679.0 | 5,93 | mscp49.txt |   44 |
|14 |  600 | 5000 |   40 |       0.45 |1585388225318 |     641 |   678.0 | 5,77 | mscp49.txt |   53 |
|14 |  700 | 5000 |   40 |      0.425 |1585388225318 |     641 |   667.0 | 4,06 | mscp49.txt |   63 |
|14 |  800 | 5000 |   40 |       0.45 |1585388225318 |     641 |   662.0 | 3,28 | mscp49.txt |   73 |
|14 |  900 | 5000 |   45 |       0.45 |1585388225318 |     641 |   660.0 | 2,96 | mscp49.txt |   85 |
|14 | 1000 | 5000 |   45 | 0.44444445 |1585388225318 |     641 |   660.0 | 2,96 | mscp49.txt |   98 |
|14 | 1100 | 5000 |   45 | 0.42222223 |1585388225318 |     641 |   660.0 | 2,96 | mscp49.txt |1,1e+02 |
|14 | 1200 | 5000 |   45 | 0.42222223 |1585388225318 |     641 |   656.0 | 2,34 | mscp49.txt |1,2e+02 |
|14 | 1300 | 5000 |   50 |       0.38 |1585388225318 |     641 |   656.0 | 2,34 | mscp49.txt |1,4e+02 |
|14 | 1400 | 5000 |   50 |       0.38 |1585388225318 |     641 |   656.0 | 2,34 | mscp49.txt |1,5e+02 |
|14 | 1500 | 5000 |   50 |        0.4 |1585388225318 |     641 |   656.0 | 2,34 | mscp49.txt |1,6e+02 |
|14 | 1600 | 5000 |   50 |       0.42 |1585388225318 |     641 |   656.0 | 2,34 | mscp49.txt |1,7e+02 |
|14 | 1700 | 5000 |   55 |        0.4 |1585388225318 |     641 |   656.0 | 2,34 | mscp49.txt |1,9e+02 |
|14 | 1800 | 5000 |   55 |        0.4 |1585388225318 |     641 |   656.0 | 2,34 | mscp49.txt |2,0e+02 |
|14 | 1900 | 5000 |   55 | 0.43636364 |1585388225318 |     641 |   656.0 | 2,34 | mscp49.txt |2,2e+02 |
|14 | 2000 | 5000 |   55 | 0.43636364 |1585388225318 |     641 |   656.0 | 2,34 | mscp49.txt |2,3e+02 |
|14 | 2100 | 5000 |   60 | 0.43333334 |1585388225318 |     641 |   656.0 | 2,34 | mscp49.txt |2,5e+02 |
|14 | 2200 | 5000 |   60 |       0.45 |1585388225318 |     641 |   656.0 | 2,34 | mscp49.txt |2,7e+02 |
|14 | 2300 | 5000 |   60 |       0.45 |1585388225318 |     641 |   656.0 | 2,34 | mscp49.txt |2,8e+02 |
|14 | 2400 | 5000 |   60 |       0.45 |1585388225318 |     641 |   656.0 | 2,34 | mscp49.txt |3,0e+02 |
|14 | 2500 | 5000 |   65 | 0.44615385 |1585388225318 |     641 |   656.0 | 2,34 | mscp49.txt |3,2e+02 |
|14 | 2600 | 5000 |   65 | 0.44615385 |1585388225318 |     641 |   656.0 | 2,34 | mscp49.txt |3,3e+02 |
|14 | 2700 | 5000 |   65 |       0.45 |1585388225318 |     641 |   656.0 | 2,34 | mscp49.txt |3,5e+02 |
|14 | 2800 | 5000 |   65 |       0.45 |1585388225318 |     641 |   656.0 | 2,34 | mscp49.txt |3,7e+02 |
|14 | 2900 | 5000 |   70 |       0.45 |1585388225318 |     641 |   656.0 | 2,34 | mscp49.txt |3,9e+02 |
|14 | 3000 | 5000 |   70 |       0.45 |1585388225318 |     641 |   656.0 | 2,34 | mscp49.txt |4,1e+02 |
|14 | 3100 | 5000 |   70 |       0.45 |1585388225318 |     641 |   656.0 | 2,34 | mscp49.txt |4,3e+02 |
|14 | 3200 | 5000 |   70 |       0.45 |1585388225318 |     641 |   656.0 | 2,34 | mscp49.txt |4,5e+02 |
|14 | 3300 | 5000 |   75 |       0.45 |1585388225318 |     641 |   656.0 | 2,34 | mscp49.txt |4,7e+02 |
|14 | 3400 | 5000 |   75 |       0.45 |1585388225318 |     641 |   656.0 | 2,34 | mscp49.txt |4,9e+02 |
|14 | 3500 | 5000 |   75 |       0.45 |1585388225318 |     641 |   646.0 | 0,78 | mscp49.txt |5,1e+02 |
|14 | 3600 | 5000 |   75 |       0.45 |1585388225318 |     641 |   646.0 | 0,78 | mscp49.txt |5,3e+02 |
|14 | 3700 | 5000 |   80 |     0.4375 |1585388225318 |     641 |   646.0 | 0,78 | mscp49.txt |5,5e+02 |
|14 | 3800 | 5000 |   80 |     0.4375 |1585388225318 |     641 |   646.0 | 0,78 | mscp49.txt |5,7e+02 |
|14 | 3900 | 5000 |   80 |     0.4375 |1585388225318 |     641 |   646.0 | 0,78 | mscp49.txt |5,9e+02 |
|14 | 4000 | 5000 |   80 |     0.4375 |1585388225318 |     641 |   646.0 | 0,78 | mscp49.txt |6,1e+02 |
|14 | 4100 | 5000 |   85 |  0.4117647 |1585388225318 |     641 |   646.0 | 0,78 | mscp49.txt |6,4e+02 |
|14 | 4200 | 5000 |   85 |  0.4117647 |1585388225318 |     641 |   646.0 | 0,78 | mscp49.txt |6,6e+02 |
|14 | 4300 | 5000 |   85 |  0.4117647 |1585388225318 |     641 |   646.0 | 0,78 | mscp49.txt |6,8e+02 |
|14 | 4400 | 5000 |   85 |  0.4117647 |1585388225318 |     641 |   646.0 | 0,78 | mscp49.txt |7,1e+02 |
|14 | 4500 | 5000 |   90 |  0.3888889 |1585388225318 |     641 |   646.0 | 0,78 | mscp49.txt |7,3e+02 |
|14 | 4600 | 5000 |   90 |  0.3888889 |1585388225318 |     641 |   646.0 | 0,78 | mscp49.txt |7,6e+02 |
|14 | 4700 | 5000 |   90 |  0.3888889 |1585388225318 |     641 |   646.0 | 0,78 | mscp49.txt |7,8e+02 |
|14 | 4800 | 5000 |   90 |  0.3888889 |1585388225318 |     641 |   646.0 | 0,78 | mscp49.txt |8,1e+02 |
|14 | 4900 | 5000 |   95 | 0.37894738 |1585388225318 |     641 |   646.0 | 0,78 | mscp49.txt |8,4e+02 |
|14 | 5000 | 5000 |   95 | 0.36842105 |1585388225318 |     641 |   646.0 | 0,78 | mscp49.txt |8,6e+02 |
|14 |  200 | 5000 |   95 | 0.36842105 |1585388225318 |     641 |   646.0 | 0,78 | mscp49.txt |8,6e+02 |
|15 |    1 | 5000 |   35 |       0.25 |1585389086919 |     641 |   855.0 |33,39 | mscp49.txt |0,085 |
|15 |  100 | 5000 |   35 | 0.25714287 |1585389086919 |     641 |   728.0 |13,57 | mscp49.txt |  8,3 |
|15 |  200 | 5000 |   35 | 0.34285715 |1585389086919 |     641 |   728.0 |13,57 | mscp49.txt |   17 |
|15 |  300 | 5000 |   35 | 0.37142858 |1585389086919 |     641 |   715.0 |11,54 | mscp49.txt |   25 |
|15 |  400 | 5000 |   40 |        0.4 |1585389086919 |     641 |   675.0 | 5,30 | mscp49.txt |   35 |
|15 |  500 | 5000 |   40 |      0.325 |1585389086919 |     641 |   668.0 | 4,21 | mscp49.txt |   45 |
|15 |  600 | 5000 |   40 |      0.325 |1585389086919 |     641 |   666.0 | 3,90 | mscp49.txt |   56 |
|15 |  700 | 5000 |   40 |       0.25 |1585389086919 |     641 |   658.0 | 2,65 | mscp49.txt |   66 |
|15 |  800 | 5000 |   45 | 0.31111112 |1585389086919 |     641 |   658.0 | 2,65 | mscp49.txt |   78 |
|15 |  900 | 5000 |   45 | 0.31111112 |1585389086919 |     641 |   658.0 | 2,65 | mscp49.txt |   90 |
|15 | 1000 | 5000 |   45 |        0.2 |1585389086919 |     641 |   657.0 | 2,50 | mscp49.txt |1,0e+02 |
|15 | 1100 | 5000 |   45 | 0.24444444 |1585389086919 |     641 |   657.0 | 2,50 | mscp49.txt |1,1e+02 |
|15 | 1200 | 5000 |   50 |       0.42 |1585389086919 |     641 |   657.0 | 2,50 | mscp49.txt |1,2e+02 |
|15 | 1300 | 5000 |   50 |       0.42 |1585389086919 |     641 |   657.0 | 2,50 | mscp49.txt |1,4e+02 |
|15 | 1400 | 5000 |   50 |       0.42 |1585389086919 |     641 |   657.0 | 2,50 | mscp49.txt |1,5e+02 |
|15 | 1500 | 5000 |   50 |       0.42 |1585389086919 |     641 |   657.0 | 2,50 | mscp49.txt |1,6e+02 |
|15 | 1600 | 5000 |   55 | 0.38181818 |1585389086919 |     641 |   657.0 | 2,50 | mscp49.txt |1,8e+02 |
|15 | 1700 | 5000 |   55 | 0.38181818 |1585389086919 |     641 |   657.0 | 2,50 | mscp49.txt |1,9e+02 |
|15 | 1800 | 5000 |   55 | 0.38181818 |1585389086919 |     641 |   657.0 | 2,50 | mscp49.txt |2,1e+02 |
|15 | 1900 | 5000 |   55 | 0.38181818 |1585389086919 |     641 |   657.0 | 2,50 | mscp49.txt |2,2e+02 |
|15 | 2000 | 5000 |   60 |       0.35 |1585389086919 |     641 |   657.0 | 2,50 | mscp49.txt |2,4e+02 |
|15 | 2100 | 5000 |   60 |       0.35 |1585389086919 |     641 |   657.0 | 2,50 | mscp49.txt |2,5e+02 |
|15 | 2200 | 5000 |   60 | 0.36666667 |1585389086919 |     641 |   657.0 | 2,50 | mscp49.txt |2,7e+02 |
|15 | 2300 | 5000 |   60 | 0.36666667 |1585389086919 |     641 |   657.0 | 2,50 | mscp49.txt |2,8e+02 |
|15 | 2400 | 5000 |   65 | 0.33846155 |1585389086919 |     641 |   657.0 | 2,50 | mscp49.txt |3,0e+02 |
|15 | 2500 | 5000 |   65 |       0.45 |1585389086919 |     641 |   657.0 | 2,50 | mscp49.txt |3,1e+02 |
|15 | 2600 | 5000 |   65 |       0.45 |1585389086919 |     641 |   657.0 | 2,50 | mscp49.txt |3,3e+02 |
|15 | 2700 | 5000 |   65 |       0.45 |1585389086919 |     641 |   657.0 | 2,50 | mscp49.txt |3,5e+02 |
|15 | 2800 | 5000 |   70 |       0.45 |1585389086919 |     641 |   657.0 | 2,50 | mscp49.txt |3,6e+02 |
|15 | 2900 | 5000 |   70 |       0.45 |1585389086919 |     641 |   657.0 | 2,50 | mscp49.txt |3,8e+02 |
|15 | 3000 | 5000 |   70 |       0.45 |1585389086919 |     641 |   656.0 | 2,34 | mscp49.txt |4,0e+02 |
|15 | 3100 | 5000 |   70 |       0.45 |1585389086919 |     641 |   656.0 | 2,34 | mscp49.txt |4,2e+02 |
|15 | 3200 | 5000 |   75 |       0.45 |1585389086919 |     641 |   656.0 | 2,34 | mscp49.txt |4,3e+02 |
|15 | 3300 | 5000 |   75 |       0.45 |1585389086919 |     641 |   656.0 | 2,34 | mscp49.txt |4,5e+02 |
|15 | 3400 | 5000 |   75 |       0.45 |1585389086919 |     641 |   656.0 | 2,34 | mscp49.txt |4,7e+02 |
|15 | 3500 | 5000 |   75 |       0.45 |1585389086919 |     641 |   656.0 | 2,34 | mscp49.txt |4,9e+02 |
|15 | 3600 | 5000 |   80 |       0.45 |1585389086919 |     641 |   656.0 | 2,34 | mscp49.txt |5,1e+02 |
|15 | 3700 | 5000 |   80 |       0.45 |1585389086919 |     641 |   656.0 | 2,34 | mscp49.txt |5,3e+02 |
|15 | 3800 | 5000 |   80 |       0.45 |1585389086919 |     641 |   656.0 | 2,34 | mscp49.txt |5,5e+02 |
|15 | 3900 | 5000 |   80 |       0.45 |1585389086919 |     641 |   656.0 | 2,34 | mscp49.txt |5,7e+02 |
|15 | 4000 | 5000 |   85 |       0.45 |1585389086919 |     641 |   656.0 | 2,34 | mscp49.txt |5,9e+02 |
|15 | 4100 | 5000 |   85 |       0.45 |1585389086919 |     641 |   656.0 | 2,34 | mscp49.txt |6,1e+02 |
|15 | 4200 | 5000 |   85 |       0.45 |1585389086919 |     641 |   656.0 | 2,34 | mscp49.txt |6,4e+02 |
|15 | 4300 | 5000 |   85 |       0.45 |1585389086919 |     641 |   656.0 | 2,34 | mscp49.txt |6,5e+02 |
|15 | 4400 | 5000 |   90 |       0.45 |1585389086919 |     641 |   656.0 | 2,34 | mscp49.txt |6,7e+02 |
|15 | 4500 | 5000 |   90 |       0.45 |1585389086919 |     641 |   656.0 | 2,34 | mscp49.txt |7,0e+02 |
|15 | 4600 | 5000 |   90 |       0.45 |1585389086919 |     641 |   656.0 | 2,34 | mscp49.txt |7,2e+02 |
|15 | 4700 | 5000 |   90 |       0.45 |1585389086919 |     641 |   656.0 | 2,34 | mscp49.txt |7,4e+02 |
|15 | 4800 | 5000 |   95 |       0.45 |1585389086919 |     641 |   656.0 | 2,34 | mscp49.txt |7,6e+02 |
|15 | 4900 | 5000 |   95 |       0.45 |1585389086919 |     641 |   656.0 | 2,34 | mscp49.txt |7,8e+02 |
|15 | 5000 | 5000 |   95 |       0.45 |1585389086919 |     641 |   656.0 | 2,34 | mscp49.txt |8,0e+02 |
|15 |  200 | 5000 |   95 |       0.45 |1585389086919 |     641 |   656.0 | 2,34 | mscp49.txt |8,0e+02 |
