| # |    #ITER | #IterMAX | Nest |      %Desc |      semilla | BestFit |GottedFit |  RDP |  instancia | time |
-------------------------------------------------------------------------------------------------
| 1 |    1 | 5000 |   35 |       0.25 |1585549212103 |     232 |   362.0 |56,03 | mscpa3.txt | 0,25 |
| 1 |  100 | 5000 |   35 | 0.25714287 |1585549212103 |     232 |   295.0 |27,16 | mscpa3.txt |   15 |
| 1 |  200 | 5000 |   35 | 0.22857143 |1585549212103 |     232 |   287.0 |23,71 | mscpa3.txt |   31 |
| 1 |  300 | 5000 |   40 |      0.425 |1585549212103 |     232 |   245.0 | 5,60 | mscpa3.txt |   49 |
| 1 |  400 | 5000 |   40 |       0.35 |1585549212103 |     232 |   242.0 | 4,31 | mscpa3.txt |   68 |
| 1 |  500 | 5000 |   40 |       0.35 |1585549212103 |     232 |   240.0 | 3,45 | mscpa3.txt |   87 |
| 1 |  600 | 5000 |   40 |        0.4 |1585549212103 |     232 |   238.0 | 2,59 | mscpa3.txt |1,1e+02 |
| 1 |  700 | 5000 |   40 |        0.4 |1585549212103 |     232 |   238.0 | 2,59 | mscpa3.txt |1,3e+02 |
| 1 |  800 | 5000 |   45 |       0.45 |1585549212103 |     232 |   238.0 | 2,59 | mscpa3.txt |1,5e+02 |
| 1 |  900 | 5000 |   45 |        0.4 |1585549212103 |     232 |   237.0 | 2,16 | mscpa3.txt |1,7e+02 |
| 1 | 1000 | 5000 |   45 |        0.4 |1585549212103 |     232 |   237.0 | 2,16 | mscpa3.txt |1,9e+02 |
| 1 | 1100 | 5000 |   45 | 0.42222223 |1585549212103 |     232 |   236.0 | 1,72 | mscpa3.txt |2,2e+02 |
| 1 | 1200 | 5000 |   50 |       0.45 |1585549212103 |     232 |   236.0 | 1,72 | mscpa3.txt |2,4e+02 |
| 1 | 1300 | 5000 |   50 |       0.45 |1585549212103 |     232 |   236.0 | 1,72 | mscpa3.txt |2,7e+02 |
| 1 | 1400 | 5000 |   50 |       0.26 |1585549212103 |     232 |   236.0 | 1,72 | mscpa3.txt |2,9e+02 |
| 1 | 1500 | 5000 |   50 |       0.26 |1585549212103 |     232 |   236.0 | 1,72 | mscpa3.txt |3,1e+02 |
| 1 | 1600 | 5000 |   55 |  0.3090909 |1585549212103 |     232 |   236.0 | 1,72 | mscpa3.txt |3,4e+02 |
| 1 | 1700 | 5000 |   55 | 0.29090908 |1585549212103 |     232 |   236.0 | 1,72 | mscpa3.txt |3,7e+02 |
| 1 | 1800 | 5000 |   55 | 0.29090908 |1585549212103 |     232 |   236.0 | 1,72 | mscpa3.txt |3,9e+02 |
| 1 | 1900 | 5000 |   55 | 0.29090908 |1585549212103 |     232 |   236.0 | 1,72 | mscpa3.txt |4,2e+02 |
| 1 | 2000 | 5000 |   60 | 0.28333333 |1585549212103 |     232 |   236.0 | 1,72 | mscpa3.txt |4,5e+02 |
| 1 | 2100 | 5000 |   60 | 0.28333333 |1585549212103 |     232 |   236.0 | 1,72 | mscpa3.txt |4,8e+02 |
| 1 | 2200 | 5000 |   60 | 0.28333333 |1585549212103 |     232 |   234.0 | 0,86 | mscpa3.txt |5,0e+02 |
| 1 | 2300 | 5000 |   60 | 0.28333333 |1585549212103 |     232 |   234.0 | 0,86 | mscpa3.txt |5,3e+02 |
| 1 | 2400 | 5000 |   65 |  0.2769231 |1585549212103 |     232 |   234.0 | 0,86 | mscpa3.txt |5,6e+02 |
| 1 | 2500 | 5000 |   65 |  0.2769231 |1585549212103 |     232 |   234.0 | 0,86 | mscpa3.txt |5,9e+02 |
| 1 | 2600 | 5000 |   65 |  0.2769231 |1585549212103 |     232 |   234.0 | 0,86 | mscpa3.txt |6,2e+02 |
| 1 | 2700 | 5000 |   65 |  0.2769231 |1585549212103 |     232 |   234.0 | 0,86 | mscpa3.txt |6,6e+02 |
| 1 | 2800 | 5000 |   70 | 0.27142859 |1585549212103 |     232 |   234.0 | 0,86 | mscpa3.txt |6,9e+02 |
| 1 | 2900 | 5000 |   70 | 0.25714287 |1585549212103 |     232 |   234.0 | 0,86 | mscpa3.txt |7,2e+02 |
| 1 | 3000 | 5000 |   70 | 0.27142859 |1585549212103 |     232 |   234.0 | 0,86 | mscpa3.txt |7,6e+02 |
| 1 | 3100 | 5000 |   70 | 0.25714287 |1585549212103 |     232 |   234.0 | 0,86 | mscpa3.txt |7,9e+02 |
| 1 | 3200 | 5000 |   75 | 0.26666668 |1585549212103 |     232 |   234.0 | 0,86 | mscpa3.txt |8,3e+02 |
| 1 | 3300 | 5000 |   75 |       0.28 |1585549212103 |     232 |   234.0 | 0,86 | mscpa3.txt |8,7e+02 |
| 1 | 3400 | 5000 |   75 |       0.28 |1585549212103 |     232 |   234.0 | 0,86 | mscpa3.txt |9,0e+02 |
| 1 | 3500 | 5000 |   75 |       0.28 |1585549212103 |     232 |   234.0 | 0,86 | mscpa3.txt |9,4e+02 |
| 1 | 3600 | 5000 |   80 |      0.275 |1585549212103 |     232 |   234.0 | 0,86 | mscpa3.txt |9,8e+02 |
| 1 | 3700 | 5000 |   80 |      0.275 |1585549212103 |     232 |   234.0 | 0,86 | mscpa3.txt |1,0e+03 |
| 1 | 3800 | 5000 |   80 |      0.275 |1585549212103 |     232 |   234.0 | 0,86 | mscpa3.txt |1,1e+03 |
| 1 | 3900 | 5000 |   80 |      0.275 |1585549212103 |     232 |   234.0 | 0,86 | mscpa3.txt |1,1e+03 |
| 1 | 4000 | 5000 |   85 | 0.27058825 |1585549212103 |     232 |   233.0 | 0,43 | mscpa3.txt |1,1e+03 |
| 1 | 4100 | 5000 |   85 | 0.28235295 |1585549212103 |     232 |   233.0 | 0,43 | mscpa3.txt |1,2e+03 |
| 1 | 4200 | 5000 |   85 | 0.29411766 |1585549212103 |     232 |   233.0 | 0,43 | mscpa3.txt |1,2e+03 |
| 1 | 4300 | 5000 |   85 | 0.29411766 |1585549212103 |     232 |   233.0 | 0,43 | mscpa3.txt |1,3e+03 |
| 1 | 4400 | 5000 |   90 |  0.2888889 |1585549212103 |     232 |   233.0 | 0,43 | mscpa3.txt |1,3e+03 |
| 1 | 4500 | 5000 |   90 |  0.2888889 |1585549212103 |     232 |   233.0 | 0,43 | mscpa3.txt |1,4e+03 |
| 1 | 4600 | 5000 |   90 |  0.2888889 |1585549212103 |     232 |   233.0 | 0,43 | mscpa3.txt |1,4e+03 |
| 1 | 4700 | 5000 |   90 |        0.3 |1585549212103 |     232 |   233.0 | 0,43 | mscpa3.txt |1,4e+03 |
| 1 | 4800 | 5000 |   95 | 0.31578946 |1585549212103 |     232 |   233.0 | 0,43 | mscpa3.txt |1,5e+03 |
| 1 | 4900 | 5000 |   95 | 0.31578946 |1585549212103 |     232 |   233.0 | 0,43 | mscpa3.txt |1,5e+03 |
| 1 | 5000 | 5000 |   95 | 0.31578946 |1585549212103 |     232 |   233.0 | 0,43 | mscpa3.txt |1,6e+03 |
| 1 |  300 | 5000 |   95 | 0.31578946 |1585549212103 |     232 |   233.0 | 0,43 | mscpa3.txt |1,6e+03 |
| 2 |    1 | 5000 |   35 |       0.25 |1585550795797 |     232 |   364.0 |56,90 | mscpa3.txt | 0,20 |
| 2 |  100 | 5000 |   35 | 0.42857143 |1585550795797 |     232 |   289.0 |24,57 | mscpa3.txt |   15 |
| 2 |  200 | 5000 |   40 |       0.45 |1585550795797 |     232 |   251.0 | 8,19 | mscpa3.txt |   31 |
| 2 |  300 | 5000 |   40 |       0.45 |1585550795797 |     232 |   243.0 | 4,74 | mscpa3.txt |   47 |
| 2 |  400 | 5000 |   40 |        0.4 |1585550795797 |     232 |   241.0 | 3,88 | mscpa3.txt |   63 |
| 2 |  500 | 5000 |   40 |       0.45 |1585550795797 |     232 |   241.0 | 3,88 | mscpa3.txt |   79 |
| 2 |  600 | 5000 |   45 |       0.45 |1585550795797 |     232 |   239.0 | 3,02 | mscpa3.txt |   99 |
| 2 |  700 | 5000 |   45 |       0.45 |1585550795797 |     232 |   237.0 | 2,16 | mscpa3.txt |1,2e+02 |
| 2 |  800 | 5000 |   45 | 0.44444445 |1585550795797 |     232 |   237.0 | 2,16 | mscpa3.txt |1,4e+02 |
| 2 |  900 | 5000 |   45 | 0.44444445 |1585550795797 |     232 |   236.0 | 1,72 | mscpa3.txt |1,6e+02 |
| 2 | 1000 | 5000 |   50 |       0.45 |1585550795797 |     232 |   236.0 | 1,72 | mscpa3.txt |1,8e+02 |
| 2 | 1100 | 5000 |   50 |       0.45 |1585550795797 |     232 |   236.0 | 1,72 | mscpa3.txt |2,0e+02 |
| 2 | 1200 | 5000 |   50 |       0.45 |1585550795797 |     232 |   236.0 | 1,72 | mscpa3.txt |2,2e+02 |
| 2 | 1300 | 5000 |   50 |       0.45 |1585550795797 |     232 |   236.0 | 1,72 | mscpa3.txt |2,4e+02 |
| 2 | 1400 | 5000 |   55 |       0.45 |1585550795797 |     232 |   235.0 | 1,29 | mscpa3.txt |2,7e+02 |
| 2 | 1500 | 5000 |   55 |       0.45 |1585550795797 |     232 |   235.0 | 1,29 | mscpa3.txt |2,9e+02 |
| 2 | 1600 | 5000 |   55 |       0.45 |1585550795797 |     232 |   235.0 | 1,29 | mscpa3.txt |3,2e+02 |
| 2 | 1700 | 5000 |   55 |       0.45 |1585550795797 |     232 |   235.0 | 1,29 | mscpa3.txt |3,4e+02 |
| 2 | 1800 | 5000 |   60 |       0.45 |1585550795797 |     232 |   234.0 | 0,86 | mscpa3.txt |3,7e+02 |
| 2 | 1900 | 5000 |   60 |       0.45 |1585550795797 |     232 |   234.0 | 0,86 | mscpa3.txt |3,9e+02 |
| 2 | 2000 | 5000 |   60 |       0.45 |1585550795797 |     232 |   234.0 | 0,86 | mscpa3.txt |4,2e+02 |
| 2 | 2100 | 5000 |   60 |       0.45 |1585550795797 |     232 |   234.0 | 0,86 | mscpa3.txt |4,5e+02 |
| 2 | 2200 | 5000 |   65 |       0.45 |1585550795797 |     232 |   234.0 | 0,86 | mscpa3.txt |4,8e+02 |
| 2 | 2300 | 5000 |   65 |       0.45 |1585550795797 |     232 |   234.0 | 0,86 | mscpa3.txt |5,1e+02 |
| 2 | 2400 | 5000 |   65 |       0.45 |1585550795797 |     232 |   234.0 | 0,86 | mscpa3.txt |5,3e+02 |
| 2 | 2500 | 5000 |   65 |       0.45 |1585550795797 |     232 |   234.0 | 0,86 | mscpa3.txt |5,6e+02 |
| 2 | 2600 | 5000 |   70 |       0.45 |1585550795797 |     232 |   234.0 | 0,86 | mscpa3.txt |6,0e+02 |
| 2 | 2700 | 5000 |   70 |       0.45 |1585550795797 |     232 |   234.0 | 0,86 | mscpa3.txt |6,3e+02 |
| 2 | 2800 | 5000 |   70 |       0.45 |1585550795797 |     232 |   234.0 | 0,86 | mscpa3.txt |6,6e+02 |
| 2 | 2900 | 5000 |   70 |       0.45 |1585550795797 |     232 |   234.0 | 0,86 | mscpa3.txt |6,9e+02 |
| 2 | 3000 | 5000 |   75 |       0.45 |1585550795797 |     232 |   234.0 | 0,86 | mscpa3.txt |7,2e+02 |
| 2 | 3100 | 5000 |   75 | 0.42666668 |1585550795797 |     232 |   234.0 | 0,86 | mscpa3.txt |7,6e+02 |
| 2 | 3200 | 5000 |   75 | 0.42666668 |1585550795797 |     232 |   234.0 | 0,86 | mscpa3.txt |7,9e+02 |
| 2 | 3300 | 5000 |   75 | 0.42666668 |1585550795797 |     232 |   234.0 | 0,86 | mscpa3.txt |8,3e+02 |
| 2 | 3400 | 5000 |   80 |        0.4 |1585550795797 |     232 |   234.0 | 0,86 | mscpa3.txt |8,6e+02 |
| 2 | 3500 | 5000 |   80 |       0.45 |1585550795797 |     232 |   234.0 | 0,86 | mscpa3.txt |9,0e+02 |
| 2 | 3600 | 5000 |   80 |       0.45 |1585550795797 |     232 |   234.0 | 0,86 | mscpa3.txt |9,4e+02 |
| 2 | 3700 | 5000 |   80 |       0.45 |1585550795797 |     232 |   233.0 | 0,43 | mscpa3.txt |9,7e+02 |
| 2 | 3800 | 5000 |   85 | 0.42352942 |1585550795797 |     232 |   233.0 | 0,43 | mscpa3.txt |1,0e+03 |
| 2 | 3900 | 5000 |   85 |  0.3882353 |1585550795797 |     232 |   233.0 | 0,43 | mscpa3.txt |1,1e+03 |
| 2 | 4000 | 5000 |   85 |  0.3882353 |1585550795797 |     232 |   233.0 | 0,43 | mscpa3.txt |1,1e+03 |
| 2 | 4100 | 5000 |   85 |  0.3882353 |1585550795797 |     232 |   233.0 | 0,43 | mscpa3.txt |1,1e+03 |
| 2 | 4200 | 5000 |   90 |        0.4 |1585550795797 |     232 |   233.0 | 0,43 | mscpa3.txt |1,2e+03 |
| 2 | 4300 | 5000 |   90 |        0.4 |1585550795797 |     232 |   233.0 | 0,43 | mscpa3.txt |1,2e+03 |
| 2 | 4400 | 5000 |   90 |        0.4 |1585550795797 |     232 |   233.0 | 0,43 | mscpa3.txt |1,3e+03 |
| 2 | 4500 | 5000 |   90 |        0.4 |1585550795797 |     232 |   233.0 | 0,43 | mscpa3.txt |1,3e+03 |
| 2 | 4600 | 5000 |   95 | 0.37894738 |1585550795797 |     232 |   233.0 | 0,43 | mscpa3.txt |1,3e+03 |
| 2 | 4700 | 5000 |   95 | 0.37894738 |1585550795797 |     232 |   233.0 | 0,43 | mscpa3.txt |1,4e+03 |
| 2 | 4800 | 5000 |   95 | 0.37894738 |1585550795797 |     232 |   233.0 | 0,43 | mscpa3.txt |1,4e+03 |
| 2 | 4900 | 5000 |   95 | 0.37894738 |1585550795797 |     232 |   233.0 | 0,43 | mscpa3.txt |1,5e+03 |
| 2 | 5000 | 5000 |  100 |       0.36 |1585550795797 |     232 |   233.0 | 0,43 | mscpa3.txt |1,5e+03 |
| 2 |  300 | 5000 |  100 |       0.36 |1585550795797 |     232 |   233.0 | 0,43 | mscpa3.txt |1,5e+03 |
| 3 |    1 | 5000 |   35 |       0.25 |1585552312987 |     232 |   354.0 |52,59 | mscpa3.txt | 0,22 |
| 3 |  100 | 5000 |   35 |  0.2857143 |1585552312987 |     232 |   280.0 |20,69 | mscpa3.txt |   14 |
| 3 |  200 | 5000 |   35 |       0.45 |1585552312987 |     232 |   263.0 |13,36 | mscpa3.txt |   29 |
| 3 |  300 | 5000 |   35 |       0.45 |1585552312987 |     232 |   261.0 |12,50 | mscpa3.txt |   42 |
| 3 |  400 | 5000 |   40 |       0.45 |1585552312987 |     232 |   249.0 | 7,33 | mscpa3.txt |   60 |
| 3 |  500 | 5000 |   40 |       0.45 |1585552312987 |     232 |   244.0 | 5,17 | mscpa3.txt |   76 |
| 3 |  600 | 5000 |   40 |        0.4 |1585552312987 |     232 |   242.0 | 4,31 | mscpa3.txt |   93 |
| 3 |  700 | 5000 |   40 |       0.45 |1585552312987 |     232 |   241.0 | 3,88 | mscpa3.txt |1,1e+02 |
| 3 |  800 | 5000 |   45 |       0.45 |1585552312987 |     232 |   241.0 | 3,88 | mscpa3.txt |1,3e+02 |
| 3 |  900 | 5000 |   45 |       0.45 |1585552312987 |     232 |   241.0 | 3,88 | mscpa3.txt |1,5e+02 |
| 3 | 1000 | 5000 |   45 |       0.45 |1585552312987 |     232 |   239.0 | 3,02 | mscpa3.txt |1,7e+02 |
| 3 | 1100 | 5000 |   45 |       0.45 |1585552312987 |     232 |   239.0 | 3,02 | mscpa3.txt |1,9e+02 |
| 3 | 1200 | 5000 |   50 |       0.45 |1585552312987 |     232 |   238.0 | 2,59 | mscpa3.txt |2,1e+02 |
| 3 | 1300 | 5000 |   50 |       0.45 |1585552312987 |     232 |   236.0 | 1,72 | mscpa3.txt |2,3e+02 |
| 3 | 1400 | 5000 |   50 |       0.45 |1585552312987 |     232 |   236.0 | 1,72 | mscpa3.txt |2,6e+02 |
| 3 | 1500 | 5000 |   50 |       0.45 |1585552312987 |     232 |   236.0 | 1,72 | mscpa3.txt |2,8e+02 |
| 3 | 1600 | 5000 |   55 |       0.45 |1585552312987 |     232 |   236.0 | 1,72 | mscpa3.txt |3,0e+02 |
| 3 | 1700 | 5000 |   55 |       0.45 |1585552312987 |     232 |   236.0 | 1,72 | mscpa3.txt |3,3e+02 |
| 3 | 1800 | 5000 |   55 |       0.45 |1585552312987 |     232 |   236.0 | 1,72 | mscpa3.txt |3,5e+02 |
| 3 | 1900 | 5000 |   55 |       0.45 |1585552312987 |     232 |   236.0 | 1,72 | mscpa3.txt |3,8e+02 |
| 3 | 2000 | 5000 |   60 |       0.45 |1585552312987 |     232 |   236.0 | 1,72 | mscpa3.txt |4,0e+02 |
| 3 | 2100 | 5000 |   60 |       0.45 |1585552312987 |     232 |   236.0 | 1,72 | mscpa3.txt |4,3e+02 |
| 3 | 2200 | 5000 |   60 |       0.45 |1585552312987 |     232 |   236.0 | 1,72 | mscpa3.txt |4,6e+02 |
| 3 | 2300 | 5000 |   60 |       0.45 |1585552312987 |     232 |   236.0 | 1,72 | mscpa3.txt |4,9e+02 |
| 3 | 2400 | 5000 |   65 | 0.33846155 |1585552312987 |     232 |   236.0 | 1,72 | mscpa3.txt |5,2e+02 |
| 3 | 2500 | 5000 |   65 |  0.3846154 |1585552312987 |     232 |   236.0 | 1,72 | mscpa3.txt |5,4e+02 |
| 3 | 2600 | 5000 |   65 |        0.4 |1585552312987 |     232 |   235.0 | 1,29 | mscpa3.txt |5,7e+02 |
| 3 | 2700 | 5000 |   65 | 0.35384616 |1585552312987 |     232 |   234.0 | 0,86 | mscpa3.txt |6,0e+02 |
| 3 | 2800 | 5000 |   70 | 0.44285715 |1585552312987 |     232 |   234.0 | 0,86 | mscpa3.txt |6,2e+02 |
| 3 | 2900 | 5000 |   70 | 0.44285715 |1585552312987 |     232 |   234.0 | 0,86 | mscpa3.txt |6,6e+02 |
| 3 | 3000 | 5000 |   70 |       0.45 |1585552312987 |     232 |   234.0 | 0,86 | mscpa3.txt |6,8e+02 |
| 3 | 3100 | 5000 |   70 |       0.45 |1585552312987 |     232 |   234.0 | 0,86 | mscpa3.txt |7,1e+02 |
| 3 | 3200 | 5000 |   75 |       0.45 |1585552312987 |     232 |   234.0 | 0,86 | mscpa3.txt |7,4e+02 |
| 3 | 3300 | 5000 |   75 |       0.45 |1585552312987 |     232 |   234.0 | 0,86 | mscpa3.txt |7,7e+02 |
| 3 | 3400 | 5000 |   75 |       0.45 |1585552312987 |     232 |   234.0 | 0,86 | mscpa3.txt |8,0e+02 |
| 3 | 3500 | 5000 |   75 |       0.45 |1585552312987 |     232 |   234.0 | 0,86 | mscpa3.txt |8,3e+02 |
| 3 | 3600 | 5000 |   80 |       0.45 |1585552312987 |     232 |   234.0 | 0,86 | mscpa3.txt |8,6e+02 |
| 3 | 3700 | 5000 |   80 |       0.45 |1585552312987 |     232 |   234.0 | 0,86 | mscpa3.txt |8,9e+02 |
| 3 | 3800 | 5000 |   80 |       0.45 |1585552312987 |     232 |   234.0 | 0,86 | mscpa3.txt |9,2e+02 |
| 3 | 3900 | 5000 |   80 |       0.45 |1585552312987 |     232 |   234.0 | 0,86 | mscpa3.txt |9,5e+02 |
| 3 | 4000 | 5000 |   85 |       0.45 |1585552312987 |     232 |   234.0 | 0,86 | mscpa3.txt |9,8e+02 |
| 3 | 4100 | 5000 |   85 |       0.45 |1585552312987 |     232 |   234.0 | 0,86 | mscpa3.txt |1,0e+03 |
| 3 | 4200 | 5000 |   85 |       0.45 |1585552312987 |     232 |   233.0 | 0,43 | mscpa3.txt |1,0e+03 |
| 3 | 4300 | 5000 |   85 |       0.45 |1585552312987 |     232 |   233.0 | 0,43 | mscpa3.txt |1,1e+03 |
| 3 | 4400 | 5000 |   90 |       0.45 |1585552312987 |     232 |   233.0 | 0,43 | mscpa3.txt |1,1e+03 |
| 3 | 4500 | 5000 |   90 |       0.45 |1585552312987 |     232 |   233.0 | 0,43 | mscpa3.txt |1,1e+03 |
| 3 | 4600 | 5000 |   90 |       0.45 |1585552312987 |     232 |   233.0 | 0,43 | mscpa3.txt |1,2e+03 |
| 3 | 4700 | 5000 |   90 |       0.45 |1585552312987 |     232 |   233.0 | 0,43 | mscpa3.txt |1,2e+03 |
| 3 | 4800 | 5000 |   95 |       0.45 |1585552312987 |     232 |   233.0 | 0,43 | mscpa3.txt |1,2e+03 |
| 3 | 4900 | 5000 |   95 |       0.45 |1585552312987 |     232 |   233.0 | 0,43 | mscpa3.txt |1,3e+03 |
| 3 | 5000 | 5000 |   95 |       0.45 |1585552312987 |     232 |   233.0 | 0,43 | mscpa3.txt |1,3e+03 |
| 3 |  300 | 5000 |   95 |       0.45 |1585552312987 |     232 |   233.0 | 0,43 | mscpa3.txt |1,3e+03 |
| 4 |    1 | 5000 |   35 |       0.25 |1585553628590 |     232 |   371.0 |59,91 | mscpa3.txt | 0,14 |
| 4 |  100 | 5000 |   35 |       0.45 |1585553628590 |     232 |   290.0 |25,00 | mscpa3.txt |   11 |
| 4 |  200 | 5000 |   40 |      0.425 |1585553628590 |     232 |   245.0 | 5,60 | mscpa3.txt |   25 |
| 4 |  300 | 5000 |   40 |        0.3 |1585553628590 |     232 |   242.0 | 4,31 | mscpa3.txt |   38 |
| 4 |  400 | 5000 |   40 |      0.325 |1585553628590 |     232 |   238.0 | 2,59 | mscpa3.txt |   52 |
| 4 |  500 | 5000 |   40 |       0.45 |1585553628590 |     232 |   238.0 | 2,59 | mscpa3.txt |   66 |
| 4 |  600 | 5000 |   45 |       0.45 |1585553628590 |     232 |   237.0 | 2,16 | mscpa3.txt |   82 |
| 4 |  700 | 5000 |   45 |       0.45 |1585553628590 |     232 |   237.0 | 2,16 | mscpa3.txt |   98 |
| 4 |  800 | 5000 |   45 |        0.2 |1585553628590 |     232 |   236.0 | 1,72 | mscpa3.txt |1,1e+02 |
| 4 |  900 | 5000 |   45 |        0.2 |1585553628590 |     232 |   236.0 | 1,72 | mscpa3.txt |1,3e+02 |
| 4 | 1000 | 5000 |   50 |       0.28 |1585553628590 |     232 |   235.0 | 1,29 | mscpa3.txt |1,5e+02 |
| 4 | 1100 | 5000 |   50 |       0.28 |1585553628590 |     232 |   235.0 | 1,29 | mscpa3.txt |1,6e+02 |
| 4 | 1200 | 5000 |   50 |       0.26 |1585553628590 |     232 |   234.0 | 0,86 | mscpa3.txt |1,8e+02 |
| 4 | 1300 | 5000 |   50 |       0.28 |1585553628590 |     232 |   234.0 | 0,86 | mscpa3.txt |2,0e+02 |
| 4 | 1400 | 5000 |   55 |  0.3090909 |1585553628590 |     232 |   234.0 | 0,86 | mscpa3.txt |2,2e+02 |
| 4 | 1500 | 5000 |   55 |  0.3090909 |1585553628590 |     232 |   233.0 | 0,43 | mscpa3.txt |2,4e+02 |
| 4 | 1600 | 5000 |   55 |  0.3272727 |1585553628590 |     232 |   233.0 | 0,43 | mscpa3.txt |2,6e+02 |
| 4 | 1700 | 5000 |   55 | 0.34545454 |1585553628590 |     232 |   233.0 | 0,43 | mscpa3.txt |2,7e+02 |
| 4 | 1800 | 5000 |   60 | 0.36666667 |1585553628590 |     232 |   233.0 | 0,43 | mscpa3.txt |3,0e+02 |
| 4 | 1900 | 5000 |   60 | 0.36666667 |1585553628590 |     232 |   233.0 | 0,43 | mscpa3.txt |3,2e+02 |
| 4 | 2000 | 5000 |   60 | 0.33333334 |1585553628590 |     232 |   233.0 | 0,43 | mscpa3.txt |3,4e+02 |
| 4 | 2100 | 5000 |   60 | 0.33333334 |1585553628590 |     232 |   233.0 | 0,43 | mscpa3.txt |3,6e+02 |
| 4 | 2200 | 5000 |   65 | 0.35384616 |1585553628590 |     232 |   233.0 | 0,43 | mscpa3.txt |3,8e+02 |
| 4 | 2300 | 5000 |   65 | 0.35384616 |1585553628590 |     232 |   233.0 | 0,43 | mscpa3.txt |4,1e+02 |
| 4 | 2400 | 5000 |   65 | 0.35384616 |1585553628590 |     232 |   233.0 | 0,43 | mscpa3.txt |4,3e+02 |
| 4 | 2500 | 5000 |   65 | 0.35384616 |1585553628590 |     232 |   233.0 | 0,43 | mscpa3.txt |4,6e+02 |
| 4 | 2600 | 5000 |   70 |  0.3857143 |1585553628590 |     232 |   233.0 | 0,43 | mscpa3.txt |4,8e+02 |
| 4 | 2700 | 5000 |   70 |  0.3857143 |1585553628590 |     232 |   233.0 | 0,43 | mscpa3.txt |5,1e+02 |
| 4 | 2800 | 5000 |   70 |  0.3857143 |1585553628590 |     232 |   233.0 | 0,43 | mscpa3.txt |5,3e+02 |
| 4 | 2900 | 5000 |   70 |  0.3857143 |1585553628590 |     232 |   233.0 | 0,43 | mscpa3.txt |5,6e+02 |
| 4 | 3000 | 5000 |   75 |        0.4 |1585553628590 |     232 |   233.0 | 0,43 | mscpa3.txt |5,9e+02 |
| 4 | 3100 | 5000 |   75 |        0.4 |1585553628590 |     232 |   233.0 | 0,43 | mscpa3.txt |6,2e+02 |
| 4 | 3200 | 5000 |   75 |        0.4 |1585553628590 |     232 |   233.0 | 0,43 | mscpa3.txt |6,4e+02 |
| 4 | 3300 | 5000 |   75 |        0.4 |1585553628590 |     232 |   233.0 | 0,43 | mscpa3.txt |6,7e+02 |
| 4 | 3400 | 5000 |   80 |     0.3875 |1585553628590 |     232 |   233.0 | 0,43 | mscpa3.txt |7,0e+02 |
| 4 | 3500 | 5000 |   80 |     0.4125 |1585553628590 |     232 |   233.0 | 0,43 | mscpa3.txt |7,3e+02 |
| 4 | 3600 | 5000 |   80 |      0.425 |1585553628590 |     232 |   233.0 | 0,43 | mscpa3.txt |7,6e+02 |
| 4 | 3700 | 5000 |   80 |      0.425 |1585553628590 |     232 |   233.0 | 0,43 | mscpa3.txt |7,9e+02 |
| 4 | 3800 | 5000 |   85 |  0.4117647 |1585553628590 |     232 |   233.0 | 0,43 | mscpa3.txt |8,2e+02 |
| 4 | 3900 | 5000 |   85 |  0.4117647 |1585553628590 |     232 |   233.0 | 0,43 | mscpa3.txt |8,6e+02 |
| 4 | 4000 | 5000 |   85 |  0.4117647 |1585553628590 |     232 |   233.0 | 0,43 | mscpa3.txt |8,9e+02 |
| 4 | 4100 | 5000 |   85 |  0.4117647 |1585553628590 |     232 |   233.0 | 0,43 | mscpa3.txt |9,2e+02 |
| 4 | 4200 | 5000 |   90 |  0.3888889 |1585553628590 |     232 |   233.0 | 0,43 | mscpa3.txt |9,5e+02 |
| 4 | 4300 | 5000 |   90 |  0.3888889 |1585553628590 |     232 |   233.0 | 0,43 | mscpa3.txt |9,9e+02 |
| 4 | 4400 | 5000 |   90 |  0.3888889 |1585553628590 |     232 |   233.0 | 0,43 | mscpa3.txt |1,0e+03 |
| 4 | 4500 | 5000 |   90 |  0.3888889 |1585553628590 |     232 |   233.0 | 0,43 | mscpa3.txt |1,1e+03 |
| 4 | 4600 | 5000 |   95 | 0.36842105 |1585553628590 |     232 |   233.0 | 0,43 | mscpa3.txt |1,1e+03 |
| 4 | 4700 | 5000 |   95 | 0.36842105 |1585553628590 |     232 |   233.0 | 0,43 | mscpa3.txt |1,1e+03 |
| 4 | 4800 | 5000 |   95 | 0.36842105 |1585553628590 |     232 |   233.0 | 0,43 | mscpa3.txt |1,2e+03 |
| 4 | 4900 | 5000 |   95 | 0.36842105 |1585553628590 |     232 |   233.0 | 0,43 | mscpa3.txt |1,2e+03 |
| 4 | 5000 | 5000 |  100 |       0.35 |1585553628590 |     232 |   233.0 | 0,43 | mscpa3.txt |1,2e+03 |
| 4 |  300 | 5000 |  100 |       0.35 |1585553628590 |     232 |   233.0 | 0,43 | mscpa3.txt |1,2e+03 |
| 5 |    1 | 5000 |   35 |       0.25 |1585554867698 |     232 |   337.0 |45,26 | mscpa3.txt | 0,23 |
| 5 |  100 | 5000 |   35 | 0.42857143 |1585554867698 |     232 |   293.0 |26,29 | mscpa3.txt |   11 |
| 5 |  200 | 5000 |   35 |        0.4 |1585554867698 |     232 |   275.0 |18,53 | mscpa3.txt |   23 |
| 5 |  300 | 5000 |   35 |       0.45 |1585554867698 |     232 |   268.0 |15,52 | mscpa3.txt |   35 |
| 5 |  400 | 5000 |   40 |       0.45 |1585554867698 |     232 |   241.0 | 3,88 | mscpa3.txt |   48 |
| 5 |  500 | 5000 |   40 |       0.45 |1585554867698 |     232 |   241.0 | 3,88 | mscpa3.txt |   62 |
| 5 |  600 | 5000 |   40 |       0.45 |1585554867698 |     232 |   241.0 | 3,88 | mscpa3.txt |   76 |
| 5 |  700 | 5000 |   40 |      0.375 |1585554867698 |     232 |   241.0 | 3,88 | mscpa3.txt |   90 |
| 5 |  800 | 5000 |   45 |       0.45 |1585554867698 |     232 |   238.0 | 2,59 | mscpa3.txt |1,1e+02 |
| 5 |  900 | 5000 |   45 | 0.44444445 |1585554867698 |     232 |   237.0 | 2,16 | mscpa3.txt |1,2e+02 |
| 5 | 1000 | 5000 |   45 |       0.45 |1585554867698 |     232 |   237.0 | 2,16 | mscpa3.txt |1,4e+02 |
| 5 | 1100 | 5000 |   45 |       0.45 |1585554867698 |     232 |   237.0 | 2,16 | mscpa3.txt |1,6e+02 |
| 5 | 1200 | 5000 |   50 |       0.45 |1585554867698 |     232 |   237.0 | 2,16 | mscpa3.txt |1,7e+02 |
| 5 | 1300 | 5000 |   50 |       0.45 |1585554867698 |     232 |   237.0 | 2,16 | mscpa3.txt |1,9e+02 |
| 5 | 1400 | 5000 |   50 |       0.45 |1585554867698 |     232 |   234.0 | 0,86 | mscpa3.txt |2,1e+02 |
| 5 | 1500 | 5000 |   50 |       0.45 |1585554867698 |     232 |   234.0 | 0,86 | mscpa3.txt |2,3e+02 |
| 5 | 1600 | 5000 |   55 |       0.45 |1585554867698 |     232 |   234.0 | 0,86 | mscpa3.txt |2,5e+02 |
| 5 | 1700 | 5000 |   55 |       0.45 |1585554867698 |     232 |   234.0 | 0,86 | mscpa3.txt |2,7e+02 |
| 5 | 1800 | 5000 |   55 |       0.45 |1585554867698 |     232 |   234.0 | 0,86 | mscpa3.txt |2,9e+02 |
| 5 | 1900 | 5000 |   55 |       0.45 |1585554867698 |     232 |   234.0 | 0,86 | mscpa3.txt |3,1e+02 |
| 5 | 2000 | 5000 |   60 |       0.45 |1585554867698 |     232 |   234.0 | 0,86 | mscpa3.txt |3,4e+02 |
| 5 | 2100 | 5000 |   60 |       0.45 |1585554867698 |     232 |   234.0 | 0,86 | mscpa3.txt |3,6e+02 |
| 5 | 2200 | 5000 |   60 |       0.45 |1585554867698 |     232 |   234.0 | 0,86 | mscpa3.txt |3,8e+02 |
| 5 | 2300 | 5000 |   60 |       0.45 |1585554867698 |     232 |   234.0 | 0,86 | mscpa3.txt |4,1e+02 |
| 5 | 2400 | 5000 |   65 |       0.45 |1585554867698 |     232 |   233.0 | 0,43 | mscpa3.txt |4,3e+02 |
| 5 | 2500 | 5000 |   65 |       0.45 |1585554867698 |     232 |   233.0 | 0,43 | mscpa3.txt |4,6e+02 |
| 5 | 2600 | 5000 |   65 |       0.45 |1585554867698 |     232 |   233.0 | 0,43 | mscpa3.txt |4,8e+02 |
| 5 | 2700 | 5000 |   65 |       0.45 |1585554867698 |     232 |   233.0 | 0,43 | mscpa3.txt |5,1e+02 |
| 5 | 2800 | 5000 |   70 |       0.45 |1585554867698 |     232 |   233.0 | 0,43 | mscpa3.txt |5,4e+02 |
| 5 | 2900 | 5000 |   70 |       0.45 |1585554867698 |     232 |   233.0 | 0,43 | mscpa3.txt |5,6e+02 |
| 5 | 3000 | 5000 |   70 |       0.45 |1585554867698 |     232 |   233.0 | 0,43 | mscpa3.txt |5,9e+02 |
| 5 | 3100 | 5000 |   70 |       0.45 |1585554867698 |     232 |   233.0 | 0,43 | mscpa3.txt |6,2e+02 |
| 5 | 3200 | 5000 |   75 | 0.42666668 |1585554867698 |     232 |   233.0 | 0,43 | mscpa3.txt |6,5e+02 |
| 5 | 3300 | 5000 |   75 | 0.42666668 |1585554867698 |     232 |   233.0 | 0,43 | mscpa3.txt |6,8e+02 |
| 5 | 3400 | 5000 |   75 |       0.45 |1585554867698 |     232 |   233.0 | 0,43 | mscpa3.txt |7,1e+02 |
| 5 | 3500 | 5000 |   75 |       0.45 |1585554867698 |     232 |   233.0 | 0,43 | mscpa3.txt |7,4e+02 |
| 5 | 3600 | 5000 |   80 |     0.4375 |1585554867698 |     232 |   233.0 | 0,43 | mscpa3.txt |7,7e+02 |
| 5 | 3700 | 5000 |   80 |     0.4375 |1585554867698 |     232 |   233.0 | 0,43 | mscpa3.txt |8,0e+02 |
| 5 | 3800 | 5000 |   80 |     0.4375 |1585554867698 |     232 |   233.0 | 0,43 | mscpa3.txt |8,3e+02 |
| 5 | 3900 | 5000 |   80 |     0.4375 |1585554867698 |     232 |   233.0 | 0,43 | mscpa3.txt |8,6e+02 |
| 5 | 4000 | 5000 |   85 | 0.42352942 |1585554867698 |     232 |   233.0 | 0,43 | mscpa3.txt |9,0e+02 |
| 5 | 4100 | 5000 |   85 |  0.4117647 |1585554867698 |     232 |   233.0 | 0,43 | mscpa3.txt |9,3e+02 |
| 5 | 4200 | 5000 |   85 |  0.4117647 |1585554867698 |     232 |   233.0 | 0,43 | mscpa3.txt |9,7e+02 |
| 5 | 4300 | 5000 |   85 |  0.4117647 |1585554867698 |     232 |   233.0 | 0,43 | mscpa3.txt |1,0e+03 |
| 5 | 4400 | 5000 |   90 |        0.4 |1585554867698 |     232 |   233.0 | 0,43 | mscpa3.txt |1,0e+03 |
| 5 | 4500 | 5000 |   90 |        0.4 |1585554867698 |     232 |   233.0 | 0,43 | mscpa3.txt |1,1e+03 |
| 5 | 4600 | 5000 |   90 |        0.4 |1585554867698 |     232 |   233.0 | 0,43 | mscpa3.txt |1,1e+03 |
| 5 | 4700 | 5000 |   90 | 0.33333334 |1585554867698 |     232 |   233.0 | 0,43 | mscpa3.txt |1,1e+03 |
| 5 | 4800 | 5000 |   95 |       0.45 |1585554867698 |     232 |   233.0 | 0,43 | mscpa3.txt |1,2e+03 |
| 5 | 4900 | 5000 |   95 |       0.45 |1585554867698 |     232 |   233.0 | 0,43 | mscpa3.txt |1,2e+03 |
| 5 | 5000 | 5000 |   95 |       0.45 |1585554867698 |     232 |   233.0 | 0,43 | mscpa3.txt |1,2e+03 |
| 5 |  300 | 5000 |   95 |       0.45 |1585554867698 |     232 |   233.0 | 0,43 | mscpa3.txt |1,2e+03 |
| 6 |    1 | 5000 |   35 |       0.25 |1585556108651 |     232 |   343.0 |47,84 | mscpa3.txt | 0,14 |
| 6 |  100 | 5000 |   35 |       0.45 |1585556108651 |     232 |   282.0 |21,55 | mscpa3.txt |   12 |
| 6 |  200 | 5000 |   40 |       0.45 |1585556108651 |     232 |   241.0 | 3,88 | mscpa3.txt |   26 |
| 6 |  300 | 5000 |   40 |      0.275 |1585556108651 |     232 |   241.0 | 3,88 | mscpa3.txt |   41 |
| 6 |  400 | 5000 |   40 |       0.45 |1585556108651 |     232 |   241.0 | 3,88 | mscpa3.txt |   54 |
| 6 |  500 | 5000 |   40 |        0.4 |1585556108651 |     232 |   235.0 | 1,29 | mscpa3.txt |   68 |
| 6 |  600 | 5000 |   45 |       0.45 |1585556108651 |     232 |   234.0 | 0,86 | mscpa3.txt |   85 |
| 6 |  700 | 5000 |   45 |       0.45 |1585556108651 |     232 |   234.0 | 0,86 | mscpa3.txt |1,0e+02 |
| 6 |  800 | 5000 |   45 |       0.45 |1585556108651 |     232 |   234.0 | 0,86 | mscpa3.txt |1,2e+02 |
| 6 |  900 | 5000 |   45 |       0.45 |1585556108651 |     232 |   234.0 | 0,86 | mscpa3.txt |1,3e+02 |
| 6 | 1000 | 5000 |   50 |       0.45 |1585556108651 |     232 |   234.0 | 0,86 | mscpa3.txt |1,5e+02 |
| 6 | 1100 | 5000 |   50 |       0.45 |1585556108651 |     232 |   234.0 | 0,86 | mscpa3.txt |1,7e+02 |
| 6 | 1200 | 5000 |   50 |       0.45 |1585556108651 |     232 |   234.0 | 0,86 | mscpa3.txt |1,9e+02 |
| 6 | 1300 | 5000 |   50 |       0.45 |1585556108651 |     232 |   234.0 | 0,86 | mscpa3.txt |2,1e+02 |
| 6 | 1400 | 5000 |   55 |       0.45 |1585556108651 |     232 |   233.0 | 0,43 | mscpa3.txt |2,3e+02 |
| 6 | 1500 | 5000 |   55 |       0.45 |1585556108651 |     232 |   233.0 | 0,43 | mscpa3.txt |2,5e+02 |
| 6 | 1600 | 5000 |   55 |       0.45 |1585556108651 |     232 |   233.0 | 0,43 | mscpa3.txt |2,7e+02 |
| 6 | 1700 | 5000 |   55 |       0.45 |1585556108651 |     232 |   233.0 | 0,43 | mscpa3.txt |2,9e+02 |
| 6 | 1800 | 5000 |   60 |       0.45 |1585556108651 |     232 |   233.0 | 0,43 | mscpa3.txt |3,2e+02 |
| 6 | 1900 | 5000 |   60 |       0.45 |1585556108651 |     232 |   233.0 | 0,43 | mscpa3.txt |3,4e+02 |
| 6 | 2000 | 5000 |   60 |       0.45 |1585556108651 |     232 |   233.0 | 0,43 | mscpa3.txt |3,6e+02 |
| 6 | 2100 | 5000 |   60 |       0.45 |1585556108651 |     232 |   233.0 | 0,43 | mscpa3.txt |3,9e+02 |
| 6 | 2200 | 5000 |   65 |       0.45 |1585556108651 |     232 |   233.0 | 0,43 | mscpa3.txt |4,1e+02 |
| 6 | 2300 | 5000 |   65 |       0.45 |1585556108651 |     232 |   233.0 | 0,43 | mscpa3.txt |4,4e+02 |
| 6 | 2400 | 5000 |   65 |       0.45 |1585556108651 |     232 |   233.0 | 0,43 | mscpa3.txt |4,6e+02 |
| 6 | 2500 | 5000 |   65 |       0.45 |1585556108651 |     232 |   233.0 | 0,43 | mscpa3.txt |4,9e+02 |
| 6 | 2600 | 5000 |   70 |       0.45 |1585556108651 |     232 |   233.0 | 0,43 | mscpa3.txt |5,1e+02 |
| 6 | 2700 | 5000 |   70 |       0.45 |1585556108651 |     232 |   233.0 | 0,43 | mscpa3.txt |5,4e+02 |
| 6 | 2800 | 5000 |   70 |       0.45 |1585556108651 |     232 |   233.0 | 0,43 | mscpa3.txt |5,7e+02 |
| 6 | 2900 | 5000 |   70 |       0.45 |1585556108651 |     232 |   233.0 | 0,43 | mscpa3.txt |6,0e+02 |
| 6 | 3000 | 5000 |   75 |       0.45 |1585556108651 |     232 |   233.0 | 0,43 | mscpa3.txt |6,3e+02 |
| 6 | 3100 | 5000 |   75 |       0.45 |1585556108651 |     232 |   233.0 | 0,43 | mscpa3.txt |6,6e+02 |
| 6 | 3200 | 5000 |   75 |       0.45 |1585556108651 |     232 |   233.0 | 0,43 | mscpa3.txt |6,8e+02 |
| 6 | 3300 | 5000 |   75 |       0.45 |1585556108651 |     232 |   233.0 | 0,43 | mscpa3.txt |7,1e+02 |
| 6 | 3400 | 5000 |   80 |     0.4375 |1585556108651 |     232 |   233.0 | 0,43 | mscpa3.txt |7,5e+02 |
| 6 | 3500 | 5000 |   80 |     0.4375 |1585556108651 |     232 |   233.0 | 0,43 | mscpa3.txt |7,8e+02 |
| 6 | 3600 | 5000 |   80 |     0.4375 |1585556108651 |     232 |   233.0 | 0,43 | mscpa3.txt |8,1e+02 |
| 6 | 3700 | 5000 |   80 |     0.4375 |1585556108651 |     232 |   233.0 | 0,43 | mscpa3.txt |8,4e+02 |
| 6 | 3800 | 5000 |   85 |  0.4117647 |1585556108651 |     232 |   233.0 | 0,43 | mscpa3.txt |8,8e+02 |
| 6 | 3900 | 5000 |   85 |  0.4117647 |1585556108651 |     232 |   233.0 | 0,43 | mscpa3.txt |9,1e+02 |
| 6 | 4000 | 5000 |   85 |  0.4117647 |1585556108651 |     232 |   233.0 | 0,43 | mscpa3.txt |9,4e+02 |
| 6 | 4100 | 5000 |   85 |  0.4117647 |1585556108651 |     232 |   233.0 | 0,43 | mscpa3.txt |9,8e+02 |
| 6 | 4200 | 5000 |   90 |  0.3888889 |1585556108651 |     232 |   233.0 | 0,43 | mscpa3.txt |1,0e+03 |
| 6 | 4300 | 5000 |   90 |  0.3888889 |1585556108651 |     232 |   233.0 | 0,43 | mscpa3.txt |1,1e+03 |
| 6 | 4400 | 5000 |   90 |  0.3888889 |1585556108651 |     232 |   233.0 | 0,43 | mscpa3.txt |1,1e+03 |
| 6 | 4500 | 5000 |   90 |  0.3888889 |1585556108651 |     232 |   233.0 | 0,43 | mscpa3.txt |1,1e+03 |
| 6 | 4600 | 5000 |   95 | 0.36842105 |1585556108651 |     232 |   233.0 | 0,43 | mscpa3.txt |1,2e+03 |
| 6 | 4700 | 5000 |   95 | 0.36842105 |1585556108651 |     232 |   233.0 | 0,43 | mscpa3.txt |1,2e+03 |
| 6 | 4800 | 5000 |   95 | 0.36842105 |1585556108651 |     232 |   233.0 | 0,43 | mscpa3.txt |1,2e+03 |
| 6 | 4900 | 5000 |   95 | 0.36842105 |1585556108651 |     232 |   233.0 | 0,43 | mscpa3.txt |1,3e+03 |
| 6 | 5000 | 5000 |  100 |       0.35 |1585556108651 |     232 |   233.0 | 0,43 | mscpa3.txt |1,3e+03 |
| 6 |  300 | 5000 |  100 |       0.35 |1585556108651 |     232 |   233.0 | 0,43 | mscpa3.txt |1,3e+03 |
| 7 |    1 | 5000 |   35 |       0.25 |1585557426156 |     232 |   374.0 |61,21 | mscpa3.txt | 0,16 |
| 7 |  100 | 5000 |   35 |        0.4 |1585557426156 |     232 |   280.0 |20,69 | mscpa3.txt |   12 |
| 7 |  200 | 5000 |   35 | 0.37142858 |1585557426156 |     232 |   280.0 |20,69 | mscpa3.txt |   24 |
| 7 |  300 | 5000 |   35 | 0.34285715 |1585557426156 |     232 |   264.0 |13,79 | mscpa3.txt |   36 |
| 7 |  400 | 5000 |   40 |       0.45 |1585557426156 |     232 |   241.0 | 3,88 | mscpa3.txt |   50 |
| 7 |  500 | 5000 |   40 |        0.4 |1585557426156 |     232 |   240.0 | 3,45 | mscpa3.txt |   64 |
| 7 |  600 | 5000 |   40 |      0.275 |1585557426156 |     232 |   240.0 | 3,45 | mscpa3.txt |   79 |
| 7 |  700 | 5000 |   40 |      0.375 |1585557426156 |     232 |   239.0 | 3,02 | mscpa3.txt |   93 |
| 7 |  800 | 5000 |   40 |       0.35 |1585557426156 |     232 |   239.0 | 3,02 | mscpa3.txt |1,1e+02 |
| 7 |  900 | 5000 |   45 |       0.45 |1585557426156 |     232 |   238.0 | 2,59 | mscpa3.txt |1,3e+02 |
| 7 | 1000 | 5000 |   45 |       0.45 |1585557426156 |     232 |   238.0 | 2,59 | mscpa3.txt |1,4e+02 |
| 7 | 1100 | 5000 |   45 |       0.45 |1585557426156 |     232 |   238.0 | 2,59 | mscpa3.txt |1,6e+02 |
| 7 | 1200 | 5000 |   45 |       0.45 |1585557426156 |     232 |   238.0 | 2,59 | mscpa3.txt |1,8e+02 |
| 7 | 1300 | 5000 |   50 |       0.45 |1585557426156 |     232 |   238.0 | 2,59 | mscpa3.txt |2,0e+02 |
| 7 | 1400 | 5000 |   50 |       0.45 |1585557426156 |     232 |   235.0 | 1,29 | mscpa3.txt |2,2e+02 |
| 7 | 1500 | 5000 |   50 |       0.45 |1585557426156 |     232 |   235.0 | 1,29 | mscpa3.txt |2,3e+02 |
| 7 | 1600 | 5000 |   50 |       0.45 |1585557426156 |     232 |   235.0 | 1,29 | mscpa3.txt |2,5e+02 |
| 7 | 1700 | 5000 |   55 |       0.45 |1585557426156 |     232 |   235.0 | 1,29 | mscpa3.txt |2,8e+02 |
| 7 | 1800 | 5000 |   55 |       0.45 |1585557426156 |     232 |   235.0 | 1,29 | mscpa3.txt |3,0e+02 |
| 7 | 1900 | 5000 |   55 |       0.45 |1585557426156 |     232 |   235.0 | 1,29 | mscpa3.txt |3,2e+02 |
| 7 | 2000 | 5000 |   55 |       0.45 |1585557426156 |     232 |   235.0 | 1,29 | mscpa3.txt |3,4e+02 |
| 7 | 2100 | 5000 |   60 |       0.45 |1585557426156 |     232 |   235.0 | 1,29 | mscpa3.txt |3,6e+02 |
| 7 | 2200 | 5000 |   60 |       0.45 |1585557426156 |     232 |   235.0 | 1,29 | mscpa3.txt |3,9e+02 |
| 7 | 2300 | 5000 |   60 |       0.45 |1585557426156 |     232 |   235.0 | 1,29 | mscpa3.txt |4,1e+02 |
| 7 | 2400 | 5000 |   60 |       0.45 |1585557426156 |     232 |   235.0 | 1,29 | mscpa3.txt |4,4e+02 |
| 7 | 2500 | 5000 |   65 |       0.45 |1585557426156 |     232 |   235.0 | 1,29 | mscpa3.txt |4,6e+02 |
| 7 | 2600 | 5000 |   65 |       0.45 |1585557426156 |     232 |   235.0 | 1,29 | mscpa3.txt |4,9e+02 |
| 7 | 2700 | 5000 |   65 |       0.45 |1585557426156 |     232 |   235.0 | 1,29 | mscpa3.txt |5,1e+02 |
| 7 | 2800 | 5000 |   65 |       0.45 |1585557426156 |     232 |   235.0 | 1,29 | mscpa3.txt |5,4e+02 |
| 7 | 2900 | 5000 |   70 |       0.45 |1585557426156 |     232 |   235.0 | 1,29 | mscpa3.txt |5,7e+02 |
| 7 | 3000 | 5000 |   70 |       0.45 |1585557426156 |     232 |   235.0 | 1,29 | mscpa3.txt |6,0e+02 |
| 7 | 3100 | 5000 |   70 |       0.45 |1585557426156 |     232 |   235.0 | 1,29 | mscpa3.txt |6,2e+02 |
| 7 | 3200 | 5000 |   70 |       0.45 |1585557426156 |     232 |   235.0 | 1,29 | mscpa3.txt |6,5e+02 |
| 7 | 3300 | 5000 |   75 | 0.42666668 |1585557426156 |     232 |   235.0 | 1,29 | mscpa3.txt |6,8e+02 |
| 7 | 3400 | 5000 |   75 | 0.42666668 |1585557426156 |     232 |   235.0 | 1,29 | mscpa3.txt |7,1e+02 |
| 7 | 3500 | 5000 |   75 | 0.42666668 |1585557426156 |     232 |   235.0 | 1,29 | mscpa3.txt |7,4e+02 |
| 7 | 3600 | 5000 |   75 | 0.42666668 |1585557426156 |     232 |   235.0 | 1,29 | mscpa3.txt |7,7e+02 |
| 7 | 3700 | 5000 |   80 |     0.4375 |1585557426156 |     232 |   235.0 | 1,29 | mscpa3.txt |8,0e+02 |
| 7 | 3800 | 5000 |   80 |        0.4 |1585557426156 |     232 |   235.0 | 1,29 | mscpa3.txt |8,4e+02 |
| 7 | 3900 | 5000 |   80 |     0.4375 |1585557426156 |     232 |   235.0 | 1,29 | mscpa3.txt |8,7e+02 |
| 7 | 4000 | 5000 |   80 |        0.4 |1585557426156 |     232 |   235.0 | 1,29 | mscpa3.txt |9,0e+02 |
| 7 | 4100 | 5000 |   85 |  0.4117647 |1585557426156 |     232 |   235.0 | 1,29 | mscpa3.txt |9,4e+02 |
| 7 | 4200 | 5000 |   85 |  0.4117647 |1585557426156 |     232 |   235.0 | 1,29 | mscpa3.txt |9,7e+02 |
| 7 | 4300 | 5000 |   85 |  0.4117647 |1585557426156 |     232 |   235.0 | 1,29 | mscpa3.txt |1,0e+03 |
| 7 | 4400 | 5000 |   85 |  0.4117647 |1585557426156 |     232 |   235.0 | 1,29 | mscpa3.txt |1,0e+03 |
| 7 | 4500 | 5000 |   90 |  0.3888889 |1585557426156 |     232 |   235.0 | 1,29 | mscpa3.txt |1,1e+03 |
| 7 | 4600 | 5000 |   90 |        0.4 |1585557426156 |     232 |   235.0 | 1,29 | mscpa3.txt |1,1e+03 |
| 7 | 4700 | 5000 |   90 |        0.4 |1585557426156 |     232 |   235.0 | 1,29 | mscpa3.txt |1,2e+03 |
| 7 | 4800 | 5000 |   90 |        0.4 |1585557426156 |     232 |   235.0 | 1,29 | mscpa3.txt |1,2e+03 |
| 7 | 4900 | 5000 |   95 | 0.37894738 |1585557426156 |     232 |   235.0 | 1,29 | mscpa3.txt |1,2e+03 |
| 7 | 5000 | 5000 |   95 | 0.38947368 |1585557426156 |     232 |   235.0 | 1,29 | mscpa3.txt |1,3e+03 |
| 7 |  300 | 5000 |   95 | 0.38947368 |1585557426156 |     232 |   235.0 | 1,29 | mscpa3.txt |1,3e+03 |
| 8 |    1 | 5000 |   35 |       0.25 |1585558691010 |     232 |   359.0 |54,74 | mscpa3.txt | 0,19 |
| 8 |  100 | 5000 |   35 |       0.45 |1585558691010 |     232 |   294.0 |26,72 | mscpa3.txt |   12 |
| 8 |  200 | 5000 |   35 | 0.31428573 |1585558691010 |     232 |   291.0 |25,43 | mscpa3.txt |   23 |
| 8 |  300 | 5000 |   40 |      0.425 |1585558691010 |     232 |   244.0 | 5,17 | mscpa3.txt |   37 |
| 8 |  400 | 5000 |   40 |       0.25 |1585558691010 |     232 |   239.0 | 3,02 | mscpa3.txt |   51 |
| 8 |  500 | 5000 |   40 |       0.45 |1585558691010 |     232 |   239.0 | 3,02 | mscpa3.txt |   65 |
| 8 |  600 | 5000 |   40 |        0.4 |1585558691010 |     232 |   239.0 | 3,02 | mscpa3.txt |   79 |
| 8 |  700 | 5000 |   45 |       0.45 |1585558691010 |     232 |   239.0 | 3,02 | mscpa3.txt |   95 |
| 8 |  800 | 5000 |   45 |       0.45 |1585558691010 |     232 |   239.0 | 3,02 | mscpa3.txt |1,1e+02 |
| 8 |  900 | 5000 |   45 | 0.33333334 |1585558691010 |     232 |   236.0 | 1,72 | mscpa3.txt |1,3e+02 |
| 8 | 1000 | 5000 |   45 | 0.33333334 |1585558691010 |     232 |   236.0 | 1,72 | mscpa3.txt |1,4e+02 |
| 8 | 1100 | 5000 |   50 |        0.3 |1585558691010 |     232 |   236.0 | 1,72 | mscpa3.txt |1,6e+02 |
| 8 | 1200 | 5000 |   50 |       0.28 |1585558691010 |     232 |   236.0 | 1,72 | mscpa3.txt |1,8e+02 |
| 8 | 1300 | 5000 |   50 |       0.28 |1585558691010 |     232 |   236.0 | 1,72 | mscpa3.txt |1,9e+02 |
| 8 | 1400 | 5000 |   50 |       0.28 |1585558691010 |     232 |   236.0 | 1,72 | mscpa3.txt |2,1e+02 |
| 8 | 1500 | 5000 |   55 | 0.25454545 |1585558691010 |     232 |   236.0 | 1,72 | mscpa3.txt |2,3e+02 |
| 8 | 1600 | 5000 |   55 | 0.25454545 |1585558691010 |     232 |   236.0 | 1,72 | mscpa3.txt |2,5e+02 |
| 8 | 1700 | 5000 |   55 | 0.25454545 |1585558691010 |     232 |   236.0 | 1,72 | mscpa3.txt |2,7e+02 |
| 8 | 1800 | 5000 |   55 | 0.25454545 |1585558691010 |     232 |   236.0 | 1,72 | mscpa3.txt |2,9e+02 |
| 8 | 1900 | 5000 |   60 | 0.28333333 |1585558691010 |     232 |   236.0 | 1,72 | mscpa3.txt |3,1e+02 |
| 8 | 2000 | 5000 |   60 | 0.28333333 |1585558691010 |     232 |   236.0 | 1,72 | mscpa3.txt |3,3e+02 |
| 8 | 2100 | 5000 |   60 | 0.28333333 |1585558691010 |     232 |   235.0 | 1,29 | mscpa3.txt |3,6e+02 |
| 8 | 2200 | 5000 |   60 | 0.28333333 |1585558691010 |     232 |   235.0 | 1,29 | mscpa3.txt |3,8e+02 |
| 8 | 2300 | 5000 |   65 | 0.30769232 |1585558691010 |     232 |   235.0 | 1,29 | mscpa3.txt |4,0e+02 |
| 8 | 2400 | 5000 |   65 | 0.30769232 |1585558691010 |     232 |   235.0 | 1,29 | mscpa3.txt |4,2e+02 |
| 8 | 2500 | 5000 |   65 | 0.30769232 |1585558691010 |     232 |   234.0 | 0,86 | mscpa3.txt |4,5e+02 |
| 8 | 2600 | 5000 |   65 | 0.30769232 |1585558691010 |     232 |   234.0 | 0,86 | mscpa3.txt |4,7e+02 |
| 8 | 2700 | 5000 |   70 | 0.31428573 |1585558691010 |     232 |   234.0 | 0,86 | mscpa3.txt |5,0e+02 |
| 8 | 2800 | 5000 |   70 |        0.3 |1585558691010 |     232 |   234.0 | 0,86 | mscpa3.txt |5,2e+02 |
| 8 | 2900 | 5000 |   70 |        0.3 |1585558691010 |     232 |   234.0 | 0,86 | mscpa3.txt |5,5e+02 |
| 8 | 3000 | 5000 |   70 |        0.3 |1585558691010 |     232 |   234.0 | 0,86 | mscpa3.txt |5,7e+02 |
| 8 | 3100 | 5000 |   75 | 0.33333334 |1585558691010 |     232 |   234.0 | 0,86 | mscpa3.txt |6,0e+02 |
| 8 | 3200 | 5000 |   75 | 0.37333333 |1585558691010 |     232 |   234.0 | 0,86 | mscpa3.txt |6,3e+02 |
| 8 | 3300 | 5000 |   75 |       0.32 |1585558691010 |     232 |   234.0 | 0,86 | mscpa3.txt |6,6e+02 |
| 8 | 3400 | 5000 |   75 |       0.36 |1585558691010 |     232 |   234.0 | 0,86 | mscpa3.txt |6,8e+02 |
| 8 | 3500 | 5000 |   80 |     0.3875 |1585558691010 |     232 |   234.0 | 0,86 | mscpa3.txt |7,1e+02 |
| 8 | 3600 | 5000 |   80 |     0.3875 |1585558691010 |     232 |   234.0 | 0,86 | mscpa3.txt |7,4e+02 |
| 8 | 3700 | 5000 |   80 |     0.3875 |1585558691010 |     232 |   234.0 | 0,86 | mscpa3.txt |7,7e+02 |
| 8 | 3800 | 5000 |   80 |       0.45 |1585558691010 |     232 |   234.0 | 0,86 | mscpa3.txt |8,0e+02 |
| 8 | 3900 | 5000 |   85 |       0.45 |1585558691010 |     232 |   234.0 | 0,86 | mscpa3.txt |8,3e+02 |
| 8 | 4000 | 5000 |   85 |       0.45 |1585558691010 |     232 |   234.0 | 0,86 | mscpa3.txt |8,6e+02 |
| 8 | 4100 | 5000 |   85 |       0.45 |1585558691010 |     232 |   234.0 | 0,86 | mscpa3.txt |8,9e+02 |
| 8 | 4200 | 5000 |   85 |       0.45 |1585558691010 |     232 |   234.0 | 0,86 | mscpa3.txt |9,2e+02 |
| 8 | 4300 | 5000 |   90 | 0.43333334 |1585558691010 |     232 |   234.0 | 0,86 | mscpa3.txt |9,5e+02 |
| 8 | 4400 | 5000 |   90 | 0.43333334 |1585558691010 |     232 |   234.0 | 0,86 | mscpa3.txt |9,8e+02 |
| 8 | 4500 | 5000 |   90 | 0.43333334 |1585558691010 |     232 |   234.0 | 0,86 | mscpa3.txt |1,0e+03 |
| 8 | 4600 | 5000 |   90 | 0.43333334 |1585558691010 |     232 |   234.0 | 0,86 | mscpa3.txt |1,0e+03 |
| 8 | 4700 | 5000 |   95 |  0.4105263 |1585558691010 |     232 |   234.0 | 0,86 | mscpa3.txt |1,1e+03 |
| 8 | 4800 | 5000 |   95 |  0.4105263 |1585558691010 |     232 |   234.0 | 0,86 | mscpa3.txt |1,1e+03 |
| 8 | 4900 | 5000 |   95 |  0.4105263 |1585558691010 |     232 |   234.0 | 0,86 | mscpa3.txt |1,1e+03 |
| 8 | 5000 | 5000 |   95 |  0.4105263 |1585558691010 |     232 |   234.0 | 0,86 | mscpa3.txt |1,2e+03 |
| 8 |  300 | 5000 |  100 |  0.4105263 |1585558691010 |     232 |   234.0 | 0,86 | mscpa3.txt |1,2e+03 |
| 9 |    1 | 5000 |   35 |       0.25 |1585559872220 |     232 |   353.0 |52,16 | mscpa3.txt | 0,14 |
| 9 |  100 | 5000 |   35 |       0.45 |1585559872220 |     232 |   289.0 |24,57 | mscpa3.txt |   12 |
| 9 |  200 | 5000 |   35 |       0.45 |1585559872220 |     232 |   289.0 |24,57 | mscpa3.txt |   24 |
| 9 |  300 | 5000 |   35 |       0.45 |1585559872220 |     232 |   272.0 |17,24 | mscpa3.txt |   36 |
| 9 |  400 | 5000 |   35 |       0.45 |1585559872220 |     232 |   260.0 |12,07 | mscpa3.txt |   48 |
| 9 |  500 | 5000 |   40 |        0.4 |1585559872220 |     232 |   247.0 | 6,47 | mscpa3.txt |   62 |
| 9 |  600 | 5000 |   40 |      0.375 |1585559872220 |     232 |   241.0 | 3,88 | mscpa3.txt |   76 |
| 9 |  700 | 5000 |   40 |       0.45 |1585559872220 |     232 |   236.0 | 1,72 | mscpa3.txt |   90 |
| 9 |  800 | 5000 |   40 |        0.4 |1585559872220 |     232 |   235.0 | 1,29 | mscpa3.txt |1,0e+02 |
| 9 |  900 | 5000 |   45 |       0.45 |1585559872220 |     232 |   235.0 | 1,29 | mscpa3.txt |1,2e+02 |
| 9 | 1000 | 5000 |   45 |       0.45 |1585559872220 |     232 |   234.0 | 0,86 | mscpa3.txt |1,4e+02 |
| 9 | 1100 | 5000 |   45 |       0.45 |1585559872220 |     232 |   234.0 | 0,86 | mscpa3.txt |1,5e+02 |
| 9 | 1200 | 5000 |   45 | 0.37777779 |1585559872220 |     232 |   233.0 | 0,43 | mscpa3.txt |1,7e+02 |
| 9 | 1300 | 5000 |   50 |       0.45 |1585559872220 |     232 |   233.0 | 0,43 | mscpa3.txt |1,9e+02 |
| 9 | 1400 | 5000 |   50 |       0.45 |1585559872220 |     232 |   233.0 | 0,43 | mscpa3.txt |2,1e+02 |
| 9 | 1500 | 5000 |   50 |       0.45 |1585559872220 |     232 |   233.0 | 0,43 | mscpa3.txt |2,3e+02 |
| 9 | 1600 | 5000 |   50 |       0.45 |1585559872220 |     232 |   233.0 | 0,43 | mscpa3.txt |2,5e+02 |
| 9 | 1700 | 5000 |   55 |       0.45 |1585559872220 |     232 |   233.0 | 0,43 | mscpa3.txt |2,7e+02 |
| 9 | 1800 | 5000 |   55 |       0.45 |1585559872220 |     232 |   233.0 | 0,43 | mscpa3.txt |2,9e+02 |
| 9 | 1900 | 5000 |   55 |       0.45 |1585559872220 |     232 |   233.0 | 0,43 | mscpa3.txt |3,1e+02 |
| 9 | 2000 | 5000 |   55 |       0.45 |1585559872220 |     232 |   233.0 | 0,43 | mscpa3.txt |3,3e+02 |
| 9 | 2100 | 5000 |   60 |       0.45 |1585559872220 |     232 |   233.0 | 0,43 | mscpa3.txt |3,5e+02 |
| 9 | 2200 | 5000 |   60 |       0.45 |1585559872220 |     232 |   233.0 | 0,43 | mscpa3.txt |3,8e+02 |
| 9 | 2300 | 5000 |   60 |       0.25 |1585559872220 |     232 |   233.0 | 0,43 | mscpa3.txt |4,0e+02 |
| 9 | 2400 | 5000 |   60 | 0.26666668 |1585559872220 |     232 |   233.0 | 0,43 | mscpa3.txt |4,2e+02 |
| 9 | 2500 | 5000 |   65 |  0.2923077 |1585559872220 |     232 |   233.0 | 0,43 | mscpa3.txt |4,4e+02 |
| 9 | 2600 | 5000 |   65 |  0.2923077 |1585559872220 |     232 |   233.0 | 0,43 | mscpa3.txt |4,7e+02 |
| 9 | 2700 | 5000 |   65 |  0.2923077 |1585559872220 |     232 |   233.0 | 0,43 | mscpa3.txt |4,9e+02 |
| 9 | 2800 | 5000 |   65 |  0.2769231 |1585559872220 |     232 |   233.0 | 0,43 | mscpa3.txt |5,1e+02 |
| 9 | 2900 | 5000 |   70 |  0.2857143 |1585559872220 |     232 |   233.0 | 0,43 | mscpa3.txt |5,4e+02 |
| 9 | 3000 | 5000 |   70 | 0.31428573 |1585559872220 |     232 |   233.0 | 0,43 | mscpa3.txt |5,7e+02 |
| 9 | 3100 | 5000 |   70 | 0.31428573 |1585559872220 |     232 |   233.0 | 0,43 | mscpa3.txt |5,9e+02 |
| 9 | 3200 | 5000 |   70 |  0.2857143 |1585559872220 |     232 |   233.0 | 0,43 | mscpa3.txt |6,2e+02 |
| 9 | 3300 | 5000 |   75 | 0.30666667 |1585559872220 |     232 |   233.0 | 0,43 | mscpa3.txt |6,5e+02 |
| 9 | 3400 | 5000 |   75 |       0.45 |1585559872220 |     232 |   233.0 | 0,43 | mscpa3.txt |6,7e+02 |
| 9 | 3500 | 5000 |   75 |       0.45 |1585559872220 |     232 |   233.0 | 0,43 | mscpa3.txt |7,0e+02 |
| 9 | 3600 | 5000 |   75 |       0.45 |1585559872220 |     232 |   233.0 | 0,43 | mscpa3.txt |7,2e+02 |
| 9 | 3700 | 5000 |   80 |       0.45 |1585559872220 |     232 |   233.0 | 0,43 | mscpa3.txt |7,5e+02 |
| 9 | 3800 | 5000 |   80 |       0.45 |1585559872220 |     232 |   233.0 | 0,43 | mscpa3.txt |7,8e+02 |
| 9 | 3900 | 5000 |   80 |       0.45 |1585559872220 |     232 |   233.0 | 0,43 | mscpa3.txt |8,1e+02 |
| 9 | 4000 | 5000 |   80 |       0.45 |1585559872220 |     232 |   233.0 | 0,43 | mscpa3.txt |8,4e+02 |
| 9 | 4100 | 5000 |   85 |       0.45 |1585559872220 |     232 |   233.0 | 0,43 | mscpa3.txt |8,7e+02 |
| 9 | 4200 | 5000 |   85 |       0.45 |1585559872220 |     232 |   233.0 | 0,43 | mscpa3.txt |9,0e+02 |
| 9 | 4300 | 5000 |   85 |       0.45 |1585559872220 |     232 |   233.0 | 0,43 | mscpa3.txt |9,3e+02 |
| 9 | 4400 | 5000 |   85 |       0.45 |1585559872220 |     232 |   233.0 | 0,43 | mscpa3.txt |9,6e+02 |
| 9 | 4500 | 5000 |   90 |       0.45 |1585559872220 |     232 |   233.0 | 0,43 | mscpa3.txt |9,9e+02 |
| 9 | 4600 | 5000 |   90 |       0.45 |1585559872220 |     232 |   233.0 | 0,43 | mscpa3.txt |1,0e+03 |
| 9 | 4700 | 5000 |   90 |       0.45 |1585559872220 |     232 |   233.0 | 0,43 | mscpa3.txt |1,1e+03 |
| 9 | 4800 | 5000 |   90 |       0.45 |1585559872220 |     232 |   233.0 | 0,43 | mscpa3.txt |1,1e+03 |
| 9 | 4900 | 5000 |   95 | 0.44210526 |1585559872220 |     232 |   233.0 | 0,43 | mscpa3.txt |1,1e+03 |
| 9 | 5000 | 5000 |   95 | 0.44210526 |1585559872220 |     232 |   233.0 | 0,43 | mscpa3.txt |1,2e+03 |
| 9 |  300 | 5000 |   95 | 0.44210526 |1585559872220 |     232 |   233.0 | 0,43 | mscpa3.txt |1,2e+03 |
|10 |    1 | 5000 |   35 |       0.25 |1585561027322 |     232 |   361.0 |55,60 | mscpa3.txt | 0,24 |
|10 |  100 | 5000 |   35 | 0.34285715 |1585561027322 |     232 |   292.0 |25,86 | mscpa3.txt |   12 |
|10 |  200 | 5000 |   35 | 0.34285715 |1585561027322 |     232 |   275.0 |18,53 | mscpa3.txt |   23 |
|10 |  300 | 5000 |   40 |       0.45 |1585561027322 |     232 |   243.0 | 4,74 | mscpa3.txt |   37 |
|10 |  400 | 5000 |   40 |      0.375 |1585561027322 |     232 |   240.0 | 3,45 | mscpa3.txt |   51 |
|10 |  500 | 5000 |   40 |       0.35 |1585561027322 |     232 |   239.0 | 3,02 | mscpa3.txt |   66 |
|10 |  600 | 5000 |   40 |      0.325 |1585561027322 |     232 |   236.0 | 1,72 | mscpa3.txt |   81 |
|10 |  700 | 5000 |   45 |       0.45 |1585561027322 |     232 |   236.0 | 1,72 | mscpa3.txt |   97 |
|10 |  800 | 5000 |   45 |       0.45 |1585561027322 |     232 |   236.0 | 1,72 | mscpa3.txt |1,1e+02 |
|10 |  900 | 5000 |   45 |       0.45 |1585561027322 |     232 |   235.0 | 1,29 | mscpa3.txt |1,3e+02 |
|10 | 1000 | 5000 |   45 |        0.4 |1585561027322 |     232 |   235.0 | 1,29 | mscpa3.txt |1,5e+02 |
|10 | 1100 | 5000 |   50 |       0.45 |1585561027322 |     232 |   235.0 | 1,29 | mscpa3.txt |1,7e+02 |
|10 | 1200 | 5000 |   50 |       0.45 |1585561027322 |     232 |   235.0 | 1,29 | mscpa3.txt |1,9e+02 |
|10 | 1300 | 5000 |   50 |       0.42 |1585561027322 |     232 |   234.0 | 0,86 | mscpa3.txt |2,0e+02 |
|10 | 1400 | 5000 |   50 |        0.4 |1585561027322 |     232 |   234.0 | 0,86 | mscpa3.txt |2,2e+02 |
|10 | 1500 | 5000 |   55 |       0.45 |1585561027322 |     232 |   234.0 | 0,86 | mscpa3.txt |2,4e+02 |
|10 | 1600 | 5000 |   55 |       0.45 |1585561027322 |     232 |   234.0 | 0,86 | mscpa3.txt |2,6e+02 |
|10 | 1700 | 5000 |   55 |       0.45 |1585561027322 |     232 |   234.0 | 0,86 | mscpa3.txt |2,9e+02 |
|10 | 1800 | 5000 |   55 |       0.45 |1585561027322 |     232 |   234.0 | 0,86 | mscpa3.txt |3,1e+02 |
|10 | 1900 | 5000 |   60 |       0.45 |1585561027322 |     232 |   233.0 | 0,43 | mscpa3.txt |3,3e+02 |
|10 | 2000 | 5000 |   60 |       0.45 |1585561027322 |     232 |   233.0 | 0,43 | mscpa3.txt |3,5e+02 |
|10 | 2100 | 5000 |   60 |       0.45 |1585561027322 |     232 |   233.0 | 0,43 | mscpa3.txt |3,7e+02 |
|10 | 2200 | 5000 |   60 |       0.45 |1585561027322 |     232 |   233.0 | 0,43 | mscpa3.txt |4,0e+02 |
|10 | 2300 | 5000 |   65 |       0.45 |1585561027322 |     232 |   233.0 | 0,43 | mscpa3.txt |4,2e+02 |
|10 | 2400 | 5000 |   65 |       0.45 |1585561027322 |     232 |   233.0 | 0,43 | mscpa3.txt |4,5e+02 |
|10 | 2500 | 5000 |   65 |       0.45 |1585561027322 |     232 |   233.0 | 0,43 | mscpa3.txt |4,7e+02 |
|10 | 2600 | 5000 |   65 |       0.45 |1585561027322 |     232 |   233.0 | 0,43 | mscpa3.txt |5,0e+02 |
|10 | 2700 | 5000 |   70 |       0.45 |1585561027322 |     232 |   233.0 | 0,43 | mscpa3.txt |5,2e+02 |
|10 | 2800 | 5000 |   70 |       0.45 |1585561027322 |     232 |   233.0 | 0,43 | mscpa3.txt |5,5e+02 |
|10 | 2900 | 5000 |   70 |       0.45 |1585561027322 |     232 |   233.0 | 0,43 | mscpa3.txt |5,8e+02 |
|10 | 3000 | 5000 |   70 |       0.45 |1585561027322 |     232 |   233.0 | 0,43 | mscpa3.txt |6,1e+02 |
|10 | 3100 | 5000 |   75 |       0.45 |1585561027322 |     232 |   233.0 | 0,43 | mscpa3.txt |6,4e+02 |
|10 | 3200 | 5000 |   75 |       0.45 |1585561027322 |     232 |   233.0 | 0,43 | mscpa3.txt |6,6e+02 |
|10 | 3300 | 5000 |   75 |       0.45 |1585561027322 |     232 |   233.0 | 0,43 | mscpa3.txt |6,9e+02 |
|10 | 3400 | 5000 |   75 |       0.45 |1585561027322 |     232 |   233.0 | 0,43 | mscpa3.txt |7,2e+02 |
|10 | 3500 | 5000 |   80 |     0.4375 |1585561027322 |     232 |   233.0 | 0,43 | mscpa3.txt |7,6e+02 |
|10 | 3600 | 5000 |   80 |     0.4375 |1585561027322 |     232 |   233.0 | 0,43 | mscpa3.txt |7,9e+02 |
|10 | 3700 | 5000 |   80 |       0.45 |1585561027322 |     232 |   233.0 | 0,43 | mscpa3.txt |8,2e+02 |
|10 | 3800 | 5000 |   80 |     0.2875 |1585561027322 |     232 |   233.0 | 0,43 | mscpa3.txt |8,5e+02 |
|10 | 3900 | 5000 |   85 | 0.27058825 |1585561027322 |     232 |   233.0 | 0,43 | mscpa3.txt |8,8e+02 |
|10 | 4000 | 5000 |   85 | 0.27058825 |1585561027322 |     232 |   233.0 | 0,43 | mscpa3.txt |9,1e+02 |
|10 | 4100 | 5000 |   85 | 0.27058825 |1585561027322 |     232 |   233.0 | 0,43 | mscpa3.txt |9,4e+02 |
|10 | 4200 | 5000 |   85 |       0.45 |1585561027322 |     232 |   233.0 | 0,43 | mscpa3.txt |9,7e+02 |
|10 | 4300 | 5000 |   90 |       0.45 |1585561027322 |     232 |   233.0 | 0,43 | mscpa3.txt |1,0e+03 |
|10 | 4400 | 5000 |   90 |       0.45 |1585561027322 |     232 |   233.0 | 0,43 | mscpa3.txt |1,0e+03 |
|10 | 4500 | 5000 |   90 | 0.22222222 |1585561027322 |     232 |   233.0 | 0,43 | mscpa3.txt |1,1e+03 |
|10 | 4600 | 5000 |   90 | 0.22222222 |1585561027322 |     232 |   233.0 | 0,43 | mscpa3.txt |1,1e+03 |
|10 | 4700 | 5000 |   95 |       0.45 |1585561027322 |     232 |   233.0 | 0,43 | mscpa3.txt |1,1e+03 |
|10 | 4800 | 5000 |   95 |       0.45 |1585561027322 |     232 |   233.0 | 0,43 | mscpa3.txt |1,2e+03 |
|10 | 4900 | 5000 |   95 |       0.45 |1585561027322 |     232 |   233.0 | 0,43 | mscpa3.txt |1,2e+03 |
|10 | 5000 | 5000 |   95 |       0.45 |1585561027322 |     232 |   233.0 | 0,43 | mscpa3.txt |1,2e+03 |
|10 |  300 | 5000 |  100 |       0.45 |1585561027322 |     232 |   233.0 | 0,43 | mscpa3.txt |1,2e+03 |
|11 |    1 | 5000 |   35 |       0.25 |1585562240687 |     232 |   322.0 |38,79 | mscpa3.txt | 0,17 |
|11 |  100 | 5000 |   35 | 0.31428573 |1585562240687 |     232 |   297.0 |28,02 | mscpa3.txt |   12 |
|11 |  200 | 5000 |   35 |        0.4 |1585562240687 |     232 |   286.0 |23,28 | mscpa3.txt |   24 |
|11 |  300 | 5000 |   35 | 0.34285715 |1585562240687 |     232 |   281.0 |21,12 | mscpa3.txt |   36 |
|11 |  400 | 5000 |   35 | 0.34285715 |1585562240687 |     232 |   266.0 |14,66 | mscpa3.txt |   47 |
|11 |  500 | 5000 |   40 |       0.45 |1585562240687 |     232 |   255.0 | 9,91 | mscpa3.txt |   61 |
|11 |  600 | 5000 |   40 |        0.4 |1585562240687 |     232 |   243.0 | 4,74 | mscpa3.txt |   74 |
|11 |  700 | 5000 |   40 |        0.4 |1585562240687 |     232 |   240.0 | 3,45 | mscpa3.txt |   88 |
|11 |  800 | 5000 |   40 |       0.45 |1585562240687 |     232 |   238.0 | 2,59 | mscpa3.txt |1,0e+02 |
|11 |  900 | 5000 |   40 |        0.4 |1585562240687 |     232 |   237.0 | 2,16 | mscpa3.txt |1,2e+02 |
|11 | 1000 | 5000 |   45 |       0.45 |1585562240687 |     232 |   237.0 | 2,16 | mscpa3.txt |1,3e+02 |
|11 | 1100 | 5000 |   45 |       0.45 |1585562240687 |     232 |   237.0 | 2,16 | mscpa3.txt |1,5e+02 |
|11 | 1200 | 5000 |   45 | 0.31111112 |1585562240687 |     232 |   237.0 | 2,16 | mscpa3.txt |1,6e+02 |
|11 | 1300 | 5000 |   45 |  0.2888889 |1585562240687 |     232 |   237.0 | 2,16 | mscpa3.txt |1,8e+02 |
|11 | 1400 | 5000 |   50 |        0.3 |1585562240687 |     232 |   237.0 | 2,16 | mscpa3.txt |2,0e+02 |
|11 | 1500 | 5000 |   50 |       0.34 |1585562240687 |     232 |   237.0 | 2,16 | mscpa3.txt |2,1e+02 |
|11 | 1600 | 5000 |   50 |       0.34 |1585562240687 |     232 |   234.0 | 0,86 | mscpa3.txt |2,3e+02 |
|11 | 1700 | 5000 |   50 |        0.3 |1585562240687 |     232 |   234.0 | 0,86 | mscpa3.txt |2,5e+02 |
|11 | 1800 | 5000 |   55 | 0.34545454 |1585562240687 |     232 |   234.0 | 0,86 | mscpa3.txt |2,7e+02 |
|11 | 1900 | 5000 |   55 |  0.3272727 |1585562240687 |     232 |   234.0 | 0,86 | mscpa3.txt |2,9e+02 |
|11 | 2000 | 5000 |   55 | 0.34545454 |1585562240687 |     232 |   234.0 | 0,86 | mscpa3.txt |3,1e+02 |
|11 | 2100 | 5000 |   55 |  0.3272727 |1585562240687 |     232 |   234.0 | 0,86 | mscpa3.txt |3,3e+02 |
|11 | 2200 | 5000 |   60 | 0.41666666 |1585562240687 |     232 |   234.0 | 0,86 | mscpa3.txt |3,5e+02 |
|11 | 2300 | 5000 |   60 |       0.45 |1585562240687 |     232 |   234.0 | 0,86 | mscpa3.txt |3,7e+02 |
|11 | 2400 | 5000 |   60 |       0.45 |1585562240687 |     232 |   234.0 | 0,86 | mscpa3.txt |3,9e+02 |
|11 | 2500 | 5000 |   60 |       0.45 |1585562240687 |     232 |   234.0 | 0,86 | mscpa3.txt |4,1e+02 |
|11 | 2600 | 5000 |   65 |       0.45 |1585562240687 |     232 |   234.0 | 0,86 | mscpa3.txt |4,3e+02 |
|11 | 2700 | 5000 |   65 |       0.45 |1585562240687 |     232 |   234.0 | 0,86 | mscpa3.txt |4,5e+02 |
|11 | 2800 | 5000 |   65 |       0.45 |1585562240687 |     232 |   234.0 | 0,86 | mscpa3.txt |4,8e+02 |
|11 | 2900 | 5000 |   65 |       0.45 |1585562240687 |     232 |   234.0 | 0,86 | mscpa3.txt |5,0e+02 |
|11 | 3000 | 5000 |   70 | 0.44285715 |1585562240687 |     232 |   233.0 | 0,43 | mscpa3.txt |5,2e+02 |
|11 | 3100 | 5000 |   70 | 0.44285715 |1585562240687 |     232 |   233.0 | 0,43 | mscpa3.txt |5,5e+02 |
|11 | 3200 | 5000 |   70 | 0.44285715 |1585562240687 |     232 |   233.0 | 0,43 | mscpa3.txt |5,7e+02 |
|11 | 3300 | 5000 |   70 | 0.44285715 |1585562240687 |     232 |   233.0 | 0,43 | mscpa3.txt |6,0e+02 |
|11 | 3400 | 5000 |   75 | 0.42666668 |1585562240687 |     232 |   233.0 | 0,43 | mscpa3.txt |6,2e+02 |
|11 | 3500 | 5000 |   75 | 0.42666668 |1585562240687 |     232 |   233.0 | 0,43 | mscpa3.txt |6,5e+02 |
|11 | 3600 | 5000 |   75 | 0.42666668 |1585562240687 |     232 |   233.0 | 0,43 | mscpa3.txt |6,8e+02 |
|11 | 3700 | 5000 |   75 | 0.42666668 |1585562240687 |     232 |   233.0 | 0,43 | mscpa3.txt |7,0e+02 |
|11 | 3800 | 5000 |   80 |     0.4125 |1585562240687 |     232 |   233.0 | 0,43 | mscpa3.txt |7,3e+02 |
|11 | 3900 | 5000 |   80 |     0.4125 |1585562240687 |     232 |   233.0 | 0,43 | mscpa3.txt |7,6e+02 |
|11 | 4000 | 5000 |   80 |     0.4125 |1585562240687 |     232 |   233.0 | 0,43 | mscpa3.txt |7,9e+02 |
|11 | 4100 | 5000 |   80 |     0.4125 |1585562240687 |     232 |   233.0 | 0,43 | mscpa3.txt |8,2e+02 |
|11 | 4200 | 5000 |   85 |  0.4117647 |1585562240687 |     232 |   233.0 | 0,43 | mscpa3.txt |8,5e+02 |
|11 | 4300 | 5000 |   85 |        0.4 |1585562240687 |     232 |   233.0 | 0,43 | mscpa3.txt |8,8e+02 |
|11 | 4400 | 5000 |   85 |  0.4117647 |1585562240687 |     232 |   233.0 | 0,43 | mscpa3.txt |9,1e+02 |
|11 | 4500 | 5000 |   85 |  0.4117647 |1585562240687 |     232 |   233.0 | 0,43 | mscpa3.txt |9,4e+02 |
|11 | 4600 | 5000 |   90 |        0.4 |1585562240687 |     232 |   233.0 | 0,43 | mscpa3.txt |9,8e+02 |
|11 | 4700 | 5000 |   90 |       0.45 |1585562240687 |     232 |   233.0 | 0,43 | mscpa3.txt |1,0e+03 |
|11 | 4800 | 5000 |   90 |       0.45 |1585562240687 |     232 |   233.0 | 0,43 | mscpa3.txt |1,0e+03 |
|11 |  300 | 5000 |   90 |       0.45 |1585562240687 |     232 |   232.0 | 0,00 | mscpa3.txt |1,1e+03 |
|12 |    1 | 5000 |   35 |       0.25 |1585563297144 |     232 |   374.0 |61,21 | mscpa3.txt | 0,20 |
|12 |  100 | 5000 |   35 | 0.37142858 |1585563297144 |     232 |   284.0 |22,41 | mscpa3.txt |   12 |
|12 |  200 | 5000 |   40 |      0.375 |1585563297144 |     232 |   243.0 | 4,74 | mscpa3.txt |   26 |
|12 |  300 | 5000 |   40 |      0.375 |1585563297144 |     232 |   238.0 | 2,59 | mscpa3.txt |   41 |
|12 |  400 | 5000 |   40 |      0.375 |1585563297144 |     232 |   238.0 | 2,59 | mscpa3.txt |   56 |
|12 |  500 | 5000 |   40 |      0.425 |1585563297144 |     232 |   238.0 | 2,59 | mscpa3.txt |   71 |
|12 |  600 | 5000 |   45 |  0.2888889 |1585563297144 |     232 |   238.0 | 2,59 | mscpa3.txt |   87 |
|12 |  700 | 5000 |   45 |  0.2888889 |1585563297144 |     232 |   238.0 | 2,59 | mscpa3.txt |1,0e+02 |
|12 |  800 | 5000 |   45 |       0.45 |1585563297144 |     232 |   238.0 | 2,59 | mscpa3.txt |1,2e+02 |
|12 |  900 | 5000 |   45 |       0.45 |1585563297144 |     232 |   238.0 | 2,59 | mscpa3.txt |1,3e+02 |
|12 | 1000 | 5000 |   50 |       0.45 |1585563297144 |     232 |   238.0 | 2,59 | mscpa3.txt |1,5e+02 |
|12 | 1100 | 5000 |   50 |       0.45 |1585563297144 |     232 |   238.0 | 2,59 | mscpa3.txt |1,7e+02 |
|12 | 1200 | 5000 |   50 |       0.45 |1585563297144 |     232 |   238.0 | 2,59 | mscpa3.txt |1,8e+02 |
|12 | 1300 | 5000 |   50 |       0.45 |1585563297144 |     232 |   238.0 | 2,59 | mscpa3.txt |2,0e+02 |
|12 | 1400 | 5000 |   55 |       0.45 |1585563297144 |     232 |   238.0 | 2,59 | mscpa3.txt |2,2e+02 |
|12 | 1500 | 5000 |   55 |       0.45 |1585563297144 |     232 |   238.0 | 2,59 | mscpa3.txt |2,4e+02 |
|12 | 1600 | 5000 |   55 |       0.45 |1585563297144 |     232 |   236.0 | 1,72 | mscpa3.txt |2,6e+02 |
|12 | 1700 | 5000 |   55 |       0.45 |1585563297144 |     232 |   235.0 | 1,29 | mscpa3.txt |2,7e+02 |
|12 | 1800 | 5000 |   60 |       0.45 |1585563297144 |     232 |   235.0 | 1,29 | mscpa3.txt |2,9e+02 |
|12 | 1900 | 5000 |   60 |       0.45 |1585563297144 |     232 |   234.0 | 0,86 | mscpa3.txt |3,1e+02 |
|12 | 2000 | 5000 |   60 |       0.45 |1585563297144 |     232 |   234.0 | 0,86 | mscpa3.txt |3,3e+02 |
|12 | 2100 | 5000 |   60 |       0.45 |1585563297144 |     232 |   234.0 | 0,86 | mscpa3.txt |3,5e+02 |
|12 | 2200 | 5000 |   65 |       0.45 |1585563297144 |     232 |   234.0 | 0,86 | mscpa3.txt |3,8e+02 |
|12 | 2300 | 5000 |   65 |       0.45 |1585563297144 |     232 |   234.0 | 0,86 | mscpa3.txt |4,0e+02 |
|12 | 2400 | 5000 |   65 |       0.45 |1585563297144 |     232 |   234.0 | 0,86 | mscpa3.txt |4,2e+02 |
|12 | 2500 | 5000 |   65 |       0.45 |1585563297144 |     232 |   234.0 | 0,86 | mscpa3.txt |4,4e+02 |
|12 | 2600 | 5000 |   70 |       0.45 |1585563297144 |     232 |   234.0 | 0,86 | mscpa3.txt |4,7e+02 |
|12 | 2700 | 5000 |   70 |       0.45 |1585563297144 |     232 |   234.0 | 0,86 | mscpa3.txt |4,9e+02 |
|12 | 2800 | 5000 |   70 |       0.45 |1585563297144 |     232 |   234.0 | 0,86 | mscpa3.txt |5,1e+02 |
|12 | 2900 | 5000 |   70 |       0.45 |1585563297144 |     232 |   234.0 | 0,86 | mscpa3.txt |5,4e+02 |
|12 | 3000 | 5000 |   75 |       0.45 |1585563297144 |     232 |   234.0 | 0,86 | mscpa3.txt |5,6e+02 |
|12 | 3100 | 5000 |   75 |       0.45 |1585563297144 |     232 |   234.0 | 0,86 | mscpa3.txt |5,9e+02 |
|12 | 3200 | 5000 |   75 |       0.45 |1585563297144 |     232 |   234.0 | 0,86 | mscpa3.txt |6,1e+02 |
|12 | 3300 | 5000 |   75 |       0.45 |1585563297144 |     232 |   234.0 | 0,86 | mscpa3.txt |6,4e+02 |
|12 | 3400 | 5000 |   80 |       0.45 |1585563297144 |     232 |   234.0 | 0,86 | mscpa3.txt |6,6e+02 |
|12 | 3500 | 5000 |   80 |       0.45 |1585563297144 |     232 |   234.0 | 0,86 | mscpa3.txt |6,9e+02 |
|12 | 3600 | 5000 |   80 |       0.45 |1585563297144 |     232 |   234.0 | 0,86 | mscpa3.txt |7,1e+02 |
|12 | 3700 | 5000 |   80 |       0.45 |1585563297144 |     232 |   234.0 | 0,86 | mscpa3.txt |7,4e+02 |
|12 | 3800 | 5000 |   85 |       0.45 |1585563297144 |     232 |   234.0 | 0,86 | mscpa3.txt |7,7e+02 |
|12 | 3900 | 5000 |   85 |       0.45 |1585563297144 |     232 |   234.0 | 0,86 | mscpa3.txt |7,9e+02 |
|12 | 4000 | 5000 |   85 |       0.45 |1585563297144 |     232 |   234.0 | 0,86 | mscpa3.txt |8,2e+02 |
|12 | 4100 | 5000 |   85 |       0.45 |1585563297144 |     232 |   234.0 | 0,86 | mscpa3.txt |8,5e+02 |
|12 | 4200 | 5000 |   90 |       0.45 |1585563297144 |     232 |   234.0 | 0,86 | mscpa3.txt |8,8e+02 |
|12 | 4300 | 5000 |   90 |       0.45 |1585563297144 |     232 |   234.0 | 0,86 | mscpa3.txt |9,1e+02 |
|12 | 4400 | 5000 |   90 |       0.45 |1585563297144 |     232 |   234.0 | 0,86 | mscpa3.txt |9,4e+02 |
|12 | 4500 | 5000 |   90 |       0.45 |1585563297144 |     232 |   234.0 | 0,86 | mscpa3.txt |9,6e+02 |
|12 | 4600 | 5000 |   95 |       0.45 |1585563297144 |     232 |   234.0 | 0,86 | mscpa3.txt |9,9e+02 |
|12 | 4700 | 5000 |   95 |       0.45 |1585563297144 |     232 |   234.0 | 0,86 | mscpa3.txt |1,0e+03 |
|12 | 4800 | 5000 |   95 |       0.45 |1585563297144 |     232 |   234.0 | 0,86 | mscpa3.txt |1,1e+03 |
|12 | 4900 | 5000 |   95 |       0.45 |1585563297144 |     232 |   234.0 | 0,86 | mscpa3.txt |1,1e+03 |
|12 | 5000 | 5000 |  100 |       0.45 |1585563297144 |     232 |   234.0 | 0,86 | mscpa3.txt |1,1e+03 |
|12 |  300 | 5000 |  100 |       0.45 |1585563297144 |     232 |   234.0 | 0,86 | mscpa3.txt |1,1e+03 |
|13 |    1 | 5000 |   35 |       0.25 |1585564414778 |     232 |   355.0 |53,02 | mscpa3.txt | 0,17 |
|13 |  100 | 5000 |   35 | 0.42857143 |1585564414778 |     232 |   287.0 |23,71 | mscpa3.txt |   12 |
|13 |  200 | 5000 |   35 |       0.45 |1585564414778 |     232 |   274.0 |18,10 | mscpa3.txt |   23 |
|13 |  300 | 5000 |   35 |       0.45 |1585564414778 |     232 |   272.0 |17,24 | mscpa3.txt |   35 |
|13 |  400 | 5000 |   40 |       0.45 |1585564414778 |     232 |   251.0 | 8,19 | mscpa3.txt |   49 |
|13 |  500 | 5000 |   40 |       0.45 |1585564414778 |     232 |   245.0 | 5,60 | mscpa3.txt |   62 |
|13 |  600 | 5000 |   40 |       0.45 |1585564414778 |     232 |   243.0 | 4,74 | mscpa3.txt |   76 |
|13 |  700 | 5000 |   40 |       0.45 |1585564414778 |     232 |   243.0 | 4,74 | mscpa3.txt |   89 |
|13 |  800 | 5000 |   45 | 0.42222223 |1585564414778 |     232 |   243.0 | 4,74 | mscpa3.txt |1,1e+02 |
|13 |  900 | 5000 |   45 |       0.45 |1585564414778 |     232 |   243.0 | 4,74 | mscpa3.txt |1,2e+02 |
|13 | 1000 | 5000 |   45 |       0.45 |1585564414778 |     232 |   237.0 | 2,16 | mscpa3.txt |1,4e+02 |
|13 | 1100 | 5000 |   45 |       0.45 |1585564414778 |     232 |   237.0 | 2,16 | mscpa3.txt |1,5e+02 |
|13 | 1200 | 5000 |   50 |       0.45 |1585564414778 |     232 |   237.0 | 2,16 | mscpa3.txt |1,7e+02 |
|13 | 1300 | 5000 |   50 |       0.45 |1585564414778 |     232 |   237.0 | 2,16 | mscpa3.txt |1,9e+02 |
|13 | 1400 | 5000 |   50 |       0.45 |1585564414778 |     232 |   237.0 | 2,16 | mscpa3.txt |2,1e+02 |
|13 | 1500 | 5000 |   50 |       0.45 |1585564414778 |     232 |   237.0 | 2,16 | mscpa3.txt |2,2e+02 |
|13 | 1600 | 5000 |   55 |       0.45 |1585564414778 |     232 |   237.0 | 2,16 | mscpa3.txt |2,4e+02 |
|13 | 1700 | 5000 |   55 |       0.45 |1585564414778 |     232 |   237.0 | 2,16 | mscpa3.txt |2,6e+02 |
|13 | 1800 | 5000 |   55 |       0.45 |1585564414778 |     232 |   237.0 | 2,16 | mscpa3.txt |2,8e+02 |
|13 | 1900 | 5000 |   55 |       0.45 |1585564414778 |     232 |   237.0 | 2,16 | mscpa3.txt |3,0e+02 |
|13 | 2000 | 5000 |   60 |       0.45 |1585564414778 |     232 |   235.0 | 1,29 | mscpa3.txt |3,2e+02 |
|13 | 2100 | 5000 |   60 |       0.45 |1585564414778 |     232 |   235.0 | 1,29 | mscpa3.txt |3,4e+02 |
|13 | 2200 | 5000 |   60 |       0.45 |1585564414778 |     232 |   235.0 | 1,29 | mscpa3.txt |3,6e+02 |
|13 | 2300 | 5000 |   60 |       0.45 |1585564414778 |     232 |   235.0 | 1,29 | mscpa3.txt |3,8e+02 |
|13 | 2400 | 5000 |   65 |       0.45 |1585564414778 |     232 |   235.0 | 1,29 | mscpa3.txt |4,1e+02 |
|13 | 2500 | 5000 |   65 |       0.45 |1585564414778 |     232 |   235.0 | 1,29 | mscpa3.txt |4,3e+02 |
|13 | 2600 | 5000 |   65 |       0.45 |1585564414778 |     232 |   235.0 | 1,29 | mscpa3.txt |4,5e+02 |
|13 | 2700 | 5000 |   65 |       0.45 |1585564414778 |     232 |   235.0 | 1,29 | mscpa3.txt |4,8e+02 |
|13 | 2800 | 5000 |   70 |       0.45 |1585564414778 |     232 |   235.0 | 1,29 | mscpa3.txt |5,0e+02 |
|13 | 2900 | 5000 |   70 |       0.45 |1585564414778 |     232 |   235.0 | 1,29 | mscpa3.txt |5,3e+02 |
|13 | 3000 | 5000 |   70 |       0.45 |1585564414778 |     232 |   235.0 | 1,29 | mscpa3.txt |5,5e+02 |
|13 | 3100 | 5000 |   70 |       0.45 |1585564414778 |     232 |   235.0 | 1,29 | mscpa3.txt |5,8e+02 |
|13 | 3200 | 5000 |   75 |       0.45 |1585564414778 |     232 |   235.0 | 1,29 | mscpa3.txt |6,1e+02 |
|13 | 3300 | 5000 |   75 |       0.45 |1585564414778 |     232 |   235.0 | 1,29 | mscpa3.txt |6,4e+02 |
|13 | 3400 | 5000 |   75 |       0.45 |1585564414778 |     232 |   235.0 | 1,29 | mscpa3.txt |6,6e+02 |
|13 | 3500 | 5000 |   75 |       0.45 |1585564414778 |     232 |   235.0 | 1,29 | mscpa3.txt |6,9e+02 |
|13 | 3600 | 5000 |   80 |       0.45 |1585564414778 |     232 |   235.0 | 1,29 | mscpa3.txt |7,2e+02 |
|13 | 3700 | 5000 |   80 |       0.45 |1585564414778 |     232 |   235.0 | 1,29 | mscpa3.txt |7,5e+02 |
|13 | 3800 | 5000 |   80 |       0.45 |1585564414778 |     232 |   235.0 | 1,29 | mscpa3.txt |7,8e+02 |
|13 | 3900 | 5000 |   80 |       0.45 |1585564414778 |     232 |   235.0 | 1,29 | mscpa3.txt |8,1e+02 |
|13 | 4000 | 5000 |   85 |       0.45 |1585564414778 |     232 |   235.0 | 1,29 | mscpa3.txt |8,4e+02 |
|13 | 4100 | 5000 |   85 |       0.45 |1585564414778 |     232 |   235.0 | 1,29 | mscpa3.txt |8,8e+02 |
|13 | 4200 | 5000 |   85 |       0.45 |1585564414778 |     232 |   235.0 | 1,29 | mscpa3.txt |9,1e+02 |
|13 | 4300 | 5000 |   85 |       0.45 |1585564414778 |     232 |   235.0 | 1,29 | mscpa3.txt |9,4e+02 |
|13 | 4400 | 5000 |   90 |       0.45 |1585564414778 |     232 |   235.0 | 1,29 | mscpa3.txt |9,7e+02 |
|13 | 4500 | 5000 |   90 |       0.45 |1585564414778 |     232 |   235.0 | 1,29 | mscpa3.txt |1,0e+03 |
|13 | 4600 | 5000 |   90 |       0.45 |1585564414778 |     232 |   235.0 | 1,29 | mscpa3.txt |1,0e+03 |
|13 | 4700 | 5000 |   90 |       0.45 |1585564414778 |     232 |   235.0 | 1,29 | mscpa3.txt |1,1e+03 |
|13 | 4800 | 5000 |   95 |       0.45 |1585564414778 |     232 |   235.0 | 1,29 | mscpa3.txt |1,1e+03 |
|13 | 4900 | 5000 |   95 |       0.45 |1585564414778 |     232 |   235.0 | 1,29 | mscpa3.txt |1,1e+03 |
|13 | 5000 | 5000 |   95 |       0.45 |1585564414778 |     232 |   235.0 | 1,29 | mscpa3.txt |1,2e+03 |
|13 |  300 | 5000 |   95 |       0.45 |1585564414778 |     232 |   235.0 | 1,29 | mscpa3.txt |1,2e+03 |
|14 |    1 | 5000 |   35 |       0.25 |1585565599585 |     232 |   357.0 |53,88 | mscpa3.txt | 0,22 |
|14 |  100 | 5000 |   35 |        0.4 |1585565599585 |     232 |   301.0 |29,74 | mscpa3.txt |   12 |
|14 |  200 | 5000 |   40 |      0.425 |1585565599585 |     232 |   249.0 | 7,33 | mscpa3.txt |   26 |
|14 |  300 | 5000 |   40 |       0.25 |1585565599585 |     232 |   242.0 | 4,31 | mscpa3.txt |   40 |
|14 |  400 | 5000 |   40 |       0.45 |1585565599585 |     232 |   240.0 | 3,45 | mscpa3.txt |   55 |
|14 |  500 | 5000 |   40 |      0.425 |1585565599585 |     232 |   239.0 | 3,02 | mscpa3.txt |   69 |
|14 |  600 | 5000 |   45 |       0.45 |1585565599585 |     232 |   237.0 | 2,16 | mscpa3.txt |   86 |
|14 |  700 | 5000 |   45 |       0.45 |1585565599585 |     232 |   237.0 | 2,16 | mscpa3.txt |1,0e+02 |
|14 |  800 | 5000 |   45 | 0.42222223 |1585565599585 |     232 |   237.0 | 2,16 | mscpa3.txt |1,2e+02 |
|14 |  900 | 5000 |   45 | 0.37777779 |1585565599585 |     232 |   237.0 | 2,16 | mscpa3.txt |1,4e+02 |
|14 | 1000 | 5000 |   50 |       0.45 |1585565599585 |     232 |   237.0 | 2,16 | mscpa3.txt |1,6e+02 |
|14 | 1100 | 5000 |   50 |        0.3 |1585565599585 |     232 |   237.0 | 2,16 | mscpa3.txt |1,7e+02 |
|14 | 1200 | 5000 |   50 |        0.3 |1585565599585 |     232 |   237.0 | 2,16 | mscpa3.txt |1,9e+02 |
|14 | 1300 | 5000 |   50 |        0.3 |1585565599585 |     232 |   237.0 | 2,16 | mscpa3.txt |2,1e+02 |
|14 | 1400 | 5000 |   55 | 0.27272728 |1585565599585 |     232 |   237.0 | 2,16 | mscpa3.txt |2,3e+02 |
|14 | 1500 | 5000 |   55 | 0.27272728 |1585565599585 |     232 |   237.0 | 2,16 | mscpa3.txt |2,4e+02 |
|14 | 1600 | 5000 |   55 | 0.27272728 |1585565599585 |     232 |   236.0 | 1,72 | mscpa3.txt |2,6e+02 |
|14 | 1700 | 5000 |   55 | 0.27272728 |1585565599585 |     232 |   236.0 | 1,72 | mscpa3.txt |2,8e+02 |
|14 | 1800 | 5000 |   60 | 0.28333333 |1585565599585 |     232 |   236.0 | 1,72 | mscpa3.txt |3,1e+02 |
|14 | 1900 | 5000 |   60 | 0.28333333 |1585565599585 |     232 |   236.0 | 1,72 | mscpa3.txt |3,3e+02 |
|14 | 2000 | 5000 |   60 | 0.28333333 |1585565599585 |     232 |   233.0 | 0,43 | mscpa3.txt |3,5e+02 |
|14 | 2100 | 5000 |   60 | 0.28333333 |1585565599585 |     232 |   233.0 | 0,43 | mscpa3.txt |3,7e+02 |
|14 | 2200 | 5000 |   65 |  0.2769231 |1585565599585 |     232 |   233.0 | 0,43 | mscpa3.txt |3,9e+02 |
|14 | 2300 | 5000 |   65 |  0.2769231 |1585565599585 |     232 |   233.0 | 0,43 | mscpa3.txt |4,2e+02 |
|14 | 2400 | 5000 |   65 |  0.2769231 |1585565599585 |     232 |   233.0 | 0,43 | mscpa3.txt |4,4e+02 |
|14 | 2500 | 5000 |   65 |  0.2769231 |1585565599585 |     232 |   233.0 | 0,43 | mscpa3.txt |4,6e+02 |
|14 | 2600 | 5000 |   70 | 0.25714287 |1585565599585 |     232 |   233.0 | 0,43 | mscpa3.txt |4,9e+02 |
|14 | 2700 | 5000 |   70 | 0.25714287 |1585565599585 |     232 |   233.0 | 0,43 | mscpa3.txt |5,2e+02 |
|14 | 2800 | 5000 |   70 | 0.25714287 |1585565599585 |     232 |   233.0 | 0,43 | mscpa3.txt |5,4e+02 |
|14 | 2900 | 5000 |   70 | 0.24285714 |1585565599585 |     232 |   233.0 | 0,43 | mscpa3.txt |5,7e+02 |
|14 | 3000 | 5000 |   75 | 0.22666667 |1585565599585 |     232 |   233.0 | 0,43 | mscpa3.txt |6,0e+02 |
|14 | 3100 | 5000 |   75 | 0.22666667 |1585565599585 |     232 |   233.0 | 0,43 | mscpa3.txt |6,3e+02 |
|14 | 3200 | 5000 |   75 | 0.22666667 |1585565599585 |     232 |   233.0 | 0,43 | mscpa3.txt |6,5e+02 |
|14 | 3300 | 5000 |   75 | 0.22666667 |1585565599585 |     232 |   233.0 | 0,43 | mscpa3.txt |6,8e+02 |
|14 | 3400 | 5000 |   80 |      0.225 |1585565599585 |     232 |   233.0 | 0,43 | mscpa3.txt |7,1e+02 |
|14 | 3500 | 5000 |   80 |      0.225 |1585565599585 |     232 |   233.0 | 0,43 | mscpa3.txt |7,4e+02 |
|14 | 3600 | 5000 |   80 |      0.225 |1585565599585 |     232 |   233.0 | 0,43 | mscpa3.txt |7,7e+02 |
|14 | 3700 | 5000 |   80 |      0.225 |1585565599585 |     232 |   233.0 | 0,43 | mscpa3.txt |8,0e+02 |
|14 | 3800 | 5000 |   85 | 0.21176471 |1585565599585 |     232 |   233.0 | 0,43 | mscpa3.txt |8,4e+02 |
|14 | 3900 | 5000 |   85 | 0.21176471 |1585565599585 |     232 |   233.0 | 0,43 | mscpa3.txt |8,7e+02 |
|14 | 4000 | 5000 |   85 | 0.21176471 |1585565599585 |     232 |   233.0 | 0,43 | mscpa3.txt |9,0e+02 |
|14 | 4100 | 5000 |   85 | 0.21176471 |1585565599585 |     232 |   233.0 | 0,43 | mscpa3.txt |9,3e+02 |
|14 | 4200 | 5000 |   90 |       0.45 |1585565599585 |     232 |   233.0 | 0,43 | mscpa3.txt |9,7e+02 |
|14 | 4300 | 5000 |   90 |       0.45 |1585565599585 |     232 |   233.0 | 0,43 | mscpa3.txt |1,0e+03 |
|14 | 4400 | 5000 |   90 |       0.45 |1585565599585 |     232 |   233.0 | 0,43 | mscpa3.txt |1,0e+03 |
|14 | 4500 | 5000 |   90 |       0.45 |1585565599585 |     232 |   233.0 | 0,43 | mscpa3.txt |1,1e+03 |
|14 | 4600 | 5000 |   95 |       0.45 |1585565599585 |     232 |   233.0 | 0,43 | mscpa3.txt |1,1e+03 |
|14 | 4700 | 5000 |   95 |       0.45 |1585565599585 |     232 |   233.0 | 0,43 | mscpa3.txt |1,1e+03 |
|14 | 4800 | 5000 |   95 |       0.45 |1585565599585 |     232 |   233.0 | 0,43 | mscpa3.txt |1,1e+03 |
|14 | 4900 | 5000 |   95 |       0.45 |1585565599585 |     232 |   233.0 | 0,43 | mscpa3.txt |1,2e+03 |
|14 | 5000 | 5000 |  100 |       0.45 |1585565599585 |     232 |   233.0 | 0,43 | mscpa3.txt |1,2e+03 |
|14 |  300 | 5000 |  100 |       0.45 |1585565599585 |     232 |   233.0 | 0,43 | mscpa3.txt |1,2e+03 |
|15 |    1 | 5000 |   35 |       0.25 |1585566813532 |     232 |   329.0 |41,81 | mscpa3.txt | 0,18 |
|15 |  100 | 5000 |   35 | 0.42857143 |1585566813532 |     232 |   297.0 |28,02 | mscpa3.txt |   12 |
|15 |  200 | 5000 |   35 |       0.45 |1585566813532 |     232 |   288.0 |24,14 | mscpa3.txt |   25 |
|15 |  300 | 5000 |   35 | 0.34285715 |1585566813532 |     232 |   278.0 |19,83 | mscpa3.txt |   36 |
|15 |  400 | 5000 |   40 |       0.45 |1585566813532 |     232 |   245.0 | 5,60 | mscpa3.txt |   51 |
|15 |  500 | 5000 |   40 |       0.45 |1585566813532 |     232 |   241.0 | 3,88 | mscpa3.txt |   65 |
|15 |  600 | 5000 |   40 |      0.425 |1585566813532 |     232 |   239.0 | 3,02 | mscpa3.txt |   80 |
|15 |  700 | 5000 |   40 |       0.35 |1585566813532 |     232 |   239.0 | 3,02 | mscpa3.txt |   94 |
|15 |  800 | 5000 |   45 |       0.45 |1585566813532 |     232 |   238.0 | 2,59 | mscpa3.txt |1,1e+02 |
|15 |  900 | 5000 |   45 |       0.45 |1585566813532 |     232 |   238.0 | 2,59 | mscpa3.txt |1,3e+02 |
|15 | 1000 | 5000 |   45 |       0.45 |1585566813532 |     232 |   238.0 | 2,59 | mscpa3.txt |1,5e+02 |
|15 | 1100 | 5000 |   45 |       0.45 |1585566813532 |     232 |   238.0 | 2,59 | mscpa3.txt |1,6e+02 |
|15 | 1200 | 5000 |   50 |       0.45 |1585566813532 |     232 |   238.0 | 2,59 | mscpa3.txt |1,8e+02 |
|15 | 1300 | 5000 |   50 |       0.45 |1585566813532 |     232 |   238.0 | 2,59 | mscpa3.txt |2,0e+02 |
|15 | 1400 | 5000 |   50 |       0.28 |1585566813532 |     232 |   238.0 | 2,59 | mscpa3.txt |2,2e+02 |
|15 | 1500 | 5000 |   50 |       0.28 |1585566813532 |     232 |   238.0 | 2,59 | mscpa3.txt |2,4e+02 |
|15 | 1600 | 5000 |   55 | 0.29090908 |1585566813532 |     232 |   238.0 | 2,59 | mscpa3.txt |2,6e+02 |
|15 | 1700 | 5000 |   55 |       0.45 |1585566813532 |     232 |   238.0 | 2,59 | mscpa3.txt |2,8e+02 |
|15 | 1800 | 5000 |   55 |       0.45 |1585566813532 |     232 |   238.0 | 2,59 | mscpa3.txt |3,0e+02 |
|15 | 1900 | 5000 |   55 | 0.23636363 |1585566813532 |     232 |   238.0 | 2,59 | mscpa3.txt |3,1e+02 |
|15 | 2000 | 5000 |   60 |       0.45 |1585566813532 |     232 |   238.0 | 2,59 | mscpa3.txt |3,3e+02 |
|15 | 2100 | 5000 |   60 | 0.18333334 |1585566813532 |     232 |   238.0 | 2,59 | mscpa3.txt |3,5e+02 |
|15 | 2200 | 5000 |   60 | 0.16666667 |1585566813532 |     232 |   238.0 | 2,59 | mscpa3.txt |3,7e+02 |
|15 | 2300 | 5000 |   60 | 0.18333334 |1585566813532 |     232 |   238.0 | 2,59 | mscpa3.txt |3,8e+02 |
|15 | 2400 | 5000 |   65 |       0.45 |1585566813532 |     232 |   238.0 | 2,59 | mscpa3.txt |4,0e+02 |
|15 | 2500 | 5000 |   65 |       0.45 |1585566813532 |     232 |   238.0 | 2,59 | mscpa3.txt |4,2e+02 |
|15 | 2600 | 5000 |   65 |       0.45 |1585566813532 |     232 |   236.0 | 1,72 | mscpa3.txt |4,4e+02 |
|15 | 2700 | 5000 |   65 |       0.45 |1585566813532 |     232 |   236.0 | 1,72 | mscpa3.txt |4,6e+02 |
|15 | 2800 | 5000 |   70 |       0.45 |1585566813532 |     232 |   236.0 | 1,72 | mscpa3.txt |4,8e+02 |
|15 | 2900 | 5000 |   70 |       0.45 |1585566813532 |     232 |   236.0 | 1,72 | mscpa3.txt |5,0e+02 |
|15 | 3000 | 5000 |   70 |       0.45 |1585566813532 |     232 |   236.0 | 1,72 | mscpa3.txt |5,2e+02 |
|15 | 3100 | 5000 |   70 | 0.15714286 |1585566813532 |     232 |   236.0 | 1,72 | mscpa3.txt |5,4e+02 |
|15 | 3200 | 5000 |   75 |       0.45 |1585566813532 |     232 |   236.0 | 1,72 | mscpa3.txt |5,6e+02 |
|15 | 3300 | 5000 |   75 |       0.45 |1585566813532 |     232 |   236.0 | 1,72 | mscpa3.txt |5,8e+02 |
|15 | 3400 | 5000 |   75 |        0.4 |1585566813532 |     232 |   236.0 | 1,72 | mscpa3.txt |6,0e+02 |
|15 | 3500 | 5000 |   75 |        0.1 |1585566813532 |     232 |   236.0 | 1,72 | mscpa3.txt |6,2e+02 |
|15 | 3600 | 5000 |   80 |       0.45 |1585566813532 |     232 |   236.0 | 1,72 | mscpa3.txt |6,4e+02 |
|15 | 3700 | 5000 |   80 |       0.45 |1585566813532 |     232 |   236.0 | 1,72 | mscpa3.txt |6,6e+02 |
|15 | 3800 | 5000 |   80 |       0.45 |1585566813532 |     232 |   236.0 | 1,72 | mscpa3.txt |6,9e+02 |
|15 | 3900 | 5000 |   80 |       0.45 |1585566813532 |     232 |   236.0 | 1,72 | mscpa3.txt |7,1e+02 |
|15 | 4000 | 5000 |   85 |       0.45 |1585566813532 |     232 |   236.0 | 1,72 | mscpa3.txt |7,3e+02 |
|15 | 4100 | 5000 |   85 |       0.45 |1585566813532 |     232 |   236.0 | 1,72 | mscpa3.txt |7,6e+02 |
|15 | 4200 | 5000 |   85 |       0.45 |1585566813532 |     232 |   236.0 | 1,72 | mscpa3.txt |7,8e+02 |
|15 | 4300 | 5000 |   85 |       0.45 |1585566813532 |     232 |   236.0 | 1,72 | mscpa3.txt |8,1e+02 |
|15 | 4400 | 5000 |   90 |       0.45 |1585566813532 |     232 |   236.0 | 1,72 | mscpa3.txt |8,3e+02 |
|15 | 4500 | 5000 |   90 |       0.45 |1585566813532 |     232 |   236.0 | 1,72 | mscpa3.txt |8,6e+02 |
|15 | 4600 | 5000 |   90 |       0.45 |1585566813532 |     232 |   236.0 | 1,72 | mscpa3.txt |8,8e+02 |
|15 | 4700 | 5000 |   90 |       0.45 |1585566813532 |     232 |   236.0 | 1,72 | mscpa3.txt |9,1e+02 |
|15 | 4800 | 5000 |   95 |       0.45 |1585566813532 |     232 |   236.0 | 1,72 | mscpa3.txt |9,4e+02 |
|15 | 4900 | 5000 |   95 |       0.45 |1585566813532 |     232 |   236.0 | 1,72 | mscpa3.txt |9,6e+02 |
|15 | 5000 | 5000 |   95 |       0.45 |1585566813532 |     232 |   236.0 | 1,72 | mscpa3.txt |9,9e+02 |
|15 |  300 | 5000 |   95 |       0.45 |1585566813532 |     232 |   236.0 | 1,72 | mscpa3.txt |9,9e+02 |
