| # |    #ITER | #IterMAX | Nest |      %Desc |      semilla | BestFit |GottedFit |  RDP |  instancia | time |
-------------------------------------------------------------------------------------------------
| 1 |    1 | 5000 |   35 |       0.25 |1585484740129 |     219 |   347.0 |58,45 | mscpc4.txt | 0,33 |
| 1 |  100 | 5000 |   35 |       0.45 |1585484740129 |     219 |   318.0 |45,21 | mscpc4.txt |   33 |
| 1 |  200 | 5000 |   40 |       0.45 |1585484740129 |     219 |   248.0 |13,24 | mscpc4.txt |   75 |
| 1 |  300 | 5000 |   40 |       0.35 |1585484740129 |     219 |   235.0 | 7,31 | mscpc4.txt |1,1e+02 |
| 1 |  400 | 5000 |   40 |      0.375 |1585484740129 |     219 |   228.0 | 4,11 | mscpc4.txt |1,4e+02 |
| 1 |  500 | 5000 |   40 |      0.325 |1585484740129 |     219 |   226.0 | 3,20 | mscpc4.txt |1,7e+02 |
| 1 |  600 | 5000 |   45 | 0.33333334 |1585484740129 |     219 |   226.0 | 3,20 | mscpc4.txt |2,1e+02 |
| 1 |  700 | 5000 |   45 | 0.33333334 |1585484740129 |     219 |   224.0 | 2,28 | mscpc4.txt |2,5e+02 |
| 1 |  800 | 5000 |   45 | 0.33333334 |1585484740129 |     219 |   224.0 | 2,28 | mscpc4.txt |2,9e+02 |
| 1 |  900 | 5000 |   45 | 0.33333334 |1585484740129 |     219 |   223.0 | 1,83 | mscpc4.txt |3,3e+02 |
| 1 | 1000 | 5000 |   50 |       0.34 |1585484740129 |     219 |   222.0 | 1,37 | mscpc4.txt |3,7e+02 |
| 1 | 1100 | 5000 |   50 |       0.34 |1585484740129 |     219 |   222.0 | 1,37 | mscpc4.txt |4,1e+02 |
| 1 | 1200 | 5000 |   50 |       0.32 |1585484740129 |     219 |   222.0 | 1,37 | mscpc4.txt |4,6e+02 |
| 1 | 1300 | 5000 |   50 |       0.32 |1585484740129 |     219 |   222.0 | 1,37 | mscpc4.txt |5,0e+02 |
| 1 | 1400 | 5000 |   55 | 0.29090908 |1585484740129 |     219 |   222.0 | 1,37 | mscpc4.txt |5,5e+02 |
| 1 | 1500 | 5000 |   55 | 0.29090908 |1585484740129 |     219 |   222.0 | 1,37 | mscpc4.txt |5,9e+02 |
| 1 | 1600 | 5000 |   55 | 0.29090908 |1585484740129 |     219 |   222.0 | 1,37 | mscpc4.txt |6,4e+02 |
| 1 | 1700 | 5000 |   55 |  0.3090909 |1585484740129 |     219 |   222.0 | 1,37 | mscpc4.txt |6,9e+02 |
| 1 | 1800 | 5000 |   60 |       0.45 |1585484740129 |     219 |   222.0 | 1,37 | mscpc4.txt |7,3e+02 |
| 1 | 1900 | 5000 |   60 |       0.45 |1585484740129 |     219 |   222.0 | 1,37 | mscpc4.txt |7,7e+02 |
| 1 | 2000 | 5000 |   60 |       0.45 |1585484740129 |     219 |   222.0 | 1,37 | mscpc4.txt |8,1e+02 |
| 1 | 2100 | 5000 |   60 |       0.45 |1585484740129 |     219 |   222.0 | 1,37 | mscpc4.txt |8,5e+02 |
| 1 | 2200 | 5000 |   65 |       0.45 |1585484740129 |     219 |   222.0 | 1,37 | mscpc4.txt |8,8e+02 |
| 1 | 2300 | 5000 |   65 |       0.45 |1585484740129 |     219 |   222.0 | 1,37 | mscpc4.txt |9,1e+02 |
| 1 | 2400 | 5000 |   65 |       0.45 |1585484740129 |     219 |   222.0 | 1,37 | mscpc4.txt |9,4e+02 |
| 1 | 2500 | 5000 |   65 |       0.45 |1585484740129 |     219 |   222.0 | 1,37 | mscpc4.txt |9,7e+02 |
| 1 | 2600 | 5000 |   70 |       0.45 |1585484740129 |     219 |   222.0 | 1,37 | mscpc4.txt |1,0e+03 |
| 1 | 2700 | 5000 |   70 |       0.45 |1585484740129 |     219 |   222.0 | 1,37 | mscpc4.txt |1,0e+03 |
| 1 | 2800 | 5000 |   70 |       0.45 |1585484740129 |     219 |   222.0 | 1,37 | mscpc4.txt |1,1e+03 |
| 1 | 2900 | 5000 |   70 |       0.45 |1585484740129 |     219 |   222.0 | 1,37 | mscpc4.txt |1,1e+03 |
| 1 | 3000 | 5000 |   75 |       0.45 |1585484740129 |     219 |   222.0 | 1,37 | mscpc4.txt |1,2e+03 |
| 1 | 3100 | 5000 |   75 |       0.45 |1585484740129 |     219 |   222.0 | 1,37 | mscpc4.txt |1,2e+03 |
| 1 | 3200 | 5000 |   75 |       0.45 |1585484740129 |     219 |   222.0 | 1,37 | mscpc4.txt |1,2e+03 |
| 1 | 3300 | 5000 |   75 |       0.45 |1585484740129 |     219 |   222.0 | 1,37 | mscpc4.txt |1,3e+03 |
| 1 | 3400 | 5000 |   80 |       0.45 |1585484740129 |     219 |   222.0 | 1,37 | mscpc4.txt |1,3e+03 |
| 1 | 3500 | 5000 |   80 |       0.45 |1585484740129 |     219 |   222.0 | 1,37 | mscpc4.txt |1,4e+03 |
| 1 | 3600 | 5000 |   80 |       0.45 |1585484740129 |     219 |   222.0 | 1,37 | mscpc4.txt |1,4e+03 |
| 1 | 3700 | 5000 |   80 |       0.45 |1585484740129 |     219 |   222.0 | 1,37 | mscpc4.txt |1,4e+03 |
| 1 | 3800 | 5000 |   85 |       0.45 |1585484740129 |     219 |   222.0 | 1,37 | mscpc4.txt |1,5e+03 |
| 1 | 3900 | 5000 |   85 |       0.45 |1585484740129 |     219 |   222.0 | 1,37 | mscpc4.txt |1,5e+03 |
| 1 | 4000 | 5000 |   85 |       0.45 |1585484740129 |     219 |   222.0 | 1,37 | mscpc4.txt |1,6e+03 |
| 1 | 4100 | 5000 |   85 |       0.45 |1585484740129 |     219 |   222.0 | 1,37 | mscpc4.txt |1,6e+03 |
| 1 | 4200 | 5000 |   90 |       0.45 |1585484740129 |     219 |   222.0 | 1,37 | mscpc4.txt |1,7e+03 |
| 1 | 4300 | 5000 |   90 |       0.45 |1585484740129 |     219 |   222.0 | 1,37 | mscpc4.txt |1,7e+03 |
| 1 | 4400 | 5000 |   90 |       0.45 |1585484740129 |     219 |   221.0 | 0,91 | mscpc4.txt |1,7e+03 |
| 1 | 4500 | 5000 |   90 |       0.45 |1585484740129 |     219 |   221.0 | 0,91 | mscpc4.txt |1,8e+03 |
| 1 | 4600 | 5000 |   95 |       0.45 |1585484740129 |     219 |   221.0 | 0,91 | mscpc4.txt |1,8e+03 |
| 1 | 4700 | 5000 |   95 |       0.45 |1585484740129 |     219 |   221.0 | 0,91 | mscpc4.txt |1,9e+03 |
| 1 | 4800 | 5000 |   95 |       0.45 |1585484740129 |     219 |   221.0 | 0,91 | mscpc4.txt |1,9e+03 |
| 1 | 4900 | 5000 |   95 |       0.45 |1585484740129 |     219 |   221.0 | 0,91 | mscpc4.txt |2,0e+03 |
| 1 | 5000 | 5000 |  100 |       0.45 |1585484740129 |     219 |   221.0 | 0,91 | mscpc4.txt |2,0e+03 |
| 1 |  400 | 5000 |  100 |       0.45 |1585484740129 |     219 |   221.0 | 0,91 | mscpc4.txt |2,0e+03 |
| 2 |    1 | 5000 |   35 |       0.25 |1585486769751 |     219 |   374.0 |70,78 | mscpc4.txt | 0,19 |
| 2 |  100 | 5000 |   35 |       0.45 |1585486769751 |     219 |   325.0 |48,40 | mscpc4.txt |   26 |
| 2 |  200 | 5000 |   35 | 0.34285715 |1585486769751 |     219 |   298.0 |36,07 | mscpc4.txt |   53 |
| 2 |  300 | 5000 |   35 | 0.31428573 |1585486769751 |     219 |   292.0 |33,33 | mscpc4.txt |   79 |
| 2 |  400 | 5000 |   40 |       0.45 |1585486769751 |     219 |   235.0 | 7,31 | mscpc4.txt |1,1e+02 |
| 2 |  500 | 5000 |   40 |       0.45 |1585486769751 |     219 |   235.0 | 7,31 | mscpc4.txt |1,4e+02 |
| 2 |  600 | 5000 |   40 |       0.45 |1585486769751 |     219 |   230.0 | 5,02 | mscpc4.txt |1,8e+02 |
| 2 |  700 | 5000 |   40 |       0.45 |1585486769751 |     219 |   229.0 | 4,57 | mscpc4.txt |2,1e+02 |
| 2 |  800 | 5000 |   45 |       0.45 |1585486769751 |     219 |   227.0 | 3,65 | mscpc4.txt |2,5e+02 |
| 2 |  900 | 5000 |   45 |       0.45 |1585486769751 |     219 |   226.0 | 3,20 | mscpc4.txt |2,9e+02 |
| 2 | 1000 | 5000 |   45 |       0.45 |1585486769751 |     219 |   226.0 | 3,20 | mscpc4.txt |3,3e+02 |
| 2 | 1100 | 5000 |   45 |       0.45 |1585486769751 |     219 |   224.0 | 2,28 | mscpc4.txt |3,7e+02 |
| 2 | 1200 | 5000 |   50 |       0.45 |1585486769751 |     219 |   224.0 | 2,28 | mscpc4.txt |4,2e+02 |
| 2 | 1300 | 5000 |   50 |       0.45 |1585486769751 |     219 |   224.0 | 2,28 | mscpc4.txt |4,6e+02 |
| 2 | 1400 | 5000 |   50 |       0.45 |1585486769751 |     219 |   224.0 | 2,28 | mscpc4.txt |5,1e+02 |
| 2 | 1500 | 5000 |   50 |       0.45 |1585486769751 |     219 |   224.0 | 2,28 | mscpc4.txt |5,5e+02 |
| 2 | 1600 | 5000 |   55 |       0.45 |1585486769751 |     219 |   222.0 | 1,37 | mscpc4.txt |6,0e+02 |
| 2 | 1700 | 5000 |   55 |       0.45 |1585486769751 |     219 |   221.0 | 0,91 | mscpc4.txt |6,5e+02 |
| 2 | 1800 | 5000 |   55 |       0.45 |1585486769751 |     219 |   221.0 | 0,91 | mscpc4.txt |7,0e+02 |
| 2 | 1900 | 5000 |   55 |       0.45 |1585486769751 |     219 |   221.0 | 0,91 | mscpc4.txt |7,5e+02 |
| 2 | 2000 | 5000 |   60 |       0.45 |1585486769751 |     219 |   221.0 | 0,91 | mscpc4.txt |8,1e+02 |
| 2 | 2100 | 5000 |   60 |       0.45 |1585486769751 |     219 |   221.0 | 0,91 | mscpc4.txt |8,7e+02 |
| 2 | 2200 | 5000 |   60 |       0.45 |1585486769751 |     219 |   221.0 | 0,91 | mscpc4.txt |9,3e+02 |
| 2 | 2300 | 5000 |   60 |       0.45 |1585486769751 |     219 |   221.0 | 0,91 | mscpc4.txt |9,8e+02 |
| 2 | 2400 | 5000 |   65 |       0.45 |1585486769751 |     219 |   221.0 | 0,91 | mscpc4.txt |1,0e+03 |
| 2 |  400 | 5000 |   65 |       0.45 |1585486769751 |     219 |   219.0 | 0,00 | mscpc4.txt |1,1e+03 |
| 3 |    1 | 5000 |   35 |       0.25 |1585487821540 |     219 |   385.0 |75,80 | mscpc4.txt | 0,24 |
| 3 |  100 | 5000 |   35 | 0.42857143 |1585487821540 |     219 |   313.0 |42,92 | mscpc4.txt |   30 |
| 3 |  200 | 5000 |   35 |       0.45 |1585487821540 |     219 |   271.0 |23,74 | mscpc4.txt |   56 |
| 3 |  300 | 5000 |   35 | 0.42857143 |1585487821540 |     219 |   271.0 |23,74 | mscpc4.txt |   83 |
| 3 |  400 | 5000 |   40 |       0.45 |1585487821540 |     219 |   235.0 | 7,31 | mscpc4.txt |1,2e+02 |
| 3 |  500 | 5000 |   40 |       0.45 |1585487821540 |     219 |   235.0 | 7,31 | mscpc4.txt |1,5e+02 |
| 3 |  600 | 5000 |   40 |       0.45 |1585487821540 |     219 |   228.0 | 4,11 | mscpc4.txt |1,9e+02 |
| 3 |  700 | 5000 |   40 |       0.45 |1585487821540 |     219 |   228.0 | 4,11 | mscpc4.txt |2,3e+02 |
| 3 |  800 | 5000 |   45 |       0.45 |1585487821540 |     219 |   226.0 | 3,20 | mscpc4.txt |2,7e+02 |
| 3 |  900 | 5000 |   45 |       0.45 |1585487821540 |     219 |   224.0 | 2,28 | mscpc4.txt |3,1e+02 |
| 3 | 1000 | 5000 |   45 |       0.45 |1585487821540 |     219 |   222.0 | 1,37 | mscpc4.txt |3,7e+02 |
| 3 | 1100 | 5000 |   45 |       0.45 |1585487821540 |     219 |   222.0 | 1,37 | mscpc4.txt |4,2e+02 |
| 3 | 1200 | 5000 |   50 |       0.45 |1585487821540 |     219 |   222.0 | 1,37 | mscpc4.txt |4,9e+02 |
| 3 | 1300 | 5000 |   50 |       0.45 |1585487821540 |     219 |   222.0 | 1,37 | mscpc4.txt |5,4e+02 |
| 3 | 1400 | 5000 |   50 |       0.28 |1585487821540 |     219 |   222.0 | 1,37 | mscpc4.txt |5,8e+02 |
| 3 | 1500 | 5000 |   50 |       0.28 |1585487821540 |     219 |   222.0 | 1,37 | mscpc4.txt |6,2e+02 |
| 3 | 1600 | 5000 |   55 | 0.25454545 |1585487821540 |     219 |   222.0 | 1,37 | mscpc4.txt |6,6e+02 |
| 3 | 1700 | 5000 |   55 | 0.25454545 |1585487821540 |     219 |   222.0 | 1,37 | mscpc4.txt |7,1e+02 |
| 3 | 1800 | 5000 |   55 | 0.23636363 |1585487821540 |     219 |   222.0 | 1,37 | mscpc4.txt |7,5e+02 |
| 3 | 1900 | 5000 |   55 | 0.23636363 |1585487821540 |     219 |   222.0 | 1,37 | mscpc4.txt |8,0e+02 |
| 3 | 2000 | 5000 |   60 |       0.25 |1585487821540 |     219 |   222.0 | 1,37 | mscpc4.txt |8,5e+02 |
| 3 | 2100 | 5000 |   60 |       0.45 |1585487821540 |     219 |   222.0 | 1,37 | mscpc4.txt |9,0e+02 |
| 3 | 2200 | 5000 |   60 |       0.45 |1585487821540 |     219 |   222.0 | 1,37 | mscpc4.txt |9,4e+02 |
| 3 | 2300 | 5000 |   60 |       0.45 |1585487821540 |     219 |   222.0 | 1,37 | mscpc4.txt |9,9e+02 |
| 3 | 2400 | 5000 |   65 |       0.45 |1585487821540 |     219 |   222.0 | 1,37 | mscpc4.txt |1,0e+03 |
| 3 | 2500 | 5000 |   65 |       0.45 |1585487821540 |     219 |   222.0 | 1,37 | mscpc4.txt |1,1e+03 |
| 3 | 2600 | 5000 |   65 |       0.45 |1585487821540 |     219 |   222.0 | 1,37 | mscpc4.txt |1,1e+03 |
| 3 | 2700 | 5000 |   65 |       0.45 |1585487821540 |     219 |   222.0 | 1,37 | mscpc4.txt |1,2e+03 |
| 3 | 2800 | 5000 |   70 |       0.45 |1585487821540 |     219 |   222.0 | 1,37 | mscpc4.txt |1,3e+03 |
| 3 | 2900 | 5000 |   70 |       0.45 |1585487821540 |     219 |   222.0 | 1,37 | mscpc4.txt |1,3e+03 |
| 3 | 3000 | 5000 |   70 |       0.45 |1585487821540 |     219 |   222.0 | 1,37 | mscpc4.txt |1,4e+03 |
| 3 | 3100 | 5000 |   70 |       0.45 |1585487821540 |     219 |   222.0 | 1,37 | mscpc4.txt |1,4e+03 |
| 3 | 3200 | 5000 |   75 |       0.45 |1585487821540 |     219 |   222.0 | 1,37 | mscpc4.txt |1,5e+03 |
| 3 | 3300 | 5000 |   75 |       0.45 |1585487821540 |     219 |   222.0 | 1,37 | mscpc4.txt |1,5e+03 |
| 3 | 3400 | 5000 |   75 |       0.45 |1585487821540 |     219 |   222.0 | 1,37 | mscpc4.txt |1,6e+03 |
| 3 | 3500 | 5000 |   75 |       0.45 |1585487821540 |     219 |   222.0 | 1,37 | mscpc4.txt |1,6e+03 |
| 3 | 3600 | 5000 |   80 |       0.45 |1585487821540 |     219 |   222.0 | 1,37 | mscpc4.txt |1,7e+03 |
| 3 | 3700 | 5000 |   80 |       0.45 |1585487821540 |     219 |   222.0 | 1,37 | mscpc4.txt |1,7e+03 |
| 3 | 3800 | 5000 |   80 |       0.45 |1585487821540 |     219 |   222.0 | 1,37 | mscpc4.txt |1,7e+03 |
| 3 | 3900 | 5000 |   80 |       0.45 |1585487821540 |     219 |   222.0 | 1,37 | mscpc4.txt |1,8e+03 |
| 3 | 4000 | 5000 |   85 |       0.45 |1585487821540 |     219 |   222.0 | 1,37 | mscpc4.txt |1,8e+03 |
| 3 | 4100 | 5000 |   85 |       0.45 |1585487821540 |     219 |   222.0 | 1,37 | mscpc4.txt |1,9e+03 |
| 3 | 4200 | 5000 |   85 |       0.45 |1585487821540 |     219 |   222.0 | 1,37 | mscpc4.txt |1,9e+03 |
| 3 | 4300 | 5000 |   85 |       0.45 |1585487821540 |     219 |   222.0 | 1,37 | mscpc4.txt |2,0e+03 |
| 3 | 4400 | 5000 |   90 |       0.45 |1585487821540 |     219 |   222.0 | 1,37 | mscpc4.txt |2,1e+03 |
| 3 | 4500 | 5000 |   90 |       0.45 |1585487821540 |     219 |   222.0 | 1,37 | mscpc4.txt |2,1e+03 |
| 3 | 4600 | 5000 |   90 |       0.45 |1585487821540 |     219 |   222.0 | 1,37 | mscpc4.txt |2,2e+03 |
| 3 | 4700 | 5000 |   90 |       0.45 |1585487821540 |     219 |   222.0 | 1,37 | mscpc4.txt |2,2e+03 |
| 3 | 4800 | 5000 |   95 |       0.45 |1585487821540 |     219 |   222.0 | 1,37 | mscpc4.txt |2,3e+03 |
| 3 | 4900 | 5000 |   95 |       0.45 |1585487821540 |     219 |   222.0 | 1,37 | mscpc4.txt |2,3e+03 |
| 3 | 5000 | 5000 |   95 |       0.45 |1585487821540 |     219 |   222.0 | 1,37 | mscpc4.txt |2,4e+03 |
| 3 |  400 | 5000 |   95 |       0.45 |1585487821540 |     219 |   222.0 | 1,37 | mscpc4.txt |2,4e+03 |
| 4 |    1 | 5000 |   35 |       0.25 |1585490213100 |     219 |   389.0 |77,63 | mscpc4.txt | 0,28 |
| 4 |  100 | 5000 |   35 |       0.45 |1585490213100 |     219 |   325.0 |48,40 | mscpc4.txt |   21 |
| 4 |  200 | 5000 |   40 |       0.45 |1585490213100 |     219 |   237.0 | 8,22 | mscpc4.txt |   48 |
| 4 |  300 | 5000 |   40 |       0.45 |1585490213100 |     219 |   234.0 | 6,85 | mscpc4.txt |   75 |
| 4 |  400 | 5000 |   40 |      0.325 |1585490213100 |     219 |   232.0 | 5,94 | mscpc4.txt |1,0e+02 |
| 4 |  500 | 5000 |   40 |      0.375 |1585490213100 |     219 |   225.0 | 2,74 | mscpc4.txt |1,3e+02 |
| 4 |  600 | 5000 |   45 |       0.45 |1585490213100 |     219 |   225.0 | 2,74 | mscpc4.txt |1,7e+02 |
| 4 |  700 | 5000 |   45 |       0.45 |1585490213100 |     219 |   224.0 | 2,28 | mscpc4.txt |2,0e+02 |
| 4 |  800 | 5000 |   45 | 0.37777779 |1585490213100 |     219 |   224.0 | 2,28 | mscpc4.txt |2,4e+02 |
| 4 |  900 | 5000 |   45 |  0.2888889 |1585490213100 |     219 |   224.0 | 2,28 | mscpc4.txt |2,8e+02 |
| 4 | 1000 | 5000 |   50 |       0.45 |1585490213100 |     219 |   224.0 | 2,28 | mscpc4.txt |3,3e+02 |
| 4 | 1100 | 5000 |   50 |        0.3 |1585490213100 |     219 |   224.0 | 2,28 | mscpc4.txt |3,7e+02 |
| 4 | 1200 | 5000 |   50 |       0.28 |1585490213100 |     219 |   224.0 | 2,28 | mscpc4.txt |4,1e+02 |
| 4 | 1300 | 5000 |   50 |       0.28 |1585490213100 |     219 |   224.0 | 2,28 | mscpc4.txt |4,4e+02 |
| 4 | 1400 | 5000 |   55 |       0.45 |1585490213100 |     219 |   224.0 | 2,28 | mscpc4.txt |4,8e+02 |
| 4 | 1500 | 5000 |   55 |       0.45 |1585490213100 |     219 |   224.0 | 2,28 | mscpc4.txt |5,1e+02 |
| 4 | 1600 | 5000 |   55 |       0.45 |1585490213100 |     219 |   224.0 | 2,28 | mscpc4.txt |5,4e+02 |
| 4 | 1700 | 5000 |   55 | 0.25454545 |1585490213100 |     219 |   224.0 | 2,28 | mscpc4.txt |5,7e+02 |
| 4 | 1800 | 5000 |   60 |       0.45 |1585490213100 |     219 |   224.0 | 2,28 | mscpc4.txt |6,0e+02 |
| 4 | 1900 | 5000 |   60 |       0.45 |1585490213100 |     219 |   224.0 | 2,28 | mscpc4.txt |6,4e+02 |
| 4 | 2000 | 5000 |   60 |       0.45 |1585490213100 |     219 |   224.0 | 2,28 | mscpc4.txt |6,7e+02 |
| 4 | 2100 | 5000 |   60 |       0.45 |1585490213100 |     219 |   224.0 | 2,28 | mscpc4.txt |7,0e+02 |
| 4 | 2200 | 5000 |   65 |       0.45 |1585490213100 |     219 |   224.0 | 2,28 | mscpc4.txt |7,4e+02 |
| 4 | 2300 | 5000 |   65 |       0.45 |1585490213100 |     219 |   224.0 | 2,28 | mscpc4.txt |7,8e+02 |
| 4 | 2400 | 5000 |   65 |       0.45 |1585490213100 |     219 |   224.0 | 2,28 | mscpc4.txt |8,1e+02 |
| 4 | 2500 | 5000 |   65 |       0.45 |1585490213100 |     219 |   224.0 | 2,28 | mscpc4.txt |8,5e+02 |
| 4 | 2600 | 5000 |   70 |       0.45 |1585490213100 |     219 |   224.0 | 2,28 | mscpc4.txt |8,9e+02 |
| 4 | 2700 | 5000 |   70 |       0.45 |1585490213100 |     219 |   224.0 | 2,28 | mscpc4.txt |9,4e+02 |
| 4 | 2800 | 5000 |   70 |       0.45 |1585490213100 |     219 |   224.0 | 2,28 | mscpc4.txt |9,8e+02 |
| 4 | 2900 | 5000 |   70 |       0.45 |1585490213100 |     219 |   224.0 | 2,28 | mscpc4.txt |1,0e+03 |
| 4 | 3000 | 5000 |   75 |       0.45 |1585490213100 |     219 |   224.0 | 2,28 | mscpc4.txt |1,1e+03 |
| 4 | 3100 | 5000 |   75 |       0.45 |1585490213100 |     219 |   224.0 | 2,28 | mscpc4.txt |1,1e+03 |
| 4 | 3200 | 5000 |   75 |       0.45 |1585490213100 |     219 |   224.0 | 2,28 | mscpc4.txt |1,2e+03 |
| 4 | 3300 | 5000 |   75 |       0.45 |1585490213100 |     219 |   224.0 | 2,28 | mscpc4.txt |1,2e+03 |
| 4 | 3400 | 5000 |   80 |       0.45 |1585490213100 |     219 |   224.0 | 2,28 | mscpc4.txt |1,3e+03 |
| 4 | 3500 | 5000 |   80 |       0.45 |1585490213100 |     219 |   224.0 | 2,28 | mscpc4.txt |1,3e+03 |
| 4 | 3600 | 5000 |   80 |       0.45 |1585490213100 |     219 |   224.0 | 2,28 | mscpc4.txt |1,4e+03 |
| 4 | 3700 | 5000 |   80 |       0.45 |1585490213100 |     219 |   224.0 | 2,28 | mscpc4.txt |1,4e+03 |
| 4 | 3800 | 5000 |   85 |       0.45 |1585490213100 |     219 |   224.0 | 2,28 | mscpc4.txt |1,5e+03 |
| 4 | 3900 | 5000 |   85 |       0.45 |1585490213100 |     219 |   224.0 | 2,28 | mscpc4.txt |1,5e+03 |
| 4 | 4000 | 5000 |   85 |       0.45 |1585490213100 |     219 |   224.0 | 2,28 | mscpc4.txt |1,6e+03 |
| 4 | 4100 | 5000 |   85 |       0.45 |1585490213100 |     219 |   224.0 | 2,28 | mscpc4.txt |1,7e+03 |
| 4 | 4200 | 5000 |   90 |       0.45 |1585490213100 |     219 |   224.0 | 2,28 | mscpc4.txt |1,7e+03 |
| 4 | 4300 | 5000 |   90 |       0.45 |1585490213100 |     219 |   224.0 | 2,28 | mscpc4.txt |1,8e+03 |
| 4 | 4400 | 5000 |   90 |       0.45 |1585490213100 |     219 |   224.0 | 2,28 | mscpc4.txt |1,8e+03 |
| 4 | 4500 | 5000 |   90 |       0.45 |1585490213100 |     219 |   224.0 | 2,28 | mscpc4.txt |1,9e+03 |
| 4 | 4600 | 5000 |   95 |       0.45 |1585490213100 |     219 |   224.0 | 2,28 | mscpc4.txt |2,0e+03 |
| 4 | 4700 | 5000 |   95 |       0.45 |1585490213100 |     219 |   224.0 | 2,28 | mscpc4.txt |2,0e+03 |
| 4 | 4800 | 5000 |   95 |       0.45 |1585490213100 |     219 |   224.0 | 2,28 | mscpc4.txt |2,1e+03 |
| 4 | 4900 | 5000 |   95 |       0.45 |1585490213100 |     219 |   224.0 | 2,28 | mscpc4.txt |2,2e+03 |
| 4 | 5000 | 5000 |  100 |       0.45 |1585490213100 |     219 |   224.0 | 2,28 | mscpc4.txt |2,2e+03 |
| 4 |  400 | 5000 |  100 |       0.45 |1585490213100 |     219 |   224.0 | 2,28 | mscpc4.txt |2,2e+03 |
| 5 |    1 | 5000 |   35 |       0.25 |1585492439441 |     219 |   381.0 |73,97 | mscpc4.txt | 0,20 |
| 5 |  100 | 5000 |   35 | 0.37142858 |1585492439441 |     219 |   330.0 |50,68 | mscpc4.txt |   21 |
| 5 |  200 | 5000 |   35 | 0.42857143 |1585492439441 |     219 |   294.0 |34,25 | mscpc4.txt |   44 |
| 5 |  300 | 5000 |   35 | 0.34285715 |1585492439441 |     219 |   273.0 |24,66 | mscpc4.txt |   66 |
| 5 |  400 | 5000 |   40 |       0.45 |1585492439441 |     219 |   236.0 | 7,76 | mscpc4.txt |   92 |
| 5 |  500 | 5000 |   40 |      0.425 |1585492439441 |     219 |   233.0 | 6,39 | mscpc4.txt |1,2e+02 |
| 5 |  600 | 5000 |   40 |       0.35 |1585492439441 |     219 |   229.0 | 4,57 | mscpc4.txt |1,5e+02 |
| 5 |  700 | 5000 |   40 |       0.45 |1585492439441 |     219 |   226.0 | 3,20 | mscpc4.txt |1,8e+02 |
| 5 |  800 | 5000 |   45 |        0.4 |1585492439441 |     219 |   226.0 | 3,20 | mscpc4.txt |2,1e+02 |
| 5 |  900 | 5000 |   45 |        0.4 |1585492439441 |     219 |   226.0 | 3,20 | mscpc4.txt |2,5e+02 |
| 5 | 1000 | 5000 |   45 | 0.37777779 |1585492439441 |     219 |   226.0 | 3,20 | mscpc4.txt |2,8e+02 |
| 5 | 1100 | 5000 |   45 | 0.42222223 |1585492439441 |     219 |   226.0 | 3,20 | mscpc4.txt |3,2e+02 |
| 5 | 1200 | 5000 |   50 |       0.45 |1585492439441 |     219 |   226.0 | 3,20 | mscpc4.txt |3,6e+02 |
| 5 | 1300 | 5000 |   50 |       0.45 |1585492439441 |     219 |   225.0 | 2,74 | mscpc4.txt |3,9e+02 |
| 5 | 1400 | 5000 |   50 |       0.45 |1585492439441 |     219 |   225.0 | 2,74 | mscpc4.txt |4,3e+02 |
| 5 | 1500 | 5000 |   50 |       0.45 |1585492439441 |     219 |   225.0 | 2,74 | mscpc4.txt |4,7e+02 |
| 5 | 1600 | 5000 |   55 |       0.45 |1585492439441 |     219 |   225.0 | 2,74 | mscpc4.txt |5,2e+02 |
| 5 | 1700 | 5000 |   55 |       0.45 |1585492439441 |     219 |   225.0 | 2,74 | mscpc4.txt |5,6e+02 |
| 5 | 1800 | 5000 |   55 |       0.45 |1585492439441 |     219 |   225.0 | 2,74 | mscpc4.txt |6,0e+02 |
| 5 | 1900 | 5000 |   55 |       0.45 |1585492439441 |     219 |   225.0 | 2,74 | mscpc4.txt |6,6e+02 |
| 5 | 2000 | 5000 |   60 |       0.45 |1585492439441 |     219 |   225.0 | 2,74 | mscpc4.txt |7,1e+02 |
| 5 | 2100 | 5000 |   60 |       0.45 |1585492439441 |     219 |   225.0 | 2,74 | mscpc4.txt |7,7e+02 |
| 5 | 2200 | 5000 |   60 |       0.45 |1585492439441 |     219 |   225.0 | 2,74 | mscpc4.txt |8,2e+02 |
| 5 | 2300 | 5000 |   60 |       0.35 |1585492439441 |     219 |   225.0 | 2,74 | mscpc4.txt |8,8e+02 |
| 5 | 2400 | 5000 |   65 | 0.32307693 |1585492439441 |     219 |   225.0 | 2,74 | mscpc4.txt |9,4e+02 |
| 5 | 2500 | 5000 |   65 | 0.32307693 |1585492439441 |     219 |   225.0 | 2,74 | mscpc4.txt |1,0e+03 |
| 5 | 2600 | 5000 |   65 |       0.45 |1585492439441 |     219 |   225.0 | 2,74 | mscpc4.txt |1,0e+03 |
| 5 | 2700 | 5000 |   65 |       0.45 |1585492439441 |     219 |   220.0 | 0,46 | mscpc4.txt |1,1e+03 |
| 5 | 2800 | 5000 |   70 |       0.45 |1585492439441 |     219 |   220.0 | 0,46 | mscpc4.txt |1,1e+03 |
| 5 | 2900 | 5000 |   70 |       0.45 |1585492439441 |     219 |   220.0 | 0,46 | mscpc4.txt |1,2e+03 |
| 5 | 3000 | 5000 |   70 |       0.45 |1585492439441 |     219 |   220.0 | 0,46 | mscpc4.txt |1,2e+03 |
| 5 | 3100 | 5000 |   70 |       0.45 |1585492439441 |     219 |   220.0 | 0,46 | mscpc4.txt |1,3e+03 |
| 5 | 3200 | 5000 |   75 |       0.45 |1585492439441 |     219 |   220.0 | 0,46 | mscpc4.txt |1,3e+03 |
| 5 | 3300 | 5000 |   75 |       0.45 |1585492439441 |     219 |   220.0 | 0,46 | mscpc4.txt |1,4e+03 |
| 5 | 3400 | 5000 |   75 |       0.45 |1585492439441 |     219 |   220.0 | 0,46 | mscpc4.txt |1,5e+03 |
| 5 | 3500 | 5000 |   75 |       0.45 |1585492439441 |     219 |   220.0 | 0,46 | mscpc4.txt |1,5e+03 |
| 5 | 3600 | 5000 |   80 |       0.45 |1585492439441 |     219 |   220.0 | 0,46 | mscpc4.txt |1,6e+03 |
| 5 | 3700 | 5000 |   80 |       0.45 |1585492439441 |     219 |   220.0 | 0,46 | mscpc4.txt |1,6e+03 |
| 5 | 3800 | 5000 |   80 |       0.45 |1585492439441 |     219 |   220.0 | 0,46 | mscpc4.txt |1,7e+03 |
| 5 | 3900 | 5000 |   80 |       0.45 |1585492439441 |     219 |   220.0 | 0,46 | mscpc4.txt |1,8e+03 |
| 5 | 4000 | 5000 |   85 | 0.44705883 |1585492439441 |     219 |   220.0 | 0,46 | mscpc4.txt |1,9e+03 |
| 5 | 4100 | 5000 |   85 | 0.44705883 |1585492439441 |     219 |   220.0 | 0,46 | mscpc4.txt |1,9e+03 |
| 5 | 4200 | 5000 |   85 |       0.45 |1585492439441 |     219 |   220.0 | 0,46 | mscpc4.txt |2,0e+03 |
| 5 | 4300 | 5000 |   85 |       0.45 |1585492439441 |     219 |   220.0 | 0,46 | mscpc4.txt |2,1e+03 |
| 5 | 4400 | 5000 |   90 |       0.45 |1585492439441 |     219 |   220.0 | 0,46 | mscpc4.txt |2,1e+03 |
| 5 | 4500 | 5000 |   90 |       0.45 |1585492439441 |     219 |   220.0 | 0,46 | mscpc4.txt |2,2e+03 |
| 5 | 4600 | 5000 |   90 |       0.45 |1585492439441 |     219 |   220.0 | 0,46 | mscpc4.txt |2,2e+03 |
| 5 | 4700 | 5000 |   90 |       0.45 |1585492439441 |     219 |   220.0 | 0,46 | mscpc4.txt |2,3e+03 |
| 5 | 4800 | 5000 |   95 |       0.45 |1585492439441 |     219 |   220.0 | 0,46 | mscpc4.txt |2,3e+03 |
| 5 | 4900 | 5000 |   95 |       0.45 |1585492439441 |     219 |   220.0 | 0,46 | mscpc4.txt |2,4e+03 |
| 5 | 5000 | 5000 |   95 |       0.45 |1585492439441 |     219 |   220.0 | 0,46 | mscpc4.txt |2,4e+03 |
| 5 |  400 | 5000 |   95 |       0.45 |1585492439441 |     219 |   220.0 | 0,46 | mscpc4.txt |2,4e+03 |
| 6 |    1 | 5000 |   35 |       0.25 |1585494857835 |     219 |   336.0 |53,42 | mscpc4.txt | 0,28 |
| 6 |  100 | 5000 |   35 | 0.42857143 |1585494857835 |     219 |   310.0 |41,55 | mscpc4.txt |   24 |
| 6 |  200 | 5000 |   40 |       0.45 |1585494857835 |     219 |   241.0 |10,05 | mscpc4.txt |   55 |
| 6 |  300 | 5000 |   40 |       0.45 |1585494857835 |     219 |   236.0 | 7,76 | mscpc4.txt |   88 |
| 6 |  400 | 5000 |   40 |      0.425 |1585494857835 |     219 |   235.0 | 7,31 | mscpc4.txt |1,2e+02 |
| 6 |  500 | 5000 |   40 |      0.425 |1585494857835 |     219 |   234.0 | 6,85 | mscpc4.txt |1,5e+02 |
| 6 |  600 | 5000 |   45 | 0.37777779 |1585494857835 |     219 |   232.0 | 5,94 | mscpc4.txt |1,9e+02 |
| 6 |  700 | 5000 |   45 |       0.45 |1585494857835 |     219 |   232.0 | 5,94 | mscpc4.txt |2,3e+02 |
| 6 |  800 | 5000 |   45 |       0.45 |1585494857835 |     219 |   230.0 | 5,02 | mscpc4.txt |2,7e+02 |
| 6 |  900 | 5000 |   45 |       0.45 |1585494857835 |     219 |   227.0 | 3,65 | mscpc4.txt |3,1e+02 |
| 6 | 1000 | 5000 |   50 |       0.45 |1585494857835 |     219 |   225.0 | 2,74 | mscpc4.txt |3,6e+02 |
| 6 | 1100 | 5000 |   50 |       0.45 |1585494857835 |     219 |   224.0 | 2,28 | mscpc4.txt |4,2e+02 |
| 6 | 1200 | 5000 |   50 |       0.45 |1585494857835 |     219 |   224.0 | 2,28 | mscpc4.txt |4,7e+02 |
| 6 | 1300 | 5000 |   50 |       0.45 |1585494857835 |     219 |   224.0 | 2,28 | mscpc4.txt |5,3e+02 |
| 6 | 1400 | 5000 |   55 |       0.45 |1585494857835 |     219 |   223.0 | 1,83 | mscpc4.txt |5,9e+02 |
| 6 | 1500 | 5000 |   55 |       0.45 |1585494857835 |     219 |   223.0 | 1,83 | mscpc4.txt |6,5e+02 |
| 6 | 1600 | 5000 |   55 |        0.4 |1585494857835 |     219 |   223.0 | 1,83 | mscpc4.txt |7,0e+02 |
| 6 | 1700 | 5000 |   55 |        0.4 |1585494857835 |     219 |   222.0 | 1,37 | mscpc4.txt |7,5e+02 |
| 6 | 1800 | 5000 |   60 | 0.41666666 |1585494857835 |     219 |   221.0 | 0,91 | mscpc4.txt |8,0e+02 |
| 6 | 1900 | 5000 |   60 | 0.41666666 |1585494857835 |     219 |   221.0 | 0,91 | mscpc4.txt |8,5e+02 |
| 6 | 2000 | 5000 |   60 |        0.4 |1585494857835 |     219 |   221.0 | 0,91 | mscpc4.txt |9,1e+02 |
| 6 | 2100 | 5000 |   60 | 0.41666666 |1585494857835 |     219 |   220.0 | 0,46 | mscpc4.txt |9,7e+02 |
| 6 | 2200 | 5000 |   65 |        0.4 |1585494857835 |     219 |   220.0 | 0,46 | mscpc4.txt |1,0e+03 |
| 6 | 2300 | 5000 |   65 |        0.4 |1585494857835 |     219 |   220.0 | 0,46 | mscpc4.txt |1,1e+03 |
| 6 | 2400 | 5000 |   65 | 0.35384616 |1585494857835 |     219 |   220.0 | 0,46 | mscpc4.txt |1,1e+03 |
| 6 | 2500 | 5000 |   65 | 0.35384616 |1585494857835 |     219 |   220.0 | 0,46 | mscpc4.txt |1,2e+03 |
| 6 | 2600 | 5000 |   70 |       0.45 |1585494857835 |     219 |   220.0 | 0,46 | mscpc4.txt |1,2e+03 |
| 6 | 2700 | 5000 |   70 |       0.45 |1585494857835 |     219 |   220.0 | 0,46 | mscpc4.txt |1,3e+03 |
| 6 | 2800 | 5000 |   70 |       0.45 |1585494857835 |     219 |   220.0 | 0,46 | mscpc4.txt |1,3e+03 |
| 6 | 2900 | 5000 |   70 |       0.45 |1585494857835 |     219 |   220.0 | 0,46 | mscpc4.txt |1,4e+03 |
| 6 | 3000 | 5000 |   75 |       0.45 |1585494857835 |     219 |   220.0 | 0,46 | mscpc4.txt |1,4e+03 |
| 6 | 3100 | 5000 |   75 |       0.45 |1585494857835 |     219 |   220.0 | 0,46 | mscpc4.txt |1,4e+03 |
| 6 | 3200 | 5000 |   75 | 0.26666668 |1585494857835 |     219 |   220.0 | 0,46 | mscpc4.txt |1,5e+03 |
| 6 | 3300 | 5000 |   75 | 0.10666667 |1585494857835 |     219 |   220.0 | 0,46 | mscpc4.txt |1,5e+03 |
| 6 | 3400 | 5000 |   80 |       0.45 |1585494857835 |     219 |   220.0 | 0,46 | mscpc4.txt |1,5e+03 |
| 6 | 3500 | 5000 |   80 |       0.45 |1585494857835 |     219 |   220.0 | 0,46 | mscpc4.txt |1,6e+03 |
| 6 | 3600 | 5000 |   80 |       0.45 |1585494857835 |     219 |   220.0 | 0,46 | mscpc4.txt |1,6e+03 |
| 6 | 3700 | 5000 |   80 |       0.45 |1585494857835 |     219 |   220.0 | 0,46 | mscpc4.txt |1,6e+03 |
| 6 | 3800 | 5000 |   85 |       0.45 |1585494857835 |     219 |   220.0 | 0,46 | mscpc4.txt |1,7e+03 |
| 6 | 3900 | 5000 |   85 |       0.45 |1585494857835 |     219 |   220.0 | 0,46 | mscpc4.txt |1,7e+03 |
| 6 | 4000 | 5000 |   85 |       0.45 |1585494857835 |     219 |   220.0 | 0,46 | mscpc4.txt |1,8e+03 |
| 6 | 4100 | 5000 |   85 |       0.45 |1585494857835 |     219 |   220.0 | 0,46 | mscpc4.txt |1,8e+03 |
| 6 | 4200 | 5000 |   90 |       0.45 |1585494857835 |     219 |   220.0 | 0,46 | mscpc4.txt |1,8e+03 |
| 6 | 4300 | 5000 |   90 |       0.45 |1585494857835 |     219 |   220.0 | 0,46 | mscpc4.txt |1,9e+03 |
| 6 | 4400 | 5000 |   90 |       0.45 |1585494857835 |     219 |   220.0 | 0,46 | mscpc4.txt |1,9e+03 |
| 6 | 4500 | 5000 |   90 |       0.45 |1585494857835 |     219 |   220.0 | 0,46 | mscpc4.txt |2,0e+03 |
| 6 | 4600 | 5000 |   95 |       0.45 |1585494857835 |     219 |   220.0 | 0,46 | mscpc4.txt |2,0e+03 |
| 6 | 4700 | 5000 |   95 |       0.45 |1585494857835 |     219 |   220.0 | 0,46 | mscpc4.txt |2,1e+03 |
| 6 | 4800 | 5000 |   95 |       0.45 |1585494857835 |     219 |   220.0 | 0,46 | mscpc4.txt |2,1e+03 |
| 6 | 4900 | 5000 |   95 |       0.45 |1585494857835 |     219 |   220.0 | 0,46 | mscpc4.txt |2,1e+03 |
| 6 | 5000 | 5000 |  100 |       0.45 |1585494857835 |     219 |   220.0 | 0,46 | mscpc4.txt |2,2e+03 |
| 6 |  400 | 5000 |  100 |       0.45 |1585494857835 |     219 |   220.0 | 0,46 | mscpc4.txt |2,2e+03 |
| 7 |    1 | 5000 |   35 |       0.25 |1585497047581 |     219 |   378.0 |72,60 | mscpc4.txt | 0,29 |
| 7 |  100 | 5000 |   35 | 0.31428573 |1585497047581 |     219 |   301.0 |37,44 | mscpc4.txt |   25 |
| 7 |  200 | 5000 |   35 |       0.45 |1585497047581 |     219 |   289.0 |31,96 | mscpc4.txt |   51 |
| 7 |  300 | 5000 |   35 |        0.4 |1585497047581 |     219 |   284.0 |29,68 | mscpc4.txt |   77 |
| 7 |  400 | 5000 |   40 |       0.35 |1585497047581 |     219 |   236.0 | 7,76 | mscpc4.txt |1,1e+02 |
| 7 |  500 | 5000 |   40 |      0.225 |1585497047581 |     219 |   233.0 | 6,39 | mscpc4.txt |1,4e+02 |
| 7 |  600 | 5000 |   40 |       0.45 |1585497047581 |     219 |   228.0 | 4,11 | mscpc4.txt |1,8e+02 |
| 7 |  700 | 5000 |   40 |      0.425 |1585497047581 |     219 |   225.0 | 2,74 | mscpc4.txt |2,1e+02 |
| 7 |  800 | 5000 |   45 |       0.45 |1585497047581 |     219 |   225.0 | 2,74 | mscpc4.txt |2,5e+02 |
| 7 |  900 | 5000 |   45 |  0.2888889 |1585497047581 |     219 |   225.0 | 2,74 | mscpc4.txt |2,9e+02 |
| 7 | 1000 | 5000 |   45 | 0.26666668 |1585497047581 |     219 |   223.0 | 1,83 | mscpc4.txt |3,2e+02 |
| 7 | 1100 | 5000 |   45 | 0.26666668 |1585497047581 |     219 |   223.0 | 1,83 | mscpc4.txt |3,6e+02 |
| 7 | 1200 | 5000 |   50 |       0.26 |1585497047581 |     219 |   223.0 | 1,83 | mscpc4.txt |4,0e+02 |
| 7 | 1300 | 5000 |   50 |       0.26 |1585497047581 |     219 |   223.0 | 1,83 | mscpc4.txt |4,4e+02 |
| 7 | 1400 | 5000 |   50 |       0.45 |1585497047581 |     219 |   223.0 | 1,83 | mscpc4.txt |4,7e+02 |
| 7 | 1500 | 5000 |   50 |       0.45 |1585497047581 |     219 |   223.0 | 1,83 | mscpc4.txt |5,0e+02 |
| 7 | 1600 | 5000 |   55 |       0.45 |1585497047581 |     219 |   223.0 | 1,83 | mscpc4.txt |5,3e+02 |
| 7 | 1700 | 5000 |   55 |       0.45 |1585497047581 |     219 |   223.0 | 1,83 | mscpc4.txt |5,5e+02 |
| 7 | 1800 | 5000 |   55 |       0.45 |1585497047581 |     219 |   223.0 | 1,83 | mscpc4.txt |5,8e+02 |
| 7 | 1900 | 5000 |   55 |       0.45 |1585497047581 |     219 |   223.0 | 1,83 | mscpc4.txt |6,1e+02 |
| 7 | 2000 | 5000 |   60 |       0.45 |1585497047581 |     219 |   223.0 | 1,83 | mscpc4.txt |6,4e+02 |
| 7 | 2100 | 5000 |   60 |       0.45 |1585497047581 |     219 |   223.0 | 1,83 | mscpc4.txt |6,7e+02 |
| 7 | 2200 | 5000 |   60 |       0.45 |1585497047581 |     219 |   223.0 | 1,83 | mscpc4.txt |7,1e+02 |
| 7 | 2300 | 5000 |   60 |       0.45 |1585497047581 |     219 |   223.0 | 1,83 | mscpc4.txt |7,4e+02 |
| 7 | 2400 | 5000 |   65 |       0.45 |1585497047581 |     219 |   223.0 | 1,83 | mscpc4.txt |7,8e+02 |
| 7 | 2500 | 5000 |   65 |       0.45 |1585497047581 |     219 |   223.0 | 1,83 | mscpc4.txt |8,1e+02 |
| 7 | 2600 | 5000 |   65 |       0.45 |1585497047581 |     219 |   223.0 | 1,83 | mscpc4.txt |8,5e+02 |
| 7 | 2700 | 5000 |   65 |       0.45 |1585497047581 |     219 |   223.0 | 1,83 | mscpc4.txt |8,9e+02 |
| 7 | 2800 | 5000 |   70 |       0.45 |1585497047581 |     219 |   223.0 | 1,83 | mscpc4.txt |9,3e+02 |
| 7 | 2900 | 5000 |   70 |       0.45 |1585497047581 |     219 |   223.0 | 1,83 | mscpc4.txt |9,8e+02 |
| 7 | 3000 | 5000 |   70 |       0.45 |1585497047581 |     219 |   221.0 | 0,91 | mscpc4.txt |1,0e+03 |
| 7 | 3100 | 5000 |   70 |       0.45 |1585497047581 |     219 |   221.0 | 0,91 | mscpc4.txt |1,1e+03 |
| 7 | 3200 | 5000 |   75 |       0.45 |1585497047581 |     219 |   221.0 | 0,91 | mscpc4.txt |1,1e+03 |
| 7 | 3300 | 5000 |   75 |       0.45 |1585497047581 |     219 |   221.0 | 0,91 | mscpc4.txt |1,2e+03 |
| 7 | 3400 | 5000 |   75 |       0.45 |1585497047581 |     219 |   221.0 | 0,91 | mscpc4.txt |1,2e+03 |
| 7 | 3500 | 5000 |   75 |       0.45 |1585497047581 |     219 |   221.0 | 0,91 | mscpc4.txt |1,3e+03 |
| 7 | 3600 | 5000 |   80 |       0.45 |1585497047581 |     219 |   221.0 | 0,91 | mscpc4.txt |1,3e+03 |
| 7 | 3700 | 5000 |   80 |       0.45 |1585497047581 |     219 |   221.0 | 0,91 | mscpc4.txt |1,4e+03 |
| 7 | 3800 | 5000 |   80 |       0.45 |1585497047581 |     219 |   221.0 | 0,91 | mscpc4.txt |1,4e+03 |
| 7 | 3900 | 5000 |   80 |       0.45 |1585497047581 |     219 |   221.0 | 0,91 | mscpc4.txt |1,4e+03 |
| 7 | 4000 | 5000 |   85 |       0.45 |1585497047581 |     219 |   221.0 | 0,91 | mscpc4.txt |1,5e+03 |
| 7 | 4100 | 5000 |   85 |       0.45 |1585497047581 |     219 |   221.0 | 0,91 | mscpc4.txt |1,5e+03 |
| 7 | 4200 | 5000 |   85 |       0.45 |1585497047581 |     219 |   221.0 | 0,91 | mscpc4.txt |1,6e+03 |
| 7 | 4300 | 5000 |   85 |       0.45 |1585497047581 |     219 |   221.0 | 0,91 | mscpc4.txt |1,6e+03 |
| 7 | 4400 | 5000 |   90 |       0.45 |1585497047581 |     219 |   221.0 | 0,91 | mscpc4.txt |1,6e+03 |
| 7 | 4500 | 5000 |   90 |       0.45 |1585497047581 |     219 |   221.0 | 0,91 | mscpc4.txt |1,7e+03 |
| 7 | 4600 | 5000 |   90 |       0.45 |1585497047581 |     219 |   221.0 | 0,91 | mscpc4.txt |1,7e+03 |
| 7 | 4700 | 5000 |   90 |       0.45 |1585497047581 |     219 |   221.0 | 0,91 | mscpc4.txt |1,8e+03 |
| 7 | 4800 | 5000 |   95 |       0.45 |1585497047581 |     219 |   221.0 | 0,91 | mscpc4.txt |1,8e+03 |
| 7 | 4900 | 5000 |   95 |       0.45 |1585497047581 |     219 |   221.0 | 0,91 | mscpc4.txt |1,8e+03 |
| 7 | 5000 | 5000 |   95 |       0.45 |1585497047581 |     219 |   221.0 | 0,91 | mscpc4.txt |1,9e+03 |
| 7 |  400 | 5000 |   95 |       0.45 |1585497047581 |     219 |   221.0 | 0,91 | mscpc4.txt |1,9e+03 |
| 8 |    1 | 5000 |   35 |       0.25 |1585498936037 |     219 |   400.0 |82,65 | mscpc4.txt | 0,20 |
| 8 |  100 | 5000 |   35 | 0.31428573 |1585498936037 |     219 |   307.0 |40,18 | mscpc4.txt |   25 |
| 8 |  200 | 5000 |   40 |      0.375 |1585498936037 |     219 |   233.0 | 6,39 | mscpc4.txt |   57 |
| 8 |  300 | 5000 |   40 |      0.375 |1585498936037 |     219 |   233.0 | 6,39 | mscpc4.txt |   89 |
| 8 |  400 | 5000 |   40 |        0.3 |1585498936037 |     219 |   225.0 | 2,74 | mscpc4.txt |1,2e+02 |
| 8 |  500 | 5000 |   40 |      0.325 |1585498936037 |     219 |   225.0 | 2,74 | mscpc4.txt |1,5e+02 |
| 8 |  600 | 5000 |   45 |       0.45 |1585498936037 |     219 |   225.0 | 2,74 | mscpc4.txt |1,9e+02 |
| 8 |  700 | 5000 |   45 |       0.45 |1585498936037 |     219 |   225.0 | 2,74 | mscpc4.txt |2,3e+02 |
| 8 |  800 | 5000 |   45 | 0.33333334 |1585498936037 |     219 |   225.0 | 2,74 | mscpc4.txt |2,6e+02 |
| 8 |  900 | 5000 |   45 | 0.33333334 |1585498936037 |     219 |   225.0 | 2,74 | mscpc4.txt |3,0e+02 |
| 8 | 1000 | 5000 |   50 |       0.45 |1585498936037 |     219 |   225.0 | 2,74 | mscpc4.txt |3,2e+02 |
| 8 | 1100 | 5000 |   50 |       0.45 |1585498936037 |     219 |   225.0 | 2,74 | mscpc4.txt |3,5e+02 |
| 8 | 1200 | 5000 |   50 |       0.45 |1585498936037 |     219 |   225.0 | 2,74 | mscpc4.txt |3,8e+02 |
| 8 | 1300 | 5000 |   50 |       0.45 |1585498936037 |     219 |   225.0 | 2,74 | mscpc4.txt |4,0e+02 |
| 8 | 1400 | 5000 |   55 |       0.45 |1585498936037 |     219 |   225.0 | 2,74 | mscpc4.txt |4,3e+02 |
| 8 | 1500 | 5000 |   55 |       0.45 |1585498936037 |     219 |   225.0 | 2,74 | mscpc4.txt |4,7e+02 |
| 8 | 1600 | 5000 |   55 |       0.45 |1585498936037 |     219 |   225.0 | 2,74 | mscpc4.txt |5,0e+02 |
| 8 | 1700 | 5000 |   55 |       0.45 |1585498936037 |     219 |   225.0 | 2,74 | mscpc4.txt |5,3e+02 |
| 8 | 1800 | 5000 |   60 |       0.45 |1585498936037 |     219 |   225.0 | 2,74 | mscpc4.txt |5,6e+02 |
| 8 | 1900 | 5000 |   60 |       0.45 |1585498936037 |     219 |   225.0 | 2,74 | mscpc4.txt |6,0e+02 |
| 8 | 2000 | 5000 |   60 |       0.45 |1585498936037 |     219 |   225.0 | 2,74 | mscpc4.txt |6,4e+02 |
| 8 | 2100 | 5000 |   60 |       0.45 |1585498936037 |     219 |   225.0 | 2,74 | mscpc4.txt |6,7e+02 |
| 8 | 2200 | 5000 |   65 |       0.45 |1585498936037 |     219 |   224.0 | 2,28 | mscpc4.txt |7,1e+02 |
| 8 | 2300 | 5000 |   65 |       0.45 |1585498936037 |     219 |   224.0 | 2,28 | mscpc4.txt |7,6e+02 |
| 8 | 2400 | 5000 |   65 |       0.45 |1585498936037 |     219 |   222.0 | 1,37 | mscpc4.txt |8,0e+02 |
| 8 | 2500 | 5000 |   65 |       0.45 |1585498936037 |     219 |   222.0 | 1,37 | mscpc4.txt |8,4e+02 |
| 8 | 2600 | 5000 |   70 |       0.45 |1585498936037 |     219 |   222.0 | 1,37 | mscpc4.txt |8,9e+02 |
| 8 | 2700 | 5000 |   70 |       0.45 |1585498936037 |     219 |   222.0 | 1,37 | mscpc4.txt |9,3e+02 |
| 8 | 2800 | 5000 |   70 |       0.45 |1585498936037 |     219 |   222.0 | 1,37 | mscpc4.txt |9,8e+02 |
| 8 | 2900 | 5000 |   70 |       0.45 |1585498936037 |     219 |   222.0 | 1,37 | mscpc4.txt |1,0e+03 |
| 8 | 3000 | 5000 |   75 |       0.45 |1585498936037 |     219 |   221.0 | 0,91 | mscpc4.txt |1,1e+03 |
| 8 | 3100 | 5000 |   75 |       0.45 |1585498936037 |     219 |   221.0 | 0,91 | mscpc4.txt |1,1e+03 |
| 8 | 3200 | 5000 |   75 |       0.45 |1585498936037 |     219 |   221.0 | 0,91 | mscpc4.txt |1,2e+03 |
| 8 | 3300 | 5000 |   75 |       0.45 |1585498936037 |     219 |   221.0 | 0,91 | mscpc4.txt |1,2e+03 |
| 8 | 3400 | 5000 |   80 |       0.45 |1585498936037 |     219 |   221.0 | 0,91 | mscpc4.txt |1,3e+03 |
| 8 | 3500 | 5000 |   80 |       0.45 |1585498936037 |     219 |   221.0 | 0,91 | mscpc4.txt |1,4e+03 |
| 8 | 3600 | 5000 |   80 |       0.45 |1585498936037 |     219 |   221.0 | 0,91 | mscpc4.txt |1,4e+03 |
| 8 | 3700 | 5000 |   80 |       0.45 |1585498936037 |     219 |   221.0 | 0,91 | mscpc4.txt |1,5e+03 |
| 8 | 3800 | 5000 |   85 |       0.45 |1585498936037 |     219 |   221.0 | 0,91 | mscpc4.txt |1,6e+03 |
| 8 | 3900 | 5000 |   85 |       0.45 |1585498936037 |     219 |   221.0 | 0,91 | mscpc4.txt |1,6e+03 |
| 8 | 4000 | 5000 |   85 |       0.45 |1585498936037 |     219 |   221.0 | 0,91 | mscpc4.txt |1,7e+03 |
| 8 | 4100 | 5000 |   85 |       0.45 |1585498936037 |     219 |   221.0 | 0,91 | mscpc4.txt |1,7e+03 |
| 8 | 4200 | 5000 |   90 |       0.45 |1585498936037 |     219 |   221.0 | 0,91 | mscpc4.txt |1,7e+03 |
| 8 | 4300 | 5000 |   90 |       0.45 |1585498936037 |     219 |   221.0 | 0,91 | mscpc4.txt |1,8e+03 |
| 8 | 4400 | 5000 |   90 |       0.45 |1585498936037 |     219 |   221.0 | 0,91 | mscpc4.txt |1,8e+03 |
| 8 | 4500 | 5000 |   90 |       0.45 |1585498936037 |     219 |   221.0 | 0,91 | mscpc4.txt |1,9e+03 |
| 8 | 4600 | 5000 |   95 |       0.45 |1585498936037 |     219 |   221.0 | 0,91 | mscpc4.txt |1,9e+03 |
| 8 | 4700 | 5000 |   95 |       0.45 |1585498936037 |     219 |   221.0 | 0,91 | mscpc4.txt |2,0e+03 |
| 8 | 4800 | 5000 |   95 |       0.45 |1585498936037 |     219 |   221.0 | 0,91 | mscpc4.txt |2,0e+03 |
| 8 | 4900 | 5000 |   95 |       0.45 |1585498936037 |     219 |   221.0 | 0,91 | mscpc4.txt |2,1e+03 |
| 8 | 5000 | 5000 |  100 |       0.45 |1585498936037 |     219 |   221.0 | 0,91 | mscpc4.txt |2,1e+03 |
| 8 |  400 | 5000 |  100 |       0.45 |1585498936037 |     219 |   221.0 | 0,91 | mscpc4.txt |2,1e+03 |
| 9 |    1 | 5000 |   35 |       0.25 |1585501082445 |     219 |   385.0 |75,80 | mscpc4.txt | 0,28 |
| 9 |  100 | 5000 |   35 | 0.37142858 |1585501082445 |     219 |   305.0 |39,27 | mscpc4.txt |   27 |
| 9 |  200 | 5000 |   35 |        0.4 |1585501082445 |     219 |   288.0 |31,51 | mscpc4.txt |   58 |
| 9 |  300 | 5000 |   35 | 0.37142858 |1585501082445 |     219 |   288.0 |31,51 | mscpc4.txt |   87 |
| 9 |  400 | 5000 |   40 |       0.45 |1585501082445 |     219 |   246.0 |12,33 | mscpc4.txt |1,2e+02 |
| 9 |  500 | 5000 |   40 |       0.45 |1585501082445 |     219 |   238.0 | 8,68 | mscpc4.txt |1,5e+02 |
| 9 |  600 | 5000 |   40 |        0.4 |1585501082445 |     219 |   232.0 | 5,94 | mscpc4.txt |1,9e+02 |
| 9 |  700 | 5000 |   40 |       0.45 |1585501082445 |     219 |   232.0 | 5,94 | mscpc4.txt |2,3e+02 |
| 9 |  800 | 5000 |   40 |       0.35 |1585501082445 |     219 |   232.0 | 5,94 | mscpc4.txt |2,6e+02 |
| 9 |  900 | 5000 |   45 |       0.45 |1585501082445 |     219 |   231.0 | 5,48 | mscpc4.txt |3,2e+02 |
| 9 | 1000 | 5000 |   45 | 0.44444445 |1585501082445 |     219 |   231.0 | 5,48 | mscpc4.txt |3,7e+02 |
| 9 | 1100 | 5000 |   45 |       0.45 |1585501082445 |     219 |   231.0 | 5,48 | mscpc4.txt |4,2e+02 |
| 9 | 1200 | 5000 |   45 |       0.45 |1585501082445 |     219 |   229.0 | 4,57 | mscpc4.txt |4,7e+02 |
| 9 | 1300 | 5000 |   50 |       0.45 |1585501082445 |     219 |   227.0 | 3,65 | mscpc4.txt |5,3e+02 |
| 9 | 1400 | 5000 |   50 |       0.45 |1585501082445 |     219 |   227.0 | 3,65 | mscpc4.txt |5,8e+02 |
| 9 | 1500 | 5000 |   50 |       0.45 |1585501082445 |     219 |   227.0 | 3,65 | mscpc4.txt |6,3e+02 |
| 9 | 1600 | 5000 |   50 |       0.45 |1585501082445 |     219 |   227.0 | 3,65 | mscpc4.txt |6,8e+02 |
| 9 | 1700 | 5000 |   55 |       0.45 |1585501082445 |     219 |   225.0 | 2,74 | mscpc4.txt |7,4e+02 |
| 9 | 1800 | 5000 |   55 |       0.45 |1585501082445 |     219 |   225.0 | 2,74 | mscpc4.txt |8,0e+02 |
| 9 | 1900 | 5000 |   55 |       0.45 |1585501082445 |     219 |   225.0 | 2,74 | mscpc4.txt |8,4e+02 |
| 9 | 2000 | 5000 |   55 |       0.45 |1585501082445 |     219 |   225.0 | 2,74 | mscpc4.txt |9,0e+02 |
| 9 | 2100 | 5000 |   60 | 0.43333334 |1585501082445 |     219 |   225.0 | 2,74 | mscpc4.txt |9,5e+02 |
| 9 | 2200 | 5000 |   60 | 0.41666666 |1585501082445 |     219 |   225.0 | 2,74 | mscpc4.txt |1,0e+03 |
| 9 | 2300 | 5000 |   60 | 0.38333333 |1585501082445 |     219 |   224.0 | 2,28 | mscpc4.txt |1,1e+03 |
| 9 | 2400 | 5000 |   60 | 0.36666667 |1585501082445 |     219 |   224.0 | 2,28 | mscpc4.txt |1,2e+03 |
| 9 | 2500 | 5000 |   65 | 0.36923078 |1585501082445 |     219 |   223.0 | 1,83 | mscpc4.txt |1,2e+03 |
| 9 | 2600 | 5000 |   65 |        0.4 |1585501082445 |     219 |   223.0 | 1,83 | mscpc4.txt |1,3e+03 |
| 9 | 2700 | 5000 |   65 |        0.4 |1585501082445 |     219 |   222.0 | 1,37 | mscpc4.txt |1,4e+03 |
| 9 | 2800 | 5000 |   65 | 0.41538462 |1585501082445 |     219 |   222.0 | 1,37 | mscpc4.txt |1,5e+03 |
| 9 | 2900 | 5000 |   70 | 0.42857143 |1585501082445 |     219 |   222.0 | 1,37 | mscpc4.txt |1,5e+03 |
| 9 | 3000 | 5000 |   70 | 0.42857143 |1585501082445 |     219 |   222.0 | 1,37 | mscpc4.txt |1,6e+03 |
| 9 | 3100 | 5000 |   70 |  0.3857143 |1585501082445 |     219 |   222.0 | 1,37 | mscpc4.txt |1,7e+03 |
| 9 | 3200 | 5000 |   70 |  0.3857143 |1585501082445 |     219 |   222.0 | 1,37 | mscpc4.txt |1,8e+03 |
| 9 | 3300 | 5000 |   75 | 0.37333333 |1585501082445 |     219 |   222.0 | 1,37 | mscpc4.txt |1,9e+03 |
| 9 | 3400 | 5000 |   75 | 0.37333333 |1585501082445 |     219 |   222.0 | 1,37 | mscpc4.txt |1,9e+03 |
| 9 | 3500 | 5000 |   75 | 0.37333333 |1585501082445 |     219 |   222.0 | 1,37 | mscpc4.txt |2,0e+03 |
| 9 | 3600 | 5000 |   75 | 0.37333333 |1585501082445 |     219 |   222.0 | 1,37 | mscpc4.txt |2,1e+03 |
| 9 | 3700 | 5000 |   80 |       0.35 |1585501082445 |     219 |   222.0 | 1,37 | mscpc4.txt |2,2e+03 |
| 9 | 3800 | 5000 |   80 |     0.3625 |1585501082445 |     219 |   222.0 | 1,37 | mscpc4.txt |2,2e+03 |
| 9 | 3900 | 5000 |   80 |     0.3625 |1585501082445 |     219 |   222.0 | 1,37 | mscpc4.txt |2,3e+03 |
| 9 | 4000 | 5000 |   80 |     0.3625 |1585501082445 |     219 |   222.0 | 1,37 | mscpc4.txt |2,4e+03 |
| 9 | 4100 | 5000 |   85 |  0.4117647 |1585501082445 |     219 |   222.0 | 1,37 | mscpc4.txt |2,5e+03 |
| 9 | 4200 | 5000 |   85 |  0.4117647 |1585501082445 |     219 |   222.0 | 1,37 | mscpc4.txt |2,6e+03 |
| 9 | 4300 | 5000 |   85 |  0.4117647 |1585501082445 |     219 |   222.0 | 1,37 | mscpc4.txt |2,7e+03 |
| 9 | 4400 | 5000 |   85 |  0.4117647 |1585501082445 |     219 |   222.0 | 1,37 | mscpc4.txt |2,8e+03 |
| 9 | 4500 | 5000 |   90 | 0.35555556 |1585501082445 |     219 |   222.0 | 1,37 | mscpc4.txt |2,9e+03 |
| 9 | 4600 | 5000 |   90 |       0.45 |1585501082445 |     219 |   222.0 | 1,37 | mscpc4.txt |3,0e+03 |
| 9 | 4700 | 5000 |   90 |       0.45 |1585501082445 |     219 |   222.0 | 1,37 | mscpc4.txt |3,1e+03 |
| 9 | 4800 | 5000 |   90 |       0.45 |1585501082445 |     219 |   222.0 | 1,37 | mscpc4.txt |3,1e+03 |
| 9 | 4900 | 5000 |   95 |       0.45 |1585501082445 |     219 |   222.0 | 1,37 | mscpc4.txt |3,2e+03 |
| 9 | 5000 | 5000 |   95 |       0.45 |1585501082445 |     219 |   222.0 | 1,37 | mscpc4.txt |3,2e+03 |
| 9 |  400 | 5000 |   95 |       0.45 |1585501082445 |     219 |   222.0 | 1,37 | mscpc4.txt |3,2e+03 |
|10 |    1 | 5000 |   35 |       0.25 |1585504289519 |     219 |   355.0 |62,10 | mscpc4.txt | 0,27 |
|10 |  100 | 5000 |   35 | 0.34285715 |1585504289519 |     219 |   301.0 |37,44 | mscpc4.txt |   33 |
|10 |  200 | 5000 |   35 | 0.37142858 |1585504289519 |     219 |   286.0 |30,59 | mscpc4.txt |   66 |
|10 |  300 | 5000 |   40 |       0.45 |1585504289519 |     219 |   237.0 | 8,22 | mscpc4.txt |1,1e+02 |
|10 |  400 | 5000 |   40 |       0.45 |1585504289519 |     219 |   230.0 | 5,02 | mscpc4.txt |1,5e+02 |
|10 |  500 | 5000 |   40 |      0.275 |1585504289519 |     219 |   228.0 | 4,11 | mscpc4.txt |2,0e+02 |
|10 |  600 | 5000 |   40 |      0.275 |1585504289519 |     219 |   225.0 | 2,74 | mscpc4.txt |2,6e+02 |
|10 |  700 | 5000 |   45 | 0.35555556 |1585504289519 |     219 |   225.0 | 2,74 | mscpc4.txt |3,2e+02 |
|10 |  800 | 5000 |   45 |        0.4 |1585504289519 |     219 |   225.0 | 2,74 | mscpc4.txt |3,9e+02 |
|10 |  900 | 5000 |   45 | 0.42222223 |1585504289519 |     219 |   224.0 | 2,28 | mscpc4.txt |4,5e+02 |
|10 | 1000 | 5000 |   45 |        0.4 |1585504289519 |     219 |   224.0 | 2,28 | mscpc4.txt |5,1e+02 |
|10 | 1100 | 5000 |   50 |       0.45 |1585504289519 |     219 |   224.0 | 2,28 | mscpc4.txt |5,9e+02 |
|10 | 1200 | 5000 |   50 |       0.38 |1585504289519 |     219 |   223.0 | 1,83 | mscpc4.txt |6,6e+02 |
|10 | 1300 | 5000 |   50 |        0.4 |1585504289519 |     219 |   223.0 | 1,83 | mscpc4.txt |7,1e+02 |
|10 | 1400 | 5000 |   50 |       0.32 |1585504289519 |     219 |   223.0 | 1,83 | mscpc4.txt |7,7e+02 |
|10 | 1500 | 5000 |   55 | 0.43636364 |1585504289519 |     219 |   223.0 | 1,83 | mscpc4.txt |8,4e+02 |
|10 | 1600 | 5000 |   55 |       0.45 |1585504289519 |     219 |   223.0 | 1,83 | mscpc4.txt |9,0e+02 |
|10 | 1700 | 5000 |   55 |       0.45 |1585504289519 |     219 |   223.0 | 1,83 | mscpc4.txt |9,7e+02 |
|10 | 1800 | 5000 |   55 |       0.45 |1585504289519 |     219 |   223.0 | 1,83 | mscpc4.txt |1,0e+03 |
|10 | 1900 | 5000 |   60 |        0.3 |1585504289519 |     219 |   223.0 | 1,83 | mscpc4.txt |1,1e+03 |
|10 | 2000 | 5000 |   60 |        0.3 |1585504289519 |     219 |   223.0 | 1,83 | mscpc4.txt |1,2e+03 |
|10 | 2100 | 5000 |   60 |        0.3 |1585504289519 |     219 |   222.0 | 1,37 | mscpc4.txt |1,2e+03 |
|10 | 2200 | 5000 |   60 |        0.3 |1585504289519 |     219 |   222.0 | 1,37 | mscpc4.txt |1,3e+03 |
|10 | 2300 | 5000 |   65 |  0.2769231 |1585504289519 |     219 |   222.0 | 1,37 | mscpc4.txt |1,3e+03 |
|10 | 2400 | 5000 |   65 |  0.2769231 |1585504289519 |     219 |   222.0 | 1,37 | mscpc4.txt |1,4e+03 |
|10 | 2500 | 5000 |   65 |  0.2769231 |1585504289519 |     219 |   222.0 | 1,37 | mscpc4.txt |1,5e+03 |
|10 | 2600 | 5000 |   65 |  0.2769231 |1585504289519 |     219 |   222.0 | 1,37 | mscpc4.txt |1,6e+03 |
|10 | 2700 | 5000 |   70 | 0.25714287 |1585504289519 |     219 |   222.0 | 1,37 | mscpc4.txt |1,6e+03 |
|10 | 2800 | 5000 |   70 | 0.25714287 |1585504289519 |     219 |   222.0 | 1,37 | mscpc4.txt |1,7e+03 |
|10 | 2900 | 5000 |   70 |       0.45 |1585504289519 |     219 |   222.0 | 1,37 | mscpc4.txt |1,8e+03 |
|10 | 3000 | 5000 |   70 |       0.45 |1585504289519 |     219 |   222.0 | 1,37 | mscpc4.txt |1,8e+03 |
|10 | 3100 | 5000 |   75 |       0.45 |1585504289519 |     219 |   222.0 | 1,37 | mscpc4.txt |1,9e+03 |
|10 | 3200 | 5000 |   75 |       0.45 |1585504289519 |     219 |   222.0 | 1,37 | mscpc4.txt |1,9e+03 |
|10 | 3300 | 5000 |   75 |       0.45 |1585504289519 |     219 |   222.0 | 1,37 | mscpc4.txt |2,0e+03 |
|10 | 3400 | 5000 |   75 |       0.45 |1585504289519 |     219 |   222.0 | 1,37 | mscpc4.txt |2,1e+03 |
|10 | 3500 | 5000 |   80 |       0.45 |1585504289519 |     219 |   222.0 | 1,37 | mscpc4.txt |2,1e+03 |
|10 | 3600 | 5000 |   80 |       0.45 |1585504289519 |     219 |   222.0 | 1,37 | mscpc4.txt |2,2e+03 |
|10 | 3700 | 5000 |   80 |       0.45 |1585504289519 |     219 |   222.0 | 1,37 | mscpc4.txt |2,3e+03 |
|10 | 3800 | 5000 |   80 |       0.45 |1585504289519 |     219 |   222.0 | 1,37 | mscpc4.txt |2,3e+03 |
|10 | 3900 | 5000 |   85 |       0.45 |1585504289519 |     219 |   222.0 | 1,37 | mscpc4.txt |2,4e+03 |
|10 | 4000 | 5000 |   85 |       0.45 |1585504289519 |     219 |   222.0 | 1,37 | mscpc4.txt |2,5e+03 |
|10 | 4100 | 5000 |   85 |       0.45 |1585504289519 |     219 |   222.0 | 1,37 | mscpc4.txt |2,6e+03 |
|10 | 4200 | 5000 |   85 |       0.45 |1585504289519 |     219 |   222.0 | 1,37 | mscpc4.txt |2,6e+03 |
|10 | 4300 | 5000 |   90 |       0.45 |1585504289519 |     219 |   222.0 | 1,37 | mscpc4.txt |2,7e+03 |
|10 | 4400 | 5000 |   90 |       0.45 |1585504289519 |     219 |   222.0 | 1,37 | mscpc4.txt |2,8e+03 |
|10 | 4500 | 5000 |   90 |       0.45 |1585504289519 |     219 |   222.0 | 1,37 | mscpc4.txt |2,8e+03 |
|10 | 4600 | 5000 |   90 |       0.45 |1585504289519 |     219 |   222.0 | 1,37 | mscpc4.txt |2,9e+03 |
|10 | 4700 | 5000 |   95 |       0.45 |1585504289519 |     219 |   222.0 | 1,37 | mscpc4.txt |3,0e+03 |
|10 | 4800 | 5000 |   95 |       0.45 |1585504289519 |     219 |   222.0 | 1,37 | mscpc4.txt |3,1e+03 |
|10 | 4900 | 5000 |   95 |       0.45 |1585504289519 |     219 |   222.0 | 1,37 | mscpc4.txt |3,1e+03 |
|10 | 5000 | 5000 |   95 |       0.45 |1585504289519 |     219 |   222.0 | 1,37 | mscpc4.txt |3,2e+03 |
|10 |  400 | 5000 |  100 |       0.45 |1585504289519 |     219 |   222.0 | 1,37 | mscpc4.txt |3,2e+03 |
|11 |    1 | 5000 |   35 |       0.25 |1585507507395 |     219 |   373.0 |70,32 | mscpc4.txt | 0,44 |
|11 |  100 | 5000 |   35 | 0.42857143 |1585507507395 |     219 |   308.0 |40,64 | mscpc4.txt |   33 |
|11 |  200 | 5000 |   35 |       0.45 |1585507507395 |     219 |   296.0 |35,16 | mscpc4.txt |   67 |
|11 |  300 | 5000 |   35 |       0.45 |1585507507395 |     219 |   281.0 |28,31 | mscpc4.txt |1,0e+02 |
|11 |  400 | 5000 |   35 |       0.45 |1585507507395 |     219 |   276.0 |26,03 | mscpc4.txt |1,4e+02 |
|11 |  500 | 5000 |   40 |       0.45 |1585507507395 |     219 |   233.0 | 6,39 | mscpc4.txt |1,8e+02 |
|11 |  600 | 5000 |   40 |       0.45 |1585507507395 |     219 |   227.0 | 3,65 | mscpc4.txt |2,2e+02 |
|11 |  700 | 5000 |   40 |        0.4 |1585507507395 |     219 |   224.0 | 2,28 | mscpc4.txt |2,7e+02 |
|11 |  800 | 5000 |   40 |       0.45 |1585507507395 |     219 |   224.0 | 2,28 | mscpc4.txt |3,1e+02 |
|11 |  900 | 5000 |   45 |       0.45 |1585507507395 |     219 |   224.0 | 2,28 | mscpc4.txt |3,6e+02 |
|11 | 1000 | 5000 |   45 |  0.2888889 |1585507507395 |     219 |   223.0 | 1,83 | mscpc4.txt |4,1e+02 |
|11 | 1100 | 5000 |   45 |  0.2888889 |1585507507395 |     219 |   223.0 | 1,83 | mscpc4.txt |4,5e+02 |
|11 | 1200 | 5000 |   45 | 0.26666668 |1585507507395 |     219 |   223.0 | 1,83 | mscpc4.txt |5,0e+02 |
|11 | 1300 | 5000 |   50 |       0.24 |1585507507395 |     219 |   222.0 | 1,37 | mscpc4.txt |5,6e+02 |
|11 | 1400 | 5000 |   50 |       0.24 |1585507507395 |     219 |   222.0 | 1,37 | mscpc4.txt |6,2e+02 |
|11 | 1500 | 5000 |   50 |       0.24 |1585507507395 |     219 |   222.0 | 1,37 | mscpc4.txt |6,7e+02 |
|11 | 1600 | 5000 |   50 |       0.24 |1585507507395 |     219 |   222.0 | 1,37 | mscpc4.txt |7,3e+02 |
|11 | 1700 | 5000 |   55 | 0.23636363 |1585507507395 |     219 |   222.0 | 1,37 | mscpc4.txt |7,9e+02 |
|11 | 1800 | 5000 |   55 |       0.45 |1585507507395 |     219 |   222.0 | 1,37 | mscpc4.txt |8,4e+02 |
|11 | 1900 | 5000 |   55 |       0.45 |1585507507395 |     219 |   222.0 | 1,37 | mscpc4.txt |8,9e+02 |
|11 | 2000 | 5000 |   55 |       0.45 |1585507507395 |     219 |   222.0 | 1,37 | mscpc4.txt |9,4e+02 |
|11 | 2100 | 5000 |   60 |       0.45 |1585507507395 |     219 |   222.0 | 1,37 | mscpc4.txt |1,0e+03 |
|11 | 2200 | 5000 |   60 |       0.45 |1585507507395 |     219 |   222.0 | 1,37 | mscpc4.txt |1,1e+03 |
|11 | 2300 | 5000 |   60 |       0.45 |1585507507395 |     219 |   222.0 | 1,37 | mscpc4.txt |1,1e+03 |
|11 | 2400 | 5000 |   60 |       0.45 |1585507507395 |     219 |   222.0 | 1,37 | mscpc4.txt |1,2e+03 |
|11 | 2500 | 5000 |   65 |       0.45 |1585507507395 |     219 |   222.0 | 1,37 | mscpc4.txt |1,2e+03 |
|11 | 2600 | 5000 |   65 |       0.45 |1585507507395 |     219 |   222.0 | 1,37 | mscpc4.txt |1,3e+03 |
|11 | 2700 | 5000 |   65 |       0.45 |1585507507395 |     219 |   222.0 | 1,37 | mscpc4.txt |1,4e+03 |
|11 | 2800 | 5000 |   65 |       0.45 |1585507507395 |     219 |   222.0 | 1,37 | mscpc4.txt |1,4e+03 |
|11 | 2900 | 5000 |   70 |       0.45 |1585507507395 |     219 |   222.0 | 1,37 | mscpc4.txt |1,5e+03 |
|11 | 3000 | 5000 |   70 |       0.45 |1585507507395 |     219 |   222.0 | 1,37 | mscpc4.txt |1,6e+03 |
|11 | 3100 | 5000 |   70 |       0.45 |1585507507395 |     219 |   222.0 | 1,37 | mscpc4.txt |1,6e+03 |
|11 | 3200 | 5000 |   70 |       0.45 |1585507507395 |     219 |   222.0 | 1,37 | mscpc4.txt |1,7e+03 |
|11 | 3300 | 5000 |   75 |       0.45 |1585507507395 |     219 |   222.0 | 1,37 | mscpc4.txt |1,8e+03 |
|11 | 3400 | 5000 |   75 |       0.45 |1585507507395 |     219 |   222.0 | 1,37 | mscpc4.txt |1,9e+03 |
|11 | 3500 | 5000 |   75 |       0.45 |1585507507395 |     219 |   222.0 | 1,37 | mscpc4.txt |1,9e+03 |
|11 | 3600 | 5000 |   75 |       0.45 |1585507507395 |     219 |   222.0 | 1,37 | mscpc4.txt |2,0e+03 |
|11 | 3700 | 5000 |   80 |       0.45 |1585507507395 |     219 |   222.0 | 1,37 | mscpc4.txt |2,0e+03 |
|11 | 3800 | 5000 |   80 |       0.45 |1585507507395 |     219 |   222.0 | 1,37 | mscpc4.txt |2,1e+03 |
|11 | 3900 | 5000 |   80 |       0.45 |1585507507395 |     219 |   222.0 | 1,37 | mscpc4.txt |2,2e+03 |
|11 | 4000 | 5000 |   80 |       0.45 |1585507507395 |     219 |   222.0 | 1,37 | mscpc4.txt |2,2e+03 |
|11 | 4100 | 5000 |   85 |       0.45 |1585507507395 |     219 |   222.0 | 1,37 | mscpc4.txt |2,3e+03 |
|11 | 4200 | 5000 |   85 |       0.45 |1585507507395 |     219 |   222.0 | 1,37 | mscpc4.txt |2,4e+03 |
|11 | 4300 | 5000 |   85 |       0.45 |1585507507395 |     219 |   222.0 | 1,37 | mscpc4.txt |2,5e+03 |
|11 | 4400 | 5000 |   85 |       0.45 |1585507507395 |     219 |   222.0 | 1,37 | mscpc4.txt |2,5e+03 |
|11 | 4500 | 5000 |   90 |       0.45 |1585507507395 |     219 |   222.0 | 1,37 | mscpc4.txt |2,6e+03 |
|11 | 4600 | 5000 |   90 |       0.45 |1585507507395 |     219 |   222.0 | 1,37 | mscpc4.txt |2,7e+03 |
|11 | 4700 | 5000 |   90 |       0.45 |1585507507395 |     219 |   222.0 | 1,37 | mscpc4.txt |2,8e+03 |
|11 | 4800 | 5000 |   90 |       0.45 |1585507507395 |     219 |   222.0 | 1,37 | mscpc4.txt |2,9e+03 |
|11 | 4900 | 5000 |   95 |       0.45 |1585507507395 |     219 |   222.0 | 1,37 | mscpc4.txt |3,0e+03 |
|11 | 5000 | 5000 |   95 |       0.45 |1585507507395 |     219 |   222.0 | 1,37 | mscpc4.txt |3,0e+03 |
|11 |  400 | 5000 |   95 |       0.45 |1585507507395 |     219 |   222.0 | 1,37 | mscpc4.txt |3,0e+03 |
|12 |    1 | 5000 |   35 |       0.25 |1585510540430 |     219 |   380.0 |73,52 | mscpc4.txt | 0,21 |
|12 |  100 | 5000 |   35 | 0.25714287 |1585510540430 |     219 |   288.0 |31,51 | mscpc4.txt |   32 |
|12 |  200 | 5000 |   35 |       0.45 |1585510540430 |     219 |   283.0 |29,22 | mscpc4.txt |   67 |
|12 |  300 | 5000 |   40 |       0.45 |1585510540430 |     219 |   237.0 | 8,22 | mscpc4.txt |1,1e+02 |
|12 |  400 | 5000 |   40 |      0.425 |1585510540430 |     219 |   233.0 | 6,39 | mscpc4.txt |1,5e+02 |
|12 |  500 | 5000 |   40 |      0.425 |1585510540430 |     219 |   228.0 | 4,11 | mscpc4.txt |2,0e+02 |
|12 |  600 | 5000 |   40 |      0.425 |1585510540430 |     219 |   226.0 | 3,20 | mscpc4.txt |2,4e+02 |
|12 |  700 | 5000 |   45 |       0.45 |1585510540430 |     219 |   226.0 | 3,20 | mscpc4.txt |2,9e+02 |
|12 |  800 | 5000 |   45 |  0.2888889 |1585510540430 |     219 |   224.0 | 2,28 | mscpc4.txt |3,4e+02 |
|12 |  900 | 5000 |   45 | 0.31111112 |1585510540430 |     219 |   223.0 | 1,83 | mscpc4.txt |3,8e+02 |
|12 | 1000 | 5000 |   45 |  0.2888889 |1585510540430 |     219 |   222.0 | 1,37 | mscpc4.txt |4,3e+02 |
|12 | 1100 | 5000 |   50 |       0.32 |1585510540430 |     219 |   222.0 | 1,37 | mscpc4.txt |4,8e+02 |
|12 | 1200 | 5000 |   50 |       0.26 |1585510540430 |     219 |   222.0 | 1,37 | mscpc4.txt |5,3e+02 |
|12 | 1300 | 5000 |   50 |       0.28 |1585510540430 |     219 |   222.0 | 1,37 | mscpc4.txt |5,8e+02 |
|12 | 1400 | 5000 |   50 |       0.26 |1585510540430 |     219 |   222.0 | 1,37 | mscpc4.txt |6,3e+02 |
|12 | 1500 | 5000 |   55 |  0.3090909 |1585510540430 |     219 |   222.0 | 1,37 | mscpc4.txt |6,9e+02 |
|12 | 1600 | 5000 |   55 |       0.45 |1585510540430 |     219 |   222.0 | 1,37 | mscpc4.txt |7,4e+02 |
|12 | 1700 | 5000 |   55 |       0.45 |1585510540430 |     219 |   222.0 | 1,37 | mscpc4.txt |7,9e+02 |
|12 | 1800 | 5000 |   55 |       0.45 |1585510540430 |     219 |   222.0 | 1,37 | mscpc4.txt |8,5e+02 |
|12 | 1900 | 5000 |   60 |       0.45 |1585510540430 |     219 |   222.0 | 1,37 | mscpc4.txt |9,1e+02 |
|12 | 2000 | 5000 |   60 |       0.45 |1585510540430 |     219 |   222.0 | 1,37 | mscpc4.txt |9,8e+02 |
|12 | 2100 | 5000 |   60 |       0.45 |1585510540430 |     219 |   222.0 | 1,37 | mscpc4.txt |1,0e+03 |
|12 | 2200 | 5000 |   60 |       0.45 |1585510540430 |     219 |   222.0 | 1,37 | mscpc4.txt |1,1e+03 |
|12 | 2300 | 5000 |   65 |       0.45 |1585510540430 |     219 |   222.0 | 1,37 | mscpc4.txt |1,2e+03 |
|12 | 2400 | 5000 |   65 |       0.45 |1585510540430 |     219 |   222.0 | 1,37 | mscpc4.txt |1,2e+03 |
|12 | 2500 | 5000 |   65 |       0.45 |1585510540430 |     219 |   222.0 | 1,37 | mscpc4.txt |1,3e+03 |
|12 | 2600 | 5000 |   65 |       0.45 |1585510540430 |     219 |   222.0 | 1,37 | mscpc4.txt |1,4e+03 |
|12 | 2700 | 5000 |   70 |       0.45 |1585510540430 |     219 |   222.0 | 1,37 | mscpc4.txt |1,4e+03 |
|12 | 2800 | 5000 |   70 |       0.45 |1585510540430 |     219 |   222.0 | 1,37 | mscpc4.txt |1,5e+03 |
|12 | 2900 | 5000 |   70 |       0.45 |1585510540430 |     219 |   222.0 | 1,37 | mscpc4.txt |1,5e+03 |
|12 | 3000 | 5000 |   70 |       0.45 |1585510540430 |     219 |   222.0 | 1,37 | mscpc4.txt |1,6e+03 |
|12 | 3100 | 5000 |   75 |       0.45 |1585510540430 |     219 |   222.0 | 1,37 | mscpc4.txt |1,6e+03 |
|12 | 3200 | 5000 |   75 |       0.45 |1585510540430 |     219 |   222.0 | 1,37 | mscpc4.txt |1,7e+03 |
|12 | 3300 | 5000 |   75 |       0.45 |1585510540430 |     219 |   222.0 | 1,37 | mscpc4.txt |1,7e+03 |
|12 | 3400 | 5000 |   75 |       0.45 |1585510540430 |     219 |   222.0 | 1,37 | mscpc4.txt |1,8e+03 |
|12 | 3500 | 5000 |   80 |       0.45 |1585510540430 |     219 |   222.0 | 1,37 | mscpc4.txt |1,9e+03 |
|12 | 3600 | 5000 |   80 |       0.45 |1585510540430 |     219 |   222.0 | 1,37 | mscpc4.txt |1,9e+03 |
|12 | 3700 | 5000 |   80 |       0.45 |1585510540430 |     219 |   222.0 | 1,37 | mscpc4.txt |2,0e+03 |
|12 | 3800 | 5000 |   80 |       0.45 |1585510540430 |     219 |   222.0 | 1,37 | mscpc4.txt |2,0e+03 |
|12 | 3900 | 5000 |   85 |       0.45 |1585510540430 |     219 |   222.0 | 1,37 | mscpc4.txt |2,1e+03 |
|12 | 4000 | 5000 |   85 |       0.45 |1585510540430 |     219 |   222.0 | 1,37 | mscpc4.txt |2,2e+03 |
|12 |  400 | 5000 |   85 |       0.45 |1585510540430 |     219 |   219.0 | 0,00 | mscpc4.txt |2,2e+03 |
|13 |    1 | 5000 |   35 |       0.25 |1585512754706 |     219 |   380.0 |73,52 | mscpc4.txt | 0,40 |
|13 |  100 | 5000 |   35 | 0.22857143 |1585512754706 |     219 |   308.0 |40,64 | mscpc4.txt |   33 |
|13 |  200 | 5000 |   35 |       0.45 |1585512754706 |     219 |   298.0 |36,07 | mscpc4.txt |   68 |
|13 |  300 | 5000 |   40 |       0.45 |1585512754706 |     219 |   248.0 |13,24 | mscpc4.txt |1,1e+02 |
|13 |  400 | 5000 |   40 |       0.45 |1585512754706 |     219 |   237.0 | 8,22 | mscpc4.txt |1,5e+02 |
|13 |  500 | 5000 |   40 |       0.45 |1585512754706 |     219 |   234.0 | 6,85 | mscpc4.txt |2,0e+02 |
|13 |  600 | 5000 |   40 |       0.45 |1585512754706 |     219 |   232.0 | 5,94 | mscpc4.txt |2,4e+02 |
|13 |  700 | 5000 |   45 |       0.45 |1585512754706 |     219 |   230.0 | 5,02 | mscpc4.txt |3,0e+02 |
|13 |  800 | 5000 |   45 |       0.45 |1585512754706 |     219 |   227.0 | 3,65 | mscpc4.txt |3,5e+02 |
|13 |  900 | 5000 |   45 |       0.45 |1585512754706 |     219 |   227.0 | 3,65 | mscpc4.txt |4,0e+02 |
|13 | 1000 | 5000 |   45 |       0.45 |1585512754706 |     219 |   227.0 | 3,65 | mscpc4.txt |4,6e+02 |
|13 | 1100 | 5000 |   50 |       0.45 |1585512754706 |     219 |   226.0 | 3,20 | mscpc4.txt |5,3e+02 |
|13 | 1200 | 5000 |   50 |       0.45 |1585512754706 |     219 |   225.0 | 2,74 | mscpc4.txt |5,9e+02 |
|13 | 1300 | 5000 |   50 |       0.45 |1585512754706 |     219 |   225.0 | 2,74 | mscpc4.txt |6,6e+02 |
|13 | 1400 | 5000 |   50 |       0.45 |1585512754706 |     219 |   225.0 | 2,74 | mscpc4.txt |7,2e+02 |
|13 | 1500 | 5000 |   55 |       0.45 |1585512754706 |     219 |   224.0 | 2,28 | mscpc4.txt |7,8e+02 |
|13 | 1600 | 5000 |   55 |       0.45 |1585512754706 |     219 |   224.0 | 2,28 | mscpc4.txt |8,5e+02 |
|13 | 1700 | 5000 |   55 |       0.45 |1585512754706 |     219 |   223.0 | 1,83 | mscpc4.txt |9,1e+02 |
|13 | 1800 | 5000 |   55 |       0.45 |1585512754706 |     219 |   223.0 | 1,83 | mscpc4.txt |9,8e+02 |
|13 | 1900 | 5000 |   60 |       0.45 |1585512754706 |     219 |   223.0 | 1,83 | mscpc4.txt |1,1e+03 |
|13 | 2000 | 5000 |   60 |       0.45 |1585512754706 |     219 |   223.0 | 1,83 | mscpc4.txt |1,1e+03 |
|13 | 2100 | 5000 |   60 |       0.45 |1585512754706 |     219 |   223.0 | 1,83 | mscpc4.txt |1,2e+03 |
|13 | 2200 | 5000 |   60 |       0.45 |1585512754706 |     219 |   223.0 | 1,83 | mscpc4.txt |1,3e+03 |
|13 | 2300 | 5000 |   65 |       0.45 |1585512754706 |     219 |   223.0 | 1,83 | mscpc4.txt |1,3e+03 |
|13 | 2400 | 5000 |   65 |       0.45 |1585512754706 |     219 |   223.0 | 1,83 | mscpc4.txt |1,4e+03 |
|13 | 2500 | 5000 |   65 |       0.45 |1585512754706 |     219 |   223.0 | 1,83 | mscpc4.txt |1,5e+03 |
|13 | 2600 | 5000 |   65 |       0.45 |1585512754706 |     219 |   223.0 | 1,83 | mscpc4.txt |1,6e+03 |
|13 | 2700 | 5000 |   70 |       0.45 |1585512754706 |     219 |   223.0 | 1,83 | mscpc4.txt |1,7e+03 |
|13 | 2800 | 5000 |   70 |       0.45 |1585512754706 |     219 |   223.0 | 1,83 | mscpc4.txt |1,7e+03 |
|13 | 2900 | 5000 |   70 |       0.45 |1585512754706 |     219 |   223.0 | 1,83 | mscpc4.txt |1,8e+03 |
|13 | 3000 | 5000 |   70 |        0.3 |1585512754706 |     219 |   223.0 | 1,83 | mscpc4.txt |1,9e+03 |
|13 | 3100 | 5000 |   75 |       0.45 |1585512754706 |     219 |   223.0 | 1,83 | mscpc4.txt |2,0e+03 |
|13 | 3200 | 5000 |   75 |       0.45 |1585512754706 |     219 |   221.0 | 0,91 | mscpc4.txt |2,0e+03 |
|13 | 3300 | 5000 |   75 |       0.45 |1585512754706 |     219 |   221.0 | 0,91 | mscpc4.txt |2,1e+03 |
|13 | 3400 | 5000 |   75 |       0.45 |1585512754706 |     219 |   221.0 | 0,91 | mscpc4.txt |2,2e+03 |
|13 | 3500 | 5000 |   80 |       0.45 |1585512754706 |     219 |   221.0 | 0,91 | mscpc4.txt |2,3e+03 |
|13 | 3600 | 5000 |   80 |       0.45 |1585512754706 |     219 |   221.0 | 0,91 | mscpc4.txt |2,3e+03 |
|13 | 3700 | 5000 |   80 |       0.45 |1585512754706 |     219 |   221.0 | 0,91 | mscpc4.txt |2,4e+03 |
|13 | 3800 | 5000 |   80 |       0.45 |1585512754706 |     219 |   221.0 | 0,91 | mscpc4.txt |2,5e+03 |
|13 | 3900 | 5000 |   85 |       0.45 |1585512754706 |     219 |   221.0 | 0,91 | mscpc4.txt |2,6e+03 |
|13 | 4000 | 5000 |   85 |       0.45 |1585512754706 |     219 |   221.0 | 0,91 | mscpc4.txt |2,6e+03 |
|13 | 4100 | 5000 |   85 |       0.45 |1585512754706 |     219 |   221.0 | 0,91 | mscpc4.txt |2,7e+03 |
|13 | 4200 | 5000 |   85 |       0.45 |1585512754706 |     219 |   221.0 | 0,91 | mscpc4.txt |2,8e+03 |
|13 | 4300 | 5000 |   90 |       0.45 |1585512754706 |     219 |   221.0 | 0,91 | mscpc4.txt |2,8e+03 |
|13 | 4400 | 5000 |   90 |       0.45 |1585512754706 |     219 |   221.0 | 0,91 | mscpc4.txt |2,9e+03 |
|13 | 4500 | 5000 |   90 |       0.45 |1585512754706 |     219 |   221.0 | 0,91 | mscpc4.txt |2,9e+03 |
|13 | 4600 | 5000 |   90 |       0.45 |1585512754706 |     219 |   221.0 | 0,91 | mscpc4.txt |3,0e+03 |
|13 | 4700 | 5000 |   95 |       0.45 |1585512754706 |     219 |   221.0 | 0,91 | mscpc4.txt |3,1e+03 |
|13 | 4800 | 5000 |   95 |       0.45 |1585512754706 |     219 |   221.0 | 0,91 | mscpc4.txt |3,1e+03 |
|13 | 4900 | 5000 |   95 |       0.45 |1585512754706 |     219 |   221.0 | 0,91 | mscpc4.txt |3,2e+03 |
|13 | 5000 | 5000 |   95 |       0.45 |1585512754706 |     219 |   221.0 | 0,91 | mscpc4.txt |3,2e+03 |
|13 |  400 | 5000 |  100 |       0.45 |1585512754706 |     219 |   221.0 | 0,91 | mscpc4.txt |3,2e+03 |
|14 |    1 | 5000 |   35 |       0.25 |1585516002899 |     219 |   363.0 |65,75 | mscpc4.txt | 0,34 |
|14 |  100 | 5000 |   35 | 0.37142858 |1585516002899 |     219 |   298.0 |36,07 | mscpc4.txt |   36 |
|14 |  200 | 5000 |   35 | 0.34285715 |1585516002899 |     219 |   291.0 |32,88 | mscpc4.txt |   69 |
|14 |  300 | 5000 |   35 | 0.37142858 |1585516002899 |     219 |   278.0 |26,94 | mscpc4.txt |   98 |
|14 |  400 | 5000 |   35 | 0.37142858 |1585516002899 |     219 |   266.0 |21,46 | mscpc4.txt |1,3e+02 |
|14 |  500 | 5000 |   40 |       0.45 |1585516002899 |     219 |   239.0 | 9,13 | mscpc4.txt |1,7e+02 |
|14 |  600 | 5000 |   40 |       0.45 |1585516002899 |     219 |   232.0 | 5,94 | mscpc4.txt |2,0e+02 |
|14 |  700 | 5000 |   40 |        0.4 |1585516002899 |     219 |   227.0 | 3,65 | mscpc4.txt |2,5e+02 |
|14 |  800 | 5000 |   40 |      0.375 |1585516002899 |     219 |   225.0 | 2,74 | mscpc4.txt |2,8e+02 |
|14 |  900 | 5000 |   45 | 0.37777779 |1585516002899 |     219 |   225.0 | 2,74 | mscpc4.txt |3,3e+02 |
|14 | 1000 | 5000 |   45 | 0.44444445 |1585516002899 |     219 |   224.0 | 2,28 | mscpc4.txt |3,8e+02 |
|14 | 1100 | 5000 |   45 |        0.4 |1585516002899 |     219 |   224.0 | 2,28 | mscpc4.txt |4,4e+02 |
|14 | 1200 | 5000 |   45 |  0.2888889 |1585516002899 |     219 |   224.0 | 2,28 | mscpc4.txt |5,0e+02 |
|14 | 1300 | 5000 |   50 |       0.45 |1585516002899 |     219 |   224.0 | 2,28 | mscpc4.txt |5,7e+02 |
|14 | 1400 | 5000 |   50 |        0.4 |1585516002899 |     219 |   224.0 | 2,28 | mscpc4.txt |6,3e+02 |
|14 | 1500 | 5000 |   50 |       0.34 |1585516002899 |     219 |   224.0 | 2,28 | mscpc4.txt |6,7e+02 |
|14 | 1600 | 5000 |   50 |       0.34 |1585516002899 |     219 |   224.0 | 2,28 | mscpc4.txt |7,2e+02 |
|14 | 1700 | 5000 |   55 |  0.3272727 |1585516002899 |     219 |   224.0 | 2,28 | mscpc4.txt |7,6e+02 |
|14 | 1800 | 5000 |   55 |  0.3272727 |1585516002899 |     219 |   224.0 | 2,28 | mscpc4.txt |8,2e+02 |
|14 | 1900 | 5000 |   55 |       0.45 |1585516002899 |     219 |   223.0 | 1,83 | mscpc4.txt |8,6e+02 |
|14 | 2000 | 5000 |   55 |       0.45 |1585516002899 |     219 |   223.0 | 1,83 | mscpc4.txt |9,0e+02 |
|14 | 2100 | 5000 |   60 |       0.45 |1585516002899 |     219 |   223.0 | 1,83 | mscpc4.txt |9,5e+02 |
|14 | 2200 | 5000 |   60 |       0.45 |1585516002899 |     219 |   223.0 | 1,83 | mscpc4.txt |9,9e+02 |
|14 | 2300 | 5000 |   60 |       0.45 |1585516002899 |     219 |   223.0 | 1,83 | mscpc4.txt |1,0e+03 |
|14 | 2400 | 5000 |   60 |       0.45 |1585516002899 |     219 |   223.0 | 1,83 | mscpc4.txt |1,1e+03 |
|14 | 2500 | 5000 |   65 |       0.45 |1585516002899 |     219 |   223.0 | 1,83 | mscpc4.txt |1,1e+03 |
|14 | 2600 | 5000 |   65 |       0.45 |1585516002899 |     219 |   223.0 | 1,83 | mscpc4.txt |1,2e+03 |
|14 | 2700 | 5000 |   65 |       0.45 |1585516002899 |     219 |   223.0 | 1,83 | mscpc4.txt |1,2e+03 |
|14 | 2800 | 5000 |   65 |       0.45 |1585516002899 |     219 |   223.0 | 1,83 | mscpc4.txt |1,2e+03 |
|14 | 2900 | 5000 |   70 |       0.45 |1585516002899 |     219 |   223.0 | 1,83 | mscpc4.txt |1,3e+03 |
|14 | 3000 | 5000 |   70 |       0.45 |1585516002899 |     219 |   223.0 | 1,83 | mscpc4.txt |1,3e+03 |
|14 | 3100 | 5000 |   70 |       0.45 |1585516002899 |     219 |   223.0 | 1,83 | mscpc4.txt |1,3e+03 |
|14 | 3200 | 5000 |   70 |       0.45 |1585516002899 |     219 |   223.0 | 1,83 | mscpc4.txt |1,4e+03 |
|14 | 3300 | 5000 |   75 |       0.45 |1585516002899 |     219 |   223.0 | 1,83 | mscpc4.txt |1,4e+03 |
|14 | 3400 | 5000 |   75 |       0.45 |1585516002899 |     219 |   222.0 | 1,37 | mscpc4.txt |1,5e+03 |
|14 | 3500 | 5000 |   75 |       0.45 |1585516002899 |     219 |   222.0 | 1,37 | mscpc4.txt |1,5e+03 |
|14 | 3600 | 5000 |   75 |       0.45 |1585516002899 |     219 |   222.0 | 1,37 | mscpc4.txt |1,5e+03 |
|14 | 3700 | 5000 |   80 |       0.45 |1585516002899 |     219 |   222.0 | 1,37 | mscpc4.txt |1,6e+03 |
|14 | 3800 | 5000 |   80 |       0.45 |1585516002899 |     219 |   222.0 | 1,37 | mscpc4.txt |1,6e+03 |
|14 | 3900 | 5000 |   80 |       0.45 |1585516002899 |     219 |   222.0 | 1,37 | mscpc4.txt |1,7e+03 |
|14 | 4000 | 5000 |   80 |       0.45 |1585516002899 |     219 |   220.0 | 0,46 | mscpc4.txt |1,7e+03 |
|14 | 4100 | 5000 |   85 |       0.45 |1585516002899 |     219 |   220.0 | 0,46 | mscpc4.txt |1,7e+03 |
|14 | 4200 | 5000 |   85 |       0.45 |1585516002899 |     219 |   220.0 | 0,46 | mscpc4.txt |1,8e+03 |
|14 | 4300 | 5000 |   85 |       0.45 |1585516002899 |     219 |   220.0 | 0,46 | mscpc4.txt |1,8e+03 |
|14 | 4400 | 5000 |   85 |       0.45 |1585516002899 |     219 |   220.0 | 0,46 | mscpc4.txt |1,9e+03 |
|14 | 4500 | 5000 |   90 |       0.45 |1585516002899 |     219 |   220.0 | 0,46 | mscpc4.txt |1,9e+03 |
|14 | 4600 | 5000 |   90 |       0.45 |1585516002899 |     219 |   220.0 | 0,46 | mscpc4.txt |2,0e+03 |
|14 | 4700 | 5000 |   90 |       0.45 |1585516002899 |     219 |   220.0 | 0,46 | mscpc4.txt |2,0e+03 |
|14 | 4800 | 5000 |   90 |       0.45 |1585516002899 |     219 |   220.0 | 0,46 | mscpc4.txt |2,1e+03 |
|14 | 4900 | 5000 |   95 |       0.45 |1585516002899 |     219 |   220.0 | 0,46 | mscpc4.txt |2,1e+03 |
|14 | 5000 | 5000 |   95 |       0.45 |1585516002899 |     219 |   220.0 | 0,46 | mscpc4.txt |2,2e+03 |
|14 |  400 | 5000 |   95 |       0.45 |1585516002899 |     219 |   220.0 | 0,46 | mscpc4.txt |2,2e+03 |
|15 |    1 | 5000 |   35 |       0.25 |1585518202095 |     219 |   376.0 |71,69 | mscpc4.txt | 0,25 |
|15 |  100 | 5000 |   35 | 0.34285715 |1585518202095 |     219 |   305.0 |39,27 | mscpc4.txt |   25 |
|15 |  200 | 5000 |   35 |        0.4 |1585518202095 |     219 |   292.0 |33,33 | mscpc4.txt |   51 |
|15 |  300 | 5000 |   40 |       0.45 |1585518202095 |     219 |   237.0 | 8,22 | mscpc4.txt |   87 |
|15 |  400 | 5000 |   40 |      0.325 |1585518202095 |     219 |   234.0 | 6,85 | mscpc4.txt |1,2e+02 |
|15 |  500 | 5000 |   40 |        0.4 |1585518202095 |     219 |   226.0 | 3,20 | mscpc4.txt |1,5e+02 |
|15 |  600 | 5000 |   40 |      0.275 |1585518202095 |     219 |   226.0 | 3,20 | mscpc4.txt |1,9e+02 |
|15 |  700 | 5000 |   40 |        0.4 |1585518202095 |     219 |   225.0 | 2,74 | mscpc4.txt |2,2e+02 |
|15 |  800 | 5000 |   45 | 0.31111112 |1585518202095 |     219 |   225.0 | 2,74 | mscpc4.txt |2,5e+02 |
|15 |  900 | 5000 |   45 | 0.31111112 |1585518202095 |     219 |   225.0 | 2,74 | mscpc4.txt |2,9e+02 |
|15 | 1000 | 5000 |   45 | 0.31111112 |1585518202095 |     219 |   225.0 | 2,74 | mscpc4.txt |3,2e+02 |
|15 | 1100 | 5000 |   45 | 0.31111112 |1585518202095 |     219 |   224.0 | 2,28 | mscpc4.txt |3,5e+02 |
|15 | 1200 | 5000 |   50 |       0.28 |1585518202095 |     219 |   224.0 | 2,28 | mscpc4.txt |3,9e+02 |
|15 | 1300 | 5000 |   50 |       0.28 |1585518202095 |     219 |   224.0 | 2,28 | mscpc4.txt |4,3e+02 |
|15 | 1400 | 5000 |   50 |       0.28 |1585518202095 |     219 |   224.0 | 2,28 | mscpc4.txt |4,7e+02 |
|15 | 1500 | 5000 |   50 |       0.45 |1585518202095 |     219 |   223.0 | 1,83 | mscpc4.txt |5,0e+02 |
|15 | 1600 | 5000 |   55 |       0.45 |1585518202095 |     219 |   223.0 | 1,83 | mscpc4.txt |5,3e+02 |
|15 | 1700 | 5000 |   55 |       0.45 |1585518202095 |     219 |   223.0 | 1,83 | mscpc4.txt |5,7e+02 |
|15 | 1800 | 5000 |   55 |       0.45 |1585518202095 |     219 |   223.0 | 1,83 | mscpc4.txt |6,0e+02 |
|15 | 1900 | 5000 |   55 |       0.45 |1585518202095 |     219 |   223.0 | 1,83 | mscpc4.txt |6,4e+02 |
|15 | 2000 | 5000 |   60 |       0.45 |1585518202095 |     219 |   223.0 | 1,83 | mscpc4.txt |6,7e+02 |
|15 | 2100 | 5000 |   60 |       0.45 |1585518202095 |     219 |   223.0 | 1,83 | mscpc4.txt |7,2e+02 |
|15 | 2200 | 5000 |   60 |       0.45 |1585518202095 |     219 |   223.0 | 1,83 | mscpc4.txt |7,6e+02 |
|15 | 2300 | 5000 |   60 |       0.45 |1585518202095 |     219 |   223.0 | 1,83 | mscpc4.txt |8,0e+02 |
|15 | 2400 | 5000 |   65 |       0.45 |1585518202095 |     219 |   223.0 | 1,83 | mscpc4.txt |8,5e+02 |
|15 | 2500 | 5000 |   65 |       0.45 |1585518202095 |     219 |   223.0 | 1,83 | mscpc4.txt |9,0e+02 |
|15 | 2600 | 5000 |   65 |       0.45 |1585518202095 |     219 |   223.0 | 1,83 | mscpc4.txt |9,5e+02 |
|15 | 2700 | 5000 |   65 |       0.45 |1585518202095 |     219 |   223.0 | 1,83 | mscpc4.txt |9,9e+02 |
|15 | 2800 | 5000 |   70 |       0.45 |1585518202095 |     219 |   223.0 | 1,83 | mscpc4.txt |1,0e+03 |
|15 | 2900 | 5000 |   70 |       0.45 |1585518202095 |     219 |   223.0 | 1,83 | mscpc4.txt |1,1e+03 |
|15 | 3000 | 5000 |   70 |       0.45 |1585518202095 |     219 |   223.0 | 1,83 | mscpc4.txt |1,1e+03 |
|15 | 3100 | 5000 |   70 |       0.45 |1585518202095 |     219 |   223.0 | 1,83 | mscpc4.txt |1,1e+03 |
|15 | 3200 | 5000 |   75 |       0.45 |1585518202095 |     219 |   223.0 | 1,83 | mscpc4.txt |1,2e+03 |
|15 | 3300 | 5000 |   75 |       0.45 |1585518202095 |     219 |   223.0 | 1,83 | mscpc4.txt |1,2e+03 |
|15 | 3400 | 5000 |   75 |       0.45 |1585518202095 |     219 |   223.0 | 1,83 | mscpc4.txt |1,2e+03 |
|15 | 3500 | 5000 |   75 |       0.45 |1585518202095 |     219 |   223.0 | 1,83 | mscpc4.txt |1,3e+03 |
|15 | 3600 | 5000 |   80 |       0.45 |1585518202095 |     219 |   223.0 | 1,83 | mscpc4.txt |1,3e+03 |
|15 | 3700 | 5000 |   80 |       0.45 |1585518202095 |     219 |   223.0 | 1,83 | mscpc4.txt |1,4e+03 |
|15 | 3800 | 5000 |   80 |       0.45 |1585518202095 |     219 |   223.0 | 1,83 | mscpc4.txt |1,4e+03 |
|15 | 3900 | 5000 |   80 |       0.45 |1585518202095 |     219 |   223.0 | 1,83 | mscpc4.txt |1,4e+03 |
|15 | 4000 | 5000 |   85 |       0.45 |1585518202095 |     219 |   223.0 | 1,83 | mscpc4.txt |1,5e+03 |
|15 | 4100 | 5000 |   85 |       0.45 |1585518202095 |     219 |   223.0 | 1,83 | mscpc4.txt |1,6e+03 |
|15 | 4200 | 5000 |   85 |       0.45 |1585518202095 |     219 |   223.0 | 1,83 | mscpc4.txt |1,6e+03 |
|15 | 4300 | 5000 |   85 |       0.45 |1585518202095 |     219 |   223.0 | 1,83 | mscpc4.txt |1,6e+03 |
|15 | 4400 | 5000 |   90 |       0.45 |1585518202095 |     219 |   223.0 | 1,83 | mscpc4.txt |1,7e+03 |
|15 | 4500 | 5000 |   90 |       0.45 |1585518202095 |     219 |   223.0 | 1,83 | mscpc4.txt |1,7e+03 |
|15 | 4600 | 5000 |   90 |       0.45 |1585518202095 |     219 |   223.0 | 1,83 | mscpc4.txt |1,8e+03 |
|15 | 4700 | 5000 |   90 |       0.45 |1585518202095 |     219 |   223.0 | 1,83 | mscpc4.txt |1,8e+03 |
|15 | 4800 | 5000 |   95 |       0.45 |1585518202095 |     219 |   221.0 | 0,91 | mscpc4.txt |1,9e+03 |
|15 | 4900 | 5000 |   95 |       0.45 |1585518202095 |     219 |   221.0 | 0,91 | mscpc4.txt |1,9e+03 |
|15 | 5000 | 5000 |   95 |       0.45 |1585518202095 |     219 |   221.0 | 0,91 | mscpc4.txt |2,0e+03 |
|15 |  400 | 5000 |   95 |       0.45 |1585518202095 |     219 |   221.0 | 0,91 | mscpc4.txt |2,0e+03 |
