| # |    #ITER | #IterMAX | Nest |      %Desc |      semilla | BestFit |GottedFit |  RDP |  instancia | time |
-------------------------------------------------------------------------------------------------
| 1 |    1 | 5000 |   35 |       0.25 |1585363125219 |      80 |  2057.0 |2471,25 | mscpb3.txt |0,0050 |
| 1 |  100 | 5000 |   35 | 0.42857143 |1585363125219 |      80 |   126.0 |57,50 | mscpb3.txt |  3,6 |
| 1 |  200 | 5000 |   40 |       0.45 |1585363125219 |      80 |    87.0 | 8,75 | mscpb3.txt |   39 |
| 1 |  300 | 5000 |   40 |       0.45 |1585363125219 |      80 |    87.0 | 8,75 | mscpb3.txt |   79 |
| 1 |  400 | 5000 |   40 |        0.3 |1585363125219 |      80 |    87.0 | 8,75 | mscpb3.txt |1,1e+02 |
| 1 |  500 | 5000 |   40 |       0.45 |1585363125219 |      80 |    85.0 | 6,25 | mscpb3.txt |1,4e+02 |
| 1 |  600 | 5000 |   45 |       0.45 |1585363125219 |      80 |    84.0 | 5,00 | mscpb3.txt |1,8e+02 |
| 1 |  700 | 5000 |   45 |       0.45 |1585363125219 |      80 |    84.0 | 5,00 | mscpb3.txt |2,2e+02 |
| 1 |  800 | 5000 |   45 |       0.45 |1585363125219 |      80 |    84.0 | 5,00 | mscpb3.txt |2,5e+02 |
| 1 |  900 | 5000 |   45 |       0.45 |1585363125219 |      80 |    83.0 | 3,75 | mscpb3.txt |2,9e+02 |
| 1 | 1000 | 5000 |   50 |       0.45 |1585363125219 |      80 |    81.0 | 1,25 | mscpb3.txt |3,3e+02 |
| 1 | 1100 | 5000 |   50 |       0.45 |1585363125219 |      80 |    81.0 | 1,25 | mscpb3.txt |3,8e+02 |
| 1 | 1200 | 5000 |   50 |       0.45 |1585363125219 |      80 |    81.0 | 1,25 | mscpb3.txt |4,2e+02 |
| 1 |  300 | 5000 |   50 |       0.45 |1585363125219 |      80 |    80.0 | 0,00 | mscpb3.txt |4,5e+02 |
| 2 |    1 | 5000 |   35 |       0.25 |1585363578349 |      80 |  2060.0 |2475,00 | mscpb3.txt |0,0080 |
| 2 |  100 | 5000 |   35 |       0.45 |1585363578349 |      80 |   136.0 |70,00 | mscpb3.txt |  1,5 |
| 2 |  200 | 5000 |   40 |       0.45 |1585363578349 |      80 |    87.0 | 8,75 | mscpb3.txt |   33 |
| 2 |  300 | 5000 |   40 |       0.45 |1585363578349 |      80 |    87.0 | 8,75 | mscpb3.txt |   69 |
| 2 |  400 | 5000 |   40 |       0.45 |1585363578349 |      80 |    87.0 | 8,75 | mscpb3.txt |1,0e+02 |
| 2 |  500 | 5000 |   40 |       0.45 |1585363578349 |      80 |    87.0 | 8,75 | mscpb3.txt |1,4e+02 |
| 2 |  600 | 5000 |   45 |       0.45 |1585363578349 |      80 |    87.0 | 8,75 | mscpb3.txt |1,9e+02 |
| 2 |  700 | 5000 |   45 |       0.45 |1585363578349 |      80 |    87.0 | 8,75 | mscpb3.txt |2,3e+02 |
| 2 |  800 | 5000 |   45 |       0.45 |1585363578349 |      80 |    87.0 | 8,75 | mscpb3.txt |2,7e+02 |
| 2 |  900 | 5000 |   45 |       0.45 |1585363578349 |      80 |    87.0 | 8,75 | mscpb3.txt |3,2e+02 |
| 2 | 1000 | 5000 |   50 |       0.45 |1585363578349 |      80 |    87.0 | 8,75 | mscpb3.txt |3,7e+02 |
| 2 | 1100 | 5000 |   50 |       0.45 |1585363578349 |      80 |    84.0 | 5,00 | mscpb3.txt |4,2e+02 |
| 2 | 1200 | 5000 |   50 |       0.45 |1585363578349 |      80 |    84.0 | 5,00 | mscpb3.txt |4,7e+02 |
| 2 | 1300 | 5000 |   50 |       0.45 |1585363578349 |      80 |    84.0 | 5,00 | mscpb3.txt |5,3e+02 |
| 2 | 1400 | 5000 |   55 |       0.45 |1585363578349 |      80 |    84.0 | 5,00 | mscpb3.txt |5,9e+02 |
| 2 | 1500 | 5000 |   55 |       0.45 |1585363578349 |      80 |    82.0 | 2,50 | mscpb3.txt |6,5e+02 |
| 2 | 1600 | 5000 |   55 |       0.45 |1585363578349 |      80 |    82.0 | 2,50 | mscpb3.txt |7,1e+02 |
| 2 | 1700 | 5000 |   55 |       0.45 |1585363578349 |      80 |    81.0 | 1,25 | mscpb3.txt |7,7e+02 |
| 2 | 1800 | 5000 |   60 |       0.45 |1585363578349 |      80 |    81.0 | 1,25 | mscpb3.txt |8,4e+02 |
| 2 | 1900 | 5000 |   60 |       0.45 |1585363578349 |      80 |    81.0 | 1,25 | mscpb3.txt |9,0e+02 |
| 2 | 2000 | 5000 |   60 |       0.45 |1585363578349 |      80 |    81.0 | 1,25 | mscpb3.txt |9,7e+02 |
| 2 | 2100 | 5000 |   60 |       0.45 |1585363578349 |      80 |    81.0 | 1,25 | mscpb3.txt |1,0e+03 |
| 2 | 2200 | 5000 |   65 |       0.45 |1585363578349 |      80 |    81.0 | 1,25 | mscpb3.txt |1,1e+03 |
| 2 | 2300 | 5000 |   65 |       0.45 |1585363578349 |      80 |    81.0 | 1,25 | mscpb3.txt |1,2e+03 |
| 2 | 2400 | 5000 |   65 |       0.45 |1585363578349 |      80 |    81.0 | 1,25 | mscpb3.txt |1,2e+03 |
| 2 | 2500 | 5000 |   65 |       0.45 |1585363578349 |      80 |    81.0 | 1,25 | mscpb3.txt |1,2e+03 |
| 2 | 2600 | 5000 |   70 |       0.45 |1585363578349 |      80 |    81.0 | 1,25 | mscpb3.txt |1,3e+03 |
| 2 | 2700 | 5000 |   70 |       0.45 |1585363578349 |      80 |    81.0 | 1,25 | mscpb3.txt |1,3e+03 |
| 2 | 2800 | 5000 |   70 |       0.45 |1585363578349 |      80 |    81.0 | 1,25 | mscpb3.txt |1,3e+03 |
| 2 | 2900 | 5000 |   70 |       0.45 |1585363578349 |      80 |    81.0 | 1,25 | mscpb3.txt |1,4e+03 |
| 2 | 3000 | 5000 |   75 |       0.45 |1585363578349 |      80 |    81.0 | 1,25 | mscpb3.txt |1,4e+03 |
| 2 | 3100 | 5000 |   75 |       0.45 |1585363578349 |      80 |    81.0 | 1,25 | mscpb3.txt |1,5e+03 |
| 2 | 3200 | 5000 |   75 |       0.45 |1585363578349 |      80 |    81.0 | 1,25 | mscpb3.txt |1,5e+03 |
| 2 | 3300 | 5000 |   75 |       0.45 |1585363578349 |      80 |    81.0 | 1,25 | mscpb3.txt |1,5e+03 |
| 2 | 3400 | 5000 |   80 |       0.45 |1585363578349 |      80 |    81.0 | 1,25 | mscpb3.txt |1,6e+03 |
| 2 | 3500 | 5000 |   80 |       0.45 |1585363578349 |      80 |    81.0 | 1,25 | mscpb3.txt |1,6e+03 |
| 2 | 3600 | 5000 |   80 |       0.45 |1585363578349 |      80 |    81.0 | 1,25 | mscpb3.txt |1,6e+03 |
| 2 | 3700 | 5000 |   80 |       0.45 |1585363578349 |      80 |    81.0 | 1,25 | mscpb3.txt |1,6e+03 |
| 2 | 3800 | 5000 |   85 |       0.45 |1585363578349 |      80 |    81.0 | 1,25 | mscpb3.txt |1,6e+03 |
| 2 | 3900 | 5000 |   85 |       0.45 |1585363578349 |      80 |    81.0 | 1,25 | mscpb3.txt |1,6e+03 |
| 2 | 4000 | 5000 |   85 |       0.45 |1585363578349 |      80 |    81.0 | 1,25 | mscpb3.txt |1,6e+03 |
| 2 | 4100 | 5000 |   85 |       0.45 |1585363578349 |      80 |    81.0 | 1,25 | mscpb3.txt |1,7e+03 |
| 2 | 4200 | 5000 |   90 |       0.45 |1585363578349 |      80 |    81.0 | 1,25 | mscpb3.txt |1,7e+03 |
| 2 | 4300 | 5000 |   90 |       0.45 |1585363578349 |      80 |    81.0 | 1,25 | mscpb3.txt |1,7e+03 |
| 2 | 4400 | 5000 |   90 | 0.43333334 |1585363578349 |      80 |    81.0 | 1,25 | mscpb3.txt |1,7e+03 |
| 2 | 4500 | 5000 |   90 |       0.45 |1585363578349 |      80 |    81.0 | 1,25 | mscpb3.txt |1,7e+03 |
| 2 | 4600 | 5000 |   95 |       0.45 |1585363578349 |      80 |    81.0 | 1,25 | mscpb3.txt |1,7e+03 |
| 2 | 4700 | 5000 |   95 |       0.45 |1585363578349 |      80 |    81.0 | 1,25 | mscpb3.txt |1,7e+03 |
| 2 | 4800 | 5000 |   95 |       0.45 |1585363578349 |      80 |    81.0 | 1,25 | mscpb3.txt |1,8e+03 |
| 2 | 4900 | 5000 |   95 |       0.45 |1585363578349 |      80 |    81.0 | 1,25 | mscpb3.txt |1,8e+03 |
| 2 | 5000 | 5000 |  100 |       0.45 |1585363578349 |      80 |    81.0 | 1,25 | mscpb3.txt |1,8e+03 |
| 2 |  300 | 5000 |  100 |       0.45 |1585363578349 |      80 |    81.0 | 1,25 | mscpb3.txt |1,8e+03 |
| 3 |    1 | 5000 |   35 |       0.25 |1585365370250 |      80 |  2145.0 |2581,25 | mscpb3.txt |0,0060 |
| 3 |  100 | 5000 |   35 | 0.37142858 |1585365370250 |      80 |   146.0 |82,50 | mscpb3.txt | 0,69 |
| 3 |  200 | 5000 |   35 |       0.45 |1585365370250 |      80 |   129.0 |61,25 | mscpb3.txt |  4,0 |
| 3 |  300 | 5000 |   35 |       0.45 |1585365370250 |      80 |   121.0 |51,25 | mscpb3.txt |   12 |
| 3 |  400 | 5000 |   35 | 0.42857143 |1585365370250 |      80 |    99.0 |23,75 | mscpb3.txt |   24 |
| 3 |  500 | 5000 |   40 |       0.45 |1585365370250 |      80 |    85.0 | 6,25 | mscpb3.txt |   57 |
| 3 |  600 | 5000 |   40 |       0.45 |1585365370250 |      80 |    85.0 | 6,25 | mscpb3.txt |   96 |
| 3 |  700 | 5000 |   40 |       0.45 |1585365370250 |      80 |    85.0 | 6,25 | mscpb3.txt |1,3e+02 |
| 3 |  800 | 5000 |   40 |        0.4 |1585365370250 |      80 |    84.0 | 5,00 | mscpb3.txt |1,7e+02 |
| 3 |  900 | 5000 |   45 | 0.33333334 |1585365370250 |      80 |    84.0 | 5,00 | mscpb3.txt |2,2e+02 |
| 3 | 1000 | 5000 |   45 | 0.35555556 |1585365370250 |      80 |    84.0 | 5,00 | mscpb3.txt |2,7e+02 |
| 3 | 1100 | 5000 |   45 | 0.37777779 |1585365370250 |      80 |    83.0 | 3,75 | mscpb3.txt |3,2e+02 |
| 3 | 1200 | 5000 |   45 | 0.31111112 |1585365370250 |      80 |    81.0 | 1,25 | mscpb3.txt |3,6e+02 |
| 3 | 1300 | 5000 |   50 |       0.42 |1585365370250 |      80 |    81.0 | 1,25 | mscpb3.txt |4,2e+02 |
| 3 | 1400 | 5000 |   50 |        0.4 |1585365370250 |      80 |    81.0 | 1,25 | mscpb3.txt |4,7e+02 |
| 3 | 1500 | 5000 |   50 |       0.36 |1585365370250 |      80 |    81.0 | 1,25 | mscpb3.txt |5,3e+02 |
| 3 | 1600 | 5000 |   50 |       0.36 |1585365370250 |      80 |    81.0 | 1,25 | mscpb3.txt |5,8e+02 |
| 3 | 1700 | 5000 |   55 |        0.4 |1585365370250 |      80 |    81.0 | 1,25 | mscpb3.txt |6,4e+02 |
| 3 | 1800 | 5000 |   55 | 0.38181818 |1585365370250 |      80 |    81.0 | 1,25 | mscpb3.txt |7,1e+02 |
| 3 | 1900 | 5000 |   55 | 0.36363637 |1585365370250 |      80 |    81.0 | 1,25 | mscpb3.txt |7,7e+02 |
| 3 | 2000 | 5000 |   55 | 0.34545454 |1585365370250 |      80 |    81.0 | 1,25 | mscpb3.txt |8,3e+02 |
| 3 | 2100 | 5000 |   60 | 0.43333334 |1585365370250 |      80 |    81.0 | 1,25 | mscpb3.txt |9,0e+02 |
| 3 | 2200 | 5000 |   60 | 0.41666666 |1585365370250 |      80 |    81.0 | 1,25 | mscpb3.txt |9,7e+02 |
| 3 | 2300 | 5000 |   60 | 0.41666666 |1585365370250 |      80 |    81.0 | 1,25 | mscpb3.txt |1,0e+03 |
| 3 | 2400 | 5000 |   60 |        0.4 |1585365370250 |      80 |    81.0 | 1,25 | mscpb3.txt |1,1e+03 |
| 3 | 2500 | 5000 |   65 | 0.36923078 |1585365370250 |      80 |    81.0 | 1,25 | mscpb3.txt |1,2e+03 |
| 3 | 2600 | 5000 |   65 | 0.36923078 |1585365370250 |      80 |    81.0 | 1,25 | mscpb3.txt |1,3e+03 |
| 3 | 2700 | 5000 |   65 |       0.45 |1585365370250 |      80 |    81.0 | 1,25 | mscpb3.txt |1,3e+03 |
| 3 | 2800 | 5000 |   65 |       0.45 |1585365370250 |      80 |    81.0 | 1,25 | mscpb3.txt |1,3e+03 |
| 3 | 2900 | 5000 |   70 |       0.45 |1585365370250 |      80 |    81.0 | 1,25 | mscpb3.txt |1,3e+03 |
| 3 | 3000 | 5000 |   70 |       0.45 |1585365370250 |      80 |    81.0 | 1,25 | mscpb3.txt |1,4e+03 |
| 3 | 3100 | 5000 |   70 |       0.45 |1585365370250 |      80 |    81.0 | 1,25 | mscpb3.txt |1,4e+03 |
| 3 | 3200 | 5000 |   70 |       0.45 |1585365370250 |      80 |    81.0 | 1,25 | mscpb3.txt |1,4e+03 |
| 3 | 3300 | 5000 |   75 |       0.45 |1585365370250 |      80 |    81.0 | 1,25 | mscpb3.txt |1,4e+03 |
| 3 | 3400 | 5000 |   75 |       0.45 |1585365370250 |      80 |    81.0 | 1,25 | mscpb3.txt |1,5e+03 |
| 3 | 3500 | 5000 |   75 |       0.45 |1585365370250 |      80 |    81.0 | 1,25 | mscpb3.txt |1,5e+03 |
| 3 | 3600 | 5000 |   75 |       0.45 |1585365370250 |      80 |    81.0 | 1,25 | mscpb3.txt |1,5e+03 |
| 3 | 3700 | 5000 |   80 |       0.45 |1585365370250 |      80 |    81.0 | 1,25 | mscpb3.txt |1,5e+03 |
| 3 | 3800 | 5000 |   80 |       0.45 |1585365370250 |      80 |    81.0 | 1,25 | mscpb3.txt |1,5e+03 |
| 3 | 3900 | 5000 |   80 |       0.45 |1585365370250 |      80 |    81.0 | 1,25 | mscpb3.txt |1,6e+03 |
| 3 | 4000 | 5000 |   80 |       0.45 |1585365370250 |      80 |    81.0 | 1,25 | mscpb3.txt |1,6e+03 |
| 3 | 4100 | 5000 |   85 |       0.45 |1585365370250 |      80 |    81.0 | 1,25 | mscpb3.txt |1,6e+03 |
| 3 | 4200 | 5000 |   85 |       0.45 |1585365370250 |      80 |    81.0 | 1,25 | mscpb3.txt |1,6e+03 |
| 3 | 4300 | 5000 |   85 |       0.45 |1585365370250 |      80 |    81.0 | 1,25 | mscpb3.txt |1,6e+03 |
| 3 | 4400 | 5000 |   85 |       0.45 |1585365370250 |      80 |    81.0 | 1,25 | mscpb3.txt |1,6e+03 |
| 3 | 4500 | 5000 |   90 |       0.45 |1585365370250 |      80 |    81.0 | 1,25 | mscpb3.txt |1,7e+03 |
| 3 | 4600 | 5000 |   90 |       0.45 |1585365370250 |      80 |    81.0 | 1,25 | mscpb3.txt |1,7e+03 |
| 3 | 4700 | 5000 |   90 |       0.45 |1585365370250 |      80 |    81.0 | 1,25 | mscpb3.txt |1,7e+03 |
| 3 | 4800 | 5000 |   90 |       0.45 |1585365370250 |      80 |    81.0 | 1,25 | mscpb3.txt |1,7e+03 |
| 3 | 4900 | 5000 |   95 |       0.45 |1585365370250 |      80 |    81.0 | 1,25 | mscpb3.txt |1,7e+03 |
| 3 | 5000 | 5000 |   95 |       0.45 |1585365370250 |      80 |    81.0 | 1,25 | mscpb3.txt |1,8e+03 |
| 3 |  300 | 5000 |   95 |       0.45 |1585365370250 |      80 |    81.0 | 1,25 | mscpb3.txt |1,8e+03 |
| 4 |    1 | 5000 |   35 |       0.25 |1585367131009 |      80 |  2258.0 |2722,50 | mscpb3.txt |0,0050 |
| 4 |  100 | 5000 |   35 | 0.42857143 |1585367131009 |      80 |   136.0 |70,00 | mscpb3.txt |  1,3 |
| 4 |  200 | 5000 |   35 |       0.45 |1585367131009 |      80 |   123.0 |53,75 | mscpb3.txt |  8,0 |
| 4 |  300 | 5000 |   40 |       0.45 |1585367131009 |      80 |    89.0 |11,25 | mscpb3.txt |   40 |
| 4 |  400 | 5000 |   40 |       0.45 |1585367131009 |      80 |    88.0 |10,00 | mscpb3.txt |   79 |
| 4 |  500 | 5000 |   40 |       0.45 |1585367131009 |      80 |    88.0 |10,00 | mscpb3.txt |1,2e+02 |
| 4 |  600 | 5000 |   40 |       0.45 |1585367131009 |      80 |    88.0 |10,00 | mscpb3.txt |1,5e+02 |
| 4 |  700 | 5000 |   45 |       0.45 |1585367131009 |      80 |    88.0 |10,00 | mscpb3.txt |1,7e+02 |
| 4 |  800 | 5000 |   45 |       0.45 |1585367131009 |      80 |    88.0 |10,00 | mscpb3.txt |1,9e+02 |
| 4 |  900 | 5000 |   45 |       0.45 |1585367131009 |      80 |    88.0 |10,00 | mscpb3.txt |2,1e+02 |
| 4 | 1000 | 5000 |   45 |       0.45 |1585367131009 |      80 |    88.0 |10,00 | mscpb3.txt |2,2e+02 |
| 4 | 1100 | 5000 |   50 |       0.45 |1585367131009 |      80 |    88.0 |10,00 | mscpb3.txt |2,4e+02 |
| 4 | 1200 | 5000 |   50 |       0.45 |1585367131009 |      80 |    88.0 |10,00 | mscpb3.txt |2,6e+02 |
| 4 | 1300 | 5000 |   50 |       0.45 |1585367131009 |      80 |    88.0 |10,00 | mscpb3.txt |2,7e+02 |
| 4 | 1400 | 5000 |   50 |       0.45 |1585367131009 |      80 |    88.0 |10,00 | mscpb3.txt |2,8e+02 |
| 4 | 1500 | 5000 |   55 |       0.45 |1585367131009 |      80 |    88.0 |10,00 | mscpb3.txt |3,0e+02 |
| 4 | 1600 | 5000 |   55 |       0.45 |1585367131009 |      80 |    88.0 |10,00 | mscpb3.txt |3,1e+02 |
| 4 | 1700 | 5000 |   55 |       0.45 |1585367131009 |      80 |    88.0 |10,00 | mscpb3.txt |3,2e+02 |
| 4 | 1800 | 5000 |   55 |       0.45 |1585367131009 |      80 |    88.0 |10,00 | mscpb3.txt |3,3e+02 |
| 4 | 1900 | 5000 |   60 |       0.45 |1585367131009 |      80 |    88.0 |10,00 | mscpb3.txt |3,5e+02 |
| 4 | 2000 | 5000 |   60 |       0.45 |1585367131009 |      80 |    88.0 |10,00 | mscpb3.txt |3,6e+02 |
| 4 | 2100 | 5000 |   60 |       0.45 |1585367131009 |      80 |    88.0 |10,00 | mscpb3.txt |3,6e+02 |
| 4 | 2200 | 5000 |   60 |       0.45 |1585367131009 |      80 |    88.0 |10,00 | mscpb3.txt |3,7e+02 |
| 4 | 2300 | 5000 |   65 |       0.45 |1585367131009 |      80 |    88.0 |10,00 | mscpb3.txt |3,9e+02 |
| 4 | 2400 | 5000 |   65 |       0.45 |1585367131009 |      80 |    88.0 |10,00 | mscpb3.txt |4,0e+02 |
| 4 | 2500 | 5000 |   65 |       0.45 |1585367131009 |      80 |    88.0 |10,00 | mscpb3.txt |4,1e+02 |
| 4 | 2600 | 5000 |   65 |       0.45 |1585367131009 |      80 |    88.0 |10,00 | mscpb3.txt |4,1e+02 |
| 4 | 2700 | 5000 |   70 |       0.45 |1585367131009 |      80 |    88.0 |10,00 | mscpb3.txt |4,3e+02 |
| 4 | 2800 | 5000 |   70 |       0.45 |1585367131009 |      80 |    88.0 |10,00 | mscpb3.txt |4,4e+02 |
| 4 | 2900 | 5000 |   70 |       0.45 |1585367131009 |      80 |    88.0 |10,00 | mscpb3.txt |4,5e+02 |
| 4 | 3000 | 5000 |   70 |       0.45 |1585367131009 |      80 |    88.0 |10,00 | mscpb3.txt |4,6e+02 |
| 4 | 3100 | 5000 |   75 |       0.45 |1585367131009 |      80 |    88.0 |10,00 | mscpb3.txt |4,7e+02 |
| 4 | 3200 | 5000 |   75 |       0.45 |1585367131009 |      80 |    88.0 |10,00 | mscpb3.txt |4,8e+02 |
| 4 | 3300 | 5000 |   75 |       0.45 |1585367131009 |      80 |    88.0 |10,00 | mscpb3.txt |4,9e+02 |
| 4 | 3400 | 5000 |   75 |       0.45 |1585367131009 |      80 |    88.0 |10,00 | mscpb3.txt |5,0e+02 |
| 4 | 3500 | 5000 |   80 |       0.45 |1585367131009 |      80 |    88.0 |10,00 | mscpb3.txt |5,1e+02 |
| 4 | 3600 | 5000 |   80 |       0.45 |1585367131009 |      80 |    88.0 |10,00 | mscpb3.txt |5,2e+02 |
| 4 | 3700 | 5000 |   80 |       0.45 |1585367131009 |      80 |    88.0 |10,00 | mscpb3.txt |5,3e+02 |
| 4 | 3800 | 5000 |   80 |       0.45 |1585367131009 |      80 |    88.0 |10,00 | mscpb3.txt |5,4e+02 |
| 4 | 3900 | 5000 |   85 |       0.45 |1585367131009 |      80 |    88.0 |10,00 | mscpb3.txt |5,5e+02 |
| 4 | 4000 | 5000 |   85 |       0.45 |1585367131009 |      80 |    88.0 |10,00 | mscpb3.txt |5,7e+02 |
| 4 | 4100 | 5000 |   85 |       0.45 |1585367131009 |      80 |    88.0 |10,00 | mscpb3.txt |5,8e+02 |
| 4 | 4200 | 5000 |   85 |       0.45 |1585367131009 |      80 |    88.0 |10,00 | mscpb3.txt |6,0e+02 |
| 4 | 4300 | 5000 |   90 |       0.45 |1585367131009 |      80 |    88.0 |10,00 | mscpb3.txt |6,2e+02 |
| 4 | 4400 | 5000 |   90 |       0.45 |1585367131009 |      80 |    88.0 |10,00 | mscpb3.txt |6,3e+02 |
| 4 | 4500 | 5000 |   90 |       0.45 |1585367131009 |      80 |    88.0 |10,00 | mscpb3.txt |6,5e+02 |
| 4 | 4600 | 5000 |   90 |       0.45 |1585367131009 |      80 |    88.0 |10,00 | mscpb3.txt |6,6e+02 |
| 4 | 4700 | 5000 |   95 |       0.45 |1585367131009 |      80 |    88.0 |10,00 | mscpb3.txt |6,8e+02 |
| 4 | 4800 | 5000 |   95 |       0.45 |1585367131009 |      80 |    88.0 |10,00 | mscpb3.txt |7,0e+02 |
| 4 | 4900 | 5000 |   95 |       0.45 |1585367131009 |      80 |    88.0 |10,00 | mscpb3.txt |7,2e+02 |
| 4 | 5000 | 5000 |   95 |       0.45 |1585367131009 |      80 |    88.0 |10,00 | mscpb3.txt |7,4e+02 |
| 4 |  300 | 5000 |  100 |       0.45 |1585367131009 |      80 |    88.0 |10,00 | mscpb3.txt |7,4e+02 |
| 5 |    1 | 5000 |   35 |       0.25 |1585367871600 |      80 |  2155.0 |2593,75 | mscpb3.txt |0,0060 |
| 5 |  100 | 5000 |   35 | 0.42857143 |1585367871600 |      80 |   130.0 |62,50 | mscpb3.txt |  1,5 |
| 5 |  200 | 5000 |   35 | 0.42857143 |1585367871600 |      80 |   126.0 |57,50 | mscpb3.txt |  4,5 |
| 5 |  300 | 5000 |   35 | 0.42857143 |1585367871600 |      80 |   116.0 |45,00 | mscpb3.txt |   11 |
| 5 |  400 | 5000 |   35 |       0.45 |1585367871600 |      80 |   116.0 |45,00 | mscpb3.txt |   18 |
| 5 |  500 | 5000 |   40 |       0.45 |1585367871600 |      80 |    89.0 |11,25 | mscpb3.txt |   48 |
| 5 |  600 | 5000 |   40 |       0.45 |1585367871600 |      80 |    87.0 | 8,75 | mscpb3.txt |   83 |
| 5 |  700 | 5000 |   40 |       0.45 |1585367871600 |      80 |    87.0 | 8,75 | mscpb3.txt |1,2e+02 |
| 5 |  800 | 5000 |   40 |       0.45 |1585367871600 |      80 |    87.0 | 8,75 | mscpb3.txt |1,4e+02 |
| 5 |  900 | 5000 |   45 |        0.4 |1585367871600 |      80 |    87.0 | 8,75 | mscpb3.txt |1,7e+02 |
| 5 | 1000 | 5000 |   45 | 0.42222223 |1585367871600 |      80 |    87.0 | 8,75 | mscpb3.txt |1,9e+02 |
| 5 | 1100 | 5000 |   45 |       0.45 |1585367871600 |      80 |    87.0 | 8,75 | mscpb3.txt |2,1e+02 |
| 5 | 1200 | 5000 |   45 |       0.45 |1585367871600 |      80 |    87.0 | 8,75 | mscpb3.txt |2,1e+02 |
| 5 | 1300 | 5000 |   50 |       0.45 |1585367871600 |      80 |    87.0 | 8,75 | mscpb3.txt |2,3e+02 |
| 5 | 1400 | 5000 |   50 |       0.45 |1585367871600 |      80 |    87.0 | 8,75 | mscpb3.txt |2,4e+02 |
| 5 | 1500 | 5000 |   50 |       0.45 |1585367871600 |      80 |    87.0 | 8,75 | mscpb3.txt |2,5e+02 |
| 5 | 1600 | 5000 |   50 |       0.45 |1585367871600 |      80 |    87.0 | 8,75 | mscpb3.txt |2,6e+02 |
| 5 | 1700 | 5000 |   55 |       0.45 |1585367871600 |      80 |    87.0 | 8,75 | mscpb3.txt |2,8e+02 |
| 5 | 1800 | 5000 |   55 |       0.45 |1585367871600 |      80 |    87.0 | 8,75 | mscpb3.txt |2,9e+02 |
| 5 | 1900 | 5000 |   55 |       0.45 |1585367871600 |      80 |    87.0 | 8,75 | mscpb3.txt |3,0e+02 |
| 5 | 2000 | 5000 |   55 |       0.45 |1585367871600 |      80 |    87.0 | 8,75 | mscpb3.txt |3,1e+02 |
| 5 | 2100 | 5000 |   60 |       0.45 |1585367871600 |      80 |    87.0 | 8,75 | mscpb3.txt |3,2e+02 |
| 5 | 2200 | 5000 |   60 |       0.45 |1585367871600 |      80 |    87.0 | 8,75 | mscpb3.txt |3,3e+02 |
| 5 | 2300 | 5000 |   60 |       0.45 |1585367871600 |      80 |    87.0 | 8,75 | mscpb3.txt |3,3e+02 |
| 5 | 2400 | 5000 |   60 |       0.45 |1585367871600 |      80 |    87.0 | 8,75 | mscpb3.txt |3,4e+02 |
| 5 | 2500 | 5000 |   65 |       0.45 |1585367871600 |      80 |    87.0 | 8,75 | mscpb3.txt |3,6e+02 |
| 5 | 2600 | 5000 |   65 | 0.30769232 |1585367871600 |      80 |    87.0 | 8,75 | mscpb3.txt |3,6e+02 |
| 5 | 2700 | 5000 |   65 | 0.30769232 |1585367871600 |      80 |    87.0 | 8,75 | mscpb3.txt |3,7e+02 |
| 5 | 2800 | 5000 |   65 | 0.36923078 |1585367871600 |      80 |    87.0 | 8,75 | mscpb3.txt |3,8e+02 |
| 5 | 2900 | 5000 |   70 |       0.45 |1585367871600 |      80 |    87.0 | 8,75 | mscpb3.txt |3,9e+02 |
| 5 | 3000 | 5000 |   70 |       0.45 |1585367871600 |      80 |    87.0 | 8,75 | mscpb3.txt |4,1e+02 |
| 5 | 3100 | 5000 |   70 |       0.45 |1585367871600 |      80 |    87.0 | 8,75 | mscpb3.txt |4,3e+02 |
| 5 | 3200 | 5000 |   70 |  0.2857143 |1585367871600 |      80 |    87.0 | 8,75 | mscpb3.txt |4,4e+02 |
| 5 | 3300 | 5000 |   75 |       0.45 |1585367871600 |      80 |    87.0 | 8,75 | mscpb3.txt |4,5e+02 |
| 5 | 3400 | 5000 |   75 | 0.25333333 |1585367871600 |      80 |    87.0 | 8,75 | mscpb3.txt |4,6e+02 |
| 5 | 3500 | 5000 |   75 | 0.25333333 |1585367871600 |      80 |    87.0 | 8,75 | mscpb3.txt |4,7e+02 |
| 5 | 3600 | 5000 |   75 | 0.25333333 |1585367871600 |      80 |    87.0 | 8,75 | mscpb3.txt |4,7e+02 |
| 5 | 3700 | 5000 |   80 |       0.45 |1585367871600 |      80 |    87.0 | 8,75 | mscpb3.txt |4,9e+02 |
| 5 | 3800 | 5000 |   80 |     0.2125 |1585367871600 |      80 |    87.0 | 8,75 | mscpb3.txt |5,0e+02 |
| 5 | 3900 | 5000 |   80 |     0.2125 |1585367871600 |      80 |    87.0 | 8,75 | mscpb3.txt |5,0e+02 |
| 5 | 4000 | 5000 |   80 |     0.2125 |1585367871600 |      80 |    87.0 | 8,75 | mscpb3.txt |5,1e+02 |
| 5 | 4100 | 5000 |   85 |       0.45 |1585367871600 |      80 |    87.0 | 8,75 | mscpb3.txt |5,2e+02 |
| 5 | 4200 | 5000 |   85 | 0.14117648 |1585367871600 |      80 |    87.0 | 8,75 | mscpb3.txt |5,3e+02 |
| 5 | 4300 | 5000 |   85 | 0.14117648 |1585367871600 |      80 |    87.0 | 8,75 | mscpb3.txt |5,4e+02 |
| 5 | 4400 | 5000 |   85 | 0.14117648 |1585367871600 |      80 |    87.0 | 8,75 | mscpb3.txt |5,5e+02 |
| 5 | 4500 | 5000 |   90 |       0.45 |1585367871600 |      80 |    87.0 | 8,75 | mscpb3.txt |5,6e+02 |
| 5 | 4600 | 5000 |   90 | 0.14444445 |1585367871600 |      80 |    87.0 | 8,75 | mscpb3.txt |5,7e+02 |
| 5 | 4700 | 5000 |   90 | 0.14444445 |1585367871600 |      80 |    87.0 | 8,75 | mscpb3.txt |5,8e+02 |
| 5 | 4800 | 5000 |   90 | 0.14444445 |1585367871600 |      80 |    87.0 | 8,75 | mscpb3.txt |5,9e+02 |
| 5 | 4900 | 5000 |   95 |       0.45 |1585367871600 |      80 |    87.0 | 8,75 | mscpb3.txt |6,0e+02 |
| 5 | 5000 | 5000 |   95 |  0.2736842 |1585367871600 |      80 |    87.0 | 8,75 | mscpb3.txt |6,1e+02 |
| 5 |  300 | 5000 |   95 |  0.2736842 |1585367871600 |      80 |    87.0 | 8,75 | mscpb3.txt |6,1e+02 |
| 6 |    1 | 5000 |   35 |       0.25 |1585368483553 |      80 |  2270.0 |2737,50 | mscpb3.txt |0,0050 |
| 6 |  100 | 5000 |   35 | 0.42857143 |1585368483553 |      80 |   167.0 |108,75 | mscpb3.txt |  1,1 |
| 6 |  200 | 5000 |   35 |       0.45 |1585368483553 |      80 |   144.0 |80,00 | mscpb3.txt |  2,8 |
| 6 |  300 | 5000 |   40 |       0.45 |1585368483553 |      80 |    87.0 | 8,75 | mscpb3.txt |   33 |
| 6 |  400 | 5000 |   40 |       0.45 |1585368483553 |      80 |    87.0 | 8,75 | mscpb3.txt |   65 |
| 6 |  500 | 5000 |   40 |       0.45 |1585368483553 |      80 |    87.0 | 8,75 | mscpb3.txt |1,0e+02 |
| 6 |  600 | 5000 |   40 |       0.45 |1585368483553 |      80 |    85.0 | 6,25 | mscpb3.txt |1,3e+02 |
| 6 |  700 | 5000 |   45 |       0.45 |1585368483553 |      80 |    85.0 | 6,25 | mscpb3.txt |1,8e+02 |
| 6 |  800 | 5000 |   45 |       0.45 |1585368483553 |      80 |    85.0 | 6,25 | mscpb3.txt |2,2e+02 |
| 6 |  900 | 5000 |   45 |       0.45 |1585368483553 |      80 |    85.0 | 6,25 | mscpb3.txt |2,6e+02 |
| 6 | 1000 | 5000 |   45 |       0.45 |1585368483553 |      80 |    85.0 | 6,25 | mscpb3.txt |3,0e+02 |
| 6 | 1100 | 5000 |   50 |       0.45 |1585368483553 |      80 |    84.0 | 5,00 | mscpb3.txt |3,4e+02 |
| 6 | 1200 | 5000 |   50 |       0.45 |1585368483553 |      80 |    84.0 | 5,00 | mscpb3.txt |3,8e+02 |
| 6 | 1300 | 5000 |   50 |       0.44 |1585368483553 |      80 |    84.0 | 5,00 | mscpb3.txt |4,0e+02 |
| 6 | 1400 | 5000 |   50 |       0.44 |1585368483553 |      80 |    84.0 | 5,00 | mscpb3.txt |4,3e+02 |
| 6 | 1500 | 5000 |   55 |       0.45 |1585368483553 |      80 |    83.0 | 3,75 | mscpb3.txt |4,6e+02 |
| 6 | 1600 | 5000 |   55 |       0.45 |1585368483553 |      80 |    83.0 | 3,75 | mscpb3.txt |4,9e+02 |
| 6 | 1700 | 5000 |   55 |       0.45 |1585368483553 |      80 |    83.0 | 3,75 | mscpb3.txt |5,2e+02 |
| 6 | 1800 | 5000 |   55 |       0.45 |1585368483553 |      80 |    83.0 | 3,75 | mscpb3.txt |5,4e+02 |
| 6 | 1900 | 5000 |   60 |       0.45 |1585368483553 |      80 |    83.0 | 3,75 | mscpb3.txt |5,6e+02 |
| 6 | 2000 | 5000 |   60 |       0.45 |1585368483553 |      80 |    83.0 | 3,75 | mscpb3.txt |5,9e+02 |
| 6 | 2100 | 5000 |   60 |       0.45 |1585368483553 |      80 |    83.0 | 3,75 | mscpb3.txt |6,0e+02 |
| 6 | 2200 | 5000 |   60 |       0.45 |1585368483553 |      80 |    83.0 | 3,75 | mscpb3.txt |6,1e+02 |
| 6 | 2300 | 5000 |   65 |       0.45 |1585368483553 |      80 |    83.0 | 3,75 | mscpb3.txt |6,2e+02 |
| 6 | 2400 | 5000 |   65 |       0.45 |1585368483553 |      80 |    83.0 | 3,75 | mscpb3.txt |6,4e+02 |
| 6 | 2500 | 5000 |   65 |       0.45 |1585368483553 |      80 |    83.0 | 3,75 | mscpb3.txt |6,5e+02 |
| 6 | 2600 | 5000 |   65 |       0.45 |1585368483553 |      80 |    83.0 | 3,75 | mscpb3.txt |6,7e+02 |
| 6 | 2700 | 5000 |   70 |       0.45 |1585368483553 |      80 |    83.0 | 3,75 | mscpb3.txt |6,9e+02 |
| 6 | 2800 | 5000 |   70 |       0.45 |1585368483553 |      80 |    83.0 | 3,75 | mscpb3.txt |7,1e+02 |
| 6 | 2900 | 5000 |   70 |       0.45 |1585368483553 |      80 |    83.0 | 3,75 | mscpb3.txt |7,3e+02 |
| 6 | 3000 | 5000 |   70 |       0.45 |1585368483553 |      80 |    83.0 | 3,75 | mscpb3.txt |7,4e+02 |
| 6 | 3100 | 5000 |   75 |       0.45 |1585368483553 |      80 |    83.0 | 3,75 | mscpb3.txt |7,5e+02 |
| 6 | 3200 | 5000 |   75 |       0.45 |1585368483553 |      80 |    83.0 | 3,75 | mscpb3.txt |7,6e+02 |
| 6 | 3300 | 5000 |   75 |       0.45 |1585368483553 |      80 |    83.0 | 3,75 | mscpb3.txt |7,7e+02 |
| 6 | 3400 | 5000 |   75 | 0.10666667 |1585368483553 |      80 |    83.0 | 3,75 | mscpb3.txt |7,8e+02 |
| 6 | 3500 | 5000 |   80 |       0.45 |1585368483553 |      80 |    83.0 | 3,75 | mscpb3.txt |7,9e+02 |
| 6 | 3600 | 5000 |   80 |       0.45 |1585368483553 |      80 |    83.0 | 3,75 | mscpb3.txt |8,0e+02 |
| 6 | 3700 | 5000 |   80 |       0.45 |1585368483553 |      80 |    83.0 | 3,75 | mscpb3.txt |8,1e+02 |
| 6 | 3800 | 5000 |   80 |       0.45 |1585368483553 |      80 |    83.0 | 3,75 | mscpb3.txt |8,2e+02 |
| 6 | 3900 | 5000 |   85 |       0.45 |1585368483553 |      80 |    83.0 | 3,75 | mscpb3.txt |8,3e+02 |
| 6 | 4000 | 5000 |   85 |       0.45 |1585368483553 |      80 |    83.0 | 3,75 | mscpb3.txt |8,4e+02 |
| 6 | 4100 | 5000 |   85 |       0.45 |1585368483553 |      80 |    83.0 | 3,75 | mscpb3.txt |8,5e+02 |
| 6 | 4200 | 5000 |   85 |       0.45 |1585368483553 |      80 |    83.0 | 3,75 | mscpb3.txt |8,6e+02 |
| 6 | 4300 | 5000 |   90 |       0.45 |1585368483553 |      80 |    83.0 | 3,75 | mscpb3.txt |8,8e+02 |
| 6 | 4400 | 5000 |   90 |       0.45 |1585368483553 |      80 |    83.0 | 3,75 | mscpb3.txt |9,0e+02 |
| 6 | 4500 | 5000 |   90 |       0.45 |1585368483553 |      80 |    83.0 | 3,75 | mscpb3.txt |9,1e+02 |
| 6 | 4600 | 5000 |   90 |       0.45 |1585368483553 |      80 |    83.0 | 3,75 | mscpb3.txt |9,3e+02 |
| 6 | 4700 | 5000 |   95 |       0.45 |1585368483553 |      80 |    83.0 | 3,75 | mscpb3.txt |9,4e+02 |
| 6 | 4800 | 5000 |   95 |       0.45 |1585368483553 |      80 |    83.0 | 3,75 | mscpb3.txt |9,6e+02 |
| 6 | 4900 | 5000 |   95 |       0.45 |1585368483553 |      80 |    83.0 | 3,75 | mscpb3.txt |9,7e+02 |
| 6 | 5000 | 5000 |   95 |       0.45 |1585368483553 |      80 |    83.0 | 3,75 | mscpb3.txt |9,9e+02 |
| 6 |  300 | 5000 |  100 |       0.45 |1585368483553 |      80 |    83.0 | 3,75 | mscpb3.txt |9,9e+02 |
| 7 |    1 | 5000 |   35 |       0.25 |1585369475599 |      80 |  2248.0 |2710,00 | mscpb3.txt |0,0050 |
| 7 |  100 | 5000 |   35 | 0.25714287 |1585369475599 |      80 |   126.0 |57,50 | mscpb3.txt |  1,8 |
| 7 |  200 | 5000 |   35 |       0.45 |1585369475599 |      80 |   126.0 |57,50 | mscpb3.txt |  3,8 |
| 7 |  300 | 5000 |   35 |       0.45 |1585369475599 |      80 |   126.0 |57,50 | mscpb3.txt |  8,0 |
| 7 |  400 | 5000 |   35 |       0.45 |1585369475599 |      80 |   114.0 |42,50 | mscpb3.txt |   15 |
| 7 |  500 | 5000 |   40 |       0.45 |1585369475599 |      80 |    88.0 |10,00 | mscpb3.txt |   47 |
| 7 |  600 | 5000 |   40 |       0.45 |1585369475599 |      80 |    87.0 | 8,75 | mscpb3.txt |   86 |
| 7 |  700 | 5000 |   40 |       0.45 |1585369475599 |      80 |    87.0 | 8,75 | mscpb3.txt |1,3e+02 |
| 7 |  800 | 5000 |   40 |      0.425 |1585369475599 |      80 |    87.0 | 8,75 | mscpb3.txt |1,5e+02 |
| 7 |  900 | 5000 |   45 |       0.45 |1585369475599 |      80 |    87.0 | 8,75 | mscpb3.txt |1,8e+02 |
| 7 | 1000 | 5000 |   45 |       0.45 |1585369475599 |      80 |    87.0 | 8,75 | mscpb3.txt |1,9e+02 |
| 7 | 1100 | 5000 |   45 |       0.45 |1585369475599 |      80 |    87.0 | 8,75 | mscpb3.txt |2,0e+02 |
| 7 | 1200 | 5000 |   45 |       0.45 |1585369475599 |      80 |    86.0 | 7,50 | mscpb3.txt |2,2e+02 |
| 7 | 1300 | 5000 |   50 |       0.45 |1585369475599 |      80 |    86.0 | 7,50 | mscpb3.txt |2,4e+02 |
| 7 | 1400 | 5000 |   50 |       0.45 |1585369475599 |      80 |    86.0 | 7,50 | mscpb3.txt |2,5e+02 |
| 7 | 1500 | 5000 |   50 |       0.45 |1585369475599 |      80 |    86.0 | 7,50 | mscpb3.txt |2,7e+02 |
| 7 | 1600 | 5000 |   50 |       0.45 |1585369475599 |      80 |    86.0 | 7,50 | mscpb3.txt |2,8e+02 |
| 7 | 1700 | 5000 |   55 |       0.45 |1585369475599 |      80 |    86.0 | 7,50 | mscpb3.txt |3,0e+02 |
| 7 | 1800 | 5000 |   55 |       0.45 |1585369475599 |      80 |    86.0 | 7,50 | mscpb3.txt |3,2e+02 |
| 7 | 1900 | 5000 |   55 |       0.45 |1585369475599 |      80 |    86.0 | 7,50 | mscpb3.txt |3,3e+02 |
| 7 | 2000 | 5000 |   55 |       0.45 |1585369475599 |      80 |    86.0 | 7,50 | mscpb3.txt |3,5e+02 |
| 7 | 2100 | 5000 |   60 |       0.45 |1585369475599 |      80 |    86.0 | 7,50 | mscpb3.txt |3,6e+02 |
| 7 | 2200 | 5000 |   60 |       0.45 |1585369475599 |      80 |    86.0 | 7,50 | mscpb3.txt |3,8e+02 |
| 7 | 2300 | 5000 |   60 |       0.45 |1585369475599 |      80 |    86.0 | 7,50 | mscpb3.txt |3,9e+02 |
| 7 | 2400 | 5000 |   60 |       0.45 |1585369475599 |      80 |    86.0 | 7,50 | mscpb3.txt |4,0e+02 |
| 7 | 2500 | 5000 |   65 |       0.45 |1585369475599 |      80 |    86.0 | 7,50 | mscpb3.txt |4,1e+02 |
| 7 | 2600 | 5000 |   65 |       0.45 |1585369475599 |      80 |    86.0 | 7,50 | mscpb3.txt |4,2e+02 |
| 7 | 2700 | 5000 |   65 |       0.45 |1585369475599 |      80 |    86.0 | 7,50 | mscpb3.txt |4,3e+02 |
| 7 | 2800 | 5000 |   65 |       0.45 |1585369475599 |      80 |    86.0 | 7,50 | mscpb3.txt |4,4e+02 |
| 7 | 2900 | 5000 |   70 |       0.45 |1585369475599 |      80 |    86.0 | 7,50 | mscpb3.txt |4,5e+02 |
| 7 | 3000 | 5000 |   70 |       0.45 |1585369475599 |      80 |    86.0 | 7,50 | mscpb3.txt |4,6e+02 |
| 7 | 3100 | 5000 |   70 |       0.45 |1585369475599 |      80 |    86.0 | 7,50 | mscpb3.txt |4,7e+02 |
| 7 | 3200 | 5000 |   70 |       0.45 |1585369475599 |      80 |    86.0 | 7,50 | mscpb3.txt |4,8e+02 |
| 7 | 3300 | 5000 |   75 |       0.45 |1585369475599 |      80 |    86.0 | 7,50 | mscpb3.txt |4,9e+02 |
| 7 | 3400 | 5000 |   75 |       0.45 |1585369475599 |      80 |    86.0 | 7,50 | mscpb3.txt |5,1e+02 |
| 7 | 3500 | 5000 |   75 |       0.45 |1585369475599 |      80 |    86.0 | 7,50 | mscpb3.txt |5,2e+02 |
| 7 | 3600 | 5000 |   75 |       0.45 |1585369475599 |      80 |    86.0 | 7,50 | mscpb3.txt |5,2e+02 |
| 7 | 3700 | 5000 |   80 |       0.45 |1585369475599 |      80 |    86.0 | 7,50 | mscpb3.txt |5,3e+02 |
| 7 | 3800 | 5000 |   80 |       0.45 |1585369475599 |      80 |    86.0 | 7,50 | mscpb3.txt |5,4e+02 |
| 7 | 3900 | 5000 |   80 |       0.45 |1585369475599 |      80 |    86.0 | 7,50 | mscpb3.txt |5,5e+02 |
| 7 | 4000 | 5000 |   80 |       0.45 |1585369475599 |      80 |    86.0 | 7,50 | mscpb3.txt |5,6e+02 |
| 7 | 4100 | 5000 |   85 |       0.45 |1585369475599 |      80 |    86.0 | 7,50 | mscpb3.txt |5,8e+02 |
| 7 | 4200 | 5000 |   85 |       0.45 |1585369475599 |      80 |    86.0 | 7,50 | mscpb3.txt |5,9e+02 |
| 7 | 4300 | 5000 |   85 |       0.45 |1585369475599 |      80 |    86.0 | 7,50 | mscpb3.txt |6,1e+02 |
| 7 | 4400 | 5000 |   85 |       0.45 |1585369475599 |      80 |    86.0 | 7,50 | mscpb3.txt |6,3e+02 |
| 7 | 4500 | 5000 |   90 |       0.45 |1585369475599 |      80 |    86.0 | 7,50 | mscpb3.txt |6,5e+02 |
| 7 | 4600 | 5000 |   90 |       0.45 |1585369475599 |      80 |    86.0 | 7,50 | mscpb3.txt |6,7e+02 |
| 7 | 4700 | 5000 |   90 |       0.45 |1585369475599 |      80 |    86.0 | 7,50 | mscpb3.txt |6,8e+02 |
| 7 | 4800 | 5000 |   90 |       0.45 |1585369475599 |      80 |    86.0 | 7,50 | mscpb3.txt |6,9e+02 |
| 7 | 4900 | 5000 |   95 |       0.45 |1585369475599 |      80 |    86.0 | 7,50 | mscpb3.txt |7,0e+02 |
| 7 | 5000 | 5000 |   95 |       0.45 |1585369475599 |      80 |    86.0 | 7,50 | mscpb3.txt |7,1e+02 |
| 7 |  300 | 5000 |   95 |       0.45 |1585369475599 |      80 |    86.0 | 7,50 | mscpb3.txt |7,1e+02 |
| 8 |    1 | 5000 |   35 |       0.25 |1585370186351 |      80 |  2258.0 |2722,50 | mscpb3.txt |0,0050 |
| 8 |  100 | 5000 |   35 | 0.34285715 |1585370186351 |      80 |   173.0 |116,25 | mscpb3.txt | 0,99 |
| 8 |  200 | 5000 |   35 |        0.4 |1585370186351 |      80 |   173.0 |116,25 | mscpb3.txt |  3,4 |
| 8 |  300 | 5000 |   40 |       0.45 |1585370186351 |      80 |    87.0 | 8,75 | mscpb3.txt |   35 |
| 8 |  400 | 5000 |   40 |       0.45 |1585370186351 |      80 |    85.0 | 6,25 | mscpb3.txt |   71 |
| 8 |  500 | 5000 |   40 |       0.45 |1585370186351 |      80 |    85.0 | 6,25 | mscpb3.txt |1,1e+02 |
| 8 |  600 | 5000 |   40 |       0.45 |1585370186351 |      80 |    85.0 | 6,25 | mscpb3.txt |1,5e+02 |
| 8 |  700 | 5000 |   45 |       0.45 |1585370186351 |      80 |    85.0 | 6,25 | mscpb3.txt |1,9e+02 |
| 8 |  800 | 5000 |   45 |       0.45 |1585370186351 |      80 |    85.0 | 6,25 | mscpb3.txt |2,4e+02 |
| 8 |  900 | 5000 |   45 |       0.45 |1585370186351 |      80 |    85.0 | 6,25 | mscpb3.txt |2,9e+02 |
| 8 | 1000 | 5000 |   45 |       0.45 |1585370186351 |      80 |    85.0 | 6,25 | mscpb3.txt |3,1e+02 |
| 8 | 1100 | 5000 |   50 |       0.45 |1585370186351 |      80 |    85.0 | 6,25 | mscpb3.txt |3,4e+02 |
| 8 | 1200 | 5000 |   50 |       0.45 |1585370186351 |      80 |    85.0 | 6,25 | mscpb3.txt |3,7e+02 |
| 8 | 1300 | 5000 |   50 |       0.45 |1585370186351 |      80 |    85.0 | 6,25 | mscpb3.txt |3,8e+02 |
| 8 | 1400 | 5000 |   50 |       0.45 |1585370186351 |      80 |    85.0 | 6,25 | mscpb3.txt |3,9e+02 |
| 8 | 1500 | 5000 |   55 |       0.45 |1585370186351 |      80 |    85.0 | 6,25 | mscpb3.txt |4,1e+02 |
| 8 | 1600 | 5000 |   55 |       0.45 |1585370186351 |      80 |    85.0 | 6,25 | mscpb3.txt |4,3e+02 |
| 8 | 1700 | 5000 |   55 |       0.45 |1585370186351 |      80 |    85.0 | 6,25 | mscpb3.txt |4,5e+02 |
| 8 | 1800 | 5000 |   55 |       0.45 |1585370186351 |      80 |    85.0 | 6,25 | mscpb3.txt |4,7e+02 |
| 8 | 1900 | 5000 |   60 |       0.45 |1585370186351 |      80 |    85.0 | 6,25 | mscpb3.txt |5,0e+02 |
| 8 | 2000 | 5000 |   60 |       0.45 |1585370186351 |      80 |    85.0 | 6,25 | mscpb3.txt |5,2e+02 |
| 8 | 2100 | 5000 |   60 |       0.45 |1585370186351 |      80 |    85.0 | 6,25 | mscpb3.txt |5,4e+02 |
| 8 | 2200 | 5000 |   60 |       0.45 |1585370186351 |      80 |    85.0 | 6,25 | mscpb3.txt |5,6e+02 |
| 8 | 2300 | 5000 |   65 |       0.45 |1585370186351 |      80 |    85.0 | 6,25 | mscpb3.txt |5,9e+02 |
| 8 | 2400 | 5000 |   65 |       0.45 |1585370186351 |      80 |    85.0 | 6,25 | mscpb3.txt |6,1e+02 |
| 8 | 2500 | 5000 |   65 |       0.45 |1585370186351 |      80 |    85.0 | 6,25 | mscpb3.txt |6,4e+02 |
| 8 | 2600 | 5000 |   65 |       0.45 |1585370186351 |      80 |    85.0 | 6,25 | mscpb3.txt |6,6e+02 |
| 8 | 2700 | 5000 |   70 |       0.45 |1585370186351 |      80 |    85.0 | 6,25 | mscpb3.txt |6,9e+02 |
| 8 | 2800 | 5000 |   70 |       0.45 |1585370186351 |      80 |    85.0 | 6,25 | mscpb3.txt |7,2e+02 |
| 8 | 2900 | 5000 |   70 |       0.45 |1585370186351 |      80 |    85.0 | 6,25 | mscpb3.txt |7,5e+02 |
| 8 | 3000 | 5000 |   70 |       0.45 |1585370186351 |      80 |    85.0 | 6,25 | mscpb3.txt |7,7e+02 |
| 8 | 3100 | 5000 |   75 |       0.45 |1585370186351 |      80 |    85.0 | 6,25 | mscpb3.txt |7,9e+02 |
| 8 | 3200 | 5000 |   75 |       0.45 |1585370186351 |      80 |    85.0 | 6,25 | mscpb3.txt |8,2e+02 |
| 8 | 3300 | 5000 |   75 |       0.45 |1585370186351 |      80 |    85.0 | 6,25 | mscpb3.txt |8,4e+02 |
| 8 | 3400 | 5000 |   75 |       0.45 |1585370186351 |      80 |    85.0 | 6,25 | mscpb3.txt |8,7e+02 |
| 8 | 3500 | 5000 |   80 |       0.45 |1585370186351 |      80 |    85.0 | 6,25 | mscpb3.txt |9,0e+02 |
| 8 | 3600 | 5000 |   80 |       0.45 |1585370186351 |      80 |    85.0 | 6,25 | mscpb3.txt |9,2e+02 |
| 8 | 3700 | 5000 |   80 |       0.45 |1585370186351 |      80 |    85.0 | 6,25 | mscpb3.txt |9,4e+02 |
| 8 | 3800 | 5000 |   80 |       0.45 |1585370186351 |      80 |    85.0 | 6,25 | mscpb3.txt |9,6e+02 |
| 8 | 3900 | 5000 |   85 |       0.45 |1585370186351 |      80 |    85.0 | 6,25 | mscpb3.txt |9,9e+02 |
| 8 | 4000 | 5000 |   85 |       0.45 |1585370186351 |      80 |    85.0 | 6,25 | mscpb3.txt |1,0e+03 |
| 8 | 4100 | 5000 |   85 |       0.45 |1585370186351 |      80 |    85.0 | 6,25 | mscpb3.txt |1,0e+03 |
| 8 | 4200 | 5000 |   85 |       0.45 |1585370186351 |      80 |    85.0 | 6,25 | mscpb3.txt |1,1e+03 |
| 8 | 4300 | 5000 |   90 |       0.45 |1585370186351 |      80 |    85.0 | 6,25 | mscpb3.txt |1,1e+03 |
| 8 | 4400 | 5000 |   90 |       0.45 |1585370186351 |      80 |    85.0 | 6,25 | mscpb3.txt |1,1e+03 |
| 8 | 4500 | 5000 |   90 |       0.45 |1585370186351 |      80 |    85.0 | 6,25 | mscpb3.txt |1,2e+03 |
| 8 | 4600 | 5000 |   90 |       0.45 |1585370186351 |      80 |    85.0 | 6,25 | mscpb3.txt |1,2e+03 |
| 8 | 4700 | 5000 |   95 |       0.45 |1585370186351 |      80 |    85.0 | 6,25 | mscpb3.txt |1,2e+03 |
| 8 | 4800 | 5000 |   95 |       0.45 |1585370186351 |      80 |    85.0 | 6,25 | mscpb3.txt |1,2e+03 |
| 8 | 4900 | 5000 |   95 |       0.45 |1585370186351 |      80 |    85.0 | 6,25 | mscpb3.txt |1,3e+03 |
| 8 | 5000 | 5000 |   95 |       0.45 |1585370186351 |      80 |    85.0 | 6,25 | mscpb3.txt |1,3e+03 |
| 8 |  300 | 5000 |  100 |       0.45 |1585370186351 |      80 |    85.0 | 6,25 | mscpb3.txt |1,3e+03 |
| 9 |    1 | 5000 |   35 |       0.25 |1585371476968 |      80 |  2214.0 |2667,50 | mscpb3.txt |0,0050 |
| 9 |  100 | 5000 |   35 |       0.45 |1585371476968 |      80 |   133.0 |66,25 | mscpb3.txt |  1,1 |
| 9 |  200 | 5000 |   35 |       0.45 |1585371476968 |      80 |   121.0 |51,25 | mscpb3.txt |  5,1 |
| 9 |  300 | 5000 |   35 |       0.45 |1585371476968 |      80 |   116.0 |45,00 | mscpb3.txt |   12 |
| 9 |  400 | 5000 |   35 | 0.34285715 |1585371476968 |      80 |   115.0 |43,75 | mscpb3.txt |   23 |
| 9 |  500 | 5000 |   40 |       0.45 |1585371476968 |      80 |    85.0 | 6,25 | mscpb3.txt |   55 |
| 9 |  600 | 5000 |   40 |       0.45 |1585371476968 |      80 |    85.0 | 6,25 | mscpb3.txt |   93 |
| 9 |  700 | 5000 |   40 |       0.45 |1585371476968 |      80 |    85.0 | 6,25 | mscpb3.txt |1,3e+02 |
| 9 |  800 | 5000 |   40 |       0.45 |1585371476968 |      80 |    85.0 | 6,25 | mscpb3.txt |1,6e+02 |
| 9 |  900 | 5000 |   45 |       0.45 |1585371476968 |      80 |    85.0 | 6,25 | mscpb3.txt |2,0e+02 |
| 9 | 1000 | 5000 |   45 |       0.45 |1585371476968 |      80 |    85.0 | 6,25 | mscpb3.txt |2,5e+02 |
| 9 | 1100 | 5000 |   45 | 0.44444445 |1585371476968 |      80 |    85.0 | 6,25 | mscpb3.txt |2,7e+02 |
| 9 | 1200 | 5000 |   45 |       0.45 |1585371476968 |      80 |    85.0 | 6,25 | mscpb3.txt |2,9e+02 |
| 9 | 1300 | 5000 |   50 |       0.45 |1585371476968 |      80 |    85.0 | 6,25 | mscpb3.txt |3,0e+02 |
| 9 | 1400 | 5000 |   50 |       0.45 |1585371476968 |      80 |    85.0 | 6,25 | mscpb3.txt |3,1e+02 |
| 9 | 1500 | 5000 |   50 |       0.45 |1585371476968 |      80 |    85.0 | 6,25 | mscpb3.txt |3,3e+02 |
| 9 | 1600 | 5000 |   50 |       0.45 |1585371476968 |      80 |    85.0 | 6,25 | mscpb3.txt |3,4e+02 |
| 9 | 1700 | 5000 |   55 |       0.45 |1585371476968 |      80 |    85.0 | 6,25 | mscpb3.txt |3,6e+02 |
| 9 | 1800 | 5000 |   55 |       0.45 |1585371476968 |      80 |    85.0 | 6,25 | mscpb3.txt |3,8e+02 |
| 9 | 1900 | 5000 |   55 |       0.45 |1585371476968 |      80 |    85.0 | 6,25 | mscpb3.txt |4,0e+02 |
| 9 | 2000 | 5000 |   55 |       0.45 |1585371476968 |      80 |    85.0 | 6,25 | mscpb3.txt |4,2e+02 |
| 9 | 2100 | 5000 |   60 |       0.45 |1585371476968 |      80 |    85.0 | 6,25 | mscpb3.txt |4,4e+02 |
| 9 | 2200 | 5000 |   60 |       0.45 |1585371476968 |      80 |    85.0 | 6,25 | mscpb3.txt |4,7e+02 |
| 9 | 2300 | 5000 |   60 |       0.45 |1585371476968 |      80 |    85.0 | 6,25 | mscpb3.txt |4,8e+02 |
| 9 | 2400 | 5000 |   60 |       0.45 |1585371476968 |      80 |    85.0 | 6,25 | mscpb3.txt |4,9e+02 |
| 9 | 2500 | 5000 |   65 |       0.45 |1585371476968 |      80 |    85.0 | 6,25 | mscpb3.txt |5,0e+02 |
| 9 | 2600 | 5000 |   65 |       0.45 |1585371476968 |      80 |    85.0 | 6,25 | mscpb3.txt |5,1e+02 |
| 9 | 2700 | 5000 |   65 |       0.45 |1585371476968 |      80 |    85.0 | 6,25 | mscpb3.txt |5,2e+02 |
| 9 | 2800 | 5000 |   65 |       0.45 |1585371476968 |      80 |    85.0 | 6,25 | mscpb3.txt |5,3e+02 |
| 9 | 2900 | 5000 |   70 |       0.45 |1585371476968 |      80 |    85.0 | 6,25 | mscpb3.txt |5,5e+02 |
| 9 | 3000 | 5000 |   70 |       0.45 |1585371476968 |      80 |    85.0 | 6,25 | mscpb3.txt |5,6e+02 |
| 9 | 3100 | 5000 |   70 |       0.45 |1585371476968 |      80 |    85.0 | 6,25 | mscpb3.txt |5,8e+02 |
| 9 | 3200 | 5000 |   70 |       0.45 |1585371476968 |      80 |    85.0 | 6,25 | mscpb3.txt |5,9e+02 |
| 9 | 3300 | 5000 |   75 |       0.45 |1585371476968 |      80 |    85.0 | 6,25 | mscpb3.txt |6,0e+02 |
| 9 | 3400 | 5000 |   75 |       0.45 |1585371476968 |      80 |    85.0 | 6,25 | mscpb3.txt |6,1e+02 |
| 9 | 3500 | 5000 |   75 |       0.45 |1585371476968 |      80 |    85.0 | 6,25 | mscpb3.txt |6,2e+02 |
| 9 | 3600 | 5000 |   75 |       0.45 |1585371476968 |      80 |    85.0 | 6,25 | mscpb3.txt |6,3e+02 |
| 9 | 3700 | 5000 |   80 |       0.45 |1585371476968 |      80 |    85.0 | 6,25 | mscpb3.txt |6,5e+02 |
| 9 | 3800 | 5000 |   80 |       0.45 |1585371476968 |      80 |    84.0 | 5,00 | mscpb3.txt |6,7e+02 |
| 9 | 3900 | 5000 |   80 |       0.45 |1585371476968 |      80 |    84.0 | 5,00 | mscpb3.txt |6,9e+02 |
| 9 | 4000 | 5000 |   80 |       0.45 |1585371476968 |      80 |    84.0 | 5,00 | mscpb3.txt |7,0e+02 |
| 9 | 4100 | 5000 |   85 |       0.45 |1585371476968 |      80 |    84.0 | 5,00 | mscpb3.txt |7,2e+02 |
| 9 | 4200 | 5000 |   85 |       0.45 |1585371476968 |      80 |    84.0 | 5,00 | mscpb3.txt |7,2e+02 |
| 9 | 4300 | 5000 |   85 |       0.45 |1585371476968 |      80 |    84.0 | 5,00 | mscpb3.txt |7,3e+02 |
| 9 | 4400 | 5000 |   85 |       0.45 |1585371476968 |      80 |    84.0 | 5,00 | mscpb3.txt |7,3e+02 |
| 9 | 4500 | 5000 |   90 |       0.45 |1585371476968 |      80 |    84.0 | 5,00 | mscpb3.txt |7,4e+02 |
| 9 | 4600 | 5000 |   90 |       0.45 |1585371476968 |      80 |    84.0 | 5,00 | mscpb3.txt |7,5e+02 |
| 9 | 4700 | 5000 |   90 |       0.45 |1585371476968 |      80 |    84.0 | 5,00 | mscpb3.txt |7,6e+02 |
| 9 | 4800 | 5000 |   90 |       0.45 |1585371476968 |      80 |    84.0 | 5,00 | mscpb3.txt |7,7e+02 |
| 9 | 4900 | 5000 |   95 |       0.45 |1585371476968 |      80 |    84.0 | 5,00 | mscpb3.txt |7,9e+02 |
| 9 | 5000 | 5000 |   95 |       0.45 |1585371476968 |      80 |    84.0 | 5,00 | mscpb3.txt |8,0e+02 |
| 9 |  300 | 5000 |   95 |       0.45 |1585371476968 |      80 |    84.0 | 5,00 | mscpb3.txt |8,0e+02 |
|10 |    1 | 5000 |   35 |       0.25 |1585372280415 |      80 |  2295.0 |2768,75 | mscpb3.txt |0,0050 |
|10 |  100 | 5000 |   35 | 0.42857143 |1585372280415 |      80 |  1928.0 |2310,00 | mscpb3.txt | 0,74 |
|10 |  200 | 5000 |   35 | 0.37142858 |1585372280415 |      80 |   137.0 |71,25 | mscpb3.txt |  2,7 |
|10 |  300 | 5000 |   35 |        0.4 |1585372280415 |      80 |   121.0 |51,25 | mscpb3.txt |  7,4 |
|10 |  400 | 5000 |   40 |       0.45 |1585372280415 |      80 |    89.0 |11,25 | mscpb3.txt |   35 |
|10 |  500 | 5000 |   40 |       0.45 |1585372280415 |      80 |    87.0 | 8,75 | mscpb3.txt |   66 |
|10 |  600 | 5000 |   40 |       0.45 |1585372280415 |      80 |    87.0 | 8,75 | mscpb3.txt |   98 |
|10 |  700 | 5000 |   40 |       0.45 |1585372280415 |      80 |    87.0 | 8,75 | mscpb3.txt |1,2e+02 |
|10 |  800 | 5000 |   45 |       0.45 |1585372280415 |      80 |    87.0 | 8,75 | mscpb3.txt |1,5e+02 |
|10 |  900 | 5000 |   45 |       0.45 |1585372280415 |      80 |    87.0 | 8,75 | mscpb3.txt |1,6e+02 |
|10 | 1000 | 5000 |   45 |       0.45 |1585372280415 |      80 |    87.0 | 8,75 | mscpb3.txt |1,8e+02 |
|10 | 1100 | 5000 |   45 |       0.45 |1585372280415 |      80 |    87.0 | 8,75 | mscpb3.txt |1,9e+02 |
|10 | 1200 | 5000 |   50 |       0.45 |1585372280415 |      80 |    87.0 | 8,75 | mscpb3.txt |2,1e+02 |
|10 | 1300 | 5000 |   50 |       0.45 |1585372280415 |      80 |    87.0 | 8,75 | mscpb3.txt |2,3e+02 |
|10 | 1400 | 5000 |   50 |       0.45 |1585372280415 |      80 |    87.0 | 8,75 | mscpb3.txt |2,4e+02 |
|10 | 1500 | 5000 |   50 |       0.45 |1585372280415 |      80 |    87.0 | 8,75 | mscpb3.txt |2,5e+02 |
|10 | 1600 | 5000 |   55 |       0.45 |1585372280415 |      80 |    87.0 | 8,75 | mscpb3.txt |2,6e+02 |
|10 | 1700 | 5000 |   55 | 0.29090908 |1585372280415 |      80 |    87.0 | 8,75 | mscpb3.txt |2,7e+02 |
|10 | 1800 | 5000 |   55 |        0.1 |1585372280415 |      80 |    87.0 | 8,75 | mscpb3.txt |2,7e+02 |
|10 | 1900 | 5000 |   55 |        0.1 |1585372280415 |      80 |    87.0 | 8,75 | mscpb3.txt |2,7e+02 |
|10 | 2000 | 5000 |   60 |       0.45 |1585372280415 |      80 |    87.0 | 8,75 | mscpb3.txt |2,8e+02 |
|10 | 2100 | 5000 |   60 |       0.45 |1585372280415 |      80 |    87.0 | 8,75 | mscpb3.txt |2,9e+02 |
|10 | 2200 | 5000 |   60 |       0.45 |1585372280415 |      80 |    87.0 | 8,75 | mscpb3.txt |3,0e+02 |
|10 | 2300 | 5000 |   60 |       0.45 |1585372280415 |      80 |    87.0 | 8,75 | mscpb3.txt |3,1e+02 |
|10 | 2400 | 5000 |   65 |       0.45 |1585372280415 |      80 |    87.0 | 8,75 | mscpb3.txt |3,3e+02 |
|10 | 2500 | 5000 |   65 |       0.45 |1585372280415 |      80 |    87.0 | 8,75 | mscpb3.txt |3,4e+02 |
|10 | 2600 | 5000 |   65 |       0.45 |1585372280415 |      80 |    87.0 | 8,75 | mscpb3.txt |3,4e+02 |
|10 | 2700 | 5000 |   65 |       0.45 |1585372280415 |      80 |    87.0 | 8,75 | mscpb3.txt |3,5e+02 |
|10 | 2800 | 5000 |   70 |       0.45 |1585372280415 |      80 |    87.0 | 8,75 | mscpb3.txt |3,6e+02 |
|10 | 2900 | 5000 |   70 |       0.45 |1585372280415 |      80 |    87.0 | 8,75 | mscpb3.txt |3,6e+02 |
|10 | 3000 | 5000 |   70 | 0.41428572 |1585372280415 |      80 |    87.0 | 8,75 | mscpb3.txt |3,7e+02 |
|10 | 3100 | 5000 |   70 | 0.41428572 |1585372280415 |      80 |    87.0 | 8,75 | mscpb3.txt |3,7e+02 |
|10 | 3200 | 5000 |   75 |       0.45 |1585372280415 |      80 |    87.0 | 8,75 | mscpb3.txt |3,8e+02 |
|10 | 3300 | 5000 |   75 |       0.45 |1585372280415 |      80 |    87.0 | 8,75 | mscpb3.txt |3,8e+02 |
|10 | 3400 | 5000 |   75 |       0.45 |1585372280415 |      80 |    87.0 | 8,75 | mscpb3.txt |3,9e+02 |
|10 | 3500 | 5000 |   75 | 0.42666668 |1585372280415 |      80 |    87.0 | 8,75 | mscpb3.txt |3,9e+02 |
|10 | 3600 | 5000 |   80 |       0.45 |1585372280415 |      80 |    87.0 | 8,75 | mscpb3.txt |4,0e+02 |
|10 | 3700 | 5000 |   80 |       0.45 |1585372280415 |      80 |    87.0 | 8,75 | mscpb3.txt |4,1e+02 |
|10 | 3800 | 5000 |   80 |       0.45 |1585372280415 |      80 |    87.0 | 8,75 | mscpb3.txt |4,2e+02 |
|10 | 3900 | 5000 |   80 |       0.45 |1585372280415 |      80 |    87.0 | 8,75 | mscpb3.txt |4,2e+02 |
|10 | 4000 | 5000 |   85 |       0.45 |1585372280415 |      80 |    87.0 | 8,75 | mscpb3.txt |4,3e+02 |
|10 | 4100 | 5000 |   85 |       0.45 |1585372280415 |      80 |    87.0 | 8,75 | mscpb3.txt |4,4e+02 |
|10 | 4200 | 5000 |   85 | 0.27058825 |1585372280415 |      80 |    87.0 | 8,75 | mscpb3.txt |4,4e+02 |
|10 | 4300 | 5000 |   85 | 0.27058825 |1585372280415 |      80 |    87.0 | 8,75 | mscpb3.txt |4,4e+02 |
|10 | 4400 | 5000 |   90 |       0.45 |1585372280415 |      80 |    87.0 | 8,75 | mscpb3.txt |4,5e+02 |
|10 | 4500 | 5000 |   90 |       0.45 |1585372280415 |      80 |    87.0 | 8,75 | mscpb3.txt |4,6e+02 |
|10 | 4600 | 5000 |   90 |       0.45 |1585372280415 |      80 |    87.0 | 8,75 | mscpb3.txt |4,7e+02 |
|10 | 4700 | 5000 |   90 |       0.45 |1585372280415 |      80 |    87.0 | 8,75 | mscpb3.txt |4,8e+02 |
|10 | 4800 | 5000 |   95 |       0.45 |1585372280415 |      80 |    87.0 | 8,75 | mscpb3.txt |4,9e+02 |
|10 | 4900 | 5000 |   95 |       0.45 |1585372280415 |      80 |    87.0 | 8,75 | mscpb3.txt |5,0e+02 |
|10 | 5000 | 5000 |   95 |       0.45 |1585372280415 |      80 |    87.0 | 8,75 | mscpb3.txt |5,1e+02 |
|10 |  300 | 5000 |   95 |       0.45 |1585372280415 |      80 |    87.0 | 8,75 | mscpb3.txt |5,1e+02 |
|11 |    1 | 5000 |   35 |       0.25 |1585372786767 |      80 |  2282.0 |2752,50 | mscpb3.txt |0,0060 |
|11 |  100 | 5000 |   35 | 0.37142858 |1585372786767 |      80 |   126.0 |57,50 | mscpb3.txt |  1,7 |
|11 |  200 | 5000 |   40 |       0.45 |1585372786767 |      80 |    89.0 |11,25 | mscpb3.txt |   29 |
|11 |  300 | 5000 |   40 |       0.45 |1585372786767 |      80 |    87.0 | 8,75 | mscpb3.txt |   61 |
|11 |  400 | 5000 |   40 |       0.45 |1585372786767 |      80 |    86.0 | 7,50 | mscpb3.txt |   93 |
|11 |  500 | 5000 |   40 |       0.45 |1585372786767 |      80 |    84.0 | 5,00 | mscpb3.txt |1,3e+02 |
|11 |  300 | 5000 |   45 |       0.45 |1585372786767 |      80 |    80.0 | 0,00 | mscpb3.txt |1,5e+02 |
|12 |    1 | 5000 |   35 |       0.25 |1585372940001 |      80 |  2258.0 |2722,50 | mscpb3.txt |0,0060 |
|12 |  100 | 5000 |   35 |       0.45 |1585372940001 |      80 |   169.0 |111,25 | mscpb3.txt |  1,3 |
|12 |  200 | 5000 |   35 | 0.42857143 |1585372940001 |      80 |   116.0 |45,00 | mscpb3.txt |  5,1 |
|12 |  300 | 5000 |   35 | 0.42857143 |1585372940001 |      80 |   115.0 |43,75 | mscpb3.txt |   12 |
|12 |  400 | 5000 |   35 |        0.4 |1585372940001 |      80 |   114.0 |42,50 | mscpb3.txt |   25 |
|12 |  500 | 5000 |   40 |       0.45 |1585372940001 |      80 |    89.0 |11,25 | mscpb3.txt |   53 |
|12 |  600 | 5000 |   40 |      0.375 |1585372940001 |      80 |    89.0 |11,25 | mscpb3.txt |   75 |
|12 |  700 | 5000 |   40 |      0.325 |1585372940001 |      80 |    89.0 |11,25 | mscpb3.txt |   98 |
|12 |  800 | 5000 |   40 |      0.325 |1585372940001 |      80 |    89.0 |11,25 | mscpb3.txt |1,2e+02 |
|12 |  900 | 5000 |   45 |       0.45 |1585372940001 |      80 |    89.0 |11,25 | mscpb3.txt |1,5e+02 |
|12 | 1000 | 5000 |   45 | 0.37777779 |1585372940001 |      80 |    89.0 |11,25 | mscpb3.txt |1,7e+02 |
|12 | 1100 | 5000 |   45 |       0.45 |1585372940001 |      80 |    89.0 |11,25 | mscpb3.txt |1,8e+02 |
|12 | 1200 | 5000 |   45 |       0.45 |1585372940001 |      80 |    89.0 |11,25 | mscpb3.txt |1,9e+02 |
|12 | 1300 | 5000 |   50 |       0.45 |1585372940001 |      80 |    89.0 |11,25 | mscpb3.txt |2,1e+02 |
|12 | 1400 | 5000 |   50 |       0.45 |1585372940001 |      80 |    86.0 | 7,50 | mscpb3.txt |2,2e+02 |
|12 | 1500 | 5000 |   50 |       0.45 |1585372940001 |      80 |    86.0 | 7,50 | mscpb3.txt |2,3e+02 |
|12 | 1600 | 5000 |   50 |       0.45 |1585372940001 |      80 |    86.0 | 7,50 | mscpb3.txt |2,3e+02 |
|12 | 1700 | 5000 |   55 |       0.45 |1585372940001 |      80 |    86.0 | 7,50 | mscpb3.txt |2,5e+02 |
|12 | 1800 | 5000 |   55 |       0.45 |1585372940001 |      80 |    86.0 | 7,50 | mscpb3.txt |2,6e+02 |
|12 | 1900 | 5000 |   55 |       0.45 |1585372940001 |      80 |    86.0 | 7,50 | mscpb3.txt |2,8e+02 |
|12 | 2000 | 5000 |   55 |       0.45 |1585372940001 |      80 |    85.0 | 6,25 | mscpb3.txt |2,9e+02 |
|12 | 2100 | 5000 |   60 |       0.45 |1585372940001 |      80 |    85.0 | 6,25 | mscpb3.txt |3,1e+02 |
|12 | 2200 | 5000 |   60 |       0.45 |1585372940001 |      80 |    85.0 | 6,25 | mscpb3.txt |3,3e+02 |
|12 | 2300 | 5000 |   60 |       0.45 |1585372940001 |      80 |    85.0 | 6,25 | mscpb3.txt |3,4e+02 |
|12 | 2400 | 5000 |   60 |        0.1 |1585372940001 |      80 |    85.0 | 6,25 | mscpb3.txt |3,5e+02 |
|12 | 2500 | 5000 |   65 |       0.45 |1585372940001 |      80 |    85.0 | 6,25 | mscpb3.txt |3,6e+02 |
|12 | 2600 | 5000 |   65 |       0.45 |1585372940001 |      80 |    85.0 | 6,25 | mscpb3.txt |3,7e+02 |
|12 | 2700 | 5000 |   65 |       0.45 |1585372940001 |      80 |    85.0 | 6,25 | mscpb3.txt |3,8e+02 |
|12 | 2800 | 5000 |   65 |       0.45 |1585372940001 |      80 |    85.0 | 6,25 | mscpb3.txt |3,9e+02 |
|12 | 2900 | 5000 |   70 |       0.45 |1585372940001 |      80 |    84.0 | 5,00 | mscpb3.txt |4,1e+02 |
|12 | 3000 | 5000 |   70 |       0.45 |1585372940001 |      80 |    84.0 | 5,00 | mscpb3.txt |4,2e+02 |
|12 | 3100 | 5000 |   70 |       0.45 |1585372940001 |      80 |    84.0 | 5,00 | mscpb3.txt |4,4e+02 |
|12 | 3200 | 5000 |   70 |       0.45 |1585372940001 |      80 |    84.0 | 5,00 | mscpb3.txt |4,5e+02 |
|12 | 3300 | 5000 |   75 |       0.45 |1585372940001 |      80 |    84.0 | 5,00 | mscpb3.txt |4,7e+02 |
|12 | 3400 | 5000 |   75 |       0.45 |1585372940001 |      80 |    84.0 | 5,00 | mscpb3.txt |4,9e+02 |
|12 | 3500 | 5000 |   75 |       0.45 |1585372940001 |      80 |    84.0 | 5,00 | mscpb3.txt |5,0e+02 |
|12 | 3600 | 5000 |   75 | 0.25333333 |1585372940001 |      80 |    84.0 | 5,00 | mscpb3.txt |5,1e+02 |
|12 | 3700 | 5000 |   80 |       0.45 |1585372940001 |      80 |    84.0 | 5,00 | mscpb3.txt |5,2e+02 |
|12 | 3800 | 5000 |   80 |       0.45 |1585372940001 |      80 |    84.0 | 5,00 | mscpb3.txt |5,3e+02 |
|12 | 3900 | 5000 |   80 |       0.45 |1585372940001 |      80 |    84.0 | 5,00 | mscpb3.txt |5,5e+02 |
|12 | 4000 | 5000 |   80 |       0.45 |1585372940001 |      80 |    84.0 | 5,00 | mscpb3.txt |5,6e+02 |
|12 | 4100 | 5000 |   85 |       0.45 |1585372940001 |      80 |    84.0 | 5,00 | mscpb3.txt |5,7e+02 |
|12 | 4200 | 5000 |   85 |       0.45 |1585372940001 |      80 |    84.0 | 5,00 | mscpb3.txt |5,9e+02 |
|12 | 4300 | 5000 |   85 |       0.45 |1585372940001 |      80 |    84.0 | 5,00 | mscpb3.txt |6,1e+02 |
|12 | 4400 | 5000 |   85 |       0.45 |1585372940001 |      80 |    84.0 | 5,00 | mscpb3.txt |6,2e+02 |
|12 | 4500 | 5000 |   90 |       0.45 |1585372940001 |      80 |    84.0 | 5,00 | mscpb3.txt |6,5e+02 |
|12 | 4600 | 5000 |   90 |       0.45 |1585372940001 |      80 |    84.0 | 5,00 | mscpb3.txt |6,7e+02 |
|12 | 4700 | 5000 |   90 |       0.45 |1585372940001 |      80 |    84.0 | 5,00 | mscpb3.txt |6,8e+02 |
|12 | 4800 | 5000 |   90 |        0.1 |1585372940001 |      80 |    84.0 | 5,00 | mscpb3.txt |6,9e+02 |
|12 | 4900 | 5000 |   95 |        0.4 |1585372940001 |      80 |    84.0 | 5,00 | mscpb3.txt |7,0e+02 |
|12 | 5000 | 5000 |   95 | 0.38947368 |1585372940001 |      80 |    84.0 | 5,00 | mscpb3.txt |7,1e+02 |
|12 |  300 | 5000 |   95 | 0.38947368 |1585372940001 |      80 |    84.0 | 5,00 | mscpb3.txt |7,1e+02 |
|13 |    1 | 5000 |   35 |       0.25 |1585373647773 |      80 |  2205.0 |2656,25 | mscpb3.txt |0,0080 |
|13 |  100 | 5000 |   35 |        0.4 |1585373647773 |      80 |   145.0 |81,25 | mscpb3.txt |  1,1 |
|13 |  200 | 5000 |   35 | 0.31428573 |1585373647773 |      80 |   136.0 |70,00 | mscpb3.txt |  3,1 |
|13 |  300 | 5000 |   35 |        0.4 |1585373647773 |      80 |   129.0 |61,25 | mscpb3.txt |  6,6 |
|13 |  400 | 5000 |   40 |       0.45 |1585373647773 |      80 |    84.0 | 5,00 | mscpb3.txt |   34 |
|13 |  500 | 5000 |   40 |       0.45 |1585373647773 |      80 |    84.0 | 5,00 | mscpb3.txt |   66 |
|13 |  600 | 5000 |   40 |       0.45 |1585373647773 |      80 |    84.0 | 5,00 | mscpb3.txt |   98 |
|13 |  700 | 5000 |   40 |       0.45 |1585373647773 |      80 |    84.0 | 5,00 | mscpb3.txt |1,3e+02 |
|13 |  800 | 5000 |   45 |       0.45 |1585373647773 |      80 |    84.0 | 5,00 | mscpb3.txt |1,7e+02 |
|13 |  900 | 5000 |   45 |       0.45 |1585373647773 |      80 |    84.0 | 5,00 | mscpb3.txt |2,1e+02 |
|13 | 1000 | 5000 |   45 |       0.45 |1585373647773 |      80 |    84.0 | 5,00 | mscpb3.txt |2,5e+02 |
|13 | 1100 | 5000 |   45 |       0.45 |1585373647773 |      80 |    84.0 | 5,00 | mscpb3.txt |2,9e+02 |
|13 | 1200 | 5000 |   50 |       0.45 |1585373647773 |      80 |    84.0 | 5,00 | mscpb3.txt |3,2e+02 |
|13 | 1300 | 5000 |   50 |       0.38 |1585373647773 |      80 |    84.0 | 5,00 | mscpb3.txt |3,5e+02 |
|13 | 1400 | 5000 |   50 |       0.45 |1585373647773 |      80 |    84.0 | 5,00 | mscpb3.txt |3,6e+02 |
|13 | 1500 | 5000 |   50 |       0.45 |1585373647773 |      80 |    84.0 | 5,00 | mscpb3.txt |3,7e+02 |
|13 | 1600 | 5000 |   55 |       0.45 |1585373647773 |      80 |    84.0 | 5,00 | mscpb3.txt |3,8e+02 |
|13 | 1700 | 5000 |   55 |       0.45 |1585373647773 |      80 |    84.0 | 5,00 | mscpb3.txt |3,9e+02 |
|13 | 1800 | 5000 |   55 |       0.45 |1585373647773 |      80 |    84.0 | 5,00 | mscpb3.txt |4,1e+02 |
|13 | 1900 | 5000 |   55 |       0.45 |1585373647773 |      80 |    84.0 | 5,00 | mscpb3.txt |4,1e+02 |
|13 | 2000 | 5000 |   60 |       0.45 |1585373647773 |      80 |    84.0 | 5,00 | mscpb3.txt |4,2e+02 |
|13 | 2100 | 5000 |   60 |       0.45 |1585373647773 |      80 |    84.0 | 5,00 | mscpb3.txt |4,3e+02 |
|13 | 2200 | 5000 |   60 |       0.45 |1585373647773 |      80 |    84.0 | 5,00 | mscpb3.txt |4,4e+02 |
|13 | 2300 | 5000 |   60 |       0.45 |1585373647773 |      80 |    84.0 | 5,00 | mscpb3.txt |4,4e+02 |
|13 | 2400 | 5000 |   65 |       0.45 |1585373647773 |      80 |    84.0 | 5,00 | mscpb3.txt |4,5e+02 |
|13 | 2500 | 5000 |   65 |       0.45 |1585373647773 |      80 |    84.0 | 5,00 | mscpb3.txt |4,6e+02 |
|13 | 2600 | 5000 |   65 |       0.45 |1585373647773 |      80 |    84.0 | 5,00 | mscpb3.txt |4,7e+02 |
|13 | 2700 | 5000 |   65 |       0.45 |1585373647773 |      80 |    84.0 | 5,00 | mscpb3.txt |4,8e+02 |
|13 | 2800 | 5000 |   70 |       0.45 |1585373647773 |      80 |    84.0 | 5,00 | mscpb3.txt |4,8e+02 |
|13 | 2900 | 5000 |   70 |       0.45 |1585373647773 |      80 |    84.0 | 5,00 | mscpb3.txt |4,9e+02 |
|13 | 3000 | 5000 |   70 |       0.45 |1585373647773 |      80 |    84.0 | 5,00 | mscpb3.txt |5,0e+02 |
|13 | 3100 | 5000 |   70 |       0.45 |1585373647773 |      80 |    84.0 | 5,00 | mscpb3.txt |5,1e+02 |
|13 | 3200 | 5000 |   75 |       0.45 |1585373647773 |      80 |    84.0 | 5,00 | mscpb3.txt |5,2e+02 |
|13 | 3300 | 5000 |   75 |       0.45 |1585373647773 |      80 |    84.0 | 5,00 | mscpb3.txt |5,4e+02 |
|13 | 3400 | 5000 |   75 |       0.45 |1585373647773 |      80 |    84.0 | 5,00 | mscpb3.txt |5,5e+02 |
|13 | 3500 | 5000 |   75 |       0.45 |1585373647773 |      80 |    84.0 | 5,00 | mscpb3.txt |5,5e+02 |
|13 | 3600 | 5000 |   80 |       0.45 |1585373647773 |      80 |    84.0 | 5,00 | mscpb3.txt |5,6e+02 |
|13 | 3700 | 5000 |   80 |       0.45 |1585373647773 |      80 |    84.0 | 5,00 | mscpb3.txt |5,7e+02 |
|13 | 3800 | 5000 |   80 |       0.45 |1585373647773 |      80 |    84.0 | 5,00 | mscpb3.txt |5,8e+02 |
|13 | 3900 | 5000 |   80 |       0.45 |1585373647773 |      80 |    84.0 | 5,00 | mscpb3.txt |5,9e+02 |
|13 | 4000 | 5000 |   85 |       0.45 |1585373647773 |      80 |    84.0 | 5,00 | mscpb3.txt |6,0e+02 |
|13 | 4100 | 5000 |   85 |       0.45 |1585373647773 |      80 |    84.0 | 5,00 | mscpb3.txt |6,2e+02 |
|13 | 4200 | 5000 |   85 |       0.45 |1585373647773 |      80 |    84.0 | 5,00 | mscpb3.txt |6,3e+02 |
|13 | 4300 | 5000 |   85 |       0.45 |1585373647773 |      80 |    84.0 | 5,00 | mscpb3.txt |6,3e+02 |
|13 | 4400 | 5000 |   90 |       0.45 |1585373647773 |      80 |    84.0 | 5,00 | mscpb3.txt |6,4e+02 |
|13 | 4500 | 5000 |   90 |       0.45 |1585373647773 |      80 |    84.0 | 5,00 | mscpb3.txt |6,5e+02 |
|13 | 4600 | 5000 |   90 |       0.45 |1585373647773 |      80 |    84.0 | 5,00 | mscpb3.txt |6,6e+02 |
|13 | 4700 | 5000 |   90 |       0.45 |1585373647773 |      80 |    84.0 | 5,00 | mscpb3.txt |6,7e+02 |
|13 | 4800 | 5000 |   95 |       0.45 |1585373647773 |      80 |    84.0 | 5,00 | mscpb3.txt |6,8e+02 |
|13 | 4900 | 5000 |   95 |       0.45 |1585373647773 |      80 |    84.0 | 5,00 | mscpb3.txt |6,9e+02 |
|13 | 5000 | 5000 |   95 |       0.45 |1585373647773 |      80 |    84.0 | 5,00 | mscpb3.txt |7,0e+02 |
|13 |  300 | 5000 |   95 |       0.45 |1585373647773 |      80 |    84.0 | 5,00 | mscpb3.txt |7,0e+02 |
|14 |    1 | 5000 |   35 |       0.25 |1585374351835 |      80 |  2179.0 |2623,75 | mscpb3.txt |0,0060 |
|14 |  100 | 5000 |   35 |       0.45 |1585374351835 |      80 |   178.0 |122,50 | mscpb3.txt |  1,1 |
|14 |  200 | 5000 |   40 |       0.45 |1585374351835 |      80 |    85.0 | 6,25 | mscpb3.txt |   27 |
|14 |  300 | 5000 |   40 |       0.45 |1585374351835 |      80 |    85.0 | 6,25 | mscpb3.txt |   58 |
|14 |  400 | 5000 |   40 |       0.45 |1585374351835 |      80 |    85.0 | 6,25 | mscpb3.txt |   88 |
|14 |  500 | 5000 |   40 |       0.45 |1585374351835 |      80 |    85.0 | 6,25 | mscpb3.txt |1,2e+02 |
|14 |  600 | 5000 |   45 |       0.45 |1585374351835 |      80 |    85.0 | 6,25 | mscpb3.txt |1,6e+02 |
|14 |  700 | 5000 |   45 |       0.45 |1585374351835 |      80 |    85.0 | 6,25 | mscpb3.txt |1,9e+02 |
|14 |  800 | 5000 |   45 |       0.45 |1585374351835 |      80 |    85.0 | 6,25 | mscpb3.txt |2,3e+02 |
|14 |  900 | 5000 |   45 |       0.45 |1585374351835 |      80 |    85.0 | 6,25 | mscpb3.txt |2,7e+02 |
|14 | 1000 | 5000 |   50 |       0.45 |1585374351835 |      80 |    85.0 | 6,25 | mscpb3.txt |3,1e+02 |
|14 | 1100 | 5000 |   50 |       0.45 |1585374351835 |      80 |    85.0 | 6,25 | mscpb3.txt |3,5e+02 |
|14 | 1200 | 5000 |   50 |       0.45 |1585374351835 |      80 |    85.0 | 6,25 | mscpb3.txt |3,9e+02 |
|14 | 1300 | 5000 |   50 |       0.45 |1585374351835 |      80 |    85.0 | 6,25 | mscpb3.txt |4,4e+02 |
|14 | 1400 | 5000 |   55 |       0.45 |1585374351835 |      80 |    85.0 | 6,25 | mscpb3.txt |4,9e+02 |
|14 | 1500 | 5000 |   55 |       0.45 |1585374351835 |      80 |    85.0 | 6,25 | mscpb3.txt |5,3e+02 |
|14 | 1600 | 5000 |   55 |       0.45 |1585374351835 |      80 |    85.0 | 6,25 | mscpb3.txt |5,8e+02 |
|14 | 1700 | 5000 |   55 |       0.45 |1585374351835 |      80 |    85.0 | 6,25 | mscpb3.txt |6,3e+02 |
|14 | 1800 | 5000 |   60 |       0.45 |1585374351835 |      80 |    84.0 | 5,00 | mscpb3.txt |6,9e+02 |
|14 | 1900 | 5000 |   60 |       0.45 |1585374351835 |      80 |    84.0 | 5,00 | mscpb3.txt |7,5e+02 |
|14 | 2000 | 5000 |   60 |       0.45 |1585374351835 |      80 |    83.0 | 3,75 | mscpb3.txt |8,0e+02 |
|14 | 2100 | 5000 |   60 |       0.45 |1585374351835 |      80 |    83.0 | 3,75 | mscpb3.txt |8,6e+02 |
|14 | 2200 | 5000 |   65 |       0.45 |1585374351835 |      80 |    83.0 | 3,75 | mscpb3.txt |9,2e+02 |
|14 | 2300 | 5000 |   65 |       0.45 |1585374351835 |      80 |    83.0 | 3,75 | mscpb3.txt |9,9e+02 |
|14 | 2400 | 5000 |   65 |       0.45 |1585374351835 |      80 |    83.0 | 3,75 | mscpb3.txt |1,0e+03 |
|14 | 2500 | 5000 |   65 |       0.45 |1585374351835 |      80 |    83.0 | 3,75 | mscpb3.txt |1,1e+03 |
|14 | 2600 | 5000 |   70 |       0.45 |1585374351835 |      80 |    83.0 | 3,75 | mscpb3.txt |1,2e+03 |
|14 | 2700 | 5000 |   70 |       0.45 |1585374351835 |      80 |    83.0 | 3,75 | mscpb3.txt |1,2e+03 |
|14 | 2800 | 5000 |   70 |       0.45 |1585374351835 |      80 |    83.0 | 3,75 | mscpb3.txt |1,3e+03 |
|14 | 2900 | 5000 |   70 | 0.44285715 |1585374351835 |      80 |    83.0 | 3,75 | mscpb3.txt |1,3e+03 |
|14 | 3000 | 5000 |   75 |       0.45 |1585374351835 |      80 |    83.0 | 3,75 | mscpb3.txt |1,4e+03 |
|14 | 3100 | 5000 |   75 |       0.45 |1585374351835 |      80 |    83.0 | 3,75 | mscpb3.txt |1,4e+03 |
|14 | 3200 | 5000 |   75 |       0.45 |1585374351835 |      80 |    83.0 | 3,75 | mscpb3.txt |1,4e+03 |
|14 | 3300 | 5000 |   75 |       0.45 |1585374351835 |      80 |    83.0 | 3,75 | mscpb3.txt |1,4e+03 |
|14 | 3400 | 5000 |   80 |       0.45 |1585374351835 |      80 |    83.0 | 3,75 | mscpb3.txt |1,5e+03 |
|14 | 3500 | 5000 |   80 |       0.45 |1585374351835 |      80 |    83.0 | 3,75 | mscpb3.txt |1,5e+03 |
|14 | 3600 | 5000 |   80 |       0.45 |1585374351835 |      80 |    83.0 | 3,75 | mscpb3.txt |1,5e+03 |
|14 | 3700 | 5000 |   80 |       0.45 |1585374351835 |      80 |    83.0 | 3,75 | mscpb3.txt |1,5e+03 |
|14 | 3800 | 5000 |   85 |       0.45 |1585374351835 |      80 |    83.0 | 3,75 | mscpb3.txt |1,6e+03 |
|14 | 3900 | 5000 |   85 |       0.45 |1585374351835 |      80 |    83.0 | 3,75 | mscpb3.txt |1,6e+03 |
|14 | 4000 | 5000 |   85 |       0.45 |1585374351835 |      80 |    83.0 | 3,75 | mscpb3.txt |1,6e+03 |
|14 | 4100 | 5000 |   85 |       0.45 |1585374351835 |      80 |    83.0 | 3,75 | mscpb3.txt |1,7e+03 |
|14 | 4200 | 5000 |   90 |       0.45 |1585374351835 |      80 |    83.0 | 3,75 | mscpb3.txt |1,7e+03 |
|14 | 4300 | 5000 |   90 |       0.45 |1585374351835 |      80 |    83.0 | 3,75 | mscpb3.txt |1,7e+03 |
|14 | 4400 | 5000 |   90 |       0.45 |1585374351835 |      80 |    83.0 | 3,75 | mscpb3.txt |1,8e+03 |
|14 | 4500 | 5000 |   90 |       0.45 |1585374351835 |      80 |    83.0 | 3,75 | mscpb3.txt |1,8e+03 |
|14 | 4600 | 5000 |   95 |       0.45 |1585374351835 |      80 |    83.0 | 3,75 | mscpb3.txt |1,8e+03 |
|14 | 4700 | 5000 |   95 |       0.45 |1585374351835 |      80 |    83.0 | 3,75 | mscpb3.txt |1,8e+03 |
|14 | 4800 | 5000 |   95 |       0.45 |1585374351835 |      80 |    83.0 | 3,75 | mscpb3.txt |1,9e+03 |
|14 | 4900 | 5000 |   95 |       0.45 |1585374351835 |      80 |    83.0 | 3,75 | mscpb3.txt |1,9e+03 |
|14 | 5000 | 5000 |  100 |       0.45 |1585374351835 |      80 |    83.0 | 3,75 | mscpb3.txt |1,9e+03 |
|14 |  300 | 5000 |  100 |       0.45 |1585374351835 |      80 |    83.0 | 3,75 | mscpb3.txt |1,9e+03 |
|15 |    1 | 5000 |   35 |       0.25 |1585376271678 |      80 |  2217.0 |2671,25 | mscpb3.txt |0,0060 |
|15 |  100 | 5000 |   35 | 0.31428573 |1585376271678 |      80 |  1775.0 |2118,75 | mscpb3.txt | 0,59 |
|15 |  200 | 5000 |   35 |        0.4 |1585376271678 |      80 |  1689.0 |2011,25 | mscpb3.txt |  1,8 |
|15 |  300 | 5000 |   35 | 0.37142858 |1585376271678 |      80 |   131.0 |63,75 | mscpb3.txt |  3,9 |
|15 |  400 | 5000 |   40 |       0.45 |1585376271678 |      80 |    87.0 | 8,75 | mscpb3.txt |   36 |
|15 |  500 | 5000 |   40 |       0.45 |1585376271678 |      80 |    87.0 | 8,75 | mscpb3.txt |   71 |
|15 |  600 | 5000 |   40 |       0.45 |1585376271678 |      80 |    87.0 | 8,75 | mscpb3.txt |   97 |
|15 |  700 | 5000 |   40 |       0.45 |1585376271678 |      80 |    87.0 | 8,75 | mscpb3.txt |1,2e+02 |
|15 |  800 | 5000 |   45 |       0.45 |1585376271678 |      80 |    87.0 | 8,75 | mscpb3.txt |1,5e+02 |
|15 |  900 | 5000 |   45 |       0.45 |1585376271678 |      80 |    87.0 | 8,75 | mscpb3.txt |1,6e+02 |
|15 | 1000 | 5000 |   45 |       0.45 |1585376271678 |      80 |    87.0 | 8,75 | mscpb3.txt |1,8e+02 |
|15 | 1100 | 5000 |   45 |       0.45 |1585376271678 |      80 |    87.0 | 8,75 | mscpb3.txt |1,9e+02 |
|15 | 1200 | 5000 |   50 |       0.45 |1585376271678 |      80 |    87.0 | 8,75 | mscpb3.txt |2,1e+02 |
|15 | 1300 | 5000 |   50 |       0.45 |1585376271678 |      80 |    87.0 | 8,75 | mscpb3.txt |2,2e+02 |
|15 | 1400 | 5000 |   50 |       0.36 |1585376271678 |      80 |    87.0 | 8,75 | mscpb3.txt |2,3e+02 |
|15 | 1500 | 5000 |   50 |       0.36 |1585376271678 |      80 |    87.0 | 8,75 | mscpb3.txt |2,3e+02 |
|15 | 1600 | 5000 |   55 |       0.45 |1585376271678 |      80 |    87.0 | 8,75 | mscpb3.txt |2,4e+02 |
|15 | 1700 | 5000 |   55 | 0.16363636 |1585376271678 |      80 |    87.0 | 8,75 | mscpb3.txt |2,5e+02 |
|15 | 1800 | 5000 |   55 | 0.16363636 |1585376271678 |      80 |    87.0 | 8,75 | mscpb3.txt |2,5e+02 |
|15 | 1900 | 5000 |   55 | 0.16363636 |1585376271678 |      80 |    87.0 | 8,75 | mscpb3.txt |2,6e+02 |
|15 | 2000 | 5000 |   60 |       0.45 |1585376271678 |      80 |    87.0 | 8,75 | mscpb3.txt |2,7e+02 |
|15 | 2100 | 5000 |   60 |       0.45 |1585376271678 |      80 |    87.0 | 8,75 | mscpb3.txt |2,8e+02 |
|15 | 2200 | 5000 |   60 |       0.45 |1585376271678 |      80 |    87.0 | 8,75 | mscpb3.txt |2,9e+02 |
|15 | 2300 | 5000 |   60 |       0.45 |1585376271678 |      80 |    87.0 | 8,75 | mscpb3.txt |2,9e+02 |
|15 | 2400 | 5000 |   65 |       0.45 |1585376271678 |      80 |    87.0 | 8,75 | mscpb3.txt |3,0e+02 |
|15 | 2500 | 5000 |   65 |       0.45 |1585376271678 |      80 |    87.0 | 8,75 | mscpb3.txt |3,1e+02 |
|15 | 2600 | 5000 |   65 |       0.45 |1585376271678 |      80 |    87.0 | 8,75 | mscpb3.txt |3,2e+02 |
|15 | 2700 | 5000 |   65 |       0.45 |1585376271678 |      80 |    87.0 | 8,75 | mscpb3.txt |3,2e+02 |
|15 | 2800 | 5000 |   70 |       0.45 |1585376271678 |      80 |    87.0 | 8,75 | mscpb3.txt |3,4e+02 |
|15 | 2900 | 5000 |   70 |       0.45 |1585376271678 |      80 |    87.0 | 8,75 | mscpb3.txt |3,5e+02 |
|15 | 3000 | 5000 |   70 |       0.45 |1585376271678 |      80 |    87.0 | 8,75 | mscpb3.txt |3,5e+02 |
|15 | 3100 | 5000 |   70 |       0.45 |1585376271678 |      80 |    87.0 | 8,75 | mscpb3.txt |3,6e+02 |
|15 | 3200 | 5000 |   75 |       0.45 |1585376271678 |      80 |    87.0 | 8,75 | mscpb3.txt |3,7e+02 |
|15 | 3300 | 5000 |   75 |       0.45 |1585376271678 |      80 |    87.0 | 8,75 | mscpb3.txt |3,9e+02 |
|15 | 3400 | 5000 |   75 |       0.45 |1585376271678 |      80 |    87.0 | 8,75 | mscpb3.txt |3,9e+02 |
|15 | 3500 | 5000 |   75 |       0.45 |1585376271678 |      80 |    87.0 | 8,75 | mscpb3.txt |4,0e+02 |
|15 | 3600 | 5000 |   80 |       0.45 |1585376271678 |      80 |    87.0 | 8,75 | mscpb3.txt |4,1e+02 |
|15 | 3700 | 5000 |   80 |       0.45 |1585376271678 |      80 |    87.0 | 8,75 | mscpb3.txt |4,2e+02 |
|15 | 3800 | 5000 |   80 |       0.45 |1585376271678 |      80 |    87.0 | 8,75 | mscpb3.txt |4,3e+02 |
|15 | 3900 | 5000 |   80 |       0.45 |1585376271678 |      80 |    87.0 | 8,75 | mscpb3.txt |4,3e+02 |
|15 | 4000 | 5000 |   85 |       0.45 |1585376271678 |      80 |    87.0 | 8,75 | mscpb3.txt |4,5e+02 |
|15 | 4100 | 5000 |   85 |  0.3882353 |1585376271678 |      80 |    87.0 | 8,75 | mscpb3.txt |4,5e+02 |
|15 | 4200 | 5000 |   85 |  0.3882353 |1585376271678 |      80 |    87.0 | 8,75 | mscpb3.txt |4,6e+02 |
|15 | 4300 | 5000 |   85 |  0.3882353 |1585376271678 |      80 |    87.0 | 8,75 | mscpb3.txt |4,7e+02 |
|15 | 4400 | 5000 |   90 |       0.45 |1585376271678 |      80 |    87.0 | 8,75 | mscpb3.txt |4,8e+02 |
|15 | 4500 | 5000 |   90 |       0.45 |1585376271678 |      80 |    87.0 | 8,75 | mscpb3.txt |4,9e+02 |
|15 | 4600 | 5000 |   90 | 0.34444445 |1585376271678 |      80 |    87.0 | 8,75 | mscpb3.txt |5,0e+02 |
|15 | 4700 | 5000 |   90 | 0.34444445 |1585376271678 |      80 |    87.0 | 8,75 | mscpb3.txt |5,1e+02 |
|15 | 4800 | 5000 |   95 |       0.45 |1585376271678 |      80 |    87.0 | 8,75 | mscpb3.txt |5,2e+02 |
|15 | 4900 | 5000 |   95 | 0.29473683 |1585376271678 |      80 |    87.0 | 8,75 | mscpb3.txt |5,3e+02 |
|15 | 5000 | 5000 |   95 | 0.29473683 |1585376271678 |      80 |    87.0 | 8,75 | mscpb3.txt |5,4e+02 |
|15 |  300 | 5000 |   95 | 0.29473683 |1585376271678 |      80 |    87.0 | 8,75 | mscpb3.txt |5,4e+02 |
