| # |    #ITER | #IterMAX | Nest |      %Desc |      semilla | BestFit |GottedFit |  RDP |  instancia | time |
-------------------------------------------------------------------------------------------------
| 1 |    1 | 5000 |   35 |       0.25 |1585437687325 |      62 |  2409.0 |3785,48 | mscpd4.txt |0,011 |
| 1 |  100 | 5000 |   35 | 0.37142858 |1585437687325 |      62 |  2104.0 |3293,55 | mscpd4.txt | 0,77 |
| 1 |  200 | 5000 |   35 |       0.45 |1585437687325 |      62 |  1893.0 |2953,23 | mscpd4.txt |  1,5 |
| 1 |  300 | 5000 |   35 | 0.42857143 |1585437687325 |      62 |  1745.0 |2714,52 | mscpd4.txt |  2,4 |
| 1 |  400 | 5000 |   35 | 0.37142858 |1585437687325 |      62 |   115.0 |85,48 | mscpd4.txt |  4,4 |
| 1 |  500 | 5000 |   40 |       0.45 |1585437687325 |      62 |    67.0 | 8,06 | mscpd4.txt |   59 |
| 1 |  600 | 5000 |   40 |       0.45 |1585437687325 |      62 |    67.0 | 8,06 | mscpd4.txt |1,2e+02 |
| 1 |  700 | 5000 |   40 |       0.45 |1585437687325 |      62 |    67.0 | 8,06 | mscpd4.txt |1,7e+02 |
| 1 |  800 | 5000 |   40 |       0.45 |1585437687325 |      62 |    67.0 | 8,06 | mscpd4.txt |2,0e+02 |
| 1 |  900 | 5000 |   45 |       0.45 |1585437687325 |      62 |    67.0 | 8,06 | mscpd4.txt |2,5e+02 |
| 1 | 1000 | 5000 |   45 |       0.45 |1585437687325 |      62 |    67.0 | 8,06 | mscpd4.txt |2,7e+02 |
| 1 | 1100 | 5000 |   45 |       0.45 |1585437687325 |      62 |    67.0 | 8,06 | mscpd4.txt |2,9e+02 |
| 1 | 1200 | 5000 |   45 |       0.45 |1585437687325 |      62 |    67.0 | 8,06 | mscpd4.txt |3,1e+02 |
| 1 | 1300 | 5000 |   50 |       0.45 |1585437687325 |      62 |    67.0 | 8,06 | mscpd4.txt |3,4e+02 |
| 1 | 1400 | 5000 |   50 |       0.45 |1585437687325 |      62 |    67.0 | 8,06 | mscpd4.txt |3,6e+02 |
| 1 | 1500 | 5000 |   50 |       0.12 |1585437687325 |      62 |    67.0 | 8,06 | mscpd4.txt |3,6e+02 |
| 1 | 1600 | 5000 |   50 |       0.18 |1585437687325 |      62 |    67.0 | 8,06 | mscpd4.txt |3,7e+02 |
| 1 | 1700 | 5000 |   55 |       0.45 |1585437687325 |      62 |    67.0 | 8,06 | mscpd4.txt |3,9e+02 |
| 1 | 1800 | 5000 |   55 | 0.25454545 |1585437687325 |      62 |    67.0 | 8,06 | mscpd4.txt |4,1e+02 |
| 1 | 1900 | 5000 |   55 | 0.34545454 |1585437687325 |      62 |    67.0 | 8,06 | mscpd4.txt |4,1e+02 |
| 1 | 2000 | 5000 |   55 | 0.34545454 |1585437687325 |      62 |    67.0 | 8,06 | mscpd4.txt |4,1e+02 |
| 1 | 2100 | 5000 |   60 |       0.45 |1585437687325 |      62 |    67.0 | 8,06 | mscpd4.txt |4,3e+02 |
| 1 | 2200 | 5000 |   60 |       0.45 |1585437687325 |      62 |    67.0 | 8,06 | mscpd4.txt |4,4e+02 |
| 1 | 2300 | 5000 |   60 |        0.4 |1585437687325 |      62 |    67.0 | 8,06 | mscpd4.txt |4,4e+02 |
| 1 | 2400 | 5000 |   60 |        0.4 |1585437687325 |      62 |    67.0 | 8,06 | mscpd4.txt |4,5e+02 |
| 1 | 2500 | 5000 |   65 |       0.45 |1585437687325 |      62 |    67.0 | 8,06 | mscpd4.txt |4,6e+02 |
| 1 | 2600 | 5000 |   65 |       0.45 |1585437687325 |      62 |    67.0 | 8,06 | mscpd4.txt |4,7e+02 |
| 1 | 2700 | 5000 |   65 | 0.41538462 |1585437687325 |      62 |    67.0 | 8,06 | mscpd4.txt |4,7e+02 |
| 1 | 2800 | 5000 |   65 | 0.41538462 |1585437687325 |      62 |    67.0 | 8,06 | mscpd4.txt |4,8e+02 |
| 1 | 2900 | 5000 |   70 |       0.45 |1585437687325 |      62 |    67.0 | 8,06 | mscpd4.txt |4,9e+02 |
| 1 | 3000 | 5000 |   70 |       0.45 |1585437687325 |      62 |    67.0 | 8,06 | mscpd4.txt |5,0e+02 |
| 1 | 3100 | 5000 |   70 |        0.4 |1585437687325 |      62 |    67.0 | 8,06 | mscpd4.txt |5,0e+02 |
| 1 | 3200 | 5000 |   70 |        0.4 |1585437687325 |      62 |    67.0 | 8,06 | mscpd4.txt |5,1e+02 |
| 1 | 3300 | 5000 |   75 |       0.45 |1585437687325 |      62 |    67.0 | 8,06 | mscpd4.txt |5,2e+02 |
| 1 | 3400 | 5000 |   75 |       0.45 |1585437687325 |      62 |    67.0 | 8,06 | mscpd4.txt |5,3e+02 |
| 1 | 3500 | 5000 |   75 | 0.42666668 |1585437687325 |      62 |    67.0 | 8,06 | mscpd4.txt |5,3e+02 |
| 1 | 3600 | 5000 |   75 | 0.42666668 |1585437687325 |      62 |    67.0 | 8,06 | mscpd4.txt |5,4e+02 |
| 1 | 3700 | 5000 |   80 |       0.45 |1585437687325 |      62 |    67.0 | 8,06 | mscpd4.txt |5,5e+02 |
| 1 | 3800 | 5000 |   80 |       0.45 |1585437687325 |      62 |    67.0 | 8,06 | mscpd4.txt |5,6e+02 |
| 1 | 3900 | 5000 |   80 |      0.425 |1585437687325 |      62 |    67.0 | 8,06 | mscpd4.txt |5,7e+02 |
| 1 | 4000 | 5000 |   80 |      0.425 |1585437687325 |      62 |    67.0 | 8,06 | mscpd4.txt |5,7e+02 |
| 1 | 4100 | 5000 |   85 |       0.45 |1585437687325 |      62 |    67.0 | 8,06 | mscpd4.txt |5,8e+02 |
| 1 | 4200 | 5000 |   85 |       0.45 |1585437687325 |      62 |    67.0 | 8,06 | mscpd4.txt |5,9e+02 |
| 1 | 4300 | 5000 |   85 |  0.4117647 |1585437687325 |      62 |    67.0 | 8,06 | mscpd4.txt |6,0e+02 |
| 1 | 4400 | 5000 |   85 |  0.4117647 |1585437687325 |      62 |    67.0 | 8,06 | mscpd4.txt |6,0e+02 |
| 1 | 4500 | 5000 |   90 |       0.45 |1585437687325 |      62 |    67.0 | 8,06 | mscpd4.txt |6,2e+02 |
| 1 | 4600 | 5000 |   90 |       0.45 |1585437687325 |      62 |    67.0 | 8,06 | mscpd4.txt |6,3e+02 |
| 1 | 4700 | 5000 |   90 | 0.41111112 |1585437687325 |      62 |    67.0 | 8,06 | mscpd4.txt |6,3e+02 |
| 1 | 4800 | 5000 |   90 | 0.41111112 |1585437687325 |      62 |    67.0 | 8,06 | mscpd4.txt |6,4e+02 |
| 1 | 4900 | 5000 |   95 |       0.45 |1585437687325 |      62 |    67.0 | 8,06 | mscpd4.txt |6,5e+02 |
| 1 | 5000 | 5000 |   95 |       0.45 |1585437687325 |      62 |    67.0 | 8,06 | mscpd4.txt |6,6e+02 |
| 1 |  400 | 5000 |   95 |       0.45 |1585437687325 |      62 |    67.0 | 8,06 | mscpd4.txt |6,6e+02 |
| 2 |    1 | 5000 |   35 |       0.25 |1585438349656 |      62 |  2422.0 |3806,45 | mscpd4.txt |0,0090 |
| 2 |  100 | 5000 |   35 | 0.37142858 |1585438349656 |      62 |  2112.0 |3306,45 | mscpd4.txt |  2,0 |
| 2 |  200 | 5000 |   35 | 0.34285715 |1585438349656 |      62 |  1969.0 |3075,81 | mscpd4.txt |  3,0 |
| 2 |  300 | 5000 |   40 |       0.45 |1585438349656 |      62 |    67.0 | 8,06 | mscpd4.txt |   49 |
| 2 |  400 | 5000 |   40 |       0.45 |1585438349656 |      62 |    67.0 | 8,06 | mscpd4.txt |1,1e+02 |
| 2 |  500 | 5000 |   40 |       0.45 |1585438349656 |      62 |    67.0 | 8,06 | mscpd4.txt |1,5e+02 |
| 2 |  600 | 5000 |   40 |      0.425 |1585438349656 |      62 |    67.0 | 8,06 | mscpd4.txt |1,8e+02 |
| 2 |  700 | 5000 |   45 |       0.45 |1585438349656 |      62 |    67.0 | 8,06 | mscpd4.txt |2,2e+02 |
| 2 |  800 | 5000 |   45 |       0.45 |1585438349656 |      62 |    67.0 | 8,06 | mscpd4.txt |2,4e+02 |
| 2 |  900 | 5000 |   45 |       0.45 |1585438349656 |      62 |    67.0 | 8,06 | mscpd4.txt |2,7e+02 |
| 2 | 1000 | 5000 |   45 |       0.45 |1585438349656 |      62 |    67.0 | 8,06 | mscpd4.txt |2,9e+02 |
| 2 | 1100 | 5000 |   50 |       0.45 |1585438349656 |      62 |    67.0 | 8,06 | mscpd4.txt |3,2e+02 |
| 2 | 1200 | 5000 |   50 |       0.45 |1585438349656 |      62 |    67.0 | 8,06 | mscpd4.txt |3,5e+02 |
| 2 | 1300 | 5000 |   50 |       0.45 |1585438349656 |      62 |    67.0 | 8,06 | mscpd4.txt |3,9e+02 |
| 2 | 1400 | 5000 |   50 |       0.45 |1585438349656 |      62 |    67.0 | 8,06 | mscpd4.txt |4,2e+02 |
| 2 | 1500 | 5000 |   55 |       0.45 |1585438349656 |      62 |    67.0 | 8,06 | mscpd4.txt |4,7e+02 |
| 2 | 1600 | 5000 |   55 |       0.45 |1585438349656 |      62 |    67.0 | 8,06 | mscpd4.txt |5,0e+02 |
| 2 | 1700 | 5000 |   55 |       0.45 |1585438349656 |      62 |    67.0 | 8,06 | mscpd4.txt |5,2e+02 |
| 2 | 1800 | 5000 |   55 |       0.45 |1585438349656 |      62 |    67.0 | 8,06 | mscpd4.txt |5,6e+02 |
| 2 | 1900 | 5000 |   60 |       0.45 |1585438349656 |      62 |    67.0 | 8,06 | mscpd4.txt |6,0e+02 |
| 2 | 2000 | 5000 |   60 |       0.45 |1585438349656 |      62 |    67.0 | 8,06 | mscpd4.txt |6,4e+02 |
| 2 | 2100 | 5000 |   60 |       0.45 |1585438349656 |      62 |    67.0 | 8,06 | mscpd4.txt |6,9e+02 |
| 2 | 2200 | 5000 |   60 |       0.45 |1585438349656 |      62 |    67.0 | 8,06 | mscpd4.txt |7,3e+02 |
| 2 | 2300 | 5000 |   65 |       0.45 |1585438349656 |      62 |    67.0 | 8,06 | mscpd4.txt |7,8e+02 |
| 2 | 2400 | 5000 |   65 |       0.45 |1585438349656 |      62 |    67.0 | 8,06 | mscpd4.txt |8,1e+02 |
| 2 | 2500 | 5000 |   65 |       0.45 |1585438349656 |      62 |    67.0 | 8,06 | mscpd4.txt |8,4e+02 |
| 2 | 2600 | 5000 |   65 |       0.45 |1585438349656 |      62 |    67.0 | 8,06 | mscpd4.txt |8,8e+02 |
| 2 | 2700 | 5000 |   70 |       0.45 |1585438349656 |      62 |    67.0 | 8,06 | mscpd4.txt |9,2e+02 |
| 2 | 2800 | 5000 |   70 |       0.45 |1585438349656 |      62 |    67.0 | 8,06 | mscpd4.txt |9,7e+02 |
| 2 | 2900 | 5000 |   70 |       0.45 |1585438349656 |      62 |    67.0 | 8,06 | mscpd4.txt |1,0e+03 |
| 2 | 3000 | 5000 |   70 |       0.45 |1585438349656 |      62 |    67.0 | 8,06 | mscpd4.txt |1,1e+03 |
| 2 | 3100 | 5000 |   75 |       0.45 |1585438349656 |      62 |    67.0 | 8,06 | mscpd4.txt |1,1e+03 |
| 2 | 3200 | 5000 |   75 |       0.45 |1585438349656 |      62 |    67.0 | 8,06 | mscpd4.txt |1,1e+03 |
| 2 | 3300 | 5000 |   75 |       0.45 |1585438349656 |      62 |    67.0 | 8,06 | mscpd4.txt |1,2e+03 |
| 2 | 3400 | 5000 |   75 |       0.45 |1585438349656 |      62 |    67.0 | 8,06 | mscpd4.txt |1,2e+03 |
| 2 | 3500 | 5000 |   80 |       0.45 |1585438349656 |      62 |    67.0 | 8,06 | mscpd4.txt |1,3e+03 |
| 2 | 3600 | 5000 |   80 |       0.45 |1585438349656 |      62 |    67.0 | 8,06 | mscpd4.txt |1,3e+03 |
| 2 | 3700 | 5000 |   80 |       0.45 |1585438349656 |      62 |    67.0 | 8,06 | mscpd4.txt |1,3e+03 |
| 2 | 3800 | 5000 |   80 |       0.45 |1585438349656 |      62 |    67.0 | 8,06 | mscpd4.txt |1,4e+03 |
| 2 | 3900 | 5000 |   85 |       0.45 |1585438349656 |      62 |    67.0 | 8,06 | mscpd4.txt |1,4e+03 |
| 2 | 4000 | 5000 |   85 |       0.45 |1585438349656 |      62 |    67.0 | 8,06 | mscpd4.txt |1,5e+03 |
| 2 | 4100 | 5000 |   85 |       0.45 |1585438349656 |      62 |    67.0 | 8,06 | mscpd4.txt |1,6e+03 |
| 2 | 4200 | 5000 |   85 |       0.45 |1585438349656 |      62 |    67.0 | 8,06 | mscpd4.txt |1,6e+03 |
| 2 | 4300 | 5000 |   90 |       0.45 |1585438349656 |      62 |    67.0 | 8,06 | mscpd4.txt |1,7e+03 |
| 2 | 4400 | 5000 |   90 |       0.45 |1585438349656 |      62 |    67.0 | 8,06 | mscpd4.txt |1,7e+03 |
| 2 | 4500 | 5000 |   90 |       0.45 |1585438349656 |      62 |    67.0 | 8,06 | mscpd4.txt |1,8e+03 |
| 2 | 4600 | 5000 |   90 |       0.45 |1585438349656 |      62 |    67.0 | 8,06 | mscpd4.txt |1,8e+03 |
| 2 | 4700 | 5000 |   95 |       0.45 |1585438349656 |      62 |    67.0 | 8,06 | mscpd4.txt |1,9e+03 |
| 2 | 4800 | 5000 |   95 |       0.45 |1585438349656 |      62 |    67.0 | 8,06 | mscpd4.txt |1,9e+03 |
| 2 | 4900 | 5000 |   95 |       0.45 |1585438349656 |      62 |    67.0 | 8,06 | mscpd4.txt |2,0e+03 |
| 2 | 5000 | 5000 |   95 |       0.45 |1585438349656 |      62 |    67.0 | 8,06 | mscpd4.txt |2,0e+03 |
| 2 |  400 | 5000 |  100 |       0.45 |1585438349656 |      62 |    67.0 | 8,06 | mscpd4.txt |2,0e+03 |
| 3 |    1 | 5000 |   35 |       0.25 |1585440365703 |      62 |  2555.0 |4020,97 | mscpd4.txt |0,0080 |
| 3 |  100 | 5000 |   35 |        0.4 |1585440365703 |      62 |  2084.0 |3261,29 | mscpd4.txt | 0,85 |
| 3 |  200 | 5000 |   35 | 0.37142858 |1585440365703 |      62 |   120.0 |93,55 | mscpd4.txt |  2,3 |
| 3 |  300 | 5000 |   35 |       0.45 |1585440365703 |      62 |   120.0 |93,55 | mscpd4.txt |  4,4 |
| 3 |  400 | 5000 |   35 |       0.45 |1585440365703 |      62 |   120.0 |93,55 | mscpd4.txt |  7,2 |
| 3 |  500 | 5000 |   40 |       0.45 |1585440365703 |      62 |    67.0 | 8,06 | mscpd4.txt |   62 |
| 3 |  600 | 5000 |   40 |       0.45 |1585440365703 |      62 |    67.0 | 8,06 | mscpd4.txt |1,2e+02 |
| 3 |  700 | 5000 |   40 |       0.45 |1585440365703 |      62 |    67.0 | 8,06 | mscpd4.txt |1,6e+02 |
| 3 |  800 | 5000 |   40 |      0.425 |1585440365703 |      62 |    67.0 | 8,06 | mscpd4.txt |1,8e+02 |
| 3 |  900 | 5000 |   45 |       0.45 |1585440365703 |      62 |    67.0 | 8,06 | mscpd4.txt |2,2e+02 |
| 3 | 1000 | 5000 |   45 |       0.45 |1585440365703 |      62 |    67.0 | 8,06 | mscpd4.txt |2,6e+02 |
| 3 | 1100 | 5000 |   45 |       0.45 |1585440365703 |      62 |    67.0 | 8,06 | mscpd4.txt |2,9e+02 |
| 3 | 1200 | 5000 |   45 |       0.45 |1585440365703 |      62 |    67.0 | 8,06 | mscpd4.txt |3,3e+02 |
| 3 | 1300 | 5000 |   50 |       0.45 |1585440365703 |      62 |    67.0 | 8,06 | mscpd4.txt |3,8e+02 |
| 3 | 1400 | 5000 |   50 |       0.45 |1585440365703 |      62 |    67.0 | 8,06 | mscpd4.txt |4,1e+02 |
| 3 | 1500 | 5000 |   50 |       0.45 |1585440365703 |      62 |    67.0 | 8,06 | mscpd4.txt |4,5e+02 |
| 3 | 1600 | 5000 |   50 |       0.45 |1585440365703 |      62 |    67.0 | 8,06 | mscpd4.txt |4,8e+02 |
| 3 | 1700 | 5000 |   55 |       0.45 |1585440365703 |      62 |    67.0 | 8,06 | mscpd4.txt |5,3e+02 |
| 3 | 1800 | 5000 |   55 |       0.45 |1585440365703 |      62 |    67.0 | 8,06 | mscpd4.txt |5,7e+02 |
| 3 | 1900 | 5000 |   55 |       0.45 |1585440365703 |      62 |    67.0 | 8,06 | mscpd4.txt |6,1e+02 |
| 3 | 2000 | 5000 |   55 |       0.45 |1585440365703 |      62 |    67.0 | 8,06 | mscpd4.txt |6,6e+02 |
| 3 | 2100 | 5000 |   60 |       0.45 |1585440365703 |      62 |    67.0 | 8,06 | mscpd4.txt |7,1e+02 |
| 3 | 2200 | 5000 |   60 |       0.45 |1585440365703 |      62 |    67.0 | 8,06 | mscpd4.txt |7,6e+02 |
| 3 | 2300 | 5000 |   60 |       0.45 |1585440365703 |      62 |    67.0 | 8,06 | mscpd4.txt |7,9e+02 |
| 3 | 2400 | 5000 |   60 |       0.45 |1585440365703 |      62 |    67.0 | 8,06 | mscpd4.txt |8,3e+02 |
| 3 | 2500 | 5000 |   65 |       0.45 |1585440365703 |      62 |    67.0 | 8,06 | mscpd4.txt |8,8e+02 |
| 3 | 2600 | 5000 |   65 |       0.45 |1585440365703 |      62 |    67.0 | 8,06 | mscpd4.txt |9,2e+02 |
| 3 | 2700 | 5000 |   65 |       0.45 |1585440365703 |      62 |    66.0 | 6,45 | mscpd4.txt |9,7e+02 |
| 3 | 2800 | 5000 |   65 |       0.45 |1585440365703 |      62 |    66.0 | 6,45 | mscpd4.txt |1,0e+03 |
| 3 | 2900 | 5000 |   70 |       0.45 |1585440365703 |      62 |    66.0 | 6,45 | mscpd4.txt |1,1e+03 |
| 3 | 3000 | 5000 |   70 |       0.45 |1585440365703 |      62 |    66.0 | 6,45 | mscpd4.txt |1,1e+03 |
| 3 | 3100 | 5000 |   70 |       0.45 |1585440365703 |      62 |    66.0 | 6,45 | mscpd4.txt |1,1e+03 |
| 3 | 3200 | 5000 |   70 |       0.45 |1585440365703 |      62 |    66.0 | 6,45 | mscpd4.txt |1,2e+03 |
| 3 | 3300 | 5000 |   75 |       0.45 |1585440365703 |      62 |    66.0 | 6,45 | mscpd4.txt |1,2e+03 |
| 3 | 3400 | 5000 |   75 |       0.45 |1585440365703 |      62 |    66.0 | 6,45 | mscpd4.txt |1,2e+03 |
| 3 | 3500 | 5000 |   75 |       0.45 |1585440365703 |      62 |    66.0 | 6,45 | mscpd4.txt |1,3e+03 |
| 3 | 3600 | 5000 |   75 |       0.45 |1585440365703 |      62 |    66.0 | 6,45 | mscpd4.txt |1,3e+03 |
| 3 | 3700 | 5000 |   80 |       0.45 |1585440365703 |      62 |    66.0 | 6,45 | mscpd4.txt |1,3e+03 |
| 3 | 3800 | 5000 |   80 |       0.45 |1585440365703 |      62 |    66.0 | 6,45 | mscpd4.txt |1,4e+03 |
| 3 | 3900 | 5000 |   80 |       0.45 |1585440365703 |      62 |    66.0 | 6,45 | mscpd4.txt |1,4e+03 |
| 3 | 4000 | 5000 |   80 |       0.45 |1585440365703 |      62 |    66.0 | 6,45 | mscpd4.txt |1,4e+03 |
| 3 | 4100 | 5000 |   85 |       0.45 |1585440365703 |      62 |    66.0 | 6,45 | mscpd4.txt |1,4e+03 |
| 3 | 4200 | 5000 |   85 |       0.45 |1585440365703 |      62 |    66.0 | 6,45 | mscpd4.txt |1,5e+03 |
| 3 | 4300 | 5000 |   85 |       0.45 |1585440365703 |      62 |    66.0 | 6,45 | mscpd4.txt |1,5e+03 |
| 3 | 4400 | 5000 |   85 |       0.45 |1585440365703 |      62 |    66.0 | 6,45 | mscpd4.txt |1,6e+03 |
| 3 | 4500 | 5000 |   90 |       0.45 |1585440365703 |      62 |    66.0 | 6,45 | mscpd4.txt |1,6e+03 |
| 3 | 4600 | 5000 |   90 |       0.45 |1585440365703 |      62 |    66.0 | 6,45 | mscpd4.txt |1,6e+03 |
| 3 | 4700 | 5000 |   90 |       0.45 |1585440365703 |      62 |    66.0 | 6,45 | mscpd4.txt |1,7e+03 |
| 3 | 4800 | 5000 |   90 |       0.45 |1585440365703 |      62 |    66.0 | 6,45 | mscpd4.txt |1,7e+03 |
| 3 | 4900 | 5000 |   95 |       0.45 |1585440365703 |      62 |    66.0 | 6,45 | mscpd4.txt |1,7e+03 |
| 3 | 5000 | 5000 |   95 |       0.45 |1585440365703 |      62 |    66.0 | 6,45 | mscpd4.txt |1,8e+03 |
| 3 |  400 | 5000 |   95 |       0.45 |1585440365703 |      62 |    66.0 | 6,45 | mscpd4.txt |1,8e+03 |
| 4 |    1 | 5000 |   35 |       0.25 |1585442119258 |      62 |  2557.0 |4024,19 | mscpd4.txt |0,012 |
| 4 |  100 | 5000 |   35 | 0.42857143 |1585442119258 |      62 |  2127.0 |3330,65 | mscpd4.txt | 0,81 |
| 4 |  200 | 5000 |   35 |       0.45 |1585442119258 |      62 |   100.0 |61,29 | mscpd4.txt |  2,0 |
| 4 |  300 | 5000 |   40 |       0.45 |1585442119258 |      62 |    67.0 | 8,06 | mscpd4.txt |   51 |
| 4 |  400 | 5000 |   40 |       0.45 |1585442119258 |      62 |    67.0 | 8,06 | mscpd4.txt |1,1e+02 |
| 4 |  500 | 5000 |   40 |       0.45 |1585442119258 |      62 |    67.0 | 8,06 | mscpd4.txt |1,7e+02 |
| 4 |  600 | 5000 |   40 |       0.45 |1585442119258 |      62 |    67.0 | 8,06 | mscpd4.txt |2,2e+02 |
| 4 |  700 | 5000 |   45 |       0.45 |1585442119258 |      62 |    67.0 | 8,06 | mscpd4.txt |2,7e+02 |
| 4 |  800 | 5000 |   45 | 0.44444445 |1585442119258 |      62 |    67.0 | 8,06 | mscpd4.txt |3,0e+02 |
| 4 |  900 | 5000 |   45 | 0.44444445 |1585442119258 |      62 |    67.0 | 8,06 | mscpd4.txt |3,4e+02 |
| 4 | 1000 | 5000 |   45 | 0.44444445 |1585442119258 |      62 |    67.0 | 8,06 | mscpd4.txt |3,7e+02 |
| 4 | 1100 | 5000 |   50 |       0.45 |1585442119258 |      62 |    67.0 | 8,06 | mscpd4.txt |4,2e+02 |
| 4 | 1200 | 5000 |   50 |       0.45 |1585442119258 |      62 |    67.0 | 8,06 | mscpd4.txt |4,7e+02 |
| 4 | 1300 | 5000 |   50 |       0.45 |1585442119258 |      62 |    67.0 | 8,06 | mscpd4.txt |5,2e+02 |
| 4 | 1400 | 5000 |   50 |       0.45 |1585442119258 |      62 |    67.0 | 8,06 | mscpd4.txt |5,7e+02 |
| 4 | 1500 | 5000 |   55 |       0.45 |1585442119258 |      62 |    67.0 | 8,06 | mscpd4.txt |6,2e+02 |
| 4 | 1600 | 5000 |   55 |       0.45 |1585442119258 |      62 |    67.0 | 8,06 | mscpd4.txt |6,6e+02 |
| 4 | 1700 | 5000 |   55 |       0.45 |1585442119258 |      62 |    67.0 | 8,06 | mscpd4.txt |6,9e+02 |
| 4 | 1800 | 5000 |   55 |       0.45 |1585442119258 |      62 |    67.0 | 8,06 | mscpd4.txt |7,3e+02 |
| 4 | 1900 | 5000 |   60 |       0.45 |1585442119258 |      62 |    67.0 | 8,06 | mscpd4.txt |7,8e+02 |
| 4 | 2000 | 5000 |   60 |       0.45 |1585442119258 |      62 |    67.0 | 8,06 | mscpd4.txt |8,2e+02 |
| 4 | 2100 | 5000 |   60 |       0.45 |1585442119258 |      62 |    67.0 | 8,06 | mscpd4.txt |8,6e+02 |
| 4 | 2200 | 5000 |   60 |       0.45 |1585442119258 |      62 |    67.0 | 8,06 | mscpd4.txt |9,1e+02 |
| 4 | 2300 | 5000 |   65 |       0.45 |1585442119258 |      62 |    67.0 | 8,06 | mscpd4.txt |9,7e+02 |
| 4 | 2400 | 5000 |   65 |       0.45 |1585442119258 |      62 |    67.0 | 8,06 | mscpd4.txt |1,0e+03 |
| 4 | 2500 | 5000 |   65 |       0.45 |1585442119258 |      62 |    67.0 | 8,06 | mscpd4.txt |1,1e+03 |
| 4 | 2600 | 5000 |   65 |       0.45 |1585442119258 |      62 |    67.0 | 8,06 | mscpd4.txt |1,1e+03 |
| 4 | 2700 | 5000 |   70 |       0.45 |1585442119258 |      62 |    67.0 | 8,06 | mscpd4.txt |1,2e+03 |
| 4 | 2800 | 5000 |   70 |       0.45 |1585442119258 |      62 |    67.0 | 8,06 | mscpd4.txt |1,3e+03 |
| 4 | 2900 | 5000 |   70 |       0.45 |1585442119258 |      62 |    67.0 | 8,06 | mscpd4.txt |1,3e+03 |
| 4 | 3000 | 5000 |   70 |       0.45 |1585442119258 |      62 |    67.0 | 8,06 | mscpd4.txt |1,3e+03 |
| 4 | 3100 | 5000 |   75 |       0.45 |1585442119258 |      62 |    67.0 | 8,06 | mscpd4.txt |1,4e+03 |
| 4 | 3200 | 5000 |   75 |       0.45 |1585442119258 |      62 |    67.0 | 8,06 | mscpd4.txt |1,4e+03 |
| 4 | 3300 | 5000 |   75 |       0.45 |1585442119258 |      62 |    67.0 | 8,06 | mscpd4.txt |1,5e+03 |
| 4 | 3400 | 5000 |   75 |       0.45 |1585442119258 |      62 |    67.0 | 8,06 | mscpd4.txt |1,6e+03 |
| 4 | 3500 | 5000 |   80 |       0.45 |1585442119258 |      62 |    67.0 | 8,06 | mscpd4.txt |1,6e+03 |
| 4 | 3600 | 5000 |   80 |       0.45 |1585442119258 |      62 |    67.0 | 8,06 | mscpd4.txt |1,7e+03 |
| 4 | 3700 | 5000 |   80 |       0.45 |1585442119258 |      62 |    67.0 | 8,06 | mscpd4.txt |1,8e+03 |
| 4 | 3800 | 5000 |   80 |       0.45 |1585442119258 |      62 |    67.0 | 8,06 | mscpd4.txt |1,8e+03 |
| 4 | 3900 | 5000 |   85 |       0.45 |1585442119258 |      62 |    67.0 | 8,06 | mscpd4.txt |1,9e+03 |
| 4 | 4000 | 5000 |   85 |       0.45 |1585442119258 |      62 |    67.0 | 8,06 | mscpd4.txt |2,0e+03 |
| 4 | 4100 | 5000 |   85 |       0.45 |1585442119258 |      62 |    67.0 | 8,06 | mscpd4.txt |2,0e+03 |
| 4 | 4200 | 5000 |   85 |       0.45 |1585442119258 |      62 |    67.0 | 8,06 | mscpd4.txt |2,1e+03 |
| 4 | 4300 | 5000 |   90 |       0.45 |1585442119258 |      62 |    67.0 | 8,06 | mscpd4.txt |2,2e+03 |
| 4 | 4400 | 5000 |   90 |       0.45 |1585442119258 |      62 |    67.0 | 8,06 | mscpd4.txt |2,2e+03 |
| 4 | 4500 | 5000 |   90 |       0.45 |1585442119258 |      62 |    67.0 | 8,06 | mscpd4.txt |2,3e+03 |
| 4 | 4600 | 5000 |   90 |       0.45 |1585442119258 |      62 |    67.0 | 8,06 | mscpd4.txt |2,3e+03 |
| 4 | 4700 | 5000 |   95 |       0.45 |1585442119258 |      62 |    67.0 | 8,06 | mscpd4.txt |2,4e+03 |
| 4 | 4800 | 5000 |   95 |       0.45 |1585442119258 |      62 |    67.0 | 8,06 | mscpd4.txt |2,5e+03 |
| 4 | 4900 | 5000 |   95 |       0.45 |1585442119258 |      62 |    67.0 | 8,06 | mscpd4.txt |2,6e+03 |
| 4 | 5000 | 5000 |   95 |       0.45 |1585442119258 |      62 |    67.0 | 8,06 | mscpd4.txt |2,6e+03 |
| 4 |  400 | 5000 |  100 |       0.45 |1585442119258 |      62 |    67.0 | 8,06 | mscpd4.txt |2,6e+03 |
| 5 |    1 | 5000 |   35 |       0.25 |1585444758719 |      62 |  2645.0 |4166,13 | mscpd4.txt |0,0090 |
| 5 |  100 | 5000 |   35 | 0.31428573 |1585444758719 |      62 |  2216.0 |3474,19 | mscpd4.txt | 0,81 |
| 5 |  200 | 5000 |   35 | 0.42857143 |1585444758719 |      62 |   113.0 |82,26 | mscpd4.txt |  2,2 |
| 5 |  300 | 5000 |   35 |       0.45 |1585444758719 |      62 |   113.0 |82,26 | mscpd4.txt |  4,0 |
| 5 |  400 | 5000 |   35 | 0.42857143 |1585444758719 |      62 |   113.0 |82,26 | mscpd4.txt |  5,9 |
| 5 |  500 | 5000 |   40 |       0.45 |1585444758719 |      62 |    67.0 | 8,06 | mscpd4.txt |   48 |
| 5 |  600 | 5000 |   40 |       0.45 |1585444758719 |      62 |    67.0 | 8,06 | mscpd4.txt |   98 |
| 5 |  700 | 5000 |   40 |       0.45 |1585444758719 |      62 |    67.0 | 8,06 | mscpd4.txt |1,5e+02 |
| 5 |  800 | 5000 |   40 |       0.45 |1585444758719 |      62 |    67.0 | 8,06 | mscpd4.txt |1,9e+02 |
| 5 |  900 | 5000 |   45 |       0.45 |1585444758719 |      62 |    67.0 | 8,06 | mscpd4.txt |2,3e+02 |
| 5 | 1000 | 5000 |   45 |       0.45 |1585444758719 |      62 |    67.0 | 8,06 | mscpd4.txt |2,6e+02 |
| 5 | 1100 | 5000 |   45 |       0.45 |1585444758719 |      62 |    67.0 | 8,06 | mscpd4.txt |3,0e+02 |
| 5 | 1200 | 5000 |   45 |       0.45 |1585444758719 |      62 |    67.0 | 8,06 | mscpd4.txt |3,3e+02 |
| 5 | 1300 | 5000 |   50 |       0.45 |1585444758719 |      62 |    67.0 | 8,06 | mscpd4.txt |3,8e+02 |
| 5 | 1400 | 5000 |   50 |       0.45 |1585444758719 |      62 |    67.0 | 8,06 | mscpd4.txt |4,1e+02 |
| 5 | 1500 | 5000 |   50 |       0.45 |1585444758719 |      62 |    67.0 | 8,06 | mscpd4.txt |4,4e+02 |
| 5 | 1600 | 5000 |   50 |       0.45 |1585444758719 |      62 |    67.0 | 8,06 | mscpd4.txt |4,7e+02 |
| 5 | 1700 | 5000 |   55 |       0.45 |1585444758719 |      62 |    67.0 | 8,06 | mscpd4.txt |5,1e+02 |
| 5 | 1800 | 5000 |   55 |       0.45 |1585444758719 |      62 |    67.0 | 8,06 | mscpd4.txt |5,3e+02 |
| 5 | 1900 | 5000 |   55 |       0.45 |1585444758719 |      62 |    67.0 | 8,06 | mscpd4.txt |5,5e+02 |
| 5 | 2000 | 5000 |   55 |       0.45 |1585444758719 |      62 |    67.0 | 8,06 | mscpd4.txt |5,8e+02 |
| 5 | 2100 | 5000 |   60 |       0.45 |1585444758719 |      62 |    67.0 | 8,06 | mscpd4.txt |6,1e+02 |
| 5 | 2200 | 5000 |   60 |       0.45 |1585444758719 |      62 |    67.0 | 8,06 | mscpd4.txt |6,4e+02 |
| 5 | 2300 | 5000 |   60 |       0.45 |1585444758719 |      62 |    67.0 | 8,06 | mscpd4.txt |6,7e+02 |
| 5 | 2400 | 5000 |   60 |       0.45 |1585444758719 |      62 |    67.0 | 8,06 | mscpd4.txt |7,1e+02 |
| 5 | 2500 | 5000 |   65 |       0.45 |1585444758719 |      62 |    67.0 | 8,06 | mscpd4.txt |7,5e+02 |
| 5 | 2600 | 5000 |   65 |       0.45 |1585444758719 |      62 |    67.0 | 8,06 | mscpd4.txt |7,7e+02 |
| 5 | 2700 | 5000 |   65 |       0.45 |1585444758719 |      62 |    67.0 | 8,06 | mscpd4.txt |8,0e+02 |
| 5 | 2800 | 5000 |   65 |       0.45 |1585444758719 |      62 |    67.0 | 8,06 | mscpd4.txt |8,2e+02 |
| 5 | 2900 | 5000 |   70 |       0.45 |1585444758719 |      62 |    67.0 | 8,06 | mscpd4.txt |8,5e+02 |
| 5 | 3000 | 5000 |   70 |       0.45 |1585444758719 |      62 |    67.0 | 8,06 | mscpd4.txt |8,9e+02 |
| 5 | 3100 | 5000 |   70 |       0.45 |1585444758719 |      62 |    67.0 | 8,06 | mscpd4.txt |9,2e+02 |
| 5 | 3200 | 5000 |   70 |       0.45 |1585444758719 |      62 |    67.0 | 8,06 | mscpd4.txt |9,5e+02 |
| 5 | 3300 | 5000 |   75 |       0.45 |1585444758719 |      62 |    67.0 | 8,06 | mscpd4.txt |1,0e+03 |
| 5 | 3400 | 5000 |   75 |       0.45 |1585444758719 |      62 |    67.0 | 8,06 | mscpd4.txt |1,0e+03 |
| 5 | 3500 | 5000 |   75 |       0.45 |1585444758719 |      62 |    67.0 | 8,06 | mscpd4.txt |1,0e+03 |
| 5 | 3600 | 5000 |   75 |       0.45 |1585444758719 |      62 |    67.0 | 8,06 | mscpd4.txt |1,1e+03 |
| 5 | 3700 | 5000 |   80 |       0.45 |1585444758719 |      62 |    67.0 | 8,06 | mscpd4.txt |1,1e+03 |
| 5 | 3800 | 5000 |   80 |       0.45 |1585444758719 |      62 |    67.0 | 8,06 | mscpd4.txt |1,1e+03 |
| 5 | 3900 | 5000 |   80 |       0.45 |1585444758719 |      62 |    67.0 | 8,06 | mscpd4.txt |1,2e+03 |
| 5 | 4000 | 5000 |   80 |       0.45 |1585444758719 |      62 |    67.0 | 8,06 | mscpd4.txt |1,2e+03 |
| 5 | 4100 | 5000 |   85 |       0.45 |1585444758719 |      62 |    67.0 | 8,06 | mscpd4.txt |1,3e+03 |
| 5 | 4200 | 5000 |   85 |       0.45 |1585444758719 |      62 |    67.0 | 8,06 | mscpd4.txt |1,3e+03 |
| 5 | 4300 | 5000 |   85 |       0.45 |1585444758719 |      62 |    67.0 | 8,06 | mscpd4.txt |1,3e+03 |
| 5 | 4400 | 5000 |   85 |       0.45 |1585444758719 |      62 |    67.0 | 8,06 | mscpd4.txt |1,4e+03 |
| 5 | 4500 | 5000 |   90 |       0.45 |1585444758719 |      62 |    67.0 | 8,06 | mscpd4.txt |1,4e+03 |
| 5 | 4600 | 5000 |   90 |       0.45 |1585444758719 |      62 |    67.0 | 8,06 | mscpd4.txt |1,4e+03 |
| 5 | 4700 | 5000 |   90 |       0.45 |1585444758719 |      62 |    67.0 | 8,06 | mscpd4.txt |1,5e+03 |
| 5 | 4800 | 5000 |   90 |       0.45 |1585444758719 |      62 |    67.0 | 8,06 | mscpd4.txt |1,5e+03 |
| 5 | 4900 | 5000 |   95 |       0.45 |1585444758719 |      62 |    67.0 | 8,06 | mscpd4.txt |1,6e+03 |
| 5 | 5000 | 5000 |   95 |       0.45 |1585444758719 |      62 |    67.0 | 8,06 | mscpd4.txt |1,6e+03 |
| 5 |  400 | 5000 |   95 |       0.45 |1585444758719 |      62 |    67.0 | 8,06 | mscpd4.txt |1,6e+03 |
| 6 |    1 | 5000 |   35 |       0.25 |1585446336328 |      62 |  2530.0 |3980,65 | mscpd4.txt |0,010 |
| 6 |  100 | 5000 |   35 |       0.45 |1585446336328 |      62 |  2140.0 |3351,61 | mscpd4.txt | 0,79 |
| 6 |  200 | 5000 |   35 | 0.37142858 |1585446336328 |      62 |  1999.0 |3124,19 | mscpd4.txt |  1,5 |
| 6 |  300 | 5000 |   35 | 0.34285715 |1585446336328 |      62 |  1895.0 |2956,45 | mscpd4.txt |  2,3 |
| 6 |  400 | 5000 |   40 |       0.45 |1585446336328 |      62 |    67.0 | 8,06 | mscpd4.txt |   43 |
| 6 |  500 | 5000 |   40 |       0.45 |1585446336328 |      62 |    67.0 | 8,06 | mscpd4.txt |   92 |
| 6 |  600 | 5000 |   40 |       0.45 |1585446336328 |      62 |    67.0 | 8,06 | mscpd4.txt |1,3e+02 |
| 6 |  700 | 5000 |   40 |      0.425 |1585446336328 |      62 |    67.0 | 8,06 | mscpd4.txt |1,6e+02 |
| 6 |  800 | 5000 |   45 |       0.45 |1585446336328 |      62 |    67.0 | 8,06 | mscpd4.txt |1,9e+02 |
| 6 |  900 | 5000 |   45 |       0.45 |1585446336328 |      62 |    67.0 | 8,06 | mscpd4.txt |2,3e+02 |
| 6 | 1000 | 5000 |   45 |       0.45 |1585446336328 |      62 |    67.0 | 8,06 | mscpd4.txt |2,7e+02 |
| 6 | 1100 | 5000 |   45 |       0.45 |1585446336328 |      62 |    67.0 | 8,06 | mscpd4.txt |3,0e+02 |
| 6 | 1200 | 5000 |   50 |       0.45 |1585446336328 |      62 |    67.0 | 8,06 | mscpd4.txt |3,3e+02 |
| 6 | 1300 | 5000 |   50 |       0.45 |1585446336328 |      62 |    67.0 | 8,06 | mscpd4.txt |3,6e+02 |
| 6 | 1400 | 5000 |   50 |       0.45 |1585446336328 |      62 |    67.0 | 8,06 | mscpd4.txt |3,9e+02 |
| 6 | 1500 | 5000 |   50 |       0.45 |1585446336328 |      62 |    67.0 | 8,06 | mscpd4.txt |4,3e+02 |
| 6 | 1600 | 5000 |   55 |       0.45 |1585446336328 |      62 |    67.0 | 8,06 | mscpd4.txt |4,7e+02 |
| 6 | 1700 | 5000 |   55 |       0.45 |1585446336328 |      62 |    67.0 | 8,06 | mscpd4.txt |5,0e+02 |
| 6 | 1800 | 5000 |   55 |       0.45 |1585446336328 |      62 |    67.0 | 8,06 | mscpd4.txt |5,2e+02 |
| 6 | 1900 | 5000 |   55 |       0.45 |1585446336328 |      62 |    67.0 | 8,06 | mscpd4.txt |5,5e+02 |
| 6 | 2000 | 5000 |   60 |       0.45 |1585446336328 |      62 |    67.0 | 8,06 | mscpd4.txt |5,8e+02 |
| 6 | 2100 | 5000 |   60 |       0.45 |1585446336328 |      62 |    67.0 | 8,06 | mscpd4.txt |6,2e+02 |
| 6 | 2200 | 5000 |   60 |       0.45 |1585446336328 |      62 |    67.0 | 8,06 | mscpd4.txt |6,5e+02 |
| 6 | 2300 | 5000 |   60 |       0.45 |1585446336328 |      62 |    67.0 | 8,06 | mscpd4.txt |6,8e+02 |
| 6 | 2400 | 5000 |   65 |       0.45 |1585446336328 |      62 |    67.0 | 8,06 | mscpd4.txt |7,3e+02 |
| 6 | 2500 | 5000 |   65 |       0.45 |1585446336328 |      62 |    67.0 | 8,06 | mscpd4.txt |7,6e+02 |
| 6 | 2600 | 5000 |   65 |       0.45 |1585446336328 |      62 |    67.0 | 8,06 | mscpd4.txt |7,9e+02 |
| 6 | 2700 | 5000 |   65 |       0.45 |1585446336328 |      62 |    67.0 | 8,06 | mscpd4.txt |8,2e+02 |
| 6 | 2800 | 5000 |   70 |       0.45 |1585446336328 |      62 |    67.0 | 8,06 | mscpd4.txt |8,6e+02 |
| 6 | 2900 | 5000 |   70 |       0.45 |1585446336328 |      62 |    67.0 | 8,06 | mscpd4.txt |9,0e+02 |
| 6 | 3000 | 5000 |   70 |       0.45 |1585446336328 |      62 |    67.0 | 8,06 | mscpd4.txt |9,4e+02 |
| 6 | 3100 | 5000 |   70 |       0.45 |1585446336328 |      62 |    67.0 | 8,06 | mscpd4.txt |9,7e+02 |
| 6 | 3200 | 5000 |   75 |       0.45 |1585446336328 |      62 |    67.0 | 8,06 | mscpd4.txt |1,0e+03 |
| 6 | 3300 | 5000 |   75 |       0.45 |1585446336328 |      62 |    67.0 | 8,06 | mscpd4.txt |1,1e+03 |
| 6 | 3400 | 5000 |   75 |       0.45 |1585446336328 |      62 |    67.0 | 8,06 | mscpd4.txt |1,1e+03 |
| 6 | 3500 | 5000 |   75 |       0.45 |1585446336328 |      62 |    67.0 | 8,06 | mscpd4.txt |1,1e+03 |
| 6 | 3600 | 5000 |   80 |       0.45 |1585446336328 |      62 |    67.0 | 8,06 | mscpd4.txt |1,2e+03 |
| 6 | 3700 | 5000 |   80 |       0.45 |1585446336328 |      62 |    67.0 | 8,06 | mscpd4.txt |1,2e+03 |
| 6 | 3800 | 5000 |   80 |       0.45 |1585446336328 |      62 |    67.0 | 8,06 | mscpd4.txt |1,2e+03 |
| 6 | 3900 | 5000 |   80 |       0.45 |1585446336328 |      62 |    67.0 | 8,06 | mscpd4.txt |1,2e+03 |
| 6 | 4000 | 5000 |   85 |       0.45 |1585446336328 |      62 |    67.0 | 8,06 | mscpd4.txt |1,3e+03 |
| 6 | 4100 | 5000 |   85 |       0.45 |1585446336328 |      62 |    67.0 | 8,06 | mscpd4.txt |1,3e+03 |
| 6 | 4200 | 5000 |   85 |       0.45 |1585446336328 |      62 |    67.0 | 8,06 | mscpd4.txt |1,3e+03 |
| 6 | 4300 | 5000 |   85 |       0.45 |1585446336328 |      62 |    67.0 | 8,06 | mscpd4.txt |1,4e+03 |
| 6 | 4400 | 5000 |   90 |       0.45 |1585446336328 |      62 |    67.0 | 8,06 | mscpd4.txt |1,4e+03 |
| 6 | 4500 | 5000 |   90 |       0.45 |1585446336328 |      62 |    67.0 | 8,06 | mscpd4.txt |1,4e+03 |
| 6 | 4600 | 5000 |   90 |       0.45 |1585446336328 |      62 |    67.0 | 8,06 | mscpd4.txt |1,4e+03 |
| 6 | 4700 | 5000 |   90 |       0.45 |1585446336328 |      62 |    67.0 | 8,06 | mscpd4.txt |1,5e+03 |
| 6 | 4800 | 5000 |   95 |       0.45 |1585446336328 |      62 |    67.0 | 8,06 | mscpd4.txt |1,5e+03 |
| 6 | 4900 | 5000 |   95 |       0.45 |1585446336328 |      62 |    67.0 | 8,06 | mscpd4.txt |1,5e+03 |
| 6 | 5000 | 5000 |   95 |       0.45 |1585446336328 |      62 |    67.0 | 8,06 | mscpd4.txt |1,6e+03 |
| 6 |  400 | 5000 |   95 |       0.45 |1585446336328 |      62 |    67.0 | 8,06 | mscpd4.txt |1,6e+03 |
| 7 |    1 | 5000 |   35 |       0.25 |1585447919978 |      62 |  2608.0 |4106,45 | mscpd4.txt |0,010 |
| 7 |  100 | 5000 |   35 | 0.37142858 |1585447919978 |      62 |   107.0 |72,58 | mscpd4.txt |  1,4 |
| 7 |  200 | 5000 |   40 |       0.45 |1585447919978 |      62 |    67.0 | 8,06 | mscpd4.txt |   44 |
| 7 |  300 | 5000 |   40 |       0.45 |1585447919978 |      62 |    67.0 | 8,06 | mscpd4.txt |   99 |
| 7 |  400 | 5000 |   40 |       0.45 |1585447919978 |      62 |    67.0 | 8,06 | mscpd4.txt |1,4e+02 |
| 7 |  500 | 5000 |   40 |      0.425 |1585447919978 |      62 |    67.0 | 8,06 | mscpd4.txt |1,6e+02 |
| 7 |  600 | 5000 |   45 |       0.45 |1585447919978 |      62 |    67.0 | 8,06 | mscpd4.txt |2,0e+02 |
| 7 |  700 | 5000 |   45 |       0.45 |1585447919978 |      62 |    67.0 | 8,06 | mscpd4.txt |2,2e+02 |
| 7 |  800 | 5000 |   45 | 0.44444445 |1585447919978 |      62 |    67.0 | 8,06 | mscpd4.txt |2,5e+02 |
| 7 |  900 | 5000 |   45 | 0.44444445 |1585447919978 |      62 |    67.0 | 8,06 | mscpd4.txt |2,7e+02 |
| 7 | 1000 | 5000 |   50 |       0.45 |1585447919978 |      62 |    67.0 | 8,06 | mscpd4.txt |3,1e+02 |
| 7 | 1100 | 5000 |   50 |       0.45 |1585447919978 |      62 |    67.0 | 8,06 | mscpd4.txt |3,3e+02 |
| 7 | 1200 | 5000 |   50 |       0.45 |1585447919978 |      62 |    67.0 | 8,06 | mscpd4.txt |3,5e+02 |
| 7 | 1300 | 5000 |   50 |       0.45 |1585447919978 |      62 |    67.0 | 8,06 | mscpd4.txt |3,8e+02 |
| 7 | 1400 | 5000 |   55 |       0.45 |1585447919978 |      62 |    67.0 | 8,06 | mscpd4.txt |4,1e+02 |
| 7 | 1500 | 5000 |   55 |       0.45 |1585447919978 |      62 |    67.0 | 8,06 | mscpd4.txt |4,4e+02 |
| 7 | 1600 | 5000 |   55 |       0.45 |1585447919978 |      62 |    67.0 | 8,06 | mscpd4.txt |4,7e+02 |
| 7 | 1700 | 5000 |   55 |       0.45 |1585447919978 |      62 |    67.0 | 8,06 | mscpd4.txt |5,0e+02 |
| 7 | 1800 | 5000 |   60 |       0.45 |1585447919978 |      62 |    67.0 | 8,06 | mscpd4.txt |5,5e+02 |
| 7 | 1900 | 5000 |   60 |       0.45 |1585447919978 |      62 |    67.0 | 8,06 | mscpd4.txt |5,8e+02 |
| 7 | 2000 | 5000 |   60 |       0.45 |1585447919978 |      62 |    67.0 | 8,06 | mscpd4.txt |5,9e+02 |
| 7 | 2100 | 5000 |   60 |       0.45 |1585447919978 |      62 |    67.0 | 8,06 | mscpd4.txt |6,0e+02 |
| 7 | 2200 | 5000 |   65 |       0.45 |1585447919978 |      62 |    67.0 | 8,06 | mscpd4.txt |6,3e+02 |
| 7 | 2300 | 5000 |   65 |       0.45 |1585447919978 |      62 |    67.0 | 8,06 | mscpd4.txt |6,4e+02 |
| 7 | 2400 | 5000 |   65 |       0.45 |1585447919978 |      62 |    67.0 | 8,06 | mscpd4.txt |6,5e+02 |
| 7 | 2500 | 5000 |   65 |       0.45 |1585447919978 |      62 |    67.0 | 8,06 | mscpd4.txt |6,7e+02 |
| 7 | 2600 | 5000 |   70 |       0.45 |1585447919978 |      62 |    67.0 | 8,06 | mscpd4.txt |6,9e+02 |
| 7 | 2700 | 5000 |   70 |       0.25 |1585447919978 |      62 |    67.0 | 8,06 | mscpd4.txt |7,0e+02 |
| 7 | 2800 | 5000 |   70 |       0.25 |1585447919978 |      62 |    67.0 | 8,06 | mscpd4.txt |7,1e+02 |
| 7 | 2900 | 5000 |   70 |       0.25 |1585447919978 |      62 |    67.0 | 8,06 | mscpd4.txt |7,2e+02 |
| 7 | 3000 | 5000 |   75 |       0.45 |1585447919978 |      62 |    67.0 | 8,06 | mscpd4.txt |7,4e+02 |
| 7 | 3100 | 5000 |   75 |       0.45 |1585447919978 |      62 |    67.0 | 8,06 | mscpd4.txt |7,5e+02 |
| 7 | 3200 | 5000 |   75 |       0.45 |1585447919978 |      62 |    67.0 | 8,06 | mscpd4.txt |7,5e+02 |
| 7 | 3300 | 5000 |   75 |       0.45 |1585447919978 |      62 |    67.0 | 8,06 | mscpd4.txt |7,6e+02 |
| 7 | 3400 | 5000 |   80 |       0.45 |1585447919978 |      62 |    67.0 | 8,06 | mscpd4.txt |7,7e+02 |
| 7 | 3500 | 5000 |   80 |       0.45 |1585447919978 |      62 |    67.0 | 8,06 | mscpd4.txt |7,8e+02 |
| 7 | 3600 | 5000 |   80 |      0.325 |1585447919978 |      62 |    67.0 | 8,06 | mscpd4.txt |7,8e+02 |
| 7 | 3700 | 5000 |   80 |      0.325 |1585447919978 |      62 |    67.0 | 8,06 | mscpd4.txt |7,9e+02 |
| 7 | 3800 | 5000 |   85 |       0.45 |1585447919978 |      62 |    67.0 | 8,06 | mscpd4.txt |8,0e+02 |
| 7 | 3900 | 5000 |   85 |       0.45 |1585447919978 |      62 |    67.0 | 8,06 | mscpd4.txt |8,1e+02 |
| 7 | 4000 | 5000 |   85 |  0.3882353 |1585447919978 |      62 |    67.0 | 8,06 | mscpd4.txt |8,1e+02 |
| 7 | 4100 | 5000 |   85 |  0.3882353 |1585447919978 |      62 |    67.0 | 8,06 | mscpd4.txt |8,2e+02 |
| 7 | 4200 | 5000 |   90 |       0.45 |1585447919978 |      62 |    67.0 | 8,06 | mscpd4.txt |8,3e+02 |
| 7 | 4300 | 5000 |   90 |       0.45 |1585447919978 |      62 |    67.0 | 8,06 | mscpd4.txt |8,4e+02 |
| 7 | 4400 | 5000 |   90 |        0.4 |1585447919978 |      62 |    67.0 | 8,06 | mscpd4.txt |8,4e+02 |
| 7 | 4500 | 5000 |   90 |        0.4 |1585447919978 |      62 |    67.0 | 8,06 | mscpd4.txt |8,4e+02 |
| 7 | 4600 | 5000 |   95 |       0.45 |1585447919978 |      62 |    67.0 | 8,06 | mscpd4.txt |8,6e+02 |
| 7 | 4700 | 5000 |   95 |       0.45 |1585447919978 |      62 |    67.0 | 8,06 | mscpd4.txt |8,6e+02 |
| 7 | 4800 | 5000 |   95 | 0.36842105 |1585447919978 |      62 |    67.0 | 8,06 | mscpd4.txt |8,7e+02 |
| 7 | 4900 | 5000 |   95 | 0.36842105 |1585447919978 |      62 |    67.0 | 8,06 | mscpd4.txt |8,7e+02 |
| 7 | 5000 | 5000 |  100 |       0.45 |1585447919978 |      62 |    67.0 | 8,06 | mscpd4.txt |8,8e+02 |
| 7 |  400 | 5000 |  100 |       0.45 |1585447919978 |      62 |    67.0 | 8,06 | mscpd4.txt |8,8e+02 |
| 8 |    1 | 5000 |   35 |       0.25 |1585448804781 |      62 |  2588.0 |4074,19 | mscpd4.txt |0,011 |
| 8 |  100 | 5000 |   35 | 0.34285715 |1585448804781 |      62 |  2106.0 |3296,77 | mscpd4.txt | 0,85 |
| 8 |  200 | 5000 |   35 | 0.37142858 |1585448804781 |      62 |  1899.0 |2962,90 | mscpd4.txt |  1,6 |
| 8 |  300 | 5000 |   35 | 0.37142858 |1585448804781 |      62 |   117.0 |88,71 | mscpd4.txt |  3,1 |
| 8 |  400 | 5000 |   35 |       0.45 |1585448804781 |      62 |    98.0 |58,06 | mscpd4.txt |  6,8 |
| 8 |  500 | 5000 |   40 |       0.45 |1585448804781 |      62 |    67.0 | 8,06 | mscpd4.txt |   56 |
| 8 |  600 | 5000 |   40 |       0.45 |1585448804781 |      62 |    67.0 | 8,06 | mscpd4.txt |1,1e+02 |
| 8 |  700 | 5000 |   40 |       0.45 |1585448804781 |      62 |    67.0 | 8,06 | mscpd4.txt |1,5e+02 |
| 8 |  800 | 5000 |   40 |       0.45 |1585448804781 |      62 |    67.0 | 8,06 | mscpd4.txt |1,8e+02 |
| 8 |  900 | 5000 |   45 | 0.44444445 |1585448804781 |      62 |    65.0 | 4,84 | mscpd4.txt |2,1e+02 |
| 8 | 1000 | 5000 |   45 |       0.45 |1585448804781 |      62 |    65.0 | 4,84 | mscpd4.txt |2,5e+02 |
| 8 | 1100 | 5000 |   45 |       0.45 |1585448804781 |      62 |    64.0 | 3,23 | mscpd4.txt |2,8e+02 |
| 8 | 1200 | 5000 |   45 |       0.45 |1585448804781 |      62 |    64.0 | 3,23 | mscpd4.txt |3,1e+02 |
| 8 | 1300 | 5000 |   50 |       0.45 |1585448804781 |      62 |    64.0 | 3,23 | mscpd4.txt |3,4e+02 |
| 8 | 1400 | 5000 |   50 |       0.45 |1585448804781 |      62 |    64.0 | 3,23 | mscpd4.txt |3,6e+02 |
| 8 | 1500 | 5000 |   50 |       0.45 |1585448804781 |      62 |    64.0 | 3,23 | mscpd4.txt |3,7e+02 |
| 8 | 1600 | 5000 |   50 |       0.45 |1585448804781 |      62 |    64.0 | 3,23 | mscpd4.txt |3,8e+02 |
| 8 | 1700 | 5000 |   55 |       0.45 |1585448804781 |      62 |    64.0 | 3,23 | mscpd4.txt |4,1e+02 |
| 8 | 1800 | 5000 |   55 |       0.45 |1585448804781 |      62 |    64.0 | 3,23 | mscpd4.txt |4,3e+02 |
| 8 | 1900 | 5000 |   55 |       0.45 |1585448804781 |      62 |    64.0 | 3,23 | mscpd4.txt |4,6e+02 |
| 8 | 2000 | 5000 |   55 |       0.45 |1585448804781 |      62 |    64.0 | 3,23 | mscpd4.txt |4,8e+02 |
| 8 | 2100 | 5000 |   60 |       0.45 |1585448804781 |      62 |    64.0 | 3,23 | mscpd4.txt |5,1e+02 |
| 8 | 2200 | 5000 |   60 |       0.45 |1585448804781 |      62 |    64.0 | 3,23 | mscpd4.txt |5,3e+02 |
| 8 | 2300 | 5000 |   60 |       0.45 |1585448804781 |      62 |    64.0 | 3,23 | mscpd4.txt |5,4e+02 |
| 8 | 2400 | 5000 |   60 |        0.4 |1585448804781 |      62 |    64.0 | 3,23 | mscpd4.txt |5,4e+02 |
| 8 | 2500 | 5000 |   65 |       0.45 |1585448804781 |      62 |    64.0 | 3,23 | mscpd4.txt |5,5e+02 |
| 8 | 2600 | 5000 |   65 |       0.45 |1585448804781 |      62 |    64.0 | 3,23 | mscpd4.txt |5,7e+02 |
| 8 | 2700 | 5000 |   65 |       0.45 |1585448804781 |      62 |    64.0 | 3,23 | mscpd4.txt |5,8e+02 |
| 8 | 2800 | 5000 |   65 |       0.45 |1585448804781 |      62 |    64.0 | 3,23 | mscpd4.txt |5,9e+02 |
| 8 | 2900 | 5000 |   70 |       0.45 |1585448804781 |      62 |    64.0 | 3,23 | mscpd4.txt |6,2e+02 |
| 8 | 3000 | 5000 |   70 |       0.45 |1585448804781 |      62 |    64.0 | 3,23 | mscpd4.txt |6,4e+02 |
| 8 | 3100 | 5000 |   70 |       0.45 |1585448804781 |      62 |    64.0 | 3,23 | mscpd4.txt |6,6e+02 |
| 8 | 3200 | 5000 |   70 |       0.45 |1585448804781 |      62 |    64.0 | 3,23 | mscpd4.txt |6,7e+02 |
| 8 | 3300 | 5000 |   75 |       0.45 |1585448804781 |      62 |    64.0 | 3,23 | mscpd4.txt |6,9e+02 |
| 8 | 3400 | 5000 |   75 |       0.45 |1585448804781 |      62 |    64.0 | 3,23 | mscpd4.txt |7,2e+02 |
| 8 | 3500 | 5000 |   75 |       0.45 |1585448804781 |      62 |    64.0 | 3,23 | mscpd4.txt |7,3e+02 |
| 8 | 3600 | 5000 |   75 |       0.45 |1585448804781 |      62 |    64.0 | 3,23 | mscpd4.txt |7,4e+02 |
| 8 | 3700 | 5000 |   80 |       0.45 |1585448804781 |      62 |    64.0 | 3,23 | mscpd4.txt |7,6e+02 |
| 8 | 3800 | 5000 |   80 |       0.45 |1585448804781 |      62 |    64.0 | 3,23 | mscpd4.txt |7,8e+02 |
| 8 | 3900 | 5000 |   80 |       0.45 |1585448804781 |      62 |    64.0 | 3,23 | mscpd4.txt |8,0e+02 |
| 8 | 4000 | 5000 |   80 |       0.45 |1585448804781 |      62 |    64.0 | 3,23 | mscpd4.txt |8,0e+02 |
| 8 | 4100 | 5000 |   85 |       0.45 |1585448804781 |      62 |    64.0 | 3,23 | mscpd4.txt |8,2e+02 |
| 8 | 4200 | 5000 |   85 |       0.45 |1585448804781 |      62 |    64.0 | 3,23 | mscpd4.txt |8,3e+02 |
| 8 | 4300 | 5000 |   85 |       0.45 |1585448804781 |      62 |    64.0 | 3,23 | mscpd4.txt |8,4e+02 |
| 8 | 4400 | 5000 |   85 | 0.31764707 |1585448804781 |      62 |    64.0 | 3,23 | mscpd4.txt |8,4e+02 |
| 8 | 4500 | 5000 |   90 |       0.45 |1585448804781 |      62 |    64.0 | 3,23 | mscpd4.txt |8,5e+02 |
| 8 | 4600 | 5000 |   90 |       0.45 |1585448804781 |      62 |    64.0 | 3,23 | mscpd4.txt |8,7e+02 |
| 8 | 4700 | 5000 |   90 |       0.45 |1585448804781 |      62 |    64.0 | 3,23 | mscpd4.txt |8,8e+02 |
| 8 | 4800 | 5000 |   90 |       0.45 |1585448804781 |      62 |    64.0 | 3,23 | mscpd4.txt |8,9e+02 |
| 8 | 4900 | 5000 |   95 |       0.45 |1585448804781 |      62 |    64.0 | 3,23 | mscpd4.txt |9,2e+02 |
| 8 | 5000 | 5000 |   95 |       0.45 |1585448804781 |      62 |    64.0 | 3,23 | mscpd4.txt |9,3e+02 |
| 8 |  400 | 5000 |   95 |       0.45 |1585448804781 |      62 |    64.0 | 3,23 | mscpd4.txt |9,3e+02 |
| 9 |    1 | 5000 |   35 |       0.25 |1585449733085 |      62 |  2571.0 |4046,77 | mscpd4.txt |0,0090 |
| 9 |  100 | 5000 |   35 |       0.45 |1585449733085 |      62 |  2106.0 |3296,77 | mscpd4.txt | 0,74 |
| 9 |  200 | 5000 |   35 | 0.34285715 |1585449733085 |      62 |  1894.0 |2954,84 | mscpd4.txt |  1,5 |
| 9 |  300 | 5000 |   40 |       0.45 |1585449733085 |      62 |    64.0 | 3,23 | mscpd4.txt |   41 |
| 9 |  400 | 5000 |   40 |       0.45 |1585449733085 |      62 |    64.0 | 3,23 | mscpd4.txt |   93 |
| 9 |  500 | 5000 |   40 |       0.45 |1585449733085 |      62 |    64.0 | 3,23 | mscpd4.txt |1,4e+02 |
| 9 |  600 | 5000 |   40 |       0.45 |1585449733085 |      62 |    64.0 | 3,23 | mscpd4.txt |1,8e+02 |
| 9 |  700 | 5000 |   45 |       0.45 |1585449733085 |      62 |    64.0 | 3,23 | mscpd4.txt |2,2e+02 |
| 9 |  800 | 5000 |   45 |       0.45 |1585449733085 |      62 |    64.0 | 3,23 | mscpd4.txt |2,6e+02 |
| 9 |  900 | 5000 |   45 |       0.45 |1585449733085 |      62 |    64.0 | 3,23 | mscpd4.txt |2,9e+02 |
| 9 | 1000 | 5000 |   45 |       0.45 |1585449733085 |      62 |    64.0 | 3,23 | mscpd4.txt |3,3e+02 |
| 9 | 1100 | 5000 |   50 |       0.45 |1585449733085 |      62 |    64.0 | 3,23 | mscpd4.txt |3,7e+02 |
| 9 | 1200 | 5000 |   50 |       0.45 |1585449733085 |      62 |    64.0 | 3,23 | mscpd4.txt |4,0e+02 |
| 9 | 1300 | 5000 |   50 |       0.45 |1585449733085 |      62 |    64.0 | 3,23 | mscpd4.txt |4,4e+02 |
| 9 | 1400 | 5000 |   50 |       0.45 |1585449733085 |      62 |    64.0 | 3,23 | mscpd4.txt |4,7e+02 |
| 9 | 1500 | 5000 |   55 |       0.45 |1585449733085 |      62 |    64.0 | 3,23 | mscpd4.txt |5,1e+02 |
| 9 | 1600 | 5000 |   55 |       0.45 |1585449733085 |      62 |    64.0 | 3,23 | mscpd4.txt |5,5e+02 |
| 9 | 1700 | 5000 |   55 |       0.45 |1585449733085 |      62 |    64.0 | 3,23 | mscpd4.txt |5,9e+02 |
| 9 | 1800 | 5000 |   55 |       0.45 |1585449733085 |      62 |    64.0 | 3,23 | mscpd4.txt |6,4e+02 |
| 9 | 1900 | 5000 |   60 |       0.45 |1585449733085 |      62 |    64.0 | 3,23 | mscpd4.txt |6,9e+02 |
| 9 | 2000 | 5000 |   60 |       0.45 |1585449733085 |      62 |    64.0 | 3,23 | mscpd4.txt |7,3e+02 |
| 9 | 2100 | 5000 |   60 |       0.45 |1585449733085 |      62 |    64.0 | 3,23 | mscpd4.txt |7,6e+02 |
| 9 | 2200 | 5000 |   60 |       0.45 |1585449733085 |      62 |    64.0 | 3,23 | mscpd4.txt |8,0e+02 |
| 9 | 2300 | 5000 |   65 |       0.45 |1585449733085 |      62 |    64.0 | 3,23 | mscpd4.txt |8,5e+02 |
| 9 | 2400 | 5000 |   65 |       0.45 |1585449733085 |      62 |    64.0 | 3,23 | mscpd4.txt |8,9e+02 |
| 9 | 2500 | 5000 |   65 |       0.45 |1585449733085 |      62 |    64.0 | 3,23 | mscpd4.txt |9,4e+02 |
| 9 | 2600 | 5000 |   65 |       0.45 |1585449733085 |      62 |    64.0 | 3,23 | mscpd4.txt |9,8e+02 |
| 9 | 2700 | 5000 |   70 |       0.45 |1585449733085 |      62 |    64.0 | 3,23 | mscpd4.txt |1,0e+03 |
| 9 | 2800 | 5000 |   70 |       0.45 |1585449733085 |      62 |    64.0 | 3,23 | mscpd4.txt |1,1e+03 |
| 9 | 2900 | 5000 |   70 |       0.45 |1585449733085 |      62 |    64.0 | 3,23 | mscpd4.txt |1,1e+03 |
| 9 | 3000 | 5000 |   70 |       0.45 |1585449733085 |      62 |    64.0 | 3,23 | mscpd4.txt |1,1e+03 |
| 9 | 3100 | 5000 |   75 |       0.45 |1585449733085 |      62 |    64.0 | 3,23 | mscpd4.txt |1,2e+03 |
| 9 | 3200 | 5000 |   75 |       0.45 |1585449733085 |      62 |    64.0 | 3,23 | mscpd4.txt |1,2e+03 |
| 9 | 3300 | 5000 |   75 |       0.45 |1585449733085 |      62 |    64.0 | 3,23 | mscpd4.txt |1,3e+03 |
| 9 | 3400 | 5000 |   75 |       0.45 |1585449733085 |      62 |    64.0 | 3,23 | mscpd4.txt |1,3e+03 |
| 9 | 3500 | 5000 |   80 |       0.45 |1585449733085 |      62 |    64.0 | 3,23 | mscpd4.txt |1,4e+03 |
| 9 | 3600 | 5000 |   80 |       0.45 |1585449733085 |      62 |    64.0 | 3,23 | mscpd4.txt |1,4e+03 |
| 9 | 3700 | 5000 |   80 |       0.45 |1585449733085 |      62 |    64.0 | 3,23 | mscpd4.txt |1,4e+03 |
| 9 | 3800 | 5000 |   80 |       0.45 |1585449733085 |      62 |    64.0 | 3,23 | mscpd4.txt |1,5e+03 |
| 9 | 3900 | 5000 |   85 |       0.45 |1585449733085 |      62 |    64.0 | 3,23 | mscpd4.txt |1,5e+03 |
| 9 | 4000 | 5000 |   85 |       0.45 |1585449733085 |      62 |    64.0 | 3,23 | mscpd4.txt |1,6e+03 |
| 9 | 4100 | 5000 |   85 |       0.45 |1585449733085 |      62 |    64.0 | 3,23 | mscpd4.txt |1,6e+03 |
| 9 | 4200 | 5000 |   85 |       0.45 |1585449733085 |      62 |    64.0 | 3,23 | mscpd4.txt |1,7e+03 |
| 9 | 4300 | 5000 |   90 |       0.45 |1585449733085 |      62 |    64.0 | 3,23 | mscpd4.txt |1,7e+03 |
| 9 | 4400 | 5000 |   90 |       0.45 |1585449733085 |      62 |    64.0 | 3,23 | mscpd4.txt |1,8e+03 |
| 9 | 4500 | 5000 |   90 |       0.45 |1585449733085 |      62 |    64.0 | 3,23 | mscpd4.txt |1,8e+03 |
| 9 | 4600 | 5000 |   90 |       0.45 |1585449733085 |      62 |    64.0 | 3,23 | mscpd4.txt |1,9e+03 |
| 9 | 4700 | 5000 |   95 |       0.45 |1585449733085 |      62 |    64.0 | 3,23 | mscpd4.txt |1,9e+03 |
| 9 | 4800 | 5000 |   95 |       0.45 |1585449733085 |      62 |    64.0 | 3,23 | mscpd4.txt |2,0e+03 |
| 9 | 4900 | 5000 |   95 |       0.45 |1585449733085 |      62 |    64.0 | 3,23 | mscpd4.txt |2,0e+03 |
| 9 | 5000 | 5000 |   95 |       0.45 |1585449733085 |      62 |    64.0 | 3,23 | mscpd4.txt |2,1e+03 |
| 9 |  400 | 5000 |  100 |       0.45 |1585449733085 |      62 |    64.0 | 3,23 | mscpd4.txt |2,1e+03 |
|10 |    1 | 5000 |   35 |       0.25 |1585451792845 |      62 |  2373.0 |3727,42 | mscpd4.txt |0,010 |
|10 |  100 | 5000 |   35 |       0.45 |1585451792845 |      62 |  2116.0 |3312,90 | mscpd4.txt | 0,81 |
|10 |  200 | 5000 |   35 |       0.45 |1585451792845 |      62 |  1941.0 |3030,65 | mscpd4.txt |  1,6 |
|10 |  300 | 5000 |   35 |       0.45 |1585451792845 |      62 |  1820.0 |2835,48 | mscpd4.txt |  2,5 |
|10 |  400 | 5000 |   35 | 0.37142858 |1585451792845 |      62 |  1740.0 |2706,45 | mscpd4.txt |  3,4 |
|10 |  500 | 5000 |   35 | 0.37142858 |1585451792845 |      62 |  1633.0 |2533,87 | mscpd4.txt |  4,2 |
|10 |  600 | 5000 |   40 |       0.45 |1585451792845 |      62 |    66.0 | 6,45 | mscpd4.txt |   59 |
|10 |  700 | 5000 |   40 |      0.425 |1585451792845 |      62 |    66.0 | 6,45 | mscpd4.txt |1,2e+02 |
|10 |  800 | 5000 |   40 |       0.45 |1585451792845 |      62 |    66.0 | 6,45 | mscpd4.txt |1,6e+02 |
|10 |  900 | 5000 |   40 |       0.45 |1585451792845 |      62 |    66.0 | 6,45 | mscpd4.txt |1,9e+02 |
|10 | 1000 | 5000 |   45 |       0.45 |1585451792845 |      62 |    66.0 | 6,45 | mscpd4.txt |2,2e+02 |
|10 | 1100 | 5000 |   45 |       0.45 |1585451792845 |      62 |    66.0 | 6,45 | mscpd4.txt |2,6e+02 |
|10 | 1200 | 5000 |   45 |       0.45 |1585451792845 |      62 |    66.0 | 6,45 | mscpd4.txt |2,7e+02 |
|10 | 1300 | 5000 |   45 |       0.45 |1585451792845 |      62 |    66.0 | 6,45 | mscpd4.txt |2,9e+02 |
|10 | 1400 | 5000 |   50 |       0.45 |1585451792845 |      62 |    66.0 | 6,45 | mscpd4.txt |3,2e+02 |
|10 | 1500 | 5000 |   50 |       0.45 |1585451792845 |      62 |    66.0 | 6,45 | mscpd4.txt |3,4e+02 |
|10 | 1600 | 5000 |   50 |       0.45 |1585451792845 |      62 |    66.0 | 6,45 | mscpd4.txt |3,7e+02 |
|10 | 1700 | 5000 |   50 |       0.45 |1585451792845 |      62 |    66.0 | 6,45 | mscpd4.txt |4,0e+02 |
|10 | 1800 | 5000 |   55 |       0.45 |1585451792845 |      62 |    66.0 | 6,45 | mscpd4.txt |4,4e+02 |
|10 | 1900 | 5000 |   55 |       0.45 |1585451792845 |      62 |    66.0 | 6,45 | mscpd4.txt |4,6e+02 |
|10 | 2000 | 5000 |   55 |       0.45 |1585451792845 |      62 |    66.0 | 6,45 | mscpd4.txt |4,7e+02 |
|10 | 2100 | 5000 |   55 |       0.45 |1585451792845 |      62 |    66.0 | 6,45 | mscpd4.txt |4,9e+02 |
|10 | 2200 | 5000 |   60 |       0.45 |1585451792845 |      62 |    66.0 | 6,45 | mscpd4.txt |5,2e+02 |
|10 | 2300 | 5000 |   60 |       0.45 |1585451792845 |      62 |    66.0 | 6,45 | mscpd4.txt |5,4e+02 |
|10 | 2400 | 5000 |   60 |       0.45 |1585451792845 |      62 |    66.0 | 6,45 | mscpd4.txt |5,5e+02 |
|10 | 2500 | 5000 |   60 |       0.45 |1585451792845 |      62 |    66.0 | 6,45 | mscpd4.txt |5,7e+02 |
|10 | 2600 | 5000 |   65 |       0.45 |1585451792845 |      62 |    66.0 | 6,45 | mscpd4.txt |5,9e+02 |
|10 | 2700 | 5000 |   65 | 0.10769231 |1585451792845 |      62 |    66.0 | 6,45 | mscpd4.txt |6,0e+02 |
|10 | 2800 | 5000 |   65 | 0.10769231 |1585451792845 |      62 |    66.0 | 6,45 | mscpd4.txt |6,1e+02 |
|10 | 2900 | 5000 |   65 | 0.10769231 |1585451792845 |      62 |    66.0 | 6,45 | mscpd4.txt |6,2e+02 |
|10 | 3000 | 5000 |   70 |       0.45 |1585451792845 |      62 |    66.0 | 6,45 | mscpd4.txt |6,4e+02 |
|10 | 3100 | 5000 |   70 |       0.45 |1585451792845 |      62 |    66.0 | 6,45 | mscpd4.txt |6,7e+02 |
|10 | 3200 | 5000 |   70 |       0.45 |1585451792845 |      62 |    66.0 | 6,45 | mscpd4.txt |6,9e+02 |
|10 | 3300 | 5000 |   70 |       0.45 |1585451792845 |      62 |    66.0 | 6,45 | mscpd4.txt |7,1e+02 |
|10 | 3400 | 5000 |   75 |       0.45 |1585451792845 |      62 |    66.0 | 6,45 | mscpd4.txt |7,4e+02 |
|10 | 3500 | 5000 |   75 | 0.42666668 |1585451792845 |      62 |    66.0 | 6,45 | mscpd4.txt |7,6e+02 |
|10 | 3600 | 5000 |   75 | 0.42666668 |1585451792845 |      62 |    66.0 | 6,45 | mscpd4.txt |7,7e+02 |
|10 | 3700 | 5000 |   75 | 0.42666668 |1585451792845 |      62 |    66.0 | 6,45 | mscpd4.txt |7,9e+02 |
|10 | 3800 | 5000 |   80 |       0.45 |1585451792845 |      62 |    66.0 | 6,45 | mscpd4.txt |8,1e+02 |
|10 | 3900 | 5000 |   80 |     0.1125 |1585451792845 |      62 |    66.0 | 6,45 | mscpd4.txt |8,3e+02 |
|10 | 4000 | 5000 |   80 |     0.1125 |1585451792845 |      62 |    66.0 | 6,45 | mscpd4.txt |8,4e+02 |
|10 | 4100 | 5000 |   80 |     0.1125 |1585451792845 |      62 |    66.0 | 6,45 | mscpd4.txt |8,5e+02 |
|10 | 4200 | 5000 |   85 |       0.45 |1585451792845 |      62 |    66.0 | 6,45 | mscpd4.txt |8,8e+02 |
|10 | 4300 | 5000 |   85 |       0.45 |1585451792845 |      62 |    66.0 | 6,45 | mscpd4.txt |9,0e+02 |
|10 | 4400 | 5000 |   85 |       0.45 |1585451792845 |      62 |    66.0 | 6,45 | mscpd4.txt |9,2e+02 |
|10 | 4500 | 5000 |   85 |       0.45 |1585451792845 |      62 |    66.0 | 6,45 | mscpd4.txt |9,4e+02 |
|10 | 4600 | 5000 |   90 |       0.45 |1585451792845 |      62 |    66.0 | 6,45 | mscpd4.txt |9,8e+02 |
|10 | 4700 | 5000 |   90 | 0.42222223 |1585451792845 |      62 |    66.0 | 6,45 | mscpd4.txt |9,9e+02 |
|10 | 4800 | 5000 |   90 | 0.42222223 |1585451792845 |      62 |    66.0 | 6,45 | mscpd4.txt |1,0e+03 |
|10 | 4900 | 5000 |   90 | 0.42222223 |1585451792845 |      62 |    66.0 | 6,45 | mscpd4.txt |1,0e+03 |
|10 | 5000 | 5000 |   95 |       0.45 |1585451792845 |      62 |    66.0 | 6,45 | mscpd4.txt |1,1e+03 |
|10 |  400 | 5000 |   95 |       0.45 |1585451792845 |      62 |    66.0 | 6,45 | mscpd4.txt |1,1e+03 |
|11 |    1 | 5000 |   35 |       0.25 |1585452850041 |      62 |  2533.0 |3985,48 | mscpd4.txt |0,0080 |
|11 |  100 | 5000 |   35 | 0.37142858 |1585452850041 |      62 |  2027.0 |3169,35 | mscpd4.txt | 0,74 |
|11 |  200 | 5000 |   35 |        0.4 |1585452850041 |      62 |  1946.0 |3038,71 | mscpd4.txt |  1,5 |
|11 |  300 | 5000 |   35 | 0.37142858 |1585452850041 |      62 |   103.0 |66,13 | mscpd4.txt |  3,3 |
|11 |  400 | 5000 |   35 | 0.34285715 |1585452850041 |      62 |   103.0 |66,13 | mscpd4.txt |  6,2 |
|11 |  500 | 5000 |   40 |       0.45 |1585452850041 |      62 |    64.0 | 3,23 | mscpd4.txt |   54 |
|11 |  600 | 5000 |   40 |       0.45 |1585452850041 |      62 |    64.0 | 3,23 | mscpd4.txt |1,1e+02 |
|11 |  700 | 5000 |   40 |       0.45 |1585452850041 |      62 |    64.0 | 3,23 | mscpd4.txt |1,6e+02 |
|11 |  800 | 5000 |   40 |       0.45 |1585452850041 |      62 |    64.0 | 3,23 | mscpd4.txt |2,0e+02 |
|11 |  900 | 5000 |   45 |       0.45 |1585452850041 |      62 |    64.0 | 3,23 | mscpd4.txt |2,5e+02 |
|11 | 1000 | 5000 |   45 | 0.42222223 |1585452850041 |      62 |    64.0 | 3,23 | mscpd4.txt |2,8e+02 |
|11 | 1100 | 5000 |   45 | 0.42222223 |1585452850041 |      62 |    64.0 | 3,23 | mscpd4.txt |3,1e+02 |
|11 | 1200 | 5000 |   45 | 0.42222223 |1585452850041 |      62 |    64.0 | 3,23 | mscpd4.txt |3,4e+02 |
|11 | 1300 | 5000 |   50 |       0.45 |1585452850041 |      62 |    64.0 | 3,23 | mscpd4.txt |3,9e+02 |
|11 | 1400 | 5000 |   50 |       0.45 |1585452850041 |      62 |    64.0 | 3,23 | mscpd4.txt |4,1e+02 |
|11 | 1500 | 5000 |   50 |       0.45 |1585452850041 |      62 |    64.0 | 3,23 | mscpd4.txt |4,4e+02 |
|11 | 1600 | 5000 |   50 |       0.45 |1585452850041 |      62 |    64.0 | 3,23 | mscpd4.txt |4,7e+02 |
|11 | 1700 | 5000 |   55 |       0.45 |1585452850041 |      62 |    64.0 | 3,23 | mscpd4.txt |5,0e+02 |
|11 | 1800 | 5000 |   55 |       0.45 |1585452850041 |      62 |    64.0 | 3,23 | mscpd4.txt |5,4e+02 |
|11 | 1900 | 5000 |   55 |       0.45 |1585452850041 |      62 |    64.0 | 3,23 | mscpd4.txt |5,6e+02 |
|11 | 2000 | 5000 |   55 |       0.45 |1585452850041 |      62 |    64.0 | 3,23 | mscpd4.txt |5,7e+02 |
|11 | 2100 | 5000 |   60 |       0.45 |1585452850041 |      62 |    64.0 | 3,23 | mscpd4.txt |6,0e+02 |
|11 | 2200 | 5000 |   60 |       0.45 |1585452850041 |      62 |    64.0 | 3,23 | mscpd4.txt |6,2e+02 |
|11 | 2300 | 5000 |   60 |       0.45 |1585452850041 |      62 |    64.0 | 3,23 | mscpd4.txt |6,3e+02 |
|11 | 2400 | 5000 |   60 |       0.45 |1585452850041 |      62 |    64.0 | 3,23 | mscpd4.txt |6,5e+02 |
|11 | 2500 | 5000 |   65 |       0.45 |1585452850041 |      62 |    64.0 | 3,23 | mscpd4.txt |6,7e+02 |
|11 | 2600 | 5000 |   65 |       0.45 |1585452850041 |      62 |    64.0 | 3,23 | mscpd4.txt |7,0e+02 |
|11 | 2700 | 5000 |   65 |       0.45 |1585452850041 |      62 |    64.0 | 3,23 | mscpd4.txt |7,2e+02 |
|11 | 2800 | 5000 |   65 |       0.45 |1585452850041 |      62 |    64.0 | 3,23 | mscpd4.txt |7,5e+02 |
|11 | 2900 | 5000 |   70 |       0.45 |1585452850041 |      62 |    64.0 | 3,23 | mscpd4.txt |7,8e+02 |
|11 | 3000 | 5000 |   70 |       0.45 |1585452850041 |      62 |    64.0 | 3,23 | mscpd4.txt |8,0e+02 |
|11 | 3100 | 5000 |   70 |       0.45 |1585452850041 |      62 |    64.0 | 3,23 | mscpd4.txt |8,2e+02 |
|11 | 3200 | 5000 |   70 |       0.45 |1585452850041 |      62 |    64.0 | 3,23 | mscpd4.txt |8,4e+02 |
|11 | 3300 | 5000 |   75 |       0.45 |1585452850041 |      62 |    64.0 | 3,23 | mscpd4.txt |8,7e+02 |
|11 | 3400 | 5000 |   75 |       0.45 |1585452850041 |      62 |    64.0 | 3,23 | mscpd4.txt |8,9e+02 |
|11 | 3500 | 5000 |   75 |       0.45 |1585452850041 |      62 |    64.0 | 3,23 | mscpd4.txt |9,2e+02 |
|11 | 3600 | 5000 |   75 |       0.45 |1585452850041 |      62 |    64.0 | 3,23 | mscpd4.txt |9,5e+02 |
|11 | 3700 | 5000 |   80 |       0.45 |1585452850041 |      62 |    64.0 | 3,23 | mscpd4.txt |9,8e+02 |
|11 | 3800 | 5000 |   80 |       0.45 |1585452850041 |      62 |    64.0 | 3,23 | mscpd4.txt |1,0e+03 |
|11 | 3900 | 5000 |   80 |       0.45 |1585452850041 |      62 |    64.0 | 3,23 | mscpd4.txt |1,0e+03 |
|11 | 4000 | 5000 |   80 |       0.45 |1585452850041 |      62 |    64.0 | 3,23 | mscpd4.txt |1,0e+03 |
|11 | 4100 | 5000 |   85 |       0.45 |1585452850041 |      62 |    63.0 | 1,61 | mscpd4.txt |1,1e+03 |
|11 | 4200 | 5000 |   85 |       0.45 |1585452850041 |      62 |    63.0 | 1,61 | mscpd4.txt |1,1e+03 |
|11 | 4300 | 5000 |   85 |       0.45 |1585452850041 |      62 |    63.0 | 1,61 | mscpd4.txt |1,1e+03 |
|11 | 4400 | 5000 |   85 |       0.45 |1585452850041 |      62 |    63.0 | 1,61 | mscpd4.txt |1,2e+03 |
|11 | 4500 | 5000 |   90 |       0.45 |1585452850041 |      62 |    63.0 | 1,61 | mscpd4.txt |1,2e+03 |
|11 | 4600 | 5000 |   90 |       0.45 |1585452850041 |      62 |    63.0 | 1,61 | mscpd4.txt |1,3e+03 |
|11 | 4700 | 5000 |   90 |       0.45 |1585452850041 |      62 |    63.0 | 1,61 | mscpd4.txt |1,3e+03 |
|11 | 4800 | 5000 |   90 |       0.45 |1585452850041 |      62 |    63.0 | 1,61 | mscpd4.txt |1,3e+03 |
|11 | 4900 | 5000 |   95 |       0.45 |1585452850041 |      62 |    63.0 | 1,61 | mscpd4.txt |1,4e+03 |
|11 | 5000 | 5000 |   95 |       0.45 |1585452850041 |      62 |    63.0 | 1,61 | mscpd4.txt |1,4e+03 |
|11 |  400 | 5000 |   95 |       0.45 |1585452850041 |      62 |    63.0 | 1,61 | mscpd4.txt |1,4e+03 |
|12 |    1 | 5000 |   35 |       0.25 |1585454239841 |      62 |  2577.0 |4056,45 | mscpd4.txt |0,0090 |
|12 |  100 | 5000 |   35 |       0.45 |1585454239841 |      62 |   120.0 |93,55 | mscpd4.txt |  1,5 |
|12 |  200 | 5000 |   35 | 0.42857143 |1585454239841 |      62 |   120.0 |93,55 | mscpd4.txt |  3,4 |
|12 |  300 | 5000 |   40 |       0.45 |1585454239841 |      62 |    67.0 | 8,06 | mscpd4.txt |   47 |
|12 |  400 | 5000 |   40 |      0.225 |1585454239841 |      62 |    67.0 | 8,06 | mscpd4.txt |   85 |
|12 |  500 | 5000 |   40 |       0.45 |1585454239841 |      62 |    67.0 | 8,06 | mscpd4.txt |1,0e+02 |
|12 |  600 | 5000 |   40 |       0.45 |1585454239841 |      62 |    67.0 | 8,06 | mscpd4.txt |1,2e+02 |
|12 |  700 | 5000 |   45 |       0.45 |1585454239841 |      62 |    67.0 | 8,06 | mscpd4.txt |1,5e+02 |
|12 |  800 | 5000 |   45 |       0.45 |1585454239841 |      62 |    67.0 | 8,06 | mscpd4.txt |1,8e+02 |
|12 |  900 | 5000 |   45 |       0.45 |1585454239841 |      62 |    67.0 | 8,06 | mscpd4.txt |2,2e+02 |
|12 | 1000 | 5000 |   45 |       0.45 |1585454239841 |      62 |    67.0 | 8,06 | mscpd4.txt |2,5e+02 |
|12 | 1100 | 5000 |   50 |       0.45 |1585454239841 |      62 |    67.0 | 8,06 | mscpd4.txt |2,9e+02 |
|12 | 1200 | 5000 |   50 |       0.45 |1585454239841 |      62 |    67.0 | 8,06 | mscpd4.txt |3,2e+02 |
|12 | 1300 | 5000 |   50 |       0.45 |1585454239841 |      62 |    67.0 | 8,06 | mscpd4.txt |3,4e+02 |
|12 | 1400 | 5000 |   50 |       0.45 |1585454239841 |      62 |    67.0 | 8,06 | mscpd4.txt |3,7e+02 |
|12 | 1500 | 5000 |   55 |       0.45 |1585454239841 |      62 |    67.0 | 8,06 | mscpd4.txt |4,0e+02 |
|12 | 1600 | 5000 |   55 |       0.45 |1585454239841 |      62 |    67.0 | 8,06 | mscpd4.txt |4,4e+02 |
|12 | 1700 | 5000 |   55 |       0.45 |1585454239841 |      62 |    67.0 | 8,06 | mscpd4.txt |4,8e+02 |
|12 | 1800 | 5000 |   55 |       0.45 |1585454239841 |      62 |    67.0 | 8,06 | mscpd4.txt |5,2e+02 |
|12 | 1900 | 5000 |   60 |       0.45 |1585454239841 |      62 |    67.0 | 8,06 | mscpd4.txt |5,6e+02 |
|12 | 2000 | 5000 |   60 |       0.45 |1585454239841 |      62 |    67.0 | 8,06 | mscpd4.txt |6,0e+02 |
|12 | 2100 | 5000 |   60 |       0.45 |1585454239841 |      62 |    67.0 | 8,06 | mscpd4.txt |6,3e+02 |
|12 | 2200 | 5000 |   60 |       0.45 |1585454239841 |      62 |    67.0 | 8,06 | mscpd4.txt |6,6e+02 |
|12 | 2300 | 5000 |   65 |       0.45 |1585454239841 |      62 |    67.0 | 8,06 | mscpd4.txt |7,0e+02 |
|12 | 2400 | 5000 |   65 |       0.45 |1585454239841 |      62 |    67.0 | 8,06 | mscpd4.txt |7,4e+02 |
|12 | 2500 | 5000 |   65 |       0.45 |1585454239841 |      62 |    67.0 | 8,06 | mscpd4.txt |7,8e+02 |
|12 | 2600 | 5000 |   65 |       0.45 |1585454239841 |      62 |    67.0 | 8,06 | mscpd4.txt |8,2e+02 |
|12 | 2700 | 5000 |   70 |       0.45 |1585454239841 |      62 |    67.0 | 8,06 | mscpd4.txt |8,8e+02 |
|12 | 2800 | 5000 |   70 |       0.45 |1585454239841 |      62 |    67.0 | 8,06 | mscpd4.txt |9,0e+02 |
|12 | 2900 | 5000 |   70 |       0.45 |1585454239841 |      62 |    67.0 | 8,06 | mscpd4.txt |9,3e+02 |
|12 | 3000 | 5000 |   70 |       0.45 |1585454239841 |      62 |    67.0 | 8,06 | mscpd4.txt |9,6e+02 |
|12 | 3100 | 5000 |   75 |       0.45 |1585454239841 |      62 |    67.0 | 8,06 | mscpd4.txt |1,0e+03 |
|12 | 3200 | 5000 |   75 |       0.45 |1585454239841 |      62 |    67.0 | 8,06 | mscpd4.txt |1,0e+03 |
|12 | 3300 | 5000 |   75 |       0.45 |1585454239841 |      62 |    67.0 | 8,06 | mscpd4.txt |1,1e+03 |
|12 | 3400 | 5000 |   75 |       0.45 |1585454239841 |      62 |    67.0 | 8,06 | mscpd4.txt |1,1e+03 |
|12 | 3500 | 5000 |   80 |       0.45 |1585454239841 |      62 |    67.0 | 8,06 | mscpd4.txt |1,1e+03 |
|12 | 3600 | 5000 |   80 |       0.45 |1585454239841 |      62 |    67.0 | 8,06 | mscpd4.txt |1,2e+03 |
|12 | 3700 | 5000 |   80 |       0.45 |1585454239841 |      62 |    67.0 | 8,06 | mscpd4.txt |1,2e+03 |
|12 | 3800 | 5000 |   80 |       0.45 |1585454239841 |      62 |    67.0 | 8,06 | mscpd4.txt |1,2e+03 |
|12 | 3900 | 5000 |   85 |       0.45 |1585454239841 |      62 |    67.0 | 8,06 | mscpd4.txt |1,3e+03 |
|12 | 4000 | 5000 |   85 |       0.45 |1585454239841 |      62 |    67.0 | 8,06 | mscpd4.txt |1,3e+03 |
|12 | 4100 | 5000 |   85 |       0.45 |1585454239841 |      62 |    67.0 | 8,06 | mscpd4.txt |1,3e+03 |
|12 | 4200 | 5000 |   85 |       0.45 |1585454239841 |      62 |    67.0 | 8,06 | mscpd4.txt |1,4e+03 |
|12 | 4300 | 5000 |   90 |       0.45 |1585454239841 |      62 |    67.0 | 8,06 | mscpd4.txt |1,4e+03 |
|12 | 4400 | 5000 |   90 |       0.45 |1585454239841 |      62 |    67.0 | 8,06 | mscpd4.txt |1,4e+03 |
|12 | 4500 | 5000 |   90 |       0.45 |1585454239841 |      62 |    67.0 | 8,06 | mscpd4.txt |1,5e+03 |
|12 | 4600 | 5000 |   90 |       0.45 |1585454239841 |      62 |    67.0 | 8,06 | mscpd4.txt |1,5e+03 |
|12 | 4700 | 5000 |   95 |       0.45 |1585454239841 |      62 |    67.0 | 8,06 | mscpd4.txt |1,5e+03 |
|12 | 4800 | 5000 |   95 |       0.45 |1585454239841 |      62 |    67.0 | 8,06 | mscpd4.txt |1,6e+03 |
|12 | 4900 | 5000 |   95 |       0.45 |1585454239841 |      62 |    67.0 | 8,06 | mscpd4.txt |1,6e+03 |
|12 | 5000 | 5000 |   95 |       0.45 |1585454239841 |      62 |    67.0 | 8,06 | mscpd4.txt |1,7e+03 |
|12 |  400 | 5000 |  100 |       0.45 |1585454239841 |      62 |    67.0 | 8,06 | mscpd4.txt |1,7e+03 |
|13 |    1 | 5000 |   35 |       0.25 |1585455905591 |      62 |  2504.0 |3938,71 | mscpd4.txt |0,0090 |
|13 |  100 | 5000 |   35 |        0.4 |1585455905591 |      62 |   133.0 |114,52 | mscpd4.txt |  1,3 |
|13 |  200 | 5000 |   35 |        0.4 |1585455905591 |      62 |   133.0 |114,52 | mscpd4.txt |  3,5 |
|13 |  300 | 5000 |   35 | 0.37142858 |1585455905591 |      62 |   104.0 |67,74 | mscpd4.txt |  6,7 |
|13 |  400 | 5000 |   35 |  0.2857143 |1585455905591 |      62 |   104.0 |67,74 | mscpd4.txt |   10 |
|13 |  500 | 5000 |   40 |       0.45 |1585455905591 |      62 |    65.0 | 4,84 | mscpd4.txt |   54 |
|13 |  600 | 5000 |   40 |       0.45 |1585455905591 |      62 |    65.0 | 4,84 | mscpd4.txt |1,0e+02 |
|13 |  700 | 5000 |   40 |       0.45 |1585455905591 |      62 |    65.0 | 4,84 | mscpd4.txt |1,6e+02 |
|13 |  800 | 5000 |   40 |       0.45 |1585455905591 |      62 |    65.0 | 4,84 | mscpd4.txt |2,1e+02 |
|13 |  900 | 5000 |   45 |       0.45 |1585455905591 |      62 |    65.0 | 4,84 | mscpd4.txt |2,7e+02 |
|13 | 1000 | 5000 |   45 |       0.45 |1585455905591 |      62 |    65.0 | 4,84 | mscpd4.txt |3,4e+02 |
|13 | 1100 | 5000 |   45 |       0.45 |1585455905591 |      62 |    65.0 | 4,84 | mscpd4.txt |4,0e+02 |
|13 | 1200 | 5000 |   45 |       0.45 |1585455905591 |      62 |    65.0 | 4,84 | mscpd4.txt |4,6e+02 |
|13 | 1300 | 5000 |   50 |       0.45 |1585455905591 |      62 |    65.0 | 4,84 | mscpd4.txt |5,4e+02 |
|13 | 1400 | 5000 |   50 |       0.45 |1585455905591 |      62 |    65.0 | 4,84 | mscpd4.txt |6,2e+02 |
|13 | 1500 | 5000 |   50 |       0.45 |1585455905591 |      62 |    65.0 | 4,84 | mscpd4.txt |7,0e+02 |
|13 | 1600 | 5000 |   50 |       0.45 |1585455905591 |      62 |    65.0 | 4,84 | mscpd4.txt |7,8e+02 |
|13 | 1700 | 5000 |   55 |       0.45 |1585455905591 |      62 |    64.0 | 3,23 | mscpd4.txt |8,4e+02 |
|13 | 1800 | 5000 |   55 |       0.45 |1585455905591 |      62 |    64.0 | 3,23 | mscpd4.txt |9,0e+02 |
|13 | 1900 | 5000 |   55 |       0.45 |1585455905591 |      62 |    64.0 | 3,23 | mscpd4.txt |9,6e+02 |
|13 | 2000 | 5000 |   55 |       0.45 |1585455905591 |      62 |    64.0 | 3,23 | mscpd4.txt |1,0e+03 |
|13 | 2100 | 5000 |   60 |       0.45 |1585455905591 |      62 |    64.0 | 3,23 | mscpd4.txt |1,0e+03 |
|13 | 2200 | 5000 |   60 |       0.45 |1585455905591 |      62 |    64.0 | 3,23 | mscpd4.txt |1,1e+03 |
|13 | 2300 | 5000 |   60 |       0.45 |1585455905591 |      62 |    64.0 | 3,23 | mscpd4.txt |1,1e+03 |
|13 | 2400 | 5000 |   60 |       0.45 |1585455905591 |      62 |    64.0 | 3,23 | mscpd4.txt |1,1e+03 |
|13 | 2500 | 5000 |   65 |       0.45 |1585455905591 |      62 |    64.0 | 3,23 | mscpd4.txt |1,1e+03 |
|13 | 2600 | 5000 |   65 |       0.45 |1585455905591 |      62 |    64.0 | 3,23 | mscpd4.txt |1,2e+03 |
|13 | 2700 | 5000 |   65 |       0.45 |1585455905591 |      62 |    64.0 | 3,23 | mscpd4.txt |1,2e+03 |
|13 | 2800 | 5000 |   65 |       0.45 |1585455905591 |      62 |    64.0 | 3,23 | mscpd4.txt |1,3e+03 |
|13 | 2900 | 5000 |   70 |       0.45 |1585455905591 |      62 |    64.0 | 3,23 | mscpd4.txt |1,3e+03 |
|13 | 3000 | 5000 |   70 |       0.45 |1585455905591 |      62 |    64.0 | 3,23 | mscpd4.txt |1,3e+03 |
|13 | 3100 | 5000 |   70 |       0.45 |1585455905591 |      62 |    64.0 | 3,23 | mscpd4.txt |1,3e+03 |
|13 | 3200 | 5000 |   70 |       0.45 |1585455905591 |      62 |    64.0 | 3,23 | mscpd4.txt |1,4e+03 |
|13 | 3300 | 5000 |   75 |       0.45 |1585455905591 |      62 |    64.0 | 3,23 | mscpd4.txt |1,4e+03 |
|13 | 3400 | 5000 |   75 |       0.45 |1585455905591 |      62 |    64.0 | 3,23 | mscpd4.txt |1,4e+03 |
|13 | 3500 | 5000 |   75 |       0.45 |1585455905591 |      62 |    64.0 | 3,23 | mscpd4.txt |1,5e+03 |
|13 | 3600 | 5000 |   75 |       0.45 |1585455905591 |      62 |    64.0 | 3,23 | mscpd4.txt |1,5e+03 |
|13 | 3700 | 5000 |   80 |       0.45 |1585455905591 |      62 |    64.0 | 3,23 | mscpd4.txt |1,5e+03 |
|13 | 3800 | 5000 |   80 |       0.45 |1585455905591 |      62 |    64.0 | 3,23 | mscpd4.txt |1,5e+03 |
|13 | 3900 | 5000 |   80 |       0.45 |1585455905591 |      62 |    64.0 | 3,23 | mscpd4.txt |1,6e+03 |
|13 | 4000 | 5000 |   80 |       0.45 |1585455905591 |      62 |    64.0 | 3,23 | mscpd4.txt |1,6e+03 |
|13 | 4100 | 5000 |   85 |       0.45 |1585455905591 |      62 |    64.0 | 3,23 | mscpd4.txt |1,6e+03 |
|13 | 4200 | 5000 |   85 |       0.45 |1585455905591 |      62 |    64.0 | 3,23 | mscpd4.txt |1,6e+03 |
|13 | 4300 | 5000 |   85 |       0.45 |1585455905591 |      62 |    64.0 | 3,23 | mscpd4.txt |1,6e+03 |
|13 | 4400 | 5000 |   85 |       0.45 |1585455905591 |      62 |    64.0 | 3,23 | mscpd4.txt |1,6e+03 |
|13 | 4500 | 5000 |   90 |       0.45 |1585455905591 |      62 |    64.0 | 3,23 | mscpd4.txt |1,7e+03 |
|13 | 4600 | 5000 |   90 |       0.45 |1585455905591 |      62 |    64.0 | 3,23 | mscpd4.txt |1,7e+03 |
|13 | 4700 | 5000 |   90 |       0.45 |1585455905591 |      62 |    64.0 | 3,23 | mscpd4.txt |1,7e+03 |
|13 | 4800 | 5000 |   90 |       0.45 |1585455905591 |      62 |    64.0 | 3,23 | mscpd4.txt |1,7e+03 |
|13 | 4900 | 5000 |   95 |       0.45 |1585455905591 |      62 |    64.0 | 3,23 | mscpd4.txt |1,7e+03 |
|13 | 5000 | 5000 |   95 |       0.45 |1585455905591 |      62 |    64.0 | 3,23 | mscpd4.txt |1,7e+03 |
|13 |  400 | 5000 |   95 |       0.45 |1585455905591 |      62 |    64.0 | 3,23 | mscpd4.txt |1,7e+03 |
|14 |    1 | 5000 |   35 |       0.25 |1585457633254 |      62 |  2559.0 |4027,42 | mscpd4.txt |0,011 |
|14 |  100 | 5000 |   35 |       0.45 |1585457633254 |      62 |  2173.0 |3404,84 | mscpd4.txt | 0,83 |
|14 |  200 | 5000 |   35 |       0.45 |1585457633254 |      62 |  2076.0 |3248,39 | mscpd4.txt |  1,6 |
|14 |  300 | 5000 |   40 |       0.45 |1585457633254 |      62 |    67.0 | 8,06 | mscpd4.txt |   43 |
|14 |  400 | 5000 |   40 |       0.45 |1585457633254 |      62 |    67.0 | 8,06 | mscpd4.txt |   95 |
|14 |  500 | 5000 |   40 |       0.45 |1585457633254 |      62 |    66.0 | 6,45 | mscpd4.txt |1,3e+02 |
|14 |  600 | 5000 |   40 |       0.45 |1585457633254 |      62 |    66.0 | 6,45 | mscpd4.txt |1,7e+02 |
|14 |  700 | 5000 |   45 |       0.45 |1585457633254 |      62 |    66.0 | 6,45 | mscpd4.txt |2,2e+02 |
|14 |  800 | 5000 |   45 | 0.35555556 |1585457633254 |      62 |    66.0 | 6,45 | mscpd4.txt |2,6e+02 |
|14 |  900 | 5000 |   45 |       0.45 |1585457633254 |      62 |    66.0 | 6,45 | mscpd4.txt |3,0e+02 |
|14 | 1000 | 5000 |   45 | 0.44444445 |1585457633254 |      62 |    66.0 | 6,45 | mscpd4.txt |3,4e+02 |
|14 | 1100 | 5000 |   50 |       0.45 |1585457633254 |      62 |    66.0 | 6,45 | mscpd4.txt |4,0e+02 |
|14 | 1200 | 5000 |   50 |       0.45 |1585457633254 |      62 |    66.0 | 6,45 | mscpd4.txt |4,5e+02 |
|14 | 1300 | 5000 |   50 |       0.45 |1585457633254 |      62 |    66.0 | 6,45 | mscpd4.txt |4,9e+02 |
|14 | 1400 | 5000 |   50 |       0.45 |1585457633254 |      62 |    66.0 | 6,45 | mscpd4.txt |5,3e+02 |
|14 | 1500 | 5000 |   55 |       0.45 |1585457633254 |      62 |    66.0 | 6,45 | mscpd4.txt |5,7e+02 |
|14 | 1600 | 5000 |   55 |       0.45 |1585457633254 |      62 |    66.0 | 6,45 | mscpd4.txt |6,1e+02 |
|14 | 1700 | 5000 |   55 |       0.45 |1585457633254 |      62 |    66.0 | 6,45 | mscpd4.txt |6,6e+02 |
|14 | 1800 | 5000 |   55 |       0.45 |1585457633254 |      62 |    66.0 | 6,45 | mscpd4.txt |7,0e+02 |
|14 | 1900 | 5000 |   60 |       0.45 |1585457633254 |      62 |    66.0 | 6,45 | mscpd4.txt |7,6e+02 |
|14 | 2000 | 5000 |   60 |       0.45 |1585457633254 |      62 |    66.0 | 6,45 | mscpd4.txt |8,1e+02 |
|14 | 2100 | 5000 |   60 |       0.45 |1585457633254 |      62 |    66.0 | 6,45 | mscpd4.txt |8,7e+02 |
|14 | 2200 | 5000 |   60 |       0.45 |1585457633254 |      62 |    66.0 | 6,45 | mscpd4.txt |9,2e+02 |
|14 | 2300 | 5000 |   65 |       0.45 |1585457633254 |      62 |    66.0 | 6,45 | mscpd4.txt |9,9e+02 |
|14 | 2400 | 5000 |   65 |       0.45 |1585457633254 |      62 |    66.0 | 6,45 | mscpd4.txt |1,0e+03 |
|14 | 2500 | 5000 |   65 |       0.45 |1585457633254 |      62 |    66.0 | 6,45 | mscpd4.txt |1,1e+03 |
|14 | 2600 | 5000 |   65 |       0.45 |1585457633254 |      62 |    66.0 | 6,45 | mscpd4.txt |1,1e+03 |
|14 | 2700 | 5000 |   70 |       0.45 |1585457633254 |      62 |    66.0 | 6,45 | mscpd4.txt |1,2e+03 |
|14 | 2800 | 5000 |   70 |       0.45 |1585457633254 |      62 |    66.0 | 6,45 | mscpd4.txt |1,2e+03 |
|14 | 2900 | 5000 |   70 |       0.45 |1585457633254 |      62 |    66.0 | 6,45 | mscpd4.txt |1,3e+03 |
|14 | 3000 | 5000 |   70 |       0.45 |1585457633254 |      62 |    66.0 | 6,45 | mscpd4.txt |1,3e+03 |
|14 | 3100 | 5000 |   75 |       0.45 |1585457633254 |      62 |    66.0 | 6,45 | mscpd4.txt |1,4e+03 |
|14 | 3200 | 5000 |   75 |       0.45 |1585457633254 |      62 |    66.0 | 6,45 | mscpd4.txt |1,4e+03 |
|14 | 3300 | 5000 |   75 |       0.45 |1585457633254 |      62 |    66.0 | 6,45 | mscpd4.txt |1,5e+03 |
|14 | 3400 | 5000 |   75 |       0.45 |1585457633254 |      62 |    66.0 | 6,45 | mscpd4.txt |1,6e+03 |
|14 | 3500 | 5000 |   80 |       0.45 |1585457633254 |      62 |    66.0 | 6,45 | mscpd4.txt |1,6e+03 |
|14 | 3600 | 5000 |   80 |       0.45 |1585457633254 |      62 |    66.0 | 6,45 | mscpd4.txt |1,7e+03 |
|14 | 3700 | 5000 |   80 |       0.45 |1585457633254 |      62 |    66.0 | 6,45 | mscpd4.txt |1,8e+03 |
|14 | 3800 | 5000 |   80 |       0.45 |1585457633254 |      62 |    66.0 | 6,45 | mscpd4.txt |1,9e+03 |
|14 | 3900 | 5000 |   85 |       0.45 |1585457633254 |      62 |    66.0 | 6,45 | mscpd4.txt |2,0e+03 |
|14 | 4000 | 5000 |   85 |       0.45 |1585457633254 |      62 |    66.0 | 6,45 | mscpd4.txt |2,0e+03 |
|14 | 4100 | 5000 |   85 |       0.45 |1585457633254 |      62 |    66.0 | 6,45 | mscpd4.txt |2,1e+03 |
|14 | 4200 | 5000 |   85 |       0.45 |1585457633254 |      62 |    66.0 | 6,45 | mscpd4.txt |2,1e+03 |
|14 | 4300 | 5000 |   90 |       0.45 |1585457633254 |      62 |    65.0 | 4,84 | mscpd4.txt |2,2e+03 |
|14 | 4400 | 5000 |   90 |       0.45 |1585457633254 |      62 |    65.0 | 4,84 | mscpd4.txt |2,2e+03 |
|14 | 4500 | 5000 |   90 |       0.45 |1585457633254 |      62 |    65.0 | 4,84 | mscpd4.txt |2,3e+03 |
|14 | 4600 | 5000 |   90 |       0.45 |1585457633254 |      62 |    65.0 | 4,84 | mscpd4.txt |2,4e+03 |
|14 | 4700 | 5000 |   95 |       0.45 |1585457633254 |      62 |    64.0 | 3,23 | mscpd4.txt |2,4e+03 |
|14 | 4800 | 5000 |   95 |       0.45 |1585457633254 |      62 |    64.0 | 3,23 | mscpd4.txt |2,5e+03 |
|14 | 4900 | 5000 |   95 |       0.45 |1585457633254 |      62 |    64.0 | 3,23 | mscpd4.txt |2,6e+03 |
|14 | 5000 | 5000 |   95 |       0.45 |1585457633254 |      62 |    64.0 | 3,23 | mscpd4.txt |2,6e+03 |
|14 |  400 | 5000 |  100 |       0.45 |1585457633254 |      62 |    64.0 | 3,23 | mscpd4.txt |2,6e+03 |
|15 |    1 | 5000 |   35 |       0.25 |1585460264163 |      62 |  2595.0 |4085,48 | mscpd4.txt |0,010 |
|15 |  100 | 5000 |   35 |       0.45 |1585460264163 |      62 |  2145.0 |3359,68 | mscpd4.txt | 0,81 |
|15 |  200 | 5000 |   35 | 0.34285715 |1585460264163 |      62 |   116.0 |87,10 | mscpd4.txt |  2,4 |
|15 |  300 | 5000 |   35 |       0.45 |1585460264163 |      62 |   116.0 |87,10 | mscpd4.txt |  4,1 |
|15 |  400 | 5000 |   35 |       0.45 |1585460264163 |      62 |   116.0 |87,10 | mscpd4.txt |  5,9 |
|15 |  500 | 5000 |   40 |       0.45 |1585460264163 |      62 |    67.0 | 8,06 | mscpd4.txt |   48 |
|15 |  600 | 5000 |   40 |       0.45 |1585460264163 |      62 |    66.0 | 6,45 | mscpd4.txt |   97 |
|15 |  700 | 5000 |   40 |       0.45 |1585460264163 |      62 |    66.0 | 6,45 | mscpd4.txt |1,3e+02 |
|15 |  800 | 5000 |   40 |       0.45 |1585460264163 |      62 |    66.0 | 6,45 | mscpd4.txt |1,7e+02 |
|15 |  900 | 5000 |   45 |       0.45 |1585460264163 |      62 |    66.0 | 6,45 | mscpd4.txt |2,2e+02 |
|15 | 1000 | 5000 |   45 | 0.31111112 |1585460264163 |      62 |    66.0 | 6,45 | mscpd4.txt |2,6e+02 |
|15 | 1100 | 5000 |   45 | 0.33333334 |1585460264163 |      62 |    66.0 | 6,45 | mscpd4.txt |2,9e+02 |
|15 | 1200 | 5000 |   45 | 0.33333334 |1585460264163 |      62 |    66.0 | 6,45 | mscpd4.txt |3,2e+02 |
|15 | 1300 | 5000 |   50 |       0.45 |1585460264163 |      62 |    66.0 | 6,45 | mscpd4.txt |3,7e+02 |
|15 | 1400 | 5000 |   50 |       0.45 |1585460264163 |      62 |    66.0 | 6,45 | mscpd4.txt |4,0e+02 |
|15 | 1500 | 5000 |   50 |       0.45 |1585460264163 |      62 |    66.0 | 6,45 | mscpd4.txt |4,2e+02 |
|15 | 1600 | 5000 |   50 |       0.45 |1585460264163 |      62 |    66.0 | 6,45 | mscpd4.txt |4,5e+02 |
|15 | 1700 | 5000 |   55 |       0.45 |1585460264163 |      62 |    66.0 | 6,45 | mscpd4.txt |4,9e+02 |
|15 | 1800 | 5000 |   55 |       0.45 |1585460264163 |      62 |    66.0 | 6,45 | mscpd4.txt |5,3e+02 |
|15 | 1900 | 5000 |   55 |       0.45 |1585460264163 |      62 |    66.0 | 6,45 | mscpd4.txt |5,7e+02 |
|15 | 2000 | 5000 |   55 |       0.45 |1585460264163 |      62 |    66.0 | 6,45 | mscpd4.txt |6,1e+02 |
|15 | 2100 | 5000 |   60 |       0.45 |1585460264163 |      62 |    66.0 | 6,45 | mscpd4.txt |6,6e+02 |
|15 | 2200 | 5000 |   60 |       0.45 |1585460264163 |      62 |    66.0 | 6,45 | mscpd4.txt |6,9e+02 |
|15 | 2300 | 5000 |   60 |       0.45 |1585460264163 |      62 |    66.0 | 6,45 | mscpd4.txt |7,2e+02 |
|15 | 2400 | 5000 |   60 |       0.45 |1585460264163 |      62 |    66.0 | 6,45 | mscpd4.txt |7,5e+02 |
|15 | 2500 | 5000 |   65 |       0.45 |1585460264163 |      62 |    66.0 | 6,45 | mscpd4.txt |7,9e+02 |
|15 | 2600 | 5000 |   65 |       0.45 |1585460264163 |      62 |    66.0 | 6,45 | mscpd4.txt |8,4e+02 |
|15 | 2700 | 5000 |   65 |       0.45 |1585460264163 |      62 |    66.0 | 6,45 | mscpd4.txt |8,8e+02 |
|15 | 2800 | 5000 |   65 |       0.45 |1585460264163 |      62 |    66.0 | 6,45 | mscpd4.txt |9,3e+02 |
|15 | 2900 | 5000 |   70 |       0.45 |1585460264163 |      62 |    66.0 | 6,45 | mscpd4.txt |9,8e+02 |
|15 | 3000 | 5000 |   70 |       0.45 |1585460264163 |      62 |    66.0 | 6,45 | mscpd4.txt |1,0e+03 |
|15 | 3100 | 5000 |   70 |       0.45 |1585460264163 |      62 |    66.0 | 6,45 | mscpd4.txt |1,0e+03 |
|15 | 3200 | 5000 |   70 |       0.45 |1585460264163 |      62 |    66.0 | 6,45 | mscpd4.txt |1,1e+03 |
|15 | 3300 | 5000 |   75 |       0.45 |1585460264163 |      62 |    66.0 | 6,45 | mscpd4.txt |1,1e+03 |
|15 | 3400 | 5000 |   75 |       0.45 |1585460264163 |      62 |    66.0 | 6,45 | mscpd4.txt |1,1e+03 |
|15 | 3500 | 5000 |   75 |       0.45 |1585460264163 |      62 |    66.0 | 6,45 | mscpd4.txt |1,2e+03 |
|15 | 3600 | 5000 |   75 |       0.45 |1585460264163 |      62 |    66.0 | 6,45 | mscpd4.txt |1,2e+03 |
|15 | 3700 | 5000 |   80 |       0.45 |1585460264163 |      62 |    66.0 | 6,45 | mscpd4.txt |1,3e+03 |
|15 | 3800 | 5000 |   80 |       0.45 |1585460264163 |      62 |    66.0 | 6,45 | mscpd4.txt |1,3e+03 |
|15 | 3900 | 5000 |   80 |       0.45 |1585460264163 |      62 |    66.0 | 6,45 | mscpd4.txt |1,3e+03 |
|15 | 4000 | 5000 |   80 |       0.45 |1585460264163 |      62 |    66.0 | 6,45 | mscpd4.txt |1,3e+03 |
|15 | 4100 | 5000 |   85 |       0.45 |1585460264163 |      62 |    66.0 | 6,45 | mscpd4.txt |1,4e+03 |
|15 | 4200 | 5000 |   85 |       0.45 |1585460264163 |      62 |    66.0 | 6,45 | mscpd4.txt |1,4e+03 |
|15 | 4300 | 5000 |   85 |       0.45 |1585460264163 |      62 |    66.0 | 6,45 | mscpd4.txt |1,5e+03 |
|15 | 4400 | 5000 |   85 |       0.45 |1585460264163 |      62 |    66.0 | 6,45 | mscpd4.txt |1,5e+03 |
|15 | 4500 | 5000 |   90 |       0.45 |1585460264163 |      62 |    66.0 | 6,45 | mscpd4.txt |1,5e+03 |
|15 | 4600 | 5000 |   90 |       0.45 |1585460264163 |      62 |    66.0 | 6,45 | mscpd4.txt |1,6e+03 |
|15 | 4700 | 5000 |   90 |       0.45 |1585460264163 |      62 |    66.0 | 6,45 | mscpd4.txt |1,6e+03 |
|15 | 4800 | 5000 |   90 |       0.45 |1585460264163 |      62 |    66.0 | 6,45 | mscpd4.txt |1,6e+03 |
|15 | 4900 | 5000 |   95 |       0.45 |1585460264163 |      62 |    66.0 | 6,45 | mscpd4.txt |1,6e+03 |
|15 | 5000 | 5000 |   95 |       0.45 |1585460264163 |      62 |    66.0 | 6,45 | mscpd4.txt |1,7e+03 |
|15 |  400 | 5000 |   95 |       0.45 |1585460264163 |      62 |    66.0 | 6,45 | mscpd4.txt |1,7e+03 |
