| # |    #ITER | #IterMAX | Nest |      %Desc |      semilla | BestFit |GottedFit |  RDP |  instancia | time |
-------------------------------------------------------------------------------------------------
| 1 |    1 | 5000 |   35 |       0.25 |1585151032134 |      29 |  3590.0 |12279,31 |mscpnre1.txt |0,062 |
| 1 |  100 | 5000 |   35 | 0.34285715 |1585151032134 |      29 |  3110.0 |10624,14 |mscpnre1.txt |  1,0 |
| 1 |  200 | 5000 |   35 | 0.42857143 |1585151032134 |      29 |  2996.0 |10231,04 |mscpnre1.txt |  1,9 |
| 1 |  300 | 5000 |   35 | 0.37142858 |1585151032134 |      29 |  2759.0 |9413,79 |mscpnre1.txt |  2,8 |
| 1 |  400 | 5000 |   35 | 0.34285715 |1585151032134 |      29 |  2643.0 |9013,79 |mscpnre1.txt |  3,8 |
| 1 |  500 | 5000 |   35 | 0.31428573 |1585151032134 |      29 |  2520.0 |8589,66 |mscpnre1.txt |  4,8 |
| 1 |  600 | 5000 |   40 |       0.45 |1585151032134 |      29 |    30.0 | 3,45 |mscpnre1.txt |   67 |
| 1 |  700 | 5000 |   40 |       0.45 |1585151032134 |      29 |    30.0 | 3,45 |mscpnre1.txt |1,7e+02 |
| 1 |  800 | 5000 |   40 |       0.45 |1585151032134 |      29 |    30.0 | 3,45 |mscpnre1.txt |2,7e+02 |
| 1 |  900 | 5000 |   40 |       0.45 |1585151032134 |      29 |    30.0 | 3,45 |mscpnre1.txt |3,8e+02 |
| 1 | 1000 | 5000 |   45 |       0.45 |1585151032134 |      29 |    30.0 | 3,45 |mscpnre1.txt |4,7e+02 |
| 1 | 1100 | 5000 |   45 |       0.45 |1585151032134 |      29 |    30.0 | 3,45 |mscpnre1.txt |5,7e+02 |
| 1 | 1200 | 5000 |   45 |       0.45 |1585151032134 |      29 |    30.0 | 3,45 |mscpnre1.txt |6,6e+02 |
| 1 | 1300 | 5000 |   45 |       0.45 |1585151032134 |      29 |    30.0 | 3,45 |mscpnre1.txt |7,6e+02 |
| 1 | 1400 | 5000 |   50 |       0.45 |1585151032134 |      29 |    30.0 | 3,45 |mscpnre1.txt |8,8e+02 |
| 1 | 1500 | 5000 |   50 |       0.36 |1585151032134 |      29 |    30.0 | 3,45 |mscpnre1.txt |9,5e+02 |
| 1 | 1600 | 5000 |   50 |       0.36 |1585151032134 |      29 |    30.0 | 3,45 |mscpnre1.txt |1,0e+03 |
| 1 | 1700 | 5000 |   50 |       0.36 |1585151032134 |      29 |    30.0 | 3,45 |mscpnre1.txt |1,1e+03 |
| 1 | 1800 | 5000 |   55 | 0.36363637 |1585151032134 |      29 |    30.0 | 3,45 |mscpnre1.txt |1,2e+03 |
| 1 | 1900 | 5000 |   55 | 0.36363637 |1585151032134 |      29 |    30.0 | 3,45 |mscpnre1.txt |1,3e+03 |
| 1 | 2000 | 5000 |   55 | 0.36363637 |1585151032134 |      29 |    30.0 | 3,45 |mscpnre1.txt |1,4e+03 |
| 1 | 2100 | 5000 |   55 | 0.36363637 |1585151032134 |      29 |    30.0 | 3,45 |mscpnre1.txt |1,5e+03 |
| 1 | 2200 | 5000 |   60 | 0.43333334 |1585151032134 |      29 |    30.0 | 3,45 |mscpnre1.txt |1,6e+03 |
| 1 | 2300 | 5000 |   60 | 0.43333334 |1585151032134 |      29 |    30.0 | 3,45 |mscpnre1.txt |1,7e+03 |
| 1 | 2400 | 5000 |   60 | 0.43333334 |1585151032134 |      29 |    30.0 | 3,45 |mscpnre1.txt |1,8e+03 |
| 1 | 2500 | 5000 |   60 |       0.45 |1585151032134 |      29 |    30.0 | 3,45 |mscpnre1.txt |1,9e+03 |
| 1 | 2600 | 5000 |   65 |       0.45 |1585151032134 |      29 |    30.0 | 3,45 |mscpnre1.txt |2,1e+03 |
| 1 | 2700 | 5000 |   65 |       0.45 |1585151032134 |      29 |    30.0 | 3,45 |mscpnre1.txt |2,2e+03 |
| 1 | 2800 | 5000 |   65 |       0.45 |1585151032134 |      29 |    30.0 | 3,45 |mscpnre1.txt |2,4e+03 |
| 1 | 2900 | 5000 |   65 |       0.45 |1585151032134 |      29 |    30.0 | 3,45 |mscpnre1.txt |2,5e+03 |
| 1 | 3000 | 5000 |   70 |       0.45 |1585151032134 |      29 |    30.0 | 3,45 |mscpnre1.txt |2,6e+03 |
| 1 | 3100 | 5000 |   70 |       0.45 |1585151032134 |      29 |    30.0 | 3,45 |mscpnre1.txt |2,7e+03 |
| 1 | 3200 | 5000 |   70 |       0.45 |1585151032134 |      29 |    30.0 | 3,45 |mscpnre1.txt |2,8e+03 |
| 1 | 3300 | 5000 |   70 |       0.45 |1585151032134 |      29 |    30.0 | 3,45 |mscpnre1.txt |2,9e+03 |
| 1 | 3400 | 5000 |   75 |       0.45 |1585151032134 |      29 |    30.0 | 3,45 |mscpnre1.txt |2,9e+03 |
| 1 | 3500 | 5000 |   75 |       0.45 |1585151032134 |      29 |    30.0 | 3,45 |mscpnre1.txt |3,1e+03 |
| 1 | 3600 | 5000 |   75 |       0.45 |1585151032134 |      29 |    30.0 | 3,45 |mscpnre1.txt |3,2e+03 |
| 1 | 3700 | 5000 |   75 |       0.45 |1585151032134 |      29 |    30.0 | 3,45 |mscpnre1.txt |3,3e+03 |
| 1 | 3800 | 5000 |   80 |      0.425 |1585151032134 |      29 |    30.0 | 3,45 |mscpnre1.txt |3,4e+03 |
| 1 | 3900 | 5000 |   80 |      0.425 |1585151032134 |      29 |    30.0 | 3,45 |mscpnre1.txt |3,5e+03 |
| 1 | 4000 | 5000 |   80 |      0.425 |1585151032134 |      29 |    30.0 | 3,45 |mscpnre1.txt |3,6e+03 |
| 1 | 4100 | 5000 |   80 |     0.4375 |1585151032134 |      29 |    30.0 | 3,45 |mscpnre1.txt |3,7e+03 |
| 1 | 4200 | 5000 |   85 | 0.42352942 |1585151032134 |      29 |    30.0 | 3,45 |mscpnre1.txt |3,9e+03 |
| 1 | 4300 | 5000 |   85 | 0.42352942 |1585151032134 |      29 |    30.0 | 3,45 |mscpnre1.txt |4,0e+03 |
| 1 | 4400 | 5000 |   85 | 0.42352942 |1585151032134 |      29 |    30.0 | 3,45 |mscpnre1.txt |4,1e+03 |
| 1 | 4500 | 5000 |   85 | 0.42352942 |1585151032134 |      29 |    30.0 | 3,45 |mscpnre1.txt |4,3e+03 |
| 1 | 4600 | 5000 |   90 | 0.43333334 |1585151032134 |      29 |    30.0 | 3,45 |mscpnre1.txt |4,4e+03 |
| 1 | 4700 | 5000 |   90 | 0.43333334 |1585151032134 |      29 |    30.0 | 3,45 |mscpnre1.txt |4,6e+03 |
| 1 | 4800 | 5000 |   90 | 0.43333334 |1585151032134 |      29 |    30.0 | 3,45 |mscpnre1.txt |4,7e+03 |
| 1 | 4900 | 5000 |   90 |       0.45 |1585151032134 |      29 |    30.0 | 3,45 |mscpnre1.txt |4,9e+03 |
| 1 | 5000 | 5000 |   95 |       0.45 |1585151032134 |      29 |    30.0 | 3,45 |mscpnre1.txt |5,1e+03 |
| 1 |  500 | 5000 |   95 |       0.45 |1585151032134 |      29 |    30.0 | 3,45 |mscpnre1.txt |5,1e+03 |
| 2 |    1 | 5000 |   35 |       0.25 |1585156125278 |      29 |  3516.0 |12024,14 |mscpnre1.txt |0,017 |
| 2 |  100 | 5000 |   35 | 0.42857143 |1585156125278 |      29 |  3068.0 |10479,31 |mscpnre1.txt | 0,75 |
| 2 |  200 | 5000 |   35 |       0.45 |1585156125278 |      29 |  2833.0 |9668,96 |mscpnre1.txt |  1,5 |
| 2 |  300 | 5000 |   35 | 0.37142858 |1585156125278 |      29 |  2674.0 |9120,69 |mscpnre1.txt |  2,1 |
| 2 |  400 | 5000 |   40 |       0.45 |1585156125278 |      29 |    30.0 | 3,45 |mscpnre1.txt |   73 |
| 2 |  500 | 5000 |   40 |      0.425 |1585156125278 |      29 |    30.0 | 3,45 |mscpnre1.txt |2,0e+02 |
| 2 |  600 | 5000 |   40 |        0.4 |1585156125278 |      29 |    30.0 | 3,45 |mscpnre1.txt |3,3e+02 |
| 2 |  700 | 5000 |   40 |      0.325 |1585156125278 |      29 |    30.0 | 3,45 |mscpnre1.txt |4,0e+02 |
| 2 |  800 | 5000 |   45 |        0.4 |1585156125278 |      29 |    30.0 | 3,45 |mscpnre1.txt |5,0e+02 |
| 2 |  900 | 5000 |   45 |        0.4 |1585156125278 |      29 |    30.0 | 3,45 |mscpnre1.txt |5,9e+02 |
| 2 | 1000 | 5000 |   45 | 0.42222223 |1585156125278 |      29 |    30.0 | 3,45 |mscpnre1.txt |6,9e+02 |
| 2 | 1100 | 5000 |   45 |        0.4 |1585156125278 |      29 |    30.0 | 3,45 |mscpnre1.txt |7,8e+02 |
| 2 | 1200 | 5000 |   50 |       0.44 |1585156125278 |      29 |    30.0 | 3,45 |mscpnre1.txt |8,8e+02 |
| 2 | 1300 | 5000 |   50 |       0.44 |1585156125278 |      29 |    30.0 | 3,45 |mscpnre1.txt |9,8e+02 |
| 2 | 1400 | 5000 |   50 |       0.44 |1585156125278 |      29 |    30.0 | 3,45 |mscpnre1.txt |1,1e+03 |
| 2 | 1500 | 5000 |   50 |       0.44 |1585156125278 |      29 |    30.0 | 3,45 |mscpnre1.txt |1,2e+03 |
| 2 | 1600 | 5000 |   55 |  0.4181818 |1585156125278 |      29 |    30.0 | 3,45 |mscpnre1.txt |1,4e+03 |
| 2 | 1700 | 5000 |   55 |       0.45 |1585156125278 |      29 |    30.0 | 3,45 |mscpnre1.txt |1,4e+03 |
| 2 | 1800 | 5000 |   55 |       0.45 |1585156125278 |      29 |    30.0 | 3,45 |mscpnre1.txt |1,5e+03 |
| 2 | 1900 | 5000 |   55 |       0.45 |1585156125278 |      29 |    30.0 | 3,45 |mscpnre1.txt |1,6e+03 |
| 2 | 2000 | 5000 |   60 |       0.45 |1585156125278 |      29 |    30.0 | 3,45 |mscpnre1.txt |1,6e+03 |
| 2 | 2100 | 5000 |   60 |       0.45 |1585156125278 |      29 |    30.0 | 3,45 |mscpnre1.txt |1,7e+03 |
| 2 | 2200 | 5000 |   60 |       0.45 |1585156125278 |      29 |    30.0 | 3,45 |mscpnre1.txt |1,8e+03 |
| 2 | 2300 | 5000 |   60 |       0.45 |1585156125278 |      29 |    30.0 | 3,45 |mscpnre1.txt |1,9e+03 |
| 2 | 2400 | 5000 |   65 | 0.44615385 |1585156125278 |      29 |    30.0 | 3,45 |mscpnre1.txt |2,0e+03 |
| 2 | 2500 | 5000 |   65 | 0.44615385 |1585156125278 |      29 |    30.0 | 3,45 |mscpnre1.txt |2,1e+03 |
| 2 | 2600 | 5000 |   65 | 0.44615385 |1585156125278 |      29 |    30.0 | 3,45 |mscpnre1.txt |2,2e+03 |
| 2 | 2700 | 5000 |   65 | 0.44615385 |1585156125278 |      29 |    30.0 | 3,45 |mscpnre1.txt |2,3e+03 |
| 2 | 2800 | 5000 |   70 | 0.42857143 |1585156125278 |      29 |    30.0 | 3,45 |mscpnre1.txt |2,5e+03 |
| 2 | 2900 | 5000 |   70 | 0.42857143 |1585156125278 |      29 |    30.0 | 3,45 |mscpnre1.txt |2,6e+03 |
| 2 | 3000 | 5000 |   70 | 0.42857143 |1585156125278 |      29 |    30.0 | 3,45 |mscpnre1.txt |2,7e+03 |
| 2 | 3100 | 5000 |   70 |       0.45 |1585156125278 |      29 |    30.0 | 3,45 |mscpnre1.txt |2,8e+03 |
| 2 | 3200 | 5000 |   75 |       0.45 |1585156125278 |      29 |    30.0 | 3,45 |mscpnre1.txt |3,0e+03 |
| 2 | 3300 | 5000 |   75 |       0.45 |1585156125278 |      29 |    30.0 | 3,45 |mscpnre1.txt |3,1e+03 |
| 2 | 3400 | 5000 |   75 |       0.45 |1585156125278 |      29 |    30.0 | 3,45 |mscpnre1.txt |3,3e+03 |
| 2 | 3500 | 5000 |   75 |       0.45 |1585156125278 |      29 |    30.0 | 3,45 |mscpnre1.txt |3,4e+03 |
| 2 | 3600 | 5000 |   80 |       0.45 |1585156125278 |      29 |    30.0 | 3,45 |mscpnre1.txt |3,6e+03 |
| 2 | 3700 | 5000 |   80 |       0.45 |1585156125278 |      29 |    30.0 | 3,45 |mscpnre1.txt |3,8e+03 |
| 2 | 3800 | 5000 |   80 |       0.45 |1585156125278 |      29 |    30.0 | 3,45 |mscpnre1.txt |3,9e+03 |
| 2 |  500 | 5000 |   80 |       0.45 |1585156125278 |      29 |    29.0 | 0,00 |mscpnre1.txt |4,0e+03 |
| 3 |    1 | 5000 |   35 |       0.25 |1585160139218 |      29 |  3605.0 |12331,04 |mscpnre1.txt |0,011 |
| 3 |  100 | 5000 |   35 |        0.4 |1585160139218 |      29 |  3051.0 |10420,69 |mscpnre1.txt | 0,74 |
| 3 |  200 | 5000 |   40 |       0.45 |1585160139218 |      29 |    30.0 | 3,45 |mscpnre1.txt |   66 |
| 3 |  300 | 5000 |   40 |       0.45 |1585160139218 |      29 |    30.0 | 3,45 |mscpnre1.txt |1,7e+02 |
| 3 |  400 | 5000 |   40 |       0.45 |1585160139218 |      29 |    30.0 | 3,45 |mscpnre1.txt |2,7e+02 |
| 3 |  500 | 5000 |   40 |       0.45 |1585160139218 |      29 |    29.0 | 0,00 |mscpnre1.txt |3,0e+02 |
| 4 |    1 | 5000 |   35 |       0.25 |1585160438670 |      29 |  3586.0 |12265,52 |mscpnre1.txt |0,014 |
| 4 |  100 | 5000 |   35 |        0.4 |1585160438670 |      29 |  2843.0 |9703,45 |mscpnre1.txt | 0,90 |
| 4 |  200 | 5000 |   40 |       0.45 |1585160438670 |      29 |    30.0 | 3,45 |mscpnre1.txt |   75 |
| 4 |  500 | 5000 |   40 |       0.45 |1585160438670 |      29 |    29.0 | 0,00 |mscpnre1.txt |1,1e+02 |
| 5 |    1 | 5000 |   35 |       0.25 |1585160551863 |      29 |  3638.0 |12444,83 |mscpnre1.txt |0,011 |
| 5 |  100 | 5000 |   35 | 0.31428573 |1585160551863 |      29 |  2949.0 |10068,96 |mscpnre1.txt | 0,80 |
| 5 |  200 | 5000 |   35 |        0.4 |1585160551863 |      29 |  2650.0 |9037,93 |mscpnre1.txt |  1,6 |
| 5 |  300 | 5000 |   35 | 0.37142858 |1585160551863 |      29 |  2501.0 |8524,14 |mscpnre1.txt |  2,3 |
| 5 |  400 | 5000 |   40 |       0.45 |1585160551863 |      29 |    30.0 | 3,45 |mscpnre1.txt |   72 |
| 5 |  500 | 5000 |   40 |       0.45 |1585160551863 |      29 |    30.0 | 3,45 |mscpnre1.txt |1,7e+02 |
| 5 |  500 | 5000 |   40 |       0.45 |1585160551863 |      29 |    29.0 | 0,00 |mscpnre1.txt |2,5e+02 |
| 6 |    1 | 5000 |   35 |       0.25 |1585160798673 |      29 |  3710.0 |12693,10 |mscpnre1.txt |0,011 |
| 6 |  100 | 5000 |   35 | 0.34285715 |1585160798673 |      29 |  3136.0 |10713,79 |mscpnre1.txt | 0,76 |
| 6 |  200 | 5000 |   35 |       0.45 |1585160798673 |      29 |  2959.0 |10103,45 |mscpnre1.txt |  1,5 |
| 6 |  300 | 5000 |   40 |       0.45 |1585160798673 |      29 |    30.0 | 3,45 |mscpnre1.txt |   61 |
| 6 |  400 | 5000 |   40 |       0.45 |1585160798673 |      29 |    30.0 | 3,45 |mscpnre1.txt |1,5e+02 |
| 6 |  500 | 5000 |   40 |       0.45 |1585160798673 |      29 |    30.0 | 3,45 |mscpnre1.txt |2,4e+02 |
| 6 |  600 | 5000 |   40 |       0.45 |1585160798673 |      29 |    30.0 | 3,45 |mscpnre1.txt |3,6e+02 |
| 6 |  700 | 5000 |   45 | 0.44444445 |1585160798673 |      29 |    30.0 | 3,45 |mscpnre1.txt |5,1e+02 |
| 6 |  800 | 5000 |   45 |  0.2888889 |1585160798673 |      29 |    30.0 | 3,45 |mscpnre1.txt |5,7e+02 |
| 6 |  900 | 5000 |   45 |  0.2888889 |1585160798673 |      29 |    30.0 | 3,45 |mscpnre1.txt |6,4e+02 |
| 6 |  500 | 5000 |   45 |  0.2888889 |1585160798673 |      29 |    29.0 | 0,00 |mscpnre1.txt |6,8e+02 |
| 7 |    1 | 5000 |   35 |       0.25 |1585161481043 |      29 |  3677.0 |12579,31 |mscpnre1.txt |0,0080 |
| 7 |  100 | 5000 |   35 |        0.4 |1585161481043 |      29 |  3096.0 |10575,86 |mscpnre1.txt | 0,56 |
| 7 |  200 | 5000 |   40 |       0.45 |1585161481043 |      29 |    30.0 | 3,45 |mscpnre1.txt |   50 |
| 7 |  300 | 5000 |   40 |       0.45 |1585161481043 |      29 |    30.0 | 3,45 |mscpnre1.txt |1,5e+02 |
| 7 |  400 | 5000 |   40 |       0.45 |1585161481043 |      29 |    30.0 | 3,45 |mscpnre1.txt |2,7e+02 |
| 7 |  500 | 5000 |   40 |      0.275 |1585161481043 |      29 |    30.0 | 3,45 |mscpnre1.txt |3,4e+02 |
| 7 |  600 | 5000 |   45 | 0.35555556 |1585161481043 |      29 |    30.0 | 3,45 |mscpnre1.txt |4,3e+02 |
| 7 |  700 | 5000 |   45 | 0.35555556 |1585161481043 |      29 |    30.0 | 3,45 |mscpnre1.txt |5,1e+02 |
| 7 |  800 | 5000 |   45 | 0.35555556 |1585161481043 |      29 |    30.0 | 3,45 |mscpnre1.txt |6,1e+02 |
| 7 |  900 | 5000 |   45 | 0.35555556 |1585161481043 |      29 |    30.0 | 3,45 |mscpnre1.txt |7,0e+02 |
| 7 | 1000 | 5000 |   50 |       0.45 |1585161481043 |      29 |    30.0 | 3,45 |mscpnre1.txt |8,2e+02 |
| 7 | 1100 | 5000 |   50 |       0.45 |1585161481043 |      29 |    30.0 | 3,45 |mscpnre1.txt |9,4e+02 |
| 7 | 1200 | 5000 |   50 |       0.45 |1585161481043 |      29 |    30.0 | 3,45 |mscpnre1.txt |1,1e+03 |
| 7 | 1300 | 5000 |   50 |       0.44 |1585161481043 |      29 |    30.0 | 3,45 |mscpnre1.txt |1,1e+03 |
| 7 | 1400 | 5000 |   55 |        0.4 |1585161481043 |      29 |    30.0 | 3,45 |mscpnre1.txt |1,2e+03 |
| 7 | 1500 | 5000 |   55 |        0.4 |1585161481043 |      29 |    30.0 | 3,45 |mscpnre1.txt |1,3e+03 |
| 7 | 1600 | 5000 |   55 |        0.4 |1585161481043 |      29 |    30.0 | 3,45 |mscpnre1.txt |1,3e+03 |
| 7 | 1700 | 5000 |   55 |        0.4 |1585161481043 |      29 |    30.0 | 3,45 |mscpnre1.txt |1,4e+03 |
| 7 | 1800 | 5000 |   60 | 0.36666667 |1585161481043 |      29 |    30.0 | 3,45 |mscpnre1.txt |1,5e+03 |
| 7 | 1900 | 5000 |   60 | 0.36666667 |1585161481043 |      29 |    30.0 | 3,45 |mscpnre1.txt |1,6e+03 |
| 7 | 2000 | 5000 |   60 | 0.36666667 |1585161481043 |      29 |    30.0 | 3,45 |mscpnre1.txt |1,7e+03 |
| 7 | 2100 | 5000 |   60 | 0.36666667 |1585161481043 |      29 |    30.0 | 3,45 |mscpnre1.txt |1,8e+03 |
| 7 | 2200 | 5000 |   65 | 0.35384616 |1585161481043 |      29 |    30.0 | 3,45 |mscpnre1.txt |2,0e+03 |
| 7 | 2300 | 5000 |   65 | 0.35384616 |1585161481043 |      29 |    30.0 | 3,45 |mscpnre1.txt |2,1e+03 |
| 7 | 2400 | 5000 |   65 | 0.35384616 |1585161481043 |      29 |    30.0 | 3,45 |mscpnre1.txt |2,2e+03 |
| 7 | 2500 | 5000 |   65 |  0.3846154 |1585161481043 |      29 |    30.0 | 3,45 |mscpnre1.txt |2,3e+03 |
| 7 | 2600 | 5000 |   70 |       0.45 |1585161481043 |      29 |    30.0 | 3,45 |mscpnre1.txt |2,5e+03 |
| 7 | 2700 | 5000 |   70 |       0.45 |1585161481043 |      29 |    30.0 | 3,45 |mscpnre1.txt |2,6e+03 |
| 7 | 2800 | 5000 |   70 |       0.45 |1585161481043 |      29 |    30.0 | 3,45 |mscpnre1.txt |2,8e+03 |
| 7 | 2900 | 5000 |   70 |       0.45 |1585161481043 |      29 |    30.0 | 3,45 |mscpnre1.txt |2,9e+03 |
| 7 | 3000 | 5000 |   75 |       0.45 |1585161481043 |      29 |    30.0 | 3,45 |mscpnre1.txt |3,1e+03 |
| 7 | 3100 | 5000 |   75 |       0.45 |1585161481043 |      29 |    30.0 | 3,45 |mscpnre1.txt |3,2e+03 |
| 7 | 3200 | 5000 |   75 |       0.45 |1585161481043 |      29 |    30.0 | 3,45 |mscpnre1.txt |3,3e+03 |
| 7 | 3300 | 5000 |   75 |       0.45 |1585161481043 |      29 |    30.0 | 3,45 |mscpnre1.txt |3,4e+03 |
| 7 | 3400 | 5000 |   80 |       0.45 |1585161481043 |      29 |    30.0 | 3,45 |mscpnre1.txt |3,5e+03 |
| 7 | 3500 | 5000 |   80 |       0.45 |1585161481043 |      29 |    30.0 | 3,45 |mscpnre1.txt |3,6e+03 |
| 7 | 3600 | 5000 |   80 |       0.45 |1585161481043 |      29 |    30.0 | 3,45 |mscpnre1.txt |3,7e+03 |
| 7 | 3700 | 5000 |   80 |       0.45 |1585161481043 |      29 |    30.0 | 3,45 |mscpnre1.txt |3,8e+03 |
| 7 | 3800 | 5000 |   85 |       0.45 |1585161481043 |      29 |    30.0 | 3,45 |mscpnre1.txt |3,9e+03 |
| 7 | 3900 | 5000 |   85 |       0.45 |1585161481043 |      29 |    30.0 | 3,45 |mscpnre1.txt |4,1e+03 |
| 7 | 4000 | 5000 |   85 |       0.45 |1585161481043 |      29 |    30.0 | 3,45 |mscpnre1.txt |4,2e+03 |
| 7 | 4100 | 5000 |   85 |       0.45 |1585161481043 |      29 |    30.0 | 3,45 |mscpnre1.txt |4,4e+03 |
| 7 | 4200 | 5000 |   90 | 0.44444445 |1585161481043 |      29 |    30.0 | 3,45 |mscpnre1.txt |4,5e+03 |
| 7 | 4300 | 5000 |   90 | 0.44444445 |1585161481043 |      29 |    30.0 | 3,45 |mscpnre1.txt |4,7e+03 |
| 7 | 4400 | 5000 |   90 | 0.44444445 |1585161481043 |      29 |    30.0 | 3,45 |mscpnre1.txt |4,9e+03 |
| 7 | 4500 | 5000 |   90 | 0.44444445 |1585161481043 |      29 |    30.0 | 3,45 |mscpnre1.txt |5,0e+03 |
| 7 | 4600 | 5000 |   95 | 0.42105263 |1585161481043 |      29 |    30.0 | 3,45 |mscpnre1.txt |5,2e+03 |
| 7 | 4700 | 5000 |   95 | 0.42105263 |1585161481043 |      29 |    30.0 | 3,45 |mscpnre1.txt |5,4e+03 |
| 7 | 4800 | 5000 |   95 | 0.42105263 |1585161481043 |      29 |    30.0 | 3,45 |mscpnre1.txt |5,6e+03 |
| 7 | 4900 | 5000 |   95 | 0.42105263 |1585161481043 |      29 |    30.0 | 3,45 |mscpnre1.txt |5,8e+03 |
| 7 | 5000 | 5000 |  100 |       0.42 |1585161481043 |      29 |    30.0 | 3,45 |mscpnre1.txt |6,0e+03 |
| 7 |  500 | 5000 |  100 |       0.42 |1585161481043 |      29 |    30.0 | 3,45 |mscpnre1.txt |6,0e+03 |
| 8 |    1 | 5000 |   35 |       0.25 |1585167445502 |      29 |  3618.0 |12375,86 |mscpnre1.txt |0,011 |
| 8 |  100 | 5000 |   35 |        0.4 |1585167445502 |      29 |  2984.0 |10189,66 |mscpnre1.txt | 0,73 |
| 8 |  200 | 5000 |   35 |       0.45 |1585167445502 |      29 |  2846.0 |9713,79 |mscpnre1.txt |  1,4 |
| 8 |  300 | 5000 |   35 | 0.31428573 |1585167445502 |      29 |  2741.0 |9351,72 |mscpnre1.txt |  2,2 |
| 8 |  400 | 5000 |   35 | 0.34285715 |1585167445502 |      29 |  2542.0 |8665,52 |mscpnre1.txt |  2,9 |
| 8 |  500 | 5000 |   40 |       0.45 |1585167445502 |      29 |    30.0 | 3,45 |mscpnre1.txt |   69 |
| 8 |  600 | 5000 |   40 |       0.45 |1585167445502 |      29 |    30.0 | 3,45 |mscpnre1.txt |1,9e+02 |
| 8 |  700 | 5000 |   40 |       0.45 |1585167445502 |      29 |    30.0 | 3,45 |mscpnre1.txt |3,1e+02 |
| 8 |  800 | 5000 |   40 |       0.45 |1585167445502 |      29 |    30.0 | 3,45 |mscpnre1.txt |4,4e+02 |
| 8 |  900 | 5000 |   45 | 0.37777779 |1585167445502 |      29 |    30.0 | 3,45 |mscpnre1.txt |5,3e+02 |
| 8 | 1000 | 5000 |   45 | 0.37777779 |1585167445502 |      29 |    30.0 | 3,45 |mscpnre1.txt |6,3e+02 |
| 8 | 1100 | 5000 |   45 | 0.44444445 |1585167445502 |      29 |    30.0 | 3,45 |mscpnre1.txt |7,3e+02 |
| 8 | 1200 | 5000 |   45 |       0.45 |1585167445502 |      29 |    30.0 | 3,45 |mscpnre1.txt |8,3e+02 |
| 8 | 1300 | 5000 |   50 |       0.45 |1585167445502 |      29 |    30.0 | 3,45 |mscpnre1.txt |9,5e+02 |
| 8 | 1400 | 5000 |   50 |       0.45 |1585167445502 |      29 |    30.0 | 3,45 |mscpnre1.txt |1,0e+03 |
| 8 | 1500 | 5000 |   50 |       0.45 |1585167445502 |      29 |    30.0 | 3,45 |mscpnre1.txt |1,1e+03 |
| 8 | 1600 | 5000 |   50 |       0.45 |1585167445502 |      29 |    30.0 | 3,45 |mscpnre1.txt |1,1e+03 |
| 8 | 1700 | 5000 |   55 |  0.4181818 |1585167445502 |      29 |    30.0 | 3,45 |mscpnre1.txt |1,2e+03 |
| 8 | 1800 | 5000 |   55 |  0.4181818 |1585167445502 |      29 |    30.0 | 3,45 |mscpnre1.txt |1,3e+03 |
| 8 | 1900 | 5000 |   55 |  0.4181818 |1585167445502 |      29 |    30.0 | 3,45 |mscpnre1.txt |1,4e+03 |
| 8 | 2000 | 5000 |   55 |  0.4181818 |1585167445502 |      29 |    30.0 | 3,45 |mscpnre1.txt |1,5e+03 |
| 8 | 2100 | 5000 |   60 | 0.38333333 |1585167445502 |      29 |    30.0 | 3,45 |mscpnre1.txt |1,6e+03 |
| 8 | 2200 | 5000 |   60 | 0.38333333 |1585167445502 |      29 |    30.0 | 3,45 |mscpnre1.txt |1,7e+03 |
| 8 | 2300 | 5000 |   60 | 0.38333333 |1585167445502 |      29 |    30.0 | 3,45 |mscpnre1.txt |1,8e+03 |
| 8 | 2400 | 5000 |   60 | 0.38333333 |1585167445502 |      29 |    30.0 | 3,45 |mscpnre1.txt |1,9e+03 |
| 8 | 2500 | 5000 |   65 | 0.43076923 |1585167445502 |      29 |    30.0 | 3,45 |mscpnre1.txt |2,0e+03 |
| 8 | 2600 | 5000 |   65 | 0.43076923 |1585167445502 |      29 |    30.0 | 3,45 |mscpnre1.txt |2,2e+03 |
| 8 | 2700 | 5000 |   65 | 0.43076923 |1585167445502 |      29 |    30.0 | 3,45 |mscpnre1.txt |2,3e+03 |
| 8 | 2800 | 5000 |   65 | 0.43076923 |1585167445502 |      29 |    30.0 | 3,45 |mscpnre1.txt |2,4e+03 |
| 8 | 2900 | 5000 |   70 |       0.45 |1585167445502 |      29 |    30.0 | 3,45 |mscpnre1.txt |2,6e+03 |
| 8 | 3000 | 5000 |   70 |       0.45 |1585167445502 |      29 |    30.0 | 3,45 |mscpnre1.txt |2,7e+03 |
| 8 |  500 | 5000 |   70 |       0.45 |1585167445502 |      29 |    29.0 | 0,00 |mscpnre1.txt |2,7e+03 |
| 9 |    1 | 5000 |   35 |       0.25 |1585170158770 |      29 |  3630.0 |12417,24 |mscpnre1.txt |0,0090 |
| 9 |  100 | 5000 |   35 | 0.37142858 |1585170158770 |      29 |  2993.0 |10220,69 |mscpnre1.txt | 0,71 |
| 9 |  200 | 5000 |   35 |       0.45 |1585170158770 |      29 |  2746.0 |9368,96 |mscpnre1.txt |  1,4 |
| 9 |  300 | 5000 |   40 |       0.45 |1585170158770 |      29 |    30.0 | 3,45 |mscpnre1.txt |   62 |
| 9 |  400 | 5000 |   40 |       0.45 |1585170158770 |      29 |    30.0 | 3,45 |mscpnre1.txt |1,7e+02 |
| 9 |  500 | 5000 |   40 |       0.45 |1585170158770 |      29 |    30.0 | 3,45 |mscpnre1.txt |2,8e+02 |
| 9 |  600 | 5000 |   40 |        0.3 |1585170158770 |      29 |    30.0 | 3,45 |mscpnre1.txt |3,5e+02 |
| 9 |  700 | 5000 |   45 |  0.2888889 |1585170158770 |      29 |    30.0 | 3,45 |mscpnre1.txt |4,4e+02 |
| 9 |  800 | 5000 |   45 |  0.2888889 |1585170158770 |      29 |    30.0 | 3,45 |mscpnre1.txt |5,3e+02 |
| 9 |  900 | 5000 |   45 | 0.37777779 |1585170158770 |      29 |    30.0 | 3,45 |mscpnre1.txt |6,2e+02 |
| 9 | 1000 | 5000 |   45 |        0.4 |1585170158770 |      29 |    30.0 | 3,45 |mscpnre1.txt |7,0e+02 |
| 9 | 1100 | 5000 |   50 |       0.45 |1585170158770 |      29 |    30.0 | 3,45 |mscpnre1.txt |8,0e+02 |
| 9 | 1200 | 5000 |   50 |       0.45 |1585170158770 |      29 |    30.0 | 3,45 |mscpnre1.txt |9,2e+02 |
| 9 | 1300 | 5000 |   50 |       0.45 |1585170158770 |      29 |    30.0 | 3,45 |mscpnre1.txt |1,0e+03 |
| 9 | 1400 | 5000 |   50 |       0.45 |1585170158770 |      29 |    30.0 | 3,45 |mscpnre1.txt |1,2e+03 |
| 9 | 1500 | 5000 |   55 |       0.45 |1585170158770 |      29 |    30.0 | 3,45 |mscpnre1.txt |1,3e+03 |
| 9 | 1600 | 5000 |   55 |  0.4181818 |1585170158770 |      29 |    30.0 | 3,45 |mscpnre1.txt |1,4e+03 |
| 9 | 1700 | 5000 |   55 |  0.4181818 |1585170158770 |      29 |    30.0 | 3,45 |mscpnre1.txt |1,5e+03 |
| 9 | 1800 | 5000 |   55 |  0.4181818 |1585170158770 |      29 |    30.0 | 3,45 |mscpnre1.txt |1,5e+03 |
| 9 | 1900 | 5000 |   60 | 0.38333333 |1585170158770 |      29 |    30.0 | 3,45 |mscpnre1.txt |1,6e+03 |
| 9 | 2000 | 5000 |   60 | 0.38333333 |1585170158770 |      29 |    30.0 | 3,45 |mscpnre1.txt |1,7e+03 |
| 9 | 2100 | 5000 |   60 | 0.38333333 |1585170158770 |      29 |    30.0 | 3,45 |mscpnre1.txt |1,8e+03 |
| 9 | 2200 | 5000 |   60 | 0.38333333 |1585170158770 |      29 |    30.0 | 3,45 |mscpnre1.txt |1,9e+03 |
| 9 | 2300 | 5000 |   65 |  0.3846154 |1585170158770 |      29 |    30.0 | 3,45 |mscpnre1.txt |2,0e+03 |
| 9 | 2400 | 5000 |   65 |  0.3846154 |1585170158770 |      29 |    30.0 | 3,45 |mscpnre1.txt |2,2e+03 |
| 9 | 2500 | 5000 |   65 |  0.3846154 |1585170158770 |      29 |    30.0 | 3,45 |mscpnre1.txt |2,3e+03 |
| 9 | 2600 | 5000 |   65 |  0.3846154 |1585170158770 |      29 |    30.0 | 3,45 |mscpnre1.txt |2,4e+03 |
| 9 | 2700 | 5000 |   70 | 0.42857143 |1585170158770 |      29 |    30.0 | 3,45 |mscpnre1.txt |2,5e+03 |
| 9 | 2800 | 5000 |   70 | 0.44285715 |1585170158770 |      29 |    30.0 | 3,45 |mscpnre1.txt |2,6e+03 |
| 9 | 2900 | 5000 |   70 | 0.44285715 |1585170158770 |      29 |    30.0 | 3,45 |mscpnre1.txt |2,8e+03 |
| 9 | 3000 | 5000 |   70 | 0.44285715 |1585170158770 |      29 |    30.0 | 3,45 |mscpnre1.txt |2,9e+03 |
| 9 | 3100 | 5000 |   75 |       0.45 |1585170158770 |      29 |    30.0 | 3,45 |mscpnre1.txt |3,1e+03 |
| 9 | 3200 | 5000 |   75 |       0.45 |1585170158770 |      29 |    30.0 | 3,45 |mscpnre1.txt |3,3e+03 |
| 9 | 3300 | 5000 |   75 |       0.45 |1585170158770 |      29 |    30.0 | 3,45 |mscpnre1.txt |3,4e+03 |
| 9 | 3400 | 5000 |   75 |       0.45 |1585170158770 |      29 |    30.0 | 3,45 |mscpnre1.txt |3,6e+03 |
| 9 | 3500 | 5000 |   80 |       0.45 |1585170158770 |      29 |    30.0 | 3,45 |mscpnre1.txt |3,7e+03 |
| 9 | 3600 | 5000 |   80 |       0.45 |1585170158770 |      29 |    30.0 | 3,45 |mscpnre1.txt |3,9e+03 |
| 9 | 3700 | 5000 |   80 |       0.45 |1585170158770 |      29 |    30.0 | 3,45 |mscpnre1.txt |4,1e+03 |
| 9 | 3800 | 5000 |   80 |       0.45 |1585170158770 |      29 |    30.0 | 3,45 |mscpnre1.txt |4,3e+03 |
| 9 | 3900 | 5000 |   85 |       0.45 |1585170158770 |      29 |    30.0 | 3,45 |mscpnre1.txt |4,5e+03 |
| 9 | 4000 | 5000 |   85 |       0.45 |1585170158770 |      29 |    30.0 | 3,45 |mscpnre1.txt |4,6e+03 |
| 9 | 4100 | 5000 |   85 |       0.45 |1585170158770 |      29 |    30.0 | 3,45 |mscpnre1.txt |4,7e+03 |
| 9 | 4200 | 5000 |   85 |       0.45 |1585170158770 |      29 |    30.0 | 3,45 |mscpnre1.txt |4,8e+03 |
| 9 | 4300 | 5000 |   90 |       0.45 |1585170158770 |      29 |    30.0 | 3,45 |mscpnre1.txt |5,0e+03 |
| 9 | 4400 | 5000 |   90 |       0.45 |1585170158770 |      29 |    30.0 | 3,45 |mscpnre1.txt |5,1e+03 |
| 9 | 4500 | 5000 |   90 |       0.45 |1585170158770 |      29 |    30.0 | 3,45 |mscpnre1.txt |5,2e+03 |
| 9 | 4600 | 5000 |   90 |       0.45 |1585170158770 |      29 |    30.0 | 3,45 |mscpnre1.txt |5,3e+03 |
| 9 | 4700 | 5000 |   95 |       0.45 |1585170158770 |      29 |    30.0 | 3,45 |mscpnre1.txt |5,4e+03 |
| 9 | 4800 | 5000 |   95 |       0.45 |1585170158770 |      29 |    30.0 | 3,45 |mscpnre1.txt |5,6e+03 |
| 9 | 4900 | 5000 |   95 |       0.45 |1585170158770 |      29 |    30.0 | 3,45 |mscpnre1.txt |5,7e+03 |
| 9 | 5000 | 5000 |   95 |       0.45 |1585170158770 |      29 |    30.0 | 3,45 |mscpnre1.txt |5,8e+03 |
| 9 |  500 | 5000 |  100 |       0.45 |1585170158770 |      29 |    30.0 | 3,45 |mscpnre1.txt |5,8e+03 |
|10 |    1 | 5000 |   35 |       0.25 |1585176002280 |      29 |  3529.0 |12068,96 |mscpnre1.txt |0,010 |
|10 |  100 | 5000 |   35 |        0.4 |1585176002280 |      29 |  2989.0 |10206,90 |mscpnre1.txt | 0,72 |
|10 |  200 | 5000 |   35 | 0.37142858 |1585176002280 |      29 |  2745.0 |9365,52 |mscpnre1.txt |  1,5 |
|10 |  300 | 5000 |   35 |        0.4 |1585176002280 |      29 |  2542.0 |8665,52 |mscpnre1.txt |  2,2 |
|10 |  400 | 5000 |   35 | 0.34285715 |1585176002280 |      29 |  2418.0 |8237,93 |mscpnre1.txt |  2,9 |
|10 |  500 | 5000 |   35 | 0.31428573 |1585176002280 |      29 |  2267.0 |7717,24 |mscpnre1.txt |  3,7 |
|10 |  600 | 5000 |   35 | 0.22857143 |1585176002280 |      29 |  2105.0 |7158,62 |mscpnre1.txt |  4,4 |
|10 |  700 | 5000 |   35 |        0.4 |1585176002280 |      29 |  1988.0 |6755,17 |mscpnre1.txt |  5,1 |
|10 |  800 | 5000 |   40 |        0.4 |1585176002280 |      29 |    30.0 | 3,45 |mscpnre1.txt |   90 |
|10 |  900 | 5000 |   40 |      0.325 |1585176002280 |      29 |    30.0 | 3,45 |mscpnre1.txt |2,0e+02 |
|10 | 1000 | 5000 |   40 |      0.275 |1585176002280 |      29 |    30.0 | 3,45 |mscpnre1.txt |3,3e+02 |
|10 | 1100 | 5000 |   40 |      0.375 |1585176002280 |      29 |    30.0 | 3,45 |mscpnre1.txt |4,0e+02 |
|10 | 1200 | 5000 |   45 | 0.37777779 |1585176002280 |      29 |    30.0 | 3,45 |mscpnre1.txt |4,9e+02 |
|10 | 1300 | 5000 |   45 | 0.37777779 |1585176002280 |      29 |    30.0 | 3,45 |mscpnre1.txt |5,9e+02 |
|10 | 1400 | 5000 |   45 | 0.37777779 |1585176002280 |      29 |    30.0 | 3,45 |mscpnre1.txt |6,8e+02 |
|10 | 1500 | 5000 |   45 | 0.37777779 |1585176002280 |      29 |    30.0 | 3,45 |mscpnre1.txt |7,8e+02 |
|10 | 1600 | 5000 |   50 |       0.45 |1585176002280 |      29 |    30.0 | 3,45 |mscpnre1.txt |9,0e+02 |
|10 | 1700 | 5000 |   50 |       0.45 |1585176002280 |      29 |    30.0 | 3,45 |mscpnre1.txt |9,5e+02 |
|10 | 1800 | 5000 |   50 |       0.45 |1585176002280 |      29 |    30.0 | 3,45 |mscpnre1.txt |9,9e+02 |
|10 | 1900 | 5000 |   50 |       0.45 |1585176002280 |      29 |    30.0 | 3,45 |mscpnre1.txt |1,0e+03 |
|10 | 2000 | 5000 |   55 |       0.45 |1585176002280 |      29 |    30.0 | 3,45 |mscpnre1.txt |1,1e+03 |
|10 | 2100 | 5000 |   55 |       0.45 |1585176002280 |      29 |    30.0 | 3,45 |mscpnre1.txt |1,2e+03 |
|10 | 2200 | 5000 |   55 |       0.45 |1585176002280 |      29 |    30.0 | 3,45 |mscpnre1.txt |1,2e+03 |
|10 | 2300 | 5000 |   55 |       0.45 |1585176002280 |      29 |    30.0 | 3,45 |mscpnre1.txt |1,3e+03 |
|10 | 2400 | 5000 |   60 |       0.45 |1585176002280 |      29 |    30.0 | 3,45 |mscpnre1.txt |1,4e+03 |
|10 | 2500 | 5000 |   60 |       0.45 |1585176002280 |      29 |    30.0 | 3,45 |mscpnre1.txt |1,4e+03 |
|10 | 2600 | 5000 |   60 |       0.45 |1585176002280 |      29 |    30.0 | 3,45 |mscpnre1.txt |1,5e+03 |
|10 | 2700 | 5000 |   60 |       0.45 |1585176002280 |      29 |    30.0 | 3,45 |mscpnre1.txt |1,6e+03 |
|10 | 2800 | 5000 |   65 | 0.43076923 |1585176002280 |      29 |    30.0 | 3,45 |mscpnre1.txt |1,7e+03 |
|10 | 2900 | 5000 |   65 | 0.43076923 |1585176002280 |      29 |    30.0 | 3,45 |mscpnre1.txt |1,8e+03 |
|10 | 3000 | 5000 |   65 | 0.43076923 |1585176002280 |      29 |    30.0 | 3,45 |mscpnre1.txt |2,0e+03 |
|10 | 3100 | 5000 |   65 | 0.43076923 |1585176002280 |      29 |    30.0 | 3,45 |mscpnre1.txt |2,1e+03 |
|10 | 3200 | 5000 |   70 | 0.42857143 |1585176002280 |      29 |    30.0 | 3,45 |mscpnre1.txt |2,2e+03 |
|10 | 3300 | 5000 |   70 | 0.42857143 |1585176002280 |      29 |    30.0 | 3,45 |mscpnre1.txt |2,3e+03 |
|10 | 3400 | 5000 |   70 | 0.42857143 |1585176002280 |      29 |    30.0 | 3,45 |mscpnre1.txt |2,4e+03 |
|10 | 3500 | 5000 |   70 | 0.42857143 |1585176002280 |      29 |    30.0 | 3,45 |mscpnre1.txt |2,6e+03 |
|10 | 3600 | 5000 |   75 |       0.45 |1585176002280 |      29 |    30.0 | 3,45 |mscpnre1.txt |2,7e+03 |
|10 | 3700 | 5000 |   75 |       0.45 |1585176002280 |      29 |    30.0 | 3,45 |mscpnre1.txt |2,9e+03 |
|10 | 3800 | 5000 |   75 |       0.45 |1585176002280 |      29 |    30.0 | 3,45 |mscpnre1.txt |3,0e+03 |
|10 | 3900 | 5000 |   75 |       0.45 |1585176002280 |      29 |    30.0 | 3,45 |mscpnre1.txt |3,2e+03 |
|10 | 4000 | 5000 |   80 |       0.45 |1585176002280 |      29 |    30.0 | 3,45 |mscpnre1.txt |3,3e+03 |
|10 | 4100 | 5000 |   80 |       0.45 |1585176002280 |      29 |    30.0 | 3,45 |mscpnre1.txt |3,4e+03 |
|10 | 4200 | 5000 |   80 |       0.45 |1585176002280 |      29 |    30.0 | 3,45 |mscpnre1.txt |3,5e+03 |
|10 | 4300 | 5000 |   80 |       0.45 |1585176002280 |      29 |    30.0 | 3,45 |mscpnre1.txt |3,6e+03 |
|10 | 4400 | 5000 |   85 |       0.45 |1585176002280 |      29 |    30.0 | 3,45 |mscpnre1.txt |3,7e+03 |
|10 | 4500 | 5000 |   85 |       0.45 |1585176002280 |      29 |    30.0 | 3,45 |mscpnre1.txt |3,8e+03 |
|10 | 4600 | 5000 |   85 |       0.45 |1585176002280 |      29 |    30.0 | 3,45 |mscpnre1.txt |3,9e+03 |
|10 | 4700 | 5000 |   85 |       0.45 |1585176002280 |      29 |    30.0 | 3,45 |mscpnre1.txt |4,0e+03 |
|10 | 4800 | 5000 |   90 |       0.45 |1585176002280 |      29 |    30.0 | 3,45 |mscpnre1.txt |4,1e+03 |
|10 | 4900 | 5000 |   90 |       0.45 |1585176002280 |      29 |    30.0 | 3,45 |mscpnre1.txt |4,2e+03 |
|10 | 5000 | 5000 |   90 |       0.45 |1585176002280 |      29 |    30.0 | 3,45 |mscpnre1.txt |4,3e+03 |
|10 |  500 | 5000 |   90 |       0.45 |1585176002280 |      29 |    30.0 | 3,45 |mscpnre1.txt |4,3e+03 |
|11 |    1 | 5000 |   35 |       0.25 |1585180287273 |      29 |  3664.0 |12534,48 |mscpnre1.txt |0,0070 |
|11 |  100 | 5000 |   35 | 0.31428573 |1585180287273 |      29 |  3102.0 |10596,55 |mscpnre1.txt | 0,57 |
|11 |  500 | 5000 |   40 | 0.31428573 |1585180287273 |      29 |    29.0 | 0,00 |mscpnre1.txt |   21 |
|12 |    1 | 5000 |   35 |       0.25 |1585180308562 |      29 |  3471.0 |11868,96 |mscpnre1.txt |0,0070 |
|12 |  100 | 5000 |   35 | 0.34285715 |1585180308562 |      29 |  2959.0 |10103,45 |mscpnre1.txt | 0,56 |
|12 |  200 | 5000 |   35 |       0.45 |1585180308562 |      29 |  2768.0 |9444,83 |mscpnre1.txt |  1,1 |
|12 |  300 | 5000 |   35 | 0.34285715 |1585180308562 |      29 |  2638.0 |8996,55 |mscpnre1.txt |  1,7 |
|12 |  400 | 5000 |   35 |  0.2857143 |1585180308562 |      29 |  2438.0 |8306,90 |mscpnre1.txt |  2,2 |
|12 |  500 | 5000 |   40 |  0.2857143 |1585180308562 |      29 |    29.0 | 0,00 |mscpnre1.txt |   34 |
|13 |    1 | 5000 |   35 |       0.25 |1585180342735 |      29 |  3630.0 |12417,24 |mscpnre1.txt |0,0070 |
|13 |  100 | 5000 |   35 |       0.45 |1585180342735 |      29 |  3084.0 |10534,48 |mscpnre1.txt | 0,54 |
|13 |  200 | 5000 |   35 |        0.4 |1585180342735 |      29 |  2978.0 |10168,96 |mscpnre1.txt |  1,0 |
|13 |  300 | 5000 |   35 |       0.45 |1585180342735 |      29 |  2820.0 |9624,14 |mscpnre1.txt |  1,6 |
|13 |  400 | 5000 |   35 | 0.42857143 |1585180342735 |      29 |  2754.0 |9396,55 |mscpnre1.txt |  2,1 |
|13 |  500 | 5000 |   35 | 0.42857143 |1585180342735 |      29 |  2642.0 |9010,34 |mscpnre1.txt |  2,6 |
|13 |  600 | 5000 |   40 |       0.45 |1585180342735 |      29 |    30.0 | 3,45 |mscpnre1.txt |   48 |
|13 |  700 | 5000 |   40 |       0.45 |1585180342735 |      29 |    30.0 | 3,45 |mscpnre1.txt |1,2e+02 |
|13 |  800 | 5000 |   40 |       0.45 |1585180342735 |      29 |    30.0 | 3,45 |mscpnre1.txt |2,1e+02 |
|13 |  500 | 5000 |   40 |       0.45 |1585180342735 |      29 |    29.0 | 0,00 |mscpnre1.txt |2,7e+02 |
|14 |    1 | 5000 |   35 |       0.25 |1585180615830 |      29 |  3569.0 |12206,90 |mscpnre1.txt |0,0070 |
|14 |  100 | 5000 |   35 | 0.42857143 |1585180615830 |      29 |  3056.0 |10437,93 |mscpnre1.txt | 0,57 |
|14 |  200 | 5000 |   40 |       0.45 |1585180615830 |      29 |    30.0 | 3,45 |mscpnre1.txt |   51 |
|14 |  300 | 5000 |   40 |       0.45 |1585180615830 |      29 |    30.0 | 3,45 |mscpnre1.txt |1,6e+02 |
|14 |  400 | 5000 |   40 |       0.25 |1585180615830 |      29 |    30.0 | 3,45 |mscpnre1.txt |2,3e+02 |
|14 |  500 | 5000 |   40 |       0.25 |1585180615830 |      29 |    30.0 | 3,45 |mscpnre1.txt |2,9e+02 |
|14 |  600 | 5000 |   45 |       0.45 |1585180615830 |      29 |    30.0 | 3,45 |mscpnre1.txt |3,6e+02 |
|14 |  700 | 5000 |   45 |       0.45 |1585180615830 |      29 |    30.0 | 3,45 |mscpnre1.txt |4,4e+02 |
|14 |  800 | 5000 |   45 |       0.45 |1585180615830 |      29 |    30.0 | 3,45 |mscpnre1.txt |5,1e+02 |
|14 |  900 | 5000 |   45 |       0.45 |1585180615830 |      29 |    30.0 | 3,45 |mscpnre1.txt |5,8e+02 |
|14 | 1000 | 5000 |   50 |       0.45 |1585180615830 |      29 |    30.0 | 3,45 |mscpnre1.txt |6,7e+02 |
|14 | 1100 | 5000 |   50 |       0.42 |1585180615830 |      29 |    30.0 | 3,45 |mscpnre1.txt |7,3e+02 |
|14 | 1200 | 5000 |   50 |       0.42 |1585180615830 |      29 |    30.0 | 3,45 |mscpnre1.txt |7,9e+02 |
|14 | 1300 | 5000 |   50 |       0.42 |1585180615830 |      29 |    30.0 | 3,45 |mscpnre1.txt |8,6e+02 |
|14 | 1400 | 5000 |   55 | 0.38181818 |1585180615830 |      29 |    30.0 | 3,45 |mscpnre1.txt |9,5e+02 |
|14 | 1500 | 5000 |   55 | 0.38181818 |1585180615830 |      29 |    30.0 | 3,45 |mscpnre1.txt |1,0e+03 |
|14 | 1600 | 5000 |   55 | 0.38181818 |1585180615830 |      29 |    30.0 | 3,45 |mscpnre1.txt |1,1e+03 |
|14 | 1700 | 5000 |   55 | 0.38181818 |1585180615830 |      29 |    30.0 | 3,45 |mscpnre1.txt |1,2e+03 |
|14 | 1800 | 5000 |   60 |       0.35 |1585180615830 |      29 |    30.0 | 3,45 |mscpnre1.txt |1,3e+03 |
|14 | 1900 | 5000 |   60 |       0.35 |1585180615830 |      29 |    30.0 | 3,45 |mscpnre1.txt |1,4e+03 |
|14 | 2000 | 5000 |   60 |       0.35 |1585180615830 |      29 |    30.0 | 3,45 |mscpnre1.txt |1,5e+03 |
|14 | 2100 | 5000 |   60 |       0.35 |1585180615830 |      29 |    30.0 | 3,45 |mscpnre1.txt |1,6e+03 |
|14 | 2200 | 5000 |   65 |        0.4 |1585180615830 |      29 |    30.0 | 3,45 |mscpnre1.txt |1,7e+03 |
|14 | 2300 | 5000 |   65 | 0.41538462 |1585180615830 |      29 |    30.0 | 3,45 |mscpnre1.txt |1,8e+03 |
|14 | 2400 | 5000 |   65 | 0.41538462 |1585180615830 |      29 |    30.0 | 3,45 |mscpnre1.txt |1,9e+03 |
|14 | 2500 | 5000 |   65 | 0.44615385 |1585180615830 |      29 |    30.0 | 3,45 |mscpnre1.txt |2,0e+03 |
|14 | 2600 | 5000 |   70 |       0.45 |1585180615830 |      29 |    30.0 | 3,45 |mscpnre1.txt |2,2e+03 |
|14 | 2700 | 5000 |   70 |       0.45 |1585180615830 |      29 |    30.0 | 3,45 |mscpnre1.txt |2,3e+03 |
|14 | 2800 | 5000 |   70 |       0.45 |1585180615830 |      29 |    30.0 | 3,45 |mscpnre1.txt |2,4e+03 |
|14 | 2900 | 5000 |   70 |       0.45 |1585180615830 |      29 |    30.0 | 3,45 |mscpnre1.txt |2,4e+03 |
|14 | 3000 | 5000 |   75 |       0.45 |1585180615830 |      29 |    30.0 | 3,45 |mscpnre1.txt |2,5e+03 |
|14 | 3100 | 5000 |   75 |       0.45 |1585180615830 |      29 |    30.0 | 3,45 |mscpnre1.txt |2,6e+03 |
|14 | 3200 | 5000 |   75 |       0.45 |1585180615830 |      29 |    30.0 | 3,45 |mscpnre1.txt |2,7e+03 |
|14 | 3300 | 5000 |   75 |       0.45 |1585180615830 |      29 |    30.0 | 3,45 |mscpnre1.txt |2,8e+03 |
|14 | 3400 | 5000 |   80 |       0.45 |1585180615830 |      29 |    30.0 | 3,45 |mscpnre1.txt |2,9e+03 |
|14 | 3500 | 5000 |   80 |       0.45 |1585180615830 |      29 |    30.0 | 3,45 |mscpnre1.txt |3,0e+03 |
|14 | 3600 | 5000 |   80 |       0.45 |1585180615830 |      29 |    30.0 | 3,45 |mscpnre1.txt |3,1e+03 |
|14 | 3700 | 5000 |   80 |       0.45 |1585180615830 |      29 |    30.0 | 3,45 |mscpnre1.txt |3,1e+03 |
|14 | 3800 | 5000 |   85 |       0.45 |1585180615830 |      29 |    30.0 | 3,45 |mscpnre1.txt |3,3e+03 |
|14 | 3900 | 5000 |   85 |       0.45 |1585180615830 |      29 |    30.0 | 3,45 |mscpnre1.txt |3,4e+03 |
|14 | 4000 | 5000 |   85 |       0.45 |1585180615830 |      29 |    30.0 | 3,45 |mscpnre1.txt |3,5e+03 |
|14 | 4100 | 5000 |   85 |       0.45 |1585180615830 |      29 |    30.0 | 3,45 |mscpnre1.txt |3,7e+03 |
|14 | 4200 | 5000 |   90 | 0.43333334 |1585180615830 |      29 |    30.0 | 3,45 |mscpnre1.txt |3,8e+03 |
|14 | 4300 | 5000 |   90 | 0.43333334 |1585180615830 |      29 |    30.0 | 3,45 |mscpnre1.txt |4,0e+03 |
|14 | 4400 | 5000 |   90 | 0.43333334 |1585180615830 |      29 |    30.0 | 3,45 |mscpnre1.txt |4,1e+03 |
|14 | 4500 | 5000 |   90 | 0.43333334 |1585180615830 |      29 |    30.0 | 3,45 |mscpnre1.txt |4,3e+03 |
|14 | 4600 | 5000 |   95 |       0.45 |1585180615830 |      29 |    30.0 | 3,45 |mscpnre1.txt |4,4e+03 |
|14 | 4700 | 5000 |   95 |       0.45 |1585180615830 |      29 |    30.0 | 3,45 |mscpnre1.txt |4,6e+03 |
|14 | 4800 | 5000 |   95 |       0.45 |1585180615830 |      29 |    30.0 | 3,45 |mscpnre1.txt |4,8e+03 |
|14 | 4900 | 5000 |   95 |       0.45 |1585180615830 |      29 |    30.0 | 3,45 |mscpnre1.txt |4,9e+03 |
|14 | 5000 | 5000 |  100 |       0.45 |1585180615830 |      29 |    30.0 | 3,45 |mscpnre1.txt |5,0e+03 |
|14 |  500 | 5000 |  100 |       0.45 |1585180615830 |      29 |    30.0 | 3,45 |mscpnre1.txt |5,0e+03 |
|15 |    1 | 5000 |   35 |       0.25 |1585185656876 |      29 |  3731.0 |12765,52 |mscpnre1.txt |0,011 |
|15 |  100 | 5000 |   35 |       0.45 |1585185656876 |      29 |  3126.0 |10679,31 |mscpnre1.txt | 0,56 |
|15 |  200 | 5000 |   35 |        0.4 |1585185656876 |      29 |  2791.0 |9524,14 |mscpnre1.txt |  1,2 |
|15 |  300 | 5000 |   35 | 0.34285715 |1585185656876 |      29 |  2624.0 |8948,28 |mscpnre1.txt |  1,8 |
|15 |  400 | 5000 |   35 | 0.37142858 |1585185656876 |      29 |  2540.0 |8658,62 |mscpnre1.txt |  2,3 |
|15 |  500 | 5000 |   40 |       0.45 |1585185656876 |      29 |    30.0 | 3,45 |mscpnre1.txt |   51 |
|15 |  600 | 5000 |   40 |       0.45 |1585185656876 |      29 |    30.0 | 3,45 |mscpnre1.txt |1,3e+02 |
|15 |  700 | 5000 |   40 |       0.45 |1585185656876 |      29 |    30.0 | 3,45 |mscpnre1.txt |2,4e+02 |
|15 |  800 | 5000 |   40 |       0.45 |1585185656876 |      29 |    30.0 | 3,45 |mscpnre1.txt |3,5e+02 |
|15 |  900 | 5000 |   45 |        0.4 |1585185656876 |      29 |    30.0 | 3,45 |mscpnre1.txt |4,3e+02 |
|15 | 1000 | 5000 |   45 | 0.42222223 |1585185656876 |      29 |    30.0 | 3,45 |mscpnre1.txt |5,1e+02 |
|15 | 1100 | 5000 |   45 |       0.45 |1585185656876 |      29 |    30.0 | 3,45 |mscpnre1.txt |6,0e+02 |
|15 | 1200 | 5000 |   45 |       0.45 |1585185656876 |      29 |    30.0 | 3,45 |mscpnre1.txt |6,8e+02 |
|15 |  500 | 5000 |   50 |       0.45 |1585185656876 |      29 |    29.0 | 0,00 |mscpnre1.txt |7,3e+02 |
