| # |    #ITER | #IterMAX | Nest |      %Desc |      semilla | BestFit |GottedFit |  RDP |  instancia | time |
-------------------------------------------------------------------------------------------------
| 1 |    1 | 5000 |   35 |     0,2500 |1585830092343 |     166 | 10386.0 |6156,63 |mscpnrg3.txt | 0,13 |
| 1 |  100 | 5000 |   35 |     0,4500 |1585830092343 |     166 |  9625.0 |5698,19 |mscpnrg3.txt |  6,6 |
| 1 |  200 | 5000 |   35 |     0,3714 |1585830092343 |     166 |  9163.0 |5419,88 |mscpnrg3.txt |   14 |
| 1 |  300 | 5000 |   35 |     0,4000 |1585830092343 |     166 |  8963.0 |5299,40 |mscpnrg3.txt |   21 |
| 1 |  400 | 5000 |   40 |     0,4500 |1585830092343 |     166 |   183.0 |10,24 |mscpnrg3.txt |5,9e+02 |
| 1 |  500 | 5000 |   40 |     0,3250 |1585830092343 |     166 |   183.0 |10,24 |mscpnrg3.txt |1,1e+03 |
| 1 |  600 | 5000 |   40 |     0,4250 |1585830092343 |     166 |   183.0 |10,24 |mscpnrg3.txt |1,5e+03 |
| 1 |  700 | 5000 |   40 |     0,4500 |1585830092343 |     166 |   183.0 |10,24 |mscpnrg3.txt |2,0e+03 |
| 1 |  800 | 5000 |   45 |     0,4500 |1585830092343 |     166 |   183.0 |10,24 |mscpnrg3.txt |2,7e+03 |
| 1 |  900 | 5000 |   45 |     0,3556 |1585830092343 |     166 |   183.0 |10,24 |mscpnrg3.txt |3,2e+03 |
| 1 | 1000 | 5000 |   45 |     0,3556 |1585830092343 |     166 |   183.0 |10,24 |mscpnrg3.txt |3,7e+03 |
| 1 | 1100 | 5000 |   45 |     0,3111 |1585830092343 |     166 |   183.0 |10,24 |mscpnrg3.txt |4,3e+03 |
| 1 | 1200 | 5000 |   50 |     0,4500 |1585830092343 |     166 |   183.0 |10,24 |mscpnrg3.txt |5,0e+03 |
| 1 | 1300 | 5000 |   50 |     0,4000 |1585830092343 |     166 |   183.0 |10,24 |mscpnrg3.txt |5,5e+03 |
| 1 | 1400 | 5000 |   50 |     0,4000 |1585830092343 |     166 |   183.0 |10,24 |mscpnrg3.txt |6,0e+03 |
| 1 | 1500 | 5000 |   50 |     0,3800 |1585830092343 |     166 |   183.0 |10,24 |mscpnrg3.txt |6,5e+03 |
| 1 | 1600 | 5000 |   55 |     0,4500 |1585830092343 |     166 |   183.0 |10,24 |mscpnrg3.txt |7,2e+03 |
| 1 | 1700 | 5000 |   55 |     0,4500 |1585830092343 |     166 |   183.0 |10,24 |mscpnrg3.txt |7,6e+03 |
| 1 | 1800 | 5000 |   55 |     0,4500 |1585830092343 |     166 |   183.0 |10,24 |mscpnrg3.txt |7,9e+03 |
| 1 | 1900 | 5000 |   55 |     0,4500 |1585830092343 |     166 |   183.0 |10,24 |mscpnrg3.txt |8,3e+03 |
| 1 | 2000 | 5000 |   60 |     0,4500 |1585830092343 |     166 |   183.0 |10,24 |mscpnrg3.txt |8,9e+03 |
| 1 | 2100 | 5000 |   60 |     0,4500 |1585830092343 |     166 |   183.0 |10,24 |mscpnrg3.txt |9,5e+03 |
| 1 | 2200 | 5000 |   60 |     0,4500 |1585830092343 |     166 |   182.0 | 9,64 |mscpnrg3.txt |1,0e+04 |
| 1 | 2300 | 5000 |   60 |     0,4500 |1585830092343 |     166 |   182.0 | 9,64 |mscpnrg3.txt |1,1e+04 |
| 1 | 2400 | 5000 |   65 |     0,4500 |1585830092343 |     166 |   182.0 | 9,64 |mscpnrg3.txt |1,1e+04 |
| 1 | 2500 | 5000 |   65 |     0,4500 |1585830092343 |     166 |   182.0 | 9,64 |mscpnrg3.txt |1,2e+04 |
| 1 | 2600 | 5000 |   65 |     0,4500 |1585830092343 |     166 |   182.0 | 9,64 |mscpnrg3.txt |1,3e+04 |
| 1 | 2700 | 5000 |   65 |     0,4500 |1585830092343 |     166 |   182.0 | 9,64 |mscpnrg3.txt |1,4e+04 |
| 1 | 2800 | 5000 |   70 |     0,4500 |1585830092343 |     166 |   182.0 | 9,64 |mscpnrg3.txt |1,5e+04 |
| 1 | 2900 | 5000 |   70 |     0,4500 |1585830092343 |     166 |   182.0 | 9,64 |mscpnrg3.txt |1,5e+04 |
| 1 | 3000 | 5000 |   70 |     0,4500 |1585830092343 |     166 |   182.0 | 9,64 |mscpnrg3.txt |1,6e+04 |
| 1 | 3100 | 5000 |   70 |     0,4500 |1585830092343 |     166 |   182.0 | 9,64 |mscpnrg3.txt |1,6e+04 |
| 1 | 3200 | 5000 |   75 |     0,4500 |1585830092343 |     166 |   182.0 | 9,64 |mscpnrg3.txt |1,7e+04 |
| 1 | 3300 | 5000 |   75 |     0,4500 |1585830092343 |     166 |   182.0 | 9,64 |mscpnrg3.txt |1,8e+04 |
| 1 | 3400 | 5000 |   75 |     0,4500 |1585830092343 |     166 |   182.0 | 9,64 |mscpnrg3.txt |1,9e+04 |
| 1 | 3500 | 5000 |   75 |     0,4500 |1585830092343 |     166 |   182.0 | 9,64 |mscpnrg3.txt |1,9e+04 |
| 1 | 3600 | 5000 |   80 |     0,4500 |1585830092343 |     166 |   182.0 | 9,64 |mscpnrg3.txt |2,0e+04 |
| 1 | 3700 | 5000 |   80 |     0,4500 |1585830092343 |     166 |   182.0 | 9,64 |mscpnrg3.txt |2,1e+04 |
| 1 | 3800 | 5000 |   80 |     0,4500 |1585830092343 |     166 |   182.0 | 9,64 |mscpnrg3.txt |2,2e+04 |
| 1 | 3900 | 5000 |   80 |     0,4500 |1585830092343 |     166 |   182.0 | 9,64 |mscpnrg3.txt |2,3e+04 |
| 1 | 4000 | 5000 |   85 |     0,4500 |1585830092343 |     166 |   182.0 | 9,64 |mscpnrg3.txt |2,5e+04 |
| 1 | 4100 | 5000 |   85 |     0,4500 |1585830092343 |     166 |   182.0 | 9,64 |mscpnrg3.txt |2,5e+04 |
| 1 | 4200 | 5000 |   85 |     0,4500 |1585830092343 |     166 |   182.0 | 9,64 |mscpnrg3.txt |2,6e+04 |
| 1 | 4300 | 5000 |   85 |     0,4500 |1585830092343 |     166 |   182.0 | 9,64 |mscpnrg3.txt |2,7e+04 |
| 1 | 4400 | 5000 |   90 |     0,4500 |1585830092343 |     166 |   182.0 | 9,64 |mscpnrg3.txt |2,7e+04 |
| 1 | 4500 | 5000 |   90 |     0,4500 |1585830092343 |     166 |   182.0 | 9,64 |mscpnrg3.txt |2,8e+04 |
| 1 | 4600 | 5000 |   90 |     0,4500 |1585830092343 |     166 |   182.0 | 9,64 |mscpnrg3.txt |2,9e+04 |
| 1 | 4700 | 5000 |   90 |     0,4500 |1585830092343 |     166 |   182.0 | 9,64 |mscpnrg3.txt |3,0e+04 |
| 1 | 4800 | 5000 |   95 |     0,4500 |1585830092343 |     166 |   182.0 | 9,64 |mscpnrg3.txt |3,1e+04 |
| 1 | 4900 | 5000 |   95 |     0,4500 |1585830092343 |     166 |   182.0 | 9,64 |mscpnrg3.txt |3,2e+04 |
| 1 | 5000 | 5000 |   95 |     0,4500 |1585830092343 |     166 |   182.0 | 9,64 |mscpnrg3.txt |3,3e+04 |
| 1 | 1000 | 5000 |   95 |     0,4500 |1585830092343 |     166 |   182.0 | 9,64 |mscpnrg3.txt |3,3e+04 |
| 2 |    1 | 5000 |   35 |     0,2500 |1585862953916 |     166 | 10192.0 |6039,76 |mscpnrg3.txt |0,045 |
| 2 |  100 | 5000 |   35 |     0,3714 |1585862953916 |     166 |  9295.0 |5499,40 |mscpnrg3.txt |  3,5 |
| 2 |  200 | 5000 |   40 |     0,4500 |1585862953916 |     166 |   183.0 |10,24 |mscpnrg3.txt |5,1e+02 |
| 2 |  300 | 5000 |   40 |     0,4500 |1585862953916 |     166 |   183.0 |10,24 |mscpnrg3.txt |1,2e+03 |
| 2 |  400 | 5000 |   40 |     0,4500 |1585862953916 |     166 |   183.0 |10,24 |mscpnrg3.txt |1,6e+03 |
| 2 |  500 | 5000 |   40 |     0,4000 |1585862953916 |     166 |   183.0 |10,24 |mscpnrg3.txt |1,9e+03 |
| 2 |  600 | 5000 |   45 |     0,4222 |1585862953916 |     166 |   183.0 |10,24 |mscpnrg3.txt |2,4e+03 |
| 2 |  700 | 5000 |   45 |     0,4500 |1585862953916 |     166 |   183.0 |10,24 |mscpnrg3.txt |2,9e+03 |
| 2 |  800 | 5000 |   45 |     0,4500 |1585862953916 |     166 |   183.0 |10,24 |mscpnrg3.txt |3,4e+03 |
| 2 |  900 | 5000 |   45 |     0,4500 |1585862953916 |     166 |   181.0 | 9,04 |mscpnrg3.txt |3,9e+03 |
| 2 | 1000 | 5000 |   50 |     0,4500 |1585862953916 |     166 |   181.0 | 9,04 |mscpnrg3.txt |4,6e+03 |
| 2 | 1100 | 5000 |   50 |     0,4500 |1585862953916 |     166 |   181.0 | 9,04 |mscpnrg3.txt |5,3e+03 |
| 2 | 1200 | 5000 |   50 |     0,4500 |1585862953916 |     166 |   181.0 | 9,04 |mscpnrg3.txt |6,0e+03 |
| 2 | 1300 | 5000 |   50 |     0,4500 |1585862953916 |     166 |   181.0 | 9,04 |mscpnrg3.txt |6,8e+03 |
| 2 | 1400 | 5000 |   55 |     0,4500 |1585862953916 |     166 |   180.0 | 8,43 |mscpnrg3.txt |7,7e+03 |
| 2 | 1500 | 5000 |   55 |     0,4500 |1585862953916 |     166 |   180.0 | 8,43 |mscpnrg3.txt |8,6e+03 |
| 2 | 1600 | 5000 |   55 |     0,4500 |1585862953916 |     166 |   180.0 | 8,43 |mscpnrg3.txt |9,4e+03 |
| 2 | 1700 | 5000 |   55 |     0,4500 |1585862953916 |     166 |   180.0 | 8,43 |mscpnrg3.txt |9,9e+03 |
| 2 | 1800 | 5000 |   60 |     0,4500 |1585862953916 |     166 |   180.0 | 8,43 |mscpnrg3.txt |1,1e+04 |
| 2 | 1900 | 5000 |   60 |     0,4500 |1585862953916 |     166 |   180.0 | 8,43 |mscpnrg3.txt |1,1e+04 |
| 2 | 2000 | 5000 |   60 |     0,4500 |1585862953916 |     166 |   180.0 | 8,43 |mscpnrg3.txt |1,2e+04 |
| 2 | 2100 | 5000 |   60 |     0,4500 |1585862953916 |     166 |   180.0 | 8,43 |mscpnrg3.txt |1,3e+04 |
| 2 | 2200 | 5000 |   65 |     0,4500 |1585862953916 |     166 |   180.0 | 8,43 |mscpnrg3.txt |1,4e+04 |
| 2 | 2300 | 5000 |   65 |     0,4500 |1585862953916 |     166 |   180.0 | 8,43 |mscpnrg3.txt |1,5e+04 |
| 2 | 2400 | 5000 |   65 |     0,4500 |1585862953916 |     166 |   180.0 | 8,43 |mscpnrg3.txt |1,6e+04 |
| 2 | 2500 | 5000 |   65 |     0,4500 |1585862953916 |     166 |   180.0 | 8,43 |mscpnrg3.txt |1,7e+04 |
| 2 | 2600 | 5000 |   70 |     0,4500 |1585862953916 |     166 |   180.0 | 8,43 |mscpnrg3.txt |1,8e+04 |
| 2 | 2700 | 5000 |   70 |     0,4500 |1585862953916 |     166 |   180.0 | 8,43 |mscpnrg3.txt |1,9e+04 |
| 2 | 2800 | 5000 |   70 |     0,4500 |1585862953916 |     166 |   180.0 | 8,43 |mscpnrg3.txt |2,0e+04 |
| 2 | 2900 | 5000 |   70 |     0,4500 |1585862953916 |     166 |   180.0 | 8,43 |mscpnrg3.txt |2,1e+04 |
| 2 | 3000 | 5000 |   75 |     0,4500 |1585862953916 |     166 |   180.0 | 8,43 |mscpnrg3.txt |2,2e+04 |
| 2 | 3100 | 5000 |   75 |     0,4500 |1585862953916 |     166 |   180.0 | 8,43 |mscpnrg3.txt |2,4e+04 |
| 2 | 3200 | 5000 |   75 |     0,4500 |1585862953916 |     166 |   180.0 | 8,43 |mscpnrg3.txt |2,5e+04 |
| 2 | 3300 | 5000 |   75 |     0,4500 |1585862953916 |     166 |   180.0 | 8,43 |mscpnrg3.txt |2,6e+04 |
| 2 | 3400 | 5000 |   80 |     0,4500 |1585862953916 |     166 |   180.0 | 8,43 |mscpnrg3.txt |2,8e+04 |
| 2 | 3500 | 5000 |   80 |     0,4500 |1585862953916 |     166 |   180.0 | 8,43 |mscpnrg3.txt |2,9e+04 |
| 2 | 3600 | 5000 |   80 |     0,4500 |1585862953916 |     166 |   180.0 | 8,43 |mscpnrg3.txt |3,0e+04 |
| 2 | 3700 | 5000 |   80 |     0,4500 |1585862953916 |     166 |   180.0 | 8,43 |mscpnrg3.txt |3,1e+04 |
| 2 | 3800 | 5000 |   85 |     0,4500 |1585862953916 |     166 |   180.0 | 8,43 |mscpnrg3.txt |3,2e+04 |
| 2 | 3900 | 5000 |   85 |     0,4500 |1585862953916 |     166 |   180.0 | 8,43 |mscpnrg3.txt |3,3e+04 |
| 2 | 4000 | 5000 |   85 |     0,4500 |1585862953916 |     166 |   180.0 | 8,43 |mscpnrg3.txt |3,4e+04 |
| 2 | 4100 | 5000 |   85 |     0,4500 |1585862953916 |     166 |   180.0 | 8,43 |mscpnrg3.txt |3,5e+04 |
| 2 | 4200 | 5000 |   90 |     0,4500 |1585862953916 |     166 |   180.0 | 8,43 |mscpnrg3.txt |3,7e+04 |
| 2 | 4300 | 5000 |   90 |     0,4500 |1585862953916 |     166 |   180.0 | 8,43 |mscpnrg3.txt |3,8e+04 |
| 2 | 4400 | 5000 |   90 |     0,4500 |1585862953916 |     166 |   180.0 | 8,43 |mscpnrg3.txt |3,9e+04 |
| 2 | 4500 | 5000 |   90 |     0,4500 |1585862953916 |     166 |   180.0 | 8,43 |mscpnrg3.txt |4,1e+04 |
| 2 | 4600 | 5000 |   95 |     0,4500 |1585862953916 |     166 |   180.0 | 8,43 |mscpnrg3.txt |4,3e+04 |
| 2 | 4700 | 5000 |   95 |     0,4500 |1585862953916 |     166 |   180.0 | 8,43 |mscpnrg3.txt |4,5e+04 |
| 2 | 4800 | 5000 |   95 |     0,4500 |1585862953916 |     166 |   180.0 | 8,43 |mscpnrg3.txt |4,7e+04 |
| 2 | 4900 | 5000 |   95 |     0,4500 |1585862953916 |     166 |   180.0 | 8,43 |mscpnrg3.txt |4,9e+04 |
| 2 | 5000 | 5000 |  100 |     0,4500 |1585862953916 |     166 |   180.0 | 8,43 |mscpnrg3.txt |5,1e+04 |
| 2 | 1000 | 5000 |  100 |     0,4500 |1585862953916 |     166 |   180.0 | 8,43 |mscpnrg3.txt |5,1e+04 |
| 3 |    1 | 5000 |   35 |     0,2500 |1585913882979 |     166 | 10501.0 |6225,90 |mscpnrg3.txt |0,054 |
| 3 |  100 | 5000 |   35 |     0,4500 |1585913882979 |     166 |  9407.0 |5566,87 |mscpnrg3.txt |  5,1 |
| 3 |  200 | 5000 |   35 |     0,3429 |1585913882979 |     166 |  9112.0 |5389,16 |mscpnrg3.txt |   10 |
| 3 |  300 | 5000 |   35 |     0,4000 |1585913882979 |     166 |  8804.0 |5203,61 |mscpnrg3.txt |   15 |
| 3 |  400 | 5000 |   35 |     0,2857 |1585913882979 |     166 |  8627.0 |5096,99 |mscpnrg3.txt |   20 |
| 3 |  500 | 5000 |   40 |     0,4500 |1585913882979 |     166 |   183.0 |10,24 |mscpnrg3.txt |7,3e+02 |
| 3 |  600 | 5000 |   40 |     0,4500 |1585913882979 |     166 |   183.0 |10,24 |mscpnrg3.txt |1,3e+03 |
| 3 |  700 | 5000 |   40 |     0,3500 |1585913882979 |     166 |   183.0 |10,24 |mscpnrg3.txt |1,8e+03 |
| 3 |  800 | 5000 |   40 |     0,3500 |1585913882979 |     166 |   183.0 |10,24 |mscpnrg3.txt |2,2e+03 |
| 3 |  900 | 5000 |   45 |     0,4222 |1585913882979 |     166 |   183.0 |10,24 |mscpnrg3.txt |2,7e+03 |
| 3 | 1000 | 5000 |   45 |     0,4500 |1585913882979 |     166 |   183.0 |10,24 |mscpnrg3.txt |3,0e+03 |
| 3 | 1100 | 5000 |   45 |     0,4500 |1585913882979 |     166 |   183.0 |10,24 |mscpnrg3.txt |3,3e+03 |
| 3 | 1200 | 5000 |   45 |     0,4500 |1585913882979 |     166 |   183.0 |10,24 |mscpnrg3.txt |3,6e+03 |
| 3 | 1300 | 5000 |   50 |     0,4500 |1585913882979 |     166 |   183.0 |10,24 |mscpnrg3.txt |4,1e+03 |
| 3 | 1400 | 5000 |   50 |     0,4500 |1585913882979 |     166 |   183.0 |10,24 |mscpnrg3.txt |4,6e+03 |
| 3 | 1500 | 5000 |   50 |     0,4500 |1585913882979 |     166 |   183.0 |10,24 |mscpnrg3.txt |5,2e+03 |
| 3 | 1600 | 5000 |   50 |     0,4500 |1585913882979 |     166 |   183.0 |10,24 |mscpnrg3.txt |5,7e+03 |
| 3 | 1700 | 5000 |   55 |     0,4500 |1585913882979 |     166 |   183.0 |10,24 |mscpnrg3.txt |6,4e+03 |
| 3 | 1800 | 5000 |   55 |     0,4500 |1585913882979 |     166 |   183.0 |10,24 |mscpnrg3.txt |6,8e+03 |
| 3 | 1900 | 5000 |   55 |     0,4500 |1585913882979 |     166 |   183.0 |10,24 |mscpnrg3.txt |7,0e+03 |
| 3 | 2000 | 5000 |   55 |     0,4500 |1585913882979 |     166 |   183.0 |10,24 |mscpnrg3.txt |7,2e+03 |
| 3 | 2100 | 5000 |   60 |     0,4500 |1585913882979 |     166 |   183.0 |10,24 |mscpnrg3.txt |7,6e+03 |
| 3 | 2200 | 5000 |   60 |     0,2500 |1585913882979 |     166 |   183.0 |10,24 |mscpnrg3.txt |7,8e+03 |
| 3 | 2300 | 5000 |   60 |     0,2500 |1585913882979 |     166 |   183.0 |10,24 |mscpnrg3.txt |8,0e+03 |
| 3 | 2400 | 5000 |   60 |     0,2500 |1585913882979 |     166 |   183.0 |10,24 |mscpnrg3.txt |8,1e+03 |
| 3 | 2500 | 5000 |   65 |     0,4500 |1585913882979 |     166 |   183.0 |10,24 |mscpnrg3.txt |8,5e+03 |
| 3 | 2600 | 5000 |   65 |     0,4500 |1585913882979 |     166 |   183.0 |10,24 |mscpnrg3.txt |8,9e+03 |
| 3 | 2700 | 5000 |   65 |     0,4500 |1585913882979 |     166 |   183.0 |10,24 |mscpnrg3.txt |9,4e+03 |
| 3 | 2800 | 5000 |   65 |     0,4500 |1585913882979 |     166 |   183.0 |10,24 |mscpnrg3.txt |9,9e+03 |
| 3 | 2900 | 5000 |   70 |     0,4500 |1585913882979 |     166 |   183.0 |10,24 |mscpnrg3.txt |1,1e+04 |
| 3 | 3000 | 5000 |   70 |     0,2500 |1585913882979 |     166 |   183.0 |10,24 |mscpnrg3.txt |1,1e+04 |
| 3 | 3100 | 5000 |   70 |     0,2500 |1585913882979 |     166 |   183.0 |10,24 |mscpnrg3.txt |1,1e+04 |
| 3 | 3200 | 5000 |   70 |     0,2500 |1585913882979 |     166 |   183.0 |10,24 |mscpnrg3.txt |1,2e+04 |
| 3 | 3300 | 5000 |   75 |     0,4500 |1585913882979 |     166 |   183.0 |10,24 |mscpnrg3.txt |1,2e+04 |
| 3 | 3400 | 5000 |   75 |     0,4500 |1585913882979 |     166 |   183.0 |10,24 |mscpnrg3.txt |1,3e+04 |
| 3 | 3500 | 5000 |   75 |     0,4500 |1585913882979 |     166 |   183.0 |10,24 |mscpnrg3.txt |1,4e+04 |
| 3 | 3600 | 5000 |   75 |     0,4500 |1585913882979 |     166 |   182.0 | 9,64 |mscpnrg3.txt |1,4e+04 |
| 3 | 3700 | 5000 |   80 |     0,4500 |1585913882979 |     166 |   182.0 | 9,64 |mscpnrg3.txt |1,5e+04 |
| 3 | 3800 | 5000 |   80 |     0,2500 |1585913882979 |     166 |   182.0 | 9,64 |mscpnrg3.txt |1,6e+04 |
| 3 | 3900 | 5000 |   80 |     0,2500 |1585913882979 |     166 |   182.0 | 9,64 |mscpnrg3.txt |1,6e+04 |
| 3 | 4000 | 5000 |   80 |     0,2500 |1585913882979 |     166 |   182.0 | 9,64 |mscpnrg3.txt |1,6e+04 |
| 3 | 4100 | 5000 |   85 |     0,4500 |1585913882979 |     166 |   182.0 | 9,64 |mscpnrg3.txt |1,7e+04 |
| 3 | 4200 | 5000 |   85 |     0,4500 |1585913882979 |     166 |   182.0 | 9,64 |mscpnrg3.txt |1,8e+04 |
| 3 | 4300 | 5000 |   85 |     0,4500 |1585913882979 |     166 |   182.0 | 9,64 |mscpnrg3.txt |1,8e+04 |
| 3 | 4400 | 5000 |   85 |     0,4500 |1585913882979 |     166 |   182.0 | 9,64 |mscpnrg3.txt |1,9e+04 |
| 3 | 4500 | 5000 |   90 |     0,4500 |1585913882979 |     166 |   182.0 | 9,64 |mscpnrg3.txt |2,0e+04 |
| 3 | 4600 | 5000 |   90 |     0,2556 |1585913882979 |     166 |   182.0 | 9,64 |mscpnrg3.txt |2,0e+04 |
| 3 | 4700 | 5000 |   90 |     0,2556 |1585913882979 |     166 |   182.0 | 9,64 |mscpnrg3.txt |2,1e+04 |
| 3 | 4800 | 5000 |   90 |     0,2556 |1585913882979 |     166 |   182.0 | 9,64 |mscpnrg3.txt |2,1e+04 |
| 3 | 4900 | 5000 |   95 |     0,4500 |1585913882979 |     166 |   182.0 | 9,64 |mscpnrg3.txt |2,2e+04 |
| 3 | 5000 | 5000 |   95 |     0,4500 |1585913882979 |     166 |   182.0 | 9,64 |mscpnrg3.txt |2,2e+04 |
| 3 | 1000 | 5000 |   95 |     0,4500 |1585913882979 |     166 |   182.0 | 9,64 |mscpnrg3.txt |2,2e+04 |
| 4 |    1 | 5000 |   35 |     0,2500 |1585936322758 |     166 | 10258.0 |6079,52 |mscpnrg3.txt |0,042 |
| 4 |  100 | 5000 |   35 |     0,4286 |1585936322758 |     166 |  9501.0 |5623,49 |mscpnrg3.txt |  5,3 |
| 4 |  200 | 5000 |   35 |     0,4500 |1585936322758 |     166 |  9222.0 |5455,42 |mscpnrg3.txt |   10 |
| 4 |  300 | 5000 |   40 |     0,4500 |1585936322758 |     166 |   183.0 |10,24 |mscpnrg3.txt |5,9e+02 |
| 4 |  400 | 5000 |   40 |     0,2500 |1585936322758 |     166 |   183.0 |10,24 |mscpnrg3.txt |1,1e+03 |
| 4 |  500 | 5000 |   40 |     0,2500 |1585936322758 |     166 |   183.0 |10,24 |mscpnrg3.txt |1,6e+03 |
| 4 |  600 | 5000 |   40 |     0,3500 |1585936322758 |     166 |   183.0 |10,24 |mscpnrg3.txt |2,1e+03 |
| 4 |  700 | 5000 |   45 |     0,4500 |1585936322758 |     166 |   183.0 |10,24 |mscpnrg3.txt |2,8e+03 |
| 4 |  800 | 5000 |   45 |     0,2667 |1585936322758 |     166 |   183.0 |10,24 |mscpnrg3.txt |3,4e+03 |
| 4 |  900 | 5000 |   45 |     0,2889 |1585936322758 |     166 |   183.0 |10,24 |mscpnrg3.txt |3,9e+03 |
| 4 | 1000 | 5000 |   45 |     0,3556 |1585936322758 |     166 |   183.0 |10,24 |mscpnrg3.txt |4,4e+03 |
| 4 | 1100 | 5000 |   50 |     0,4500 |1585936322758 |     166 |   183.0 |10,24 |mscpnrg3.txt |5,1e+03 |
| 4 | 1200 | 5000 |   50 |     0,4500 |1585936322758 |     166 |   183.0 |10,24 |mscpnrg3.txt |5,6e+03 |
| 4 | 1300 | 5000 |   50 |     0,4500 |1585936322758 |     166 |   183.0 |10,24 |mscpnrg3.txt |6,1e+03 |
| 4 | 1400 | 5000 |   50 |     0,4500 |1585936322758 |     166 |   183.0 |10,24 |mscpnrg3.txt |6,6e+03 |
| 4 | 1500 | 5000 |   55 |     0,4500 |1585936322758 |     166 |   183.0 |10,24 |mscpnrg3.txt |7,3e+03 |
| 4 | 1600 | 5000 |   55 |     0,4500 |1585936322758 |     166 |   183.0 |10,24 |mscpnrg3.txt |8,1e+03 |
| 4 | 1700 | 5000 |   55 |     0,4500 |1585936322758 |     166 |   183.0 |10,24 |mscpnrg3.txt |8,8e+03 |
| 4 | 1800 | 5000 |   55 |     0,4500 |1585936322758 |     166 |   183.0 |10,24 |mscpnrg3.txt |9,5e+03 |
| 4 | 1900 | 5000 |   60 |     0,4500 |1585936322758 |     166 |   183.0 |10,24 |mscpnrg3.txt |1,1e+04 |
| 4 | 2000 | 5000 |   60 |     0,4500 |1585936322758 |     166 |   181.0 | 9,04 |mscpnrg3.txt |1,2e+04 |
| 4 | 2100 | 5000 |   60 |     0,4500 |1585936322758 |     166 |   181.0 | 9,04 |mscpnrg3.txt |1,3e+04 |
| 4 | 2200 | 5000 |   60 |     0,4500 |1585936322758 |     166 |   181.0 | 9,04 |mscpnrg3.txt |1,4e+04 |
| 4 | 2300 | 5000 |   65 |     0,4500 |1585936322758 |     166 |   181.0 | 9,04 |mscpnrg3.txt |1,5e+04 |
| 4 | 2400 | 5000 |   65 |     0,4500 |1585936322758 |     166 |   181.0 | 9,04 |mscpnrg3.txt |1,6e+04 |
| 4 | 2500 | 5000 |   65 |     0,4500 |1585936322758 |     166 |   181.0 | 9,04 |mscpnrg3.txt |1,6e+04 |
| 4 | 2600 | 5000 |   65 |     0,4500 |1585936322758 |     166 |   181.0 | 9,04 |mscpnrg3.txt |1,7e+04 |
| 4 | 2700 | 5000 |   70 |     0,4500 |1585936322758 |     166 |   181.0 | 9,04 |mscpnrg3.txt |1,8e+04 |
| 4 | 2800 | 5000 |   70 |     0,4500 |1585936322758 |     166 |   181.0 | 9,04 |mscpnrg3.txt |1,9e+04 |
| 4 | 2900 | 5000 |   70 |     0,4500 |1585936322758 |     166 |   181.0 | 9,04 |mscpnrg3.txt |2,0e+04 |
| 4 | 3000 | 5000 |   70 |     0,4500 |1585936322758 |     166 |   181.0 | 9,04 |mscpnrg3.txt |2,1e+04 |
| 4 | 3100 | 5000 |   75 |     0,4500 |1585936322758 |     166 |   181.0 | 9,04 |mscpnrg3.txt |2,2e+04 |
| 4 | 3200 | 5000 |   75 |     0,4500 |1585936322758 |     166 |   181.0 | 9,04 |mscpnrg3.txt |2,4e+04 |
| 4 | 3300 | 5000 |   75 |     0,4500 |1585936322758 |     166 |   181.0 | 9,04 |mscpnrg3.txt |2,5e+04 |
| 4 | 3400 | 5000 |   75 |     0,4500 |1585936322758 |     166 |   181.0 | 9,04 |mscpnrg3.txt |2,6e+04 |
| 4 | 3500 | 5000 |   80 |     0,4500 |1585936322758 |     166 |   181.0 | 9,04 |mscpnrg3.txt |2,8e+04 |
| 4 | 3600 | 5000 |   80 |     0,4500 |1585936322758 |     166 |   181.0 | 9,04 |mscpnrg3.txt |2,9e+04 |
| 4 | 3700 | 5000 |   80 |     0,4500 |1585936322758 |     166 |   181.0 | 9,04 |mscpnrg3.txt |3,0e+04 |
| 4 | 3800 | 5000 |   80 |     0,4500 |1585936322758 |     166 |   181.0 | 9,04 |mscpnrg3.txt |3,1e+04 |
| 4 | 3900 | 5000 |   85 |     0,4500 |1585936322758 |     166 |   181.0 | 9,04 |mscpnrg3.txt |3,2e+04 |
| 4 | 4000 | 5000 |   85 |     0,4500 |1585936322758 |     166 |   181.0 | 9,04 |mscpnrg3.txt |3,3e+04 |
| 4 | 4100 | 5000 |   85 |     0,4500 |1585936322758 |     166 |   181.0 | 9,04 |mscpnrg3.txt |3,3e+04 |
| 4 | 4200 | 5000 |   85 |     0,4500 |1585936322758 |     166 |   181.0 | 9,04 |mscpnrg3.txt |3,4e+04 |
| 4 | 4300 | 5000 |   90 |     0,4500 |1585936322758 |     166 |   181.0 | 9,04 |mscpnrg3.txt |3,5e+04 |
| 4 | 4400 | 5000 |   90 |     0,4500 |1585936322758 |     166 |   181.0 | 9,04 |mscpnrg3.txt |3,6e+04 |
| 4 | 4500 | 5000 |   90 |     0,4500 |1585936322758 |     166 |   181.0 | 9,04 |mscpnrg3.txt |3,6e+04 |
| 4 | 4600 | 5000 |   90 |     0,4500 |1585936322758 |     166 |   181.0 | 9,04 |mscpnrg3.txt |3,7e+04 |
| 4 | 4700 | 5000 |   95 |     0,4500 |1585936322758 |     166 |   181.0 | 9,04 |mscpnrg3.txt |3,8e+04 |
| 4 | 4800 | 5000 |   95 |     0,4500 |1585936322758 |     166 |   181.0 | 9,04 |mscpnrg3.txt |3,9e+04 |
| 4 | 4900 | 5000 |   95 |     0,4500 |1585936322758 |     166 |   181.0 | 9,04 |mscpnrg3.txt |4,0e+04 |
| 4 | 5000 | 5000 |   95 |     0,4500 |1585936322758 |     166 |   181.0 | 9,04 |mscpnrg3.txt |4,0e+04 |
| 4 | 1000 | 5000 |  100 |     0,4500 |1585936322758 |     166 |   181.0 | 9,04 |mscpnrg3.txt |4,0e+04 |
| 5 |    1 | 5000 |   35 |     0,2500 |1585976368911 |     166 | 10427.0 |6181,33 |mscpnrg3.txt |0,057 |
| 5 |  100 | 5000 |   35 |     0,4500 |1585976368911 |     166 |  9500.0 |5622,89 |mscpnrg3.txt |  5,3 |
| 5 |  200 | 5000 |   35 |     0,2571 |1585976368911 |     166 |  9199.0 |5441,57 |mscpnrg3.txt |   11 |
| 5 |  300 | 5000 |   35 |     0,4000 |1585976368911 |     166 |  8837.0 |5223,49 |mscpnrg3.txt |   17 |
| 5 |  400 | 5000 |   35 |     0,4000 |1585976368911 |     166 |  8563.0 |5058,43 |mscpnrg3.txt |   23 |
| 5 |  500 | 5000 |   40 |     0,4500 |1585976368911 |     166 |   183.0 |10,24 |mscpnrg3.txt |8,0e+02 |
| 5 |  600 | 5000 |   40 |     0,4500 |1585976368911 |     166 |   182.0 | 9,64 |mscpnrg3.txt |1,9e+03 |
| 5 |  700 | 5000 |   40 |     0,4500 |1585976368911 |     166 |   182.0 | 9,64 |mscpnrg3.txt |2,9e+03 |
| 5 |  800 | 5000 |   40 |     0,4500 |1585976368911 |     166 |   182.0 | 9,64 |mscpnrg3.txt |3,6e+03 |
| 5 |  900 | 5000 |   45 |     0,4500 |1585976368911 |     166 |   182.0 | 9,64 |mscpnrg3.txt |4,2e+03 |
| 5 | 1000 | 5000 |   45 |     0,4500 |1585976368911 |     166 |   182.0 | 9,64 |mscpnrg3.txt |4,8e+03 |
| 5 | 1100 | 5000 |   45 |     0,4500 |1585976368911 |     166 |   182.0 | 9,64 |mscpnrg3.txt |5,5e+03 |
| 5 | 1200 | 5000 |   45 |     0,4500 |1585976368911 |     166 |   182.0 | 9,64 |mscpnrg3.txt |6,1e+03 |
| 5 | 1300 | 5000 |   50 |     0,4500 |1585976368911 |     166 |   182.0 | 9,64 |mscpnrg3.txt |7,0e+03 |
| 5 | 1400 | 5000 |   50 |     0,4500 |1585976368911 |     166 |   182.0 | 9,64 |mscpnrg3.txt |7,7e+03 |
| 5 | 1500 | 5000 |   50 |     0,4500 |1585976368911 |     166 |   182.0 | 9,64 |mscpnrg3.txt |8,3e+03 |
| 5 | 1600 | 5000 |   50 |     0,4500 |1585976368911 |     166 |   182.0 | 9,64 |mscpnrg3.txt |8,9e+03 |
| 5 | 1700 | 5000 |   55 |     0,4500 |1585976368911 |     166 |   182.0 | 9,64 |mscpnrg3.txt |9,8e+03 |
| 5 | 1800 | 5000 |   55 |     0,4500 |1585976368911 |     166 |   182.0 | 9,64 |mscpnrg3.txt |1,1e+04 |
| 5 | 1900 | 5000 |   55 |     0,4500 |1585976368911 |     166 |   182.0 | 9,64 |mscpnrg3.txt |1,2e+04 |
| 5 | 2000 | 5000 |   55 |     0,4500 |1585976368911 |     166 |   182.0 | 9,64 |mscpnrg3.txt |1,2e+04 |
| 5 | 2100 | 5000 |   60 |     0,4500 |1585976368911 |     166 |   182.0 | 9,64 |mscpnrg3.txt |1,3e+04 |
| 5 | 2200 | 5000 |   60 |     0,4500 |1585976368911 |     166 |   181.0 | 9,04 |mscpnrg3.txt |1,4e+04 |
| 5 | 2300 | 5000 |   60 |     0,4500 |1585976368911 |     166 |   181.0 | 9,04 |mscpnrg3.txt |1,4e+04 |
| 5 | 2400 | 5000 |   60 |     0,4500 |1585976368911 |     166 |   181.0 | 9,04 |mscpnrg3.txt |1,5e+04 |
| 5 | 2500 | 5000 |   65 |     0,4500 |1585976368911 |     166 |   181.0 | 9,04 |mscpnrg3.txt |1,6e+04 |
| 5 | 2600 | 5000 |   65 |     0,4500 |1585976368911 |     166 |   181.0 | 9,04 |mscpnrg3.txt |1,6e+04 |
| 5 | 2700 | 5000 |   65 |     0,4500 |1585976368911 |     166 |   181.0 | 9,04 |mscpnrg3.txt |1,7e+04 |
| 5 | 2800 | 5000 |   65 |     0,4500 |1585976368911 |     166 |   181.0 | 9,04 |mscpnrg3.txt |1,8e+04 |
| 5 | 2900 | 5000 |   70 |     0,4500 |1585976368911 |     166 |   181.0 | 9,04 |mscpnrg3.txt |1,9e+04 |
| 5 | 3000 | 5000 |   70 |     0,4500 |1585976368911 |     166 |   181.0 | 9,04 |mscpnrg3.txt |1,9e+04 |
| 5 | 3100 | 5000 |   70 |     0,4500 |1585976368911 |     166 |   181.0 | 9,04 |mscpnrg3.txt |2,0e+04 |
| 5 | 3200 | 5000 |   70 |     0,4500 |1585976368911 |     166 |   181.0 | 9,04 |mscpnrg3.txt |2,0e+04 |
| 5 | 3300 | 5000 |   75 |     0,4500 |1585976368911 |     166 |   181.0 | 9,04 |mscpnrg3.txt |2,1e+04 |
| 5 | 3400 | 5000 |   75 |     0,4500 |1585976368911 |     166 |   181.0 | 9,04 |mscpnrg3.txt |2,2e+04 |
| 5 | 3500 | 5000 |   75 |     0,4500 |1585976368911 |     166 |   181.0 | 9,04 |mscpnrg3.txt |2,2e+04 |
| 5 | 3600 | 5000 |   75 |     0,4500 |1585976368911 |     166 |   181.0 | 9,04 |mscpnrg3.txt |2,3e+04 |
| 5 | 3700 | 5000 |   80 |     0,4500 |1585976368911 |     166 |   181.0 | 9,04 |mscpnrg3.txt |2,4e+04 |
| 5 | 3800 | 5000 |   80 |     0,4500 |1585976368911 |     166 |   181.0 | 9,04 |mscpnrg3.txt |2,5e+04 |
| 5 | 3900 | 5000 |   80 |     0,4500 |1585976368911 |     166 |   181.0 | 9,04 |mscpnrg3.txt |2,6e+04 |
| 5 | 4000 | 5000 |   80 |     0,4500 |1585976368911 |     166 |   181.0 | 9,04 |mscpnrg3.txt |2,6e+04 |
| 5 | 4100 | 5000 |   85 |     0,4500 |1585976368911 |     166 |   181.0 | 9,04 |mscpnrg3.txt |2,8e+04 |
| 5 | 4200 | 5000 |   85 |     0,4500 |1585976368911 |     166 |   181.0 | 9,04 |mscpnrg3.txt |2,9e+04 |
| 5 | 4300 | 5000 |   85 |     0,4500 |1585976368911 |     166 |   181.0 | 9,04 |mscpnrg3.txt |3,0e+04 |
| 5 | 4400 | 5000 |   85 |     0,4500 |1585976368911 |     166 |   181.0 | 9,04 |mscpnrg3.txt |3,0e+04 |
| 5 | 4500 | 5000 |   90 |     0,4500 |1585976368911 |     166 |   181.0 | 9,04 |mscpnrg3.txt |3,2e+04 |
| 5 | 4600 | 5000 |   90 |     0,4500 |1585976368911 |     166 |   181.0 | 9,04 |mscpnrg3.txt |3,3e+04 |
| 5 | 4700 | 5000 |   90 |     0,4500 |1585976368911 |     166 |   181.0 | 9,04 |mscpnrg3.txt |3,4e+04 |
| 5 | 4800 | 5000 |   90 |     0,4500 |1585976368911 |     166 |   181.0 | 9,04 |mscpnrg3.txt |3,5e+04 |
| 5 | 4900 | 5000 |   95 |     0,4500 |1585976368911 |     166 |   181.0 | 9,04 |mscpnrg3.txt |3,6e+04 |
| 5 | 5000 | 5000 |   95 |     0,4500 |1585976368911 |     166 |   181.0 | 9,04 |mscpnrg3.txt |3,7e+04 |
| 5 | 1000 | 5000 |   95 |     0,4500 |1585976368911 |     166 |   181.0 | 9,04 |mscpnrg3.txt |3,7e+04 |
| 6 |    1 | 5000 |   35 |     0,2500 |1586013058690 |     166 | 10395.0 |6162,05 |mscpnrg3.txt |0,049 |
| 6 |  100 | 5000 |   35 |     0,3714 |1586013058690 |     166 |  8996.0 |5319,28 |mscpnrg3.txt |  4,2 |
| 6 |  200 | 5000 |   35 |     0,3714 |1586013058690 |     166 |  8910.0 |5267,47 |mscpnrg3.txt |  8,5 |
| 6 |  300 | 5000 |   40 |     0,4500 |1586013058690 |     166 |   183.0 |10,24 |mscpnrg3.txt |6,9e+02 |
| 6 |  400 | 5000 |   40 |     0,4500 |1586013058690 |     166 |   183.0 |10,24 |mscpnrg3.txt |1,5e+03 |
| 6 |  500 | 5000 |   40 |     0,4500 |1586013058690 |     166 |   182.0 | 9,64 |mscpnrg3.txt |2,4e+03 |
| 6 |  600 | 5000 |   40 |     0,4500 |1586013058690 |     166 |   182.0 | 9,64 |mscpnrg3.txt |3,3e+03 |
| 6 |  700 | 5000 |   45 |     0,4500 |1586013058690 |     166 |   182.0 | 9,64 |mscpnrg3.txt |4,3e+03 |
| 6 |  800 | 5000 |   45 |     0,3778 |1586013058690 |     166 |   182.0 | 9,64 |mscpnrg3.txt |4,8e+03 |
| 6 |  900 | 5000 |   45 |     0,3778 |1586013058690 |     166 |   182.0 | 9,64 |mscpnrg3.txt |5,4e+03 |
| 6 | 1000 | 5000 |   45 |     0,3778 |1586013058690 |     166 |   182.0 | 9,64 |mscpnrg3.txt |6,0e+03 |
| 6 | 1100 | 5000 |   50 |     0,4500 |1586013058690 |     166 |   182.0 | 9,64 |mscpnrg3.txt |6,9e+03 |
| 6 | 1200 | 5000 |   50 |     0,4500 |1586013058690 |     166 |   182.0 | 9,64 |mscpnrg3.txt |7,3e+03 |
| 6 | 1300 | 5000 |   50 |     0,4500 |1586013058690 |     166 |   182.0 | 9,64 |mscpnrg3.txt |7,8e+03 |
| 6 | 1400 | 5000 |   50 |     0,4500 |1586013058690 |     166 |   182.0 | 9,64 |mscpnrg3.txt |8,4e+03 |
| 6 | 1500 | 5000 |   55 |     0,4500 |1586013058690 |     166 |   182.0 | 9,64 |mscpnrg3.txt |9,1e+03 |
| 6 | 1600 | 5000 |   55 |     0,4500 |1586013058690 |     166 |   182.0 | 9,64 |mscpnrg3.txt |9,9e+03 |
| 6 | 1700 | 5000 |   55 |     0,4500 |1586013058690 |     166 |   182.0 | 9,64 |mscpnrg3.txt |1,1e+04 |
| 6 | 1800 | 5000 |   55 |     0,4500 |1586013058690 |     166 |   182.0 | 9,64 |mscpnrg3.txt |1,1e+04 |
| 6 | 1900 | 5000 |   60 |     0,4500 |1586013058690 |     166 |   182.0 | 9,64 |mscpnrg3.txt |1,3e+04 |
| 6 | 2000 | 5000 |   60 |     0,4500 |1586013058690 |     166 |   182.0 | 9,64 |mscpnrg3.txt |1,3e+04 |
| 6 | 2100 | 5000 |   60 |     0,4500 |1586013058690 |     166 |   182.0 | 9,64 |mscpnrg3.txt |1,4e+04 |
| 6 | 2200 | 5000 |   60 |     0,4500 |1586013058690 |     166 |   182.0 | 9,64 |mscpnrg3.txt |1,4e+04 |
| 6 | 2300 | 5000 |   65 |     0,4500 |1586013058690 |     166 |   182.0 | 9,64 |mscpnrg3.txt |1,5e+04 |
| 6 | 2400 | 5000 |   65 |     0,4500 |1586013058690 |     166 |   182.0 | 9,64 |mscpnrg3.txt |1,6e+04 |
| 6 | 2500 | 5000 |   65 |     0,4500 |1586013058690 |     166 |   182.0 | 9,64 |mscpnrg3.txt |1,7e+04 |
| 6 | 2600 | 5000 |   65 |     0,4500 |1586013058690 |     166 |   182.0 | 9,64 |mscpnrg3.txt |1,8e+04 |
| 6 | 2700 | 5000 |   70 |     0,4500 |1586013058690 |     166 |   182.0 | 9,64 |mscpnrg3.txt |1,9e+04 |
| 6 | 2800 | 5000 |   70 |     0,4500 |1586013058690 |     166 |   182.0 | 9,64 |mscpnrg3.txt |1,9e+04 |
| 6 | 2900 | 5000 |   70 |     0,4500 |1586013058690 |     166 |   182.0 | 9,64 |mscpnrg3.txt |2,0e+04 |
| 6 | 3000 | 5000 |   70 |     0,4500 |1586013058690 |     166 |   182.0 | 9,64 |mscpnrg3.txt |2,0e+04 |
| 6 | 3100 | 5000 |   75 |     0,4500 |1586013058690 |     166 |   182.0 | 9,64 |mscpnrg3.txt |2,1e+04 |
| 6 | 3200 | 5000 |   75 |     0,4500 |1586013058690 |     166 |   182.0 | 9,64 |mscpnrg3.txt |2,2e+04 |
| 6 | 3300 | 5000 |   75 |     0,4500 |1586013058690 |     166 |   182.0 | 9,64 |mscpnrg3.txt |2,3e+04 |
| 6 | 3400 | 5000 |   75 |     0,4500 |1586013058690 |     166 |   182.0 | 9,64 |mscpnrg3.txt |2,4e+04 |
| 6 | 3500 | 5000 |   80 |     0,4500 |1586013058690 |     166 |   182.0 | 9,64 |mscpnrg3.txt |2,5e+04 |
| 6 | 3600 | 5000 |   80 |     0,4500 |1586013058690 |     166 |   182.0 | 9,64 |mscpnrg3.txt |2,6e+04 |
| 6 | 3700 | 5000 |   80 |     0,4500 |1586013058690 |     166 |   182.0 | 9,64 |mscpnrg3.txt |2,7e+04 |
| 6 | 3800 | 5000 |   80 |     0,4500 |1586013058690 |     166 |   182.0 | 9,64 |mscpnrg3.txt |2,8e+04 |
| 6 | 3900 | 5000 |   85 |     0,4500 |1586013058690 |     166 |   182.0 | 9,64 |mscpnrg3.txt |2,9e+04 |
| 6 | 4000 | 5000 |   85 |     0,4500 |1586013058690 |     166 |   182.0 | 9,64 |mscpnrg3.txt |2,9e+04 |
| 6 | 4100 | 5000 |   85 |     0,4500 |1586013058690 |     166 |   182.0 | 9,64 |mscpnrg3.txt |3,0e+04 |
| 6 | 4200 | 5000 |   85 |     0,4500 |1586013058690 |     166 |   182.0 | 9,64 |mscpnrg3.txt |3,1e+04 |
| 6 | 4300 | 5000 |   90 |     0,4500 |1586013058690 |     166 |   182.0 | 9,64 |mscpnrg3.txt |3,2e+04 |
| 6 | 4400 | 5000 |   90 |     0,4500 |1586013058690 |     166 |   182.0 | 9,64 |mscpnrg3.txt |3,2e+04 |
| 6 | 4500 | 5000 |   90 |     0,4500 |1586013058690 |     166 |   182.0 | 9,64 |mscpnrg3.txt |3,3e+04 |
| 6 | 4600 | 5000 |   90 |     0,4500 |1586013058690 |     166 |   182.0 | 9,64 |mscpnrg3.txt |3,4e+04 |
| 6 | 4700 | 5000 |   95 |     0,4500 |1586013058690 |     166 |   182.0 | 9,64 |mscpnrg3.txt |3,6e+04 |
| 6 | 4800 | 5000 |   95 |     0,4500 |1586013058690 |     166 |   182.0 | 9,64 |mscpnrg3.txt |3,7e+04 |
| 6 | 4900 | 5000 |   95 |     0,4500 |1586013058690 |     166 |   182.0 | 9,64 |mscpnrg3.txt |3,8e+04 |
| 6 | 5000 | 5000 |   95 |     0,4500 |1586013058690 |     166 |   182.0 | 9,64 |mscpnrg3.txt |3,9e+04 |
| 6 | 1000 | 5000 |  100 |     0,4500 |1586013058690 |     166 |   182.0 | 9,64 |mscpnrg3.txt |3,9e+04 |
| 7 |    1 | 5000 |   35 |     0,2500 |1586052146526 |     166 | 10330.0 |6122,89 |mscpnrg3.txt |0,052 |
| 7 |  100 | 5000 |   35 |     0,4286 |1586052146526 |     166 |  9115.0 |5390,96 |mscpnrg3.txt |  5,5 |
| 7 |  200 | 5000 |   35 |     0,4500 |1586052146526 |     166 |  8733.0 |5160,84 |mscpnrg3.txt |   11 |
| 7 |  300 | 5000 |   35 |     0,4500 |1586052146526 |     166 |   320.0 |92,77 |mscpnrg3.txt |   35 |
| 7 |  400 | 5000 |   35 |     0,3143 |1586052146526 |     166 |   298.0 |79,52 |mscpnrg3.txt |   73 |
| 7 |  500 | 5000 |   35 |     0,3429 |1586052146526 |     166 |   269.0 |62,05 |mscpnrg3.txt |1,3e+02 |
| 7 |  600 | 5000 |   40 |     0,4500 |1586052146526 |     166 |   182.0 | 9,64 |mscpnrg3.txt |9,4e+02 |
| 7 |  700 | 5000 |   40 |     0,4500 |1586052146526 |     166 |   182.0 | 9,64 |mscpnrg3.txt |1,9e+03 |
| 7 |  800 | 5000 |   40 |     0,4500 |1586052146526 |     166 |   182.0 | 9,64 |mscpnrg3.txt |2,7e+03 |
| 7 |  900 | 5000 |   40 |     0,4250 |1586052146526 |     166 |   182.0 | 9,64 |mscpnrg3.txt |3,2e+03 |
| 7 | 1000 | 5000 |   45 |     0,4500 |1586052146526 |     166 |   182.0 | 9,64 |mscpnrg3.txt |4,1e+03 |
| 7 | 1100 | 5000 |   45 |     0,4222 |1586052146526 |     166 |   182.0 | 9,64 |mscpnrg3.txt |4,5e+03 |
| 7 | 1200 | 5000 |   45 |     0,4222 |1586052146526 |     166 |   182.0 | 9,64 |mscpnrg3.txt |5,0e+03 |
| 7 | 1300 | 5000 |   45 |     0,4222 |1586052146526 |     166 |   182.0 | 9,64 |mscpnrg3.txt |5,4e+03 |
| 7 | 1400 | 5000 |   50 |     0,4200 |1586052146526 |     166 |   182.0 | 9,64 |mscpnrg3.txt |6,1e+03 |
| 7 | 1500 | 5000 |   50 |     0,4200 |1586052146526 |     166 |   182.0 | 9,64 |mscpnrg3.txt |6,8e+03 |
| 7 | 1600 | 5000 |   50 |     0,4200 |1586052146526 |     166 |   182.0 | 9,64 |mscpnrg3.txt |7,5e+03 |
| 7 | 1700 | 5000 |   50 |     0,4200 |1586052146526 |     166 |   182.0 | 9,64 |mscpnrg3.txt |8,2e+03 |
| 7 | 1800 | 5000 |   55 |     0,4500 |1586052146526 |     166 |   182.0 | 9,64 |mscpnrg3.txt |9,1e+03 |
| 7 | 1900 | 5000 |   55 |     0,4500 |1586052146526 |     166 |   182.0 | 9,64 |mscpnrg3.txt |9,6e+03 |
| 7 | 2000 | 5000 |   55 |     0,4500 |1586052146526 |     166 |   182.0 | 9,64 |mscpnrg3.txt |1,0e+04 |
| 7 | 2100 | 5000 |   55 |     0,4500 |1586052146526 |     166 |   182.0 | 9,64 |mscpnrg3.txt |1,1e+04 |
| 7 | 2200 | 5000 |   60 |     0,4500 |1586052146526 |     166 |   182.0 | 9,64 |mscpnrg3.txt |1,1e+04 |
| 7 | 2300 | 5000 |   60 |     0,4500 |1586052146526 |     166 |   182.0 | 9,64 |mscpnrg3.txt |1,2e+04 |
| 7 | 2400 | 5000 |   60 |     0,4500 |1586052146526 |     166 |   182.0 | 9,64 |mscpnrg3.txt |1,3e+04 |
| 7 | 2500 | 5000 |   60 |     0,4500 |1586052146526 |     166 |   182.0 | 9,64 |mscpnrg3.txt |1,3e+04 |
| 7 | 2600 | 5000 |   65 |     0,4500 |1586052146526 |     166 |   182.0 | 9,64 |mscpnrg3.txt |1,4e+04 |
| 7 | 2700 | 5000 |   65 |     0,4500 |1586052146526 |     166 |   182.0 | 9,64 |mscpnrg3.txt |1,5e+04 |
| 7 | 2800 | 5000 |   65 |     0,4500 |1586052146526 |     166 |   182.0 | 9,64 |mscpnrg3.txt |1,5e+04 |
| 7 | 2900 | 5000 |   65 |     0,4500 |1586052146526 |     166 |   182.0 | 9,64 |mscpnrg3.txt |1,6e+04 |
| 7 | 3000 | 5000 |   70 |     0,4500 |1586052146526 |     166 |   182.0 | 9,64 |mscpnrg3.txt |1,6e+04 |
| 7 | 3100 | 5000 |   70 |     0,4500 |1586052146526 |     166 |   182.0 | 9,64 |mscpnrg3.txt |1,7e+04 |
| 7 | 3200 | 5000 |   70 |     0,4500 |1586052146526 |     166 |   182.0 | 9,64 |mscpnrg3.txt |1,8e+04 |
| 7 | 3300 | 5000 |   70 |     0,4500 |1586052146526 |     166 |   182.0 | 9,64 |mscpnrg3.txt |1,8e+04 |
| 7 | 3400 | 5000 |   75 |     0,4500 |1586052146526 |     166 |   182.0 | 9,64 |mscpnrg3.txt |1,9e+04 |
| 7 | 3500 | 5000 |   75 |     0,4500 |1586052146526 |     166 |   182.0 | 9,64 |mscpnrg3.txt |2,0e+04 |
| 7 | 3600 | 5000 |   75 |     0,4500 |1586052146526 |     166 |   182.0 | 9,64 |mscpnrg3.txt |2,0e+04 |
| 7 | 3700 | 5000 |   75 |     0,4500 |1586052146526 |     166 |   182.0 | 9,64 |mscpnrg3.txt |2,1e+04 |
| 7 | 3800 | 5000 |   80 |     0,4500 |1586052146526 |     166 |   182.0 | 9,64 |mscpnrg3.txt |2,1e+04 |
| 7 | 3900 | 5000 |   80 |     0,4500 |1586052146526 |     166 |   182.0 | 9,64 |mscpnrg3.txt |2,2e+04 |
| 7 | 4000 | 5000 |   80 |     0,4500 |1586052146526 |     166 |   182.0 | 9,64 |mscpnrg3.txt |2,3e+04 |
| 7 | 4100 | 5000 |   80 |     0,4500 |1586052146526 |     166 |   182.0 | 9,64 |mscpnrg3.txt |2,3e+04 |
| 7 | 4200 | 5000 |   85 |     0,4500 |1586052146526 |     166 |   182.0 | 9,64 |mscpnrg3.txt |2,4e+04 |
| 7 | 4300 | 5000 |   85 |     0,4500 |1586052146526 |     166 |   182.0 | 9,64 |mscpnrg3.txt |2,5e+04 |
| 7 | 4400 | 5000 |   85 |     0,4500 |1586052146526 |     166 |   182.0 | 9,64 |mscpnrg3.txt |2,6e+04 |
| 7 | 4500 | 5000 |   85 |     0,4500 |1586052146526 |     166 |   182.0 | 9,64 |mscpnrg3.txt |2,7e+04 |
| 7 | 4600 | 5000 |   90 |     0,4500 |1586052146526 |     166 |   182.0 | 9,64 |mscpnrg3.txt |2,8e+04 |
| 7 | 4700 | 5000 |   90 |     0,4500 |1586052146526 |     166 |   182.0 | 9,64 |mscpnrg3.txt |2,9e+04 |
| 7 | 4800 | 5000 |   90 |     0,4500 |1586052146526 |     166 |   182.0 | 9,64 |mscpnrg3.txt |2,9e+04 |
| 7 | 4900 | 5000 |   90 |     0,4500 |1586052146526 |     166 |   181.0 | 9,04 |mscpnrg3.txt |3,0e+04 |
| 7 | 5000 | 5000 |   95 |     0,4500 |1586052146526 |     166 |   181.0 | 9,04 |mscpnrg3.txt |3,1e+04 |
| 7 | 1000 | 5000 |   95 |     0,4500 |1586052146526 |     166 |   181.0 | 9,04 |mscpnrg3.txt |3,1e+04 |
| 8 |    1 | 5000 |   35 |     0,2500 |1586083073623 |     166 | 10282.0 |6093,98 |mscpnrg3.txt |0,073 |
| 8 |  100 | 5000 |   35 |     0,3714 |1586083073623 |     166 |  9345.0 |5529,52 |mscpnrg3.txt |  5,3 |
| 8 |  200 | 5000 |   35 |     0,4286 |1586083073623 |     166 |  8815.0 |5210,24 |mscpnrg3.txt |   12 |
| 8 |  300 | 5000 |   35 |     0,3429 |1586083073623 |     166 |  8403.0 |4962,05 |mscpnrg3.txt |   17 |
| 8 |  400 | 5000 |   40 |     0,4500 |1586083073623 |     166 |   183.0 |10,24 |mscpnrg3.txt |7,7e+02 |
| 8 |  500 | 5000 |   40 |     0,4250 |1586083073623 |     166 |   183.0 |10,24 |mscpnrg3.txt |1,4e+03 |
| 8 |  600 | 5000 |   40 |     0,4000 |1586083073623 |     166 |   181.0 | 9,04 |mscpnrg3.txt |1,8e+03 |
| 8 |  700 | 5000 |   40 |     0,4000 |1586083073623 |     166 |   181.0 | 9,04 |mscpnrg3.txt |2,1e+03 |
| 8 |  800 | 5000 |   45 |     0,4500 |1586083073623 |     166 |   181.0 | 9,04 |mscpnrg3.txt |2,8e+03 |
| 8 |  900 | 5000 |   45 |     0,4500 |1586083073623 |     166 |   181.0 | 9,04 |mscpnrg3.txt |3,1e+03 |
| 8 | 1000 | 5000 |   45 |     0,4500 |1586083073623 |     166 |   181.0 | 9,04 |mscpnrg3.txt |3,3e+03 |
| 8 | 1100 | 5000 |   45 |     0,4500 |1586083073623 |     166 |   181.0 | 9,04 |mscpnrg3.txt |3,6e+03 |
| 8 | 1200 | 5000 |   50 |     0,4500 |1586083073623 |     166 |   181.0 | 9,04 |mscpnrg3.txt |4,2e+03 |
| 8 | 1300 | 5000 |   50 |     0,4500 |1586083073623 |     166 |   181.0 | 9,04 |mscpnrg3.txt |4,7e+03 |
| 8 | 1400 | 5000 |   50 |     0,4500 |1586083073623 |     166 |   181.0 | 9,04 |mscpnrg3.txt |5,2e+03 |
| 8 | 1500 | 5000 |   50 |     0,4500 |1586083073623 |     166 |   181.0 | 9,04 |mscpnrg3.txt |5,8e+03 |
| 8 | 1600 | 5000 |   55 |     0,4500 |1586083073623 |     166 |   181.0 | 9,04 |mscpnrg3.txt |6,5e+03 |
| 8 | 1700 | 5000 |   55 |     0,4500 |1586083073623 |     166 |   181.0 | 9,04 |mscpnrg3.txt |6,9e+03 |
| 8 | 1800 | 5000 |   55 |     0,4500 |1586083073623 |     166 |   181.0 | 9,04 |mscpnrg3.txt |7,3e+03 |
| 8 | 1900 | 5000 |   55 |     0,4500 |1586083073623 |     166 |   181.0 | 9,04 |mscpnrg3.txt |7,7e+03 |
| 8 | 2000 | 5000 |   60 |     0,4500 |1586083073623 |     166 |   181.0 | 9,04 |mscpnrg3.txt |8,3e+03 |
| 8 | 2100 | 5000 |   60 |     0,4500 |1586083073623 |     166 |   181.0 | 9,04 |mscpnrg3.txt |8,9e+03 |
| 8 | 2200 | 5000 |   60 |     0,4500 |1586083073623 |     166 |   181.0 | 9,04 |mscpnrg3.txt |9,6e+03 |
| 8 | 2300 | 5000 |   60 |     0,4500 |1586083073623 |     166 |   181.0 | 9,04 |mscpnrg3.txt |1,0e+04 |
| 8 | 2400 | 5000 |   65 |     0,4500 |1586083073623 |     166 |   181.0 | 9,04 |mscpnrg3.txt |1,1e+04 |
| 8 | 2500 | 5000 |   65 |     0,4500 |1586083073623 |     166 |   181.0 | 9,04 |mscpnrg3.txt |1,2e+04 |
| 8 | 2600 | 5000 |   65 |     0,4500 |1586083073623 |     166 |   181.0 | 9,04 |mscpnrg3.txt |1,2e+04 |
| 8 | 2700 | 5000 |   65 |     0,4500 |1586083073623 |     166 |   181.0 | 9,04 |mscpnrg3.txt |1,3e+04 |
| 8 | 2800 | 5000 |   70 |     0,4500 |1586083073623 |     166 |   181.0 | 9,04 |mscpnrg3.txt |1,3e+04 |
| 8 | 2900 | 5000 |   70 |     0,4500 |1586083073623 |     166 |   181.0 | 9,04 |mscpnrg3.txt |1,4e+04 |
| 8 | 3000 | 5000 |   70 |     0,4500 |1586083073623 |     166 |   181.0 | 9,04 |mscpnrg3.txt |1,5e+04 |
| 8 | 3100 | 5000 |   70 |     0,4500 |1586083073623 |     166 |   181.0 | 9,04 |mscpnrg3.txt |1,5e+04 |
| 8 | 3200 | 5000 |   75 |     0,4500 |1586083073623 |     166 |   181.0 | 9,04 |mscpnrg3.txt |1,6e+04 |
| 8 | 3300 | 5000 |   75 |     0,4500 |1586083073623 |     166 |   181.0 | 9,04 |mscpnrg3.txt |1,7e+04 |
| 8 | 3400 | 5000 |   75 |     0,4500 |1586083073623 |     166 |   181.0 | 9,04 |mscpnrg3.txt |1,7e+04 |
| 8 | 3500 | 5000 |   75 |     0,4500 |1586083073623 |     166 |   181.0 | 9,04 |mscpnrg3.txt |1,8e+04 |
| 8 | 3600 | 5000 |   80 |     0,4500 |1586083073623 |     166 |   181.0 | 9,04 |mscpnrg3.txt |1,9e+04 |
| 8 | 3700 | 5000 |   80 |     0,4500 |1586083073623 |     166 |   181.0 | 9,04 |mscpnrg3.txt |2,0e+04 |
| 8 | 3800 | 5000 |   80 |     0,4500 |1586083073623 |     166 |   181.0 | 9,04 |mscpnrg3.txt |2,0e+04 |
| 8 | 3900 | 5000 |   80 |     0,4500 |1586083073623 |     166 |   181.0 | 9,04 |mscpnrg3.txt |2,1e+04 |
| 8 | 4000 | 5000 |   85 |     0,4500 |1586083073623 |     166 |   181.0 | 9,04 |mscpnrg3.txt |2,2e+04 |
| 8 | 4100 | 5000 |   85 |     0,4500 |1586083073623 |     166 |   181.0 | 9,04 |mscpnrg3.txt |2,3e+04 |
| 8 | 4200 | 5000 |   85 |     0,4500 |1586083073623 |     166 |   181.0 | 9,04 |mscpnrg3.txt |2,3e+04 |
| 8 | 4300 | 5000 |   85 |     0,4500 |1586083073623 |     166 |   181.0 | 9,04 |mscpnrg3.txt |2,4e+04 |
| 8 | 4400 | 5000 |   90 |     0,4500 |1586083073623 |     166 |   181.0 | 9,04 |mscpnrg3.txt |2,4e+04 |
| 8 | 4500 | 5000 |   90 |     0,4500 |1586083073623 |     166 |   181.0 | 9,04 |mscpnrg3.txt |2,5e+04 |
| 8 | 4600 | 5000 |   90 |     0,4500 |1586083073623 |     166 |   180.0 | 8,43 |mscpnrg3.txt |2,5e+04 |
| 8 | 4700 | 5000 |   90 |     0,4500 |1586083073623 |     166 |   180.0 | 8,43 |mscpnrg3.txt |2,6e+04 |
| 8 | 4800 | 5000 |   95 |     0,4500 |1586083073623 |     166 |   180.0 | 8,43 |mscpnrg3.txt |2,7e+04 |
| 8 | 4900 | 5000 |   95 |     0,4500 |1586083073623 |     166 |   180.0 | 8,43 |mscpnrg3.txt |2,8e+04 |
| 8 | 5000 | 5000 |   95 |     0,4500 |1586083073623 |     166 |   180.0 | 8,43 |mscpnrg3.txt |2,9e+04 |
| 8 | 1000 | 5000 |   95 |     0,4500 |1586083073623 |     166 |   180.0 | 8,43 |mscpnrg3.txt |2,9e+04 |
| 9 |    1 | 5000 |   35 |     0,2500 |1586111793263 |     166 | 10374.0 |6149,40 |mscpnrg3.txt |0,050 |
| 9 |  100 | 5000 |   35 |     0,3714 |1586111793263 |     166 |  9403.0 |5564,46 |mscpnrg3.txt |  4,3 |
| 9 |  200 | 5000 |   40 |     0,4500 |1586111793263 |     166 |   182.0 | 9,64 |mscpnrg3.txt |5,4e+02 |
| 9 |  300 | 5000 |   40 |     0,4500 |1586111793263 |     166 |   182.0 | 9,64 |mscpnrg3.txt |1,2e+03 |
| 9 |  400 | 5000 |   40 |     0,2750 |1586111793263 |     166 |   182.0 | 9,64 |mscpnrg3.txt |1,9e+03 |
| 9 |  500 | 5000 |   40 |     0,4500 |1586111793263 |     166 |   182.0 | 9,64 |mscpnrg3.txt |2,3e+03 |
| 9 |  600 | 5000 |   45 |     0,4444 |1586111793263 |     166 |   180.0 | 8,43 |mscpnrg3.txt |3,0e+03 |
| 9 |  700 | 5000 |   45 |     0,4500 |1586111793263 |     166 |   180.0 | 8,43 |mscpnrg3.txt |3,8e+03 |
| 9 |  800 | 5000 |   45 |     0,4444 |1586111793263 |     166 |   180.0 | 8,43 |mscpnrg3.txt |4,6e+03 |
| 9 |  900 | 5000 |   45 |     0,4444 |1586111793263 |     166 |   180.0 | 8,43 |mscpnrg3.txt |5,4e+03 |
| 9 | 1000 | 5000 |   50 |     0,4500 |1586111793263 |     166 |   180.0 | 8,43 |mscpnrg3.txt |6,5e+03 |
| 9 | 1100 | 5000 |   50 |     0,4500 |1586111793263 |     166 |   180.0 | 8,43 |mscpnrg3.txt |7,1e+03 |
| 9 | 1200 | 5000 |   50 |     0,4500 |1586111793263 |     166 |   180.0 | 8,43 |mscpnrg3.txt |7,7e+03 |
| 9 | 1300 | 5000 |   50 |     0,4500 |1586111793263 |     166 |   180.0 | 8,43 |mscpnrg3.txt |8,2e+03 |
| 9 | 1400 | 5000 |   55 |     0,4500 |1586111793263 |     166 |   180.0 | 8,43 |mscpnrg3.txt |9,2e+03 |
| 9 | 1500 | 5000 |   55 |     0,4500 |1586111793263 |     166 |   180.0 | 8,43 |mscpnrg3.txt |1,0e+04 |
| 9 | 1600 | 5000 |   55 |     0,4500 |1586111793263 |     166 |   180.0 | 8,43 |mscpnrg3.txt |1,1e+04 |
| 9 | 1700 | 5000 |   55 |     0,4500 |1586111793263 |     166 |   180.0 | 8,43 |mscpnrg3.txt |1,2e+04 |
| 9 | 1800 | 5000 |   60 |     0,4500 |1586111793263 |     166 |   180.0 | 8,43 |mscpnrg3.txt |1,4e+04 |
| 9 | 1900 | 5000 |   60 |     0,4500 |1586111793263 |     166 |   180.0 | 8,43 |mscpnrg3.txt |1,4e+04 |
| 9 | 2000 | 5000 |   60 |     0,4500 |1586111793263 |     166 |   180.0 | 8,43 |mscpnrg3.txt |1,5e+04 |
| 9 | 2100 | 5000 |   60 |     0,4500 |1586111793263 |     166 |   180.0 | 8,43 |mscpnrg3.txt |1,5e+04 |
| 9 | 2200 | 5000 |   65 |     0,4500 |1586111793263 |     166 |   180.0 | 8,43 |mscpnrg3.txt |1,6e+04 |
| 9 | 2300 | 5000 |   65 |     0,4500 |1586111793263 |     166 |   180.0 | 8,43 |mscpnrg3.txt |1,7e+04 |
| 9 | 2400 | 5000 |   65 |     0,4500 |1586111793263 |     166 |   180.0 | 8,43 |mscpnrg3.txt |1,7e+04 |
| 9 | 2500 | 5000 |   65 |     0,4500 |1586111793263 |     166 |   180.0 | 8,43 |mscpnrg3.txt |1,7e+04 |
| 9 | 2600 | 5000 |   70 |     0,4500 |1586111793263 |     166 |   180.0 | 8,43 |mscpnrg3.txt |1,8e+04 |
| 9 | 2700 | 5000 |   70 |     0,4500 |1586111793263 |     166 |   180.0 | 8,43 |mscpnrg3.txt |1,9e+04 |
| 9 | 2800 | 5000 |   70 |     0,4500 |1586111793263 |     166 |   180.0 | 8,43 |mscpnrg3.txt |2,0e+04 |
| 9 | 2900 | 5000 |   70 |     0,4500 |1586111793263 |     166 |   180.0 | 8,43 |mscpnrg3.txt |2,0e+04 |
| 9 | 3000 | 5000 |   75 |     0,4500 |1586111793263 |     166 |   180.0 | 8,43 |mscpnrg3.txt |2,2e+04 |
| 9 | 3100 | 5000 |   75 |     0,4500 |1586111793263 |     166 |   180.0 | 8,43 |mscpnrg3.txt |2,2e+04 |
| 9 | 3200 | 5000 |   75 |     0,4500 |1586111793263 |     166 |   180.0 | 8,43 |mscpnrg3.txt |2,3e+04 |
| 9 | 3300 | 5000 |   75 |     0,4500 |1586111793263 |     166 |   180.0 | 8,43 |mscpnrg3.txt |2,3e+04 |
| 9 | 3400 | 5000 |   80 |     0,4500 |1586111793263 |     166 |   180.0 | 8,43 |mscpnrg3.txt |2,4e+04 |
| 9 | 3500 | 5000 |   80 |     0,4500 |1586111793263 |     166 |   180.0 | 8,43 |mscpnrg3.txt |2,5e+04 |
| 9 | 3600 | 5000 |   80 |     0,4500 |1586111793263 |     166 |   180.0 | 8,43 |mscpnrg3.txt |2,6e+04 |
| 9 | 3700 | 5000 |   80 |     0,4500 |1586111793263 |     166 |   180.0 | 8,43 |mscpnrg3.txt |2,7e+04 |
| 9 | 3800 | 5000 |   85 |     0,4500 |1586111793263 |     166 |   180.0 | 8,43 |mscpnrg3.txt |2,8e+04 |
| 9 | 3900 | 5000 |   85 |     0,4500 |1586111793263 |     166 |   180.0 | 8,43 |mscpnrg3.txt |2,9e+04 |
| 9 | 4000 | 5000 |   85 |     0,4500 |1586111793263 |     166 |   180.0 | 8,43 |mscpnrg3.txt |3,0e+04 |
| 9 | 4100 | 5000 |   85 |     0,4500 |1586111793263 |     166 |   180.0 | 8,43 |mscpnrg3.txt |3,0e+04 |
| 9 | 4200 | 5000 |   90 |     0,4500 |1586111793263 |     166 |   180.0 | 8,43 |mscpnrg3.txt |3,1e+04 |
| 9 | 4300 | 5000 |   90 |     0,4500 |1586111793263 |     166 |   180.0 | 8,43 |mscpnrg3.txt |3,1e+04 |
| 9 | 4400 | 5000 |   90 |     0,4500 |1586111793263 |     166 |   180.0 | 8,43 |mscpnrg3.txt |3,2e+04 |
| 9 | 4500 | 5000 |   90 |     0,4500 |1586111793263 |     166 |   180.0 | 8,43 |mscpnrg3.txt |3,3e+04 |
| 9 | 4600 | 5000 |   95 |     0,4500 |1586111793263 |     166 |   180.0 | 8,43 |mscpnrg3.txt |3,4e+04 |
| 9 | 4700 | 5000 |   95 |     0,4500 |1586111793263 |     166 |   180.0 | 8,43 |mscpnrg3.txt |3,4e+04 |
| 9 | 4800 | 5000 |   95 |     0,4500 |1586111793263 |     166 |   180.0 | 8,43 |mscpnrg3.txt |3,4e+04 |
| 9 | 4900 | 5000 |   95 |     0,4500 |1586111793263 |     166 |   180.0 | 8,43 |mscpnrg3.txt |3,5e+04 |
| 9 | 5000 | 5000 |  100 |     0,4500 |1586111793263 |     166 |   180.0 | 8,43 |mscpnrg3.txt |3,5e+04 |
| 9 | 1000 | 5000 |  100 |     0,4500 |1586111793263 |     166 |   180.0 | 8,43 |mscpnrg3.txt |3,5e+04 |
|10 |    1 | 5000 |   35 |     0,2500 |1586147216459 |     166 | 10324.0 |6119,28 |mscpnrg3.txt |0,056 |
|10 |  100 | 5000 |   35 |     0,3143 |1586147216459 |     166 |  9296.0 |5500,00 |mscpnrg3.txt |  4,2 |
|10 |  200 | 5000 |   35 |     0,3714 |1586147216459 |     166 |  8831.0 |5219,88 |mscpnrg3.txt |  9,0 |
|10 |  300 | 5000 |   35 |     0,3714 |1586147216459 |     166 |  8522.0 |5033,73 |mscpnrg3.txt |   14 |
|10 |  400 | 5000 |   40 |     0,4500 |1586147216459 |     166 |   182.0 | 9,64 |mscpnrg3.txt |6,6e+02 |
|10 |  500 | 5000 |   40 |     0,4500 |1586147216459 |     166 |   182.0 | 9,64 |mscpnrg3.txt |1,5e+03 |
|10 |  600 | 5000 |   40 |     0,4500 |1586147216459 |     166 |   182.0 | 9,64 |mscpnrg3.txt |2,0e+03 |
|10 |  700 | 5000 |   40 |     0,3750 |1586147216459 |     166 |   182.0 | 9,64 |mscpnrg3.txt |2,3e+03 |
|10 |  800 | 5000 |   45 |     0,4444 |1586147216459 |     166 |   182.0 | 9,64 |mscpnrg3.txt |2,9e+03 |
|10 |  900 | 5000 |   45 |     0,4444 |1586147216459 |     166 |   182.0 | 9,64 |mscpnrg3.txt |3,4e+03 |
|10 | 1000 | 5000 |   45 |     0,4500 |1586147216459 |     166 |   182.0 | 9,64 |mscpnrg3.txt |4,0e+03 |
|10 | 1100 | 5000 |   45 |     0,4500 |1586147216459 |     166 |   182.0 | 9,64 |mscpnrg3.txt |4,5e+03 |
|10 | 1200 | 5000 |   50 |     0,4500 |1586147216459 |     166 |   182.0 | 9,64 |mscpnrg3.txt |5,3e+03 |
|10 | 1300 | 5000 |   50 |     0,4200 |1586147216459 |     166 |   182.0 | 9,64 |mscpnrg3.txt |5,8e+03 |
|10 | 1400 | 5000 |   50 |     0,4200 |1586147216459 |     166 |   182.0 | 9,64 |mscpnrg3.txt |6,3e+03 |
|10 | 1500 | 5000 |   50 |     0,4200 |1586147216459 |     166 |   182.0 | 9,64 |mscpnrg3.txt |6,8e+03 |
|10 | 1600 | 5000 |   55 |     0,4500 |1586147216459 |     166 |   182.0 | 9,64 |mscpnrg3.txt |7,6e+03 |
|10 | 1700 | 5000 |   55 |     0,4500 |1586147216459 |     166 |   182.0 | 9,64 |mscpnrg3.txt |8,3e+03 |
|10 | 1800 | 5000 |   55 |     0,4500 |1586147216459 |     166 |   182.0 | 9,64 |mscpnrg3.txt |9,0e+03 |
|10 | 1900 | 5000 |   55 |     0,4500 |1586147216459 |     166 |   182.0 | 9,64 |mscpnrg3.txt |9,7e+03 |
|10 | 2000 | 5000 |   60 |     0,4500 |1586147216459 |     166 |   182.0 | 9,64 |mscpnrg3.txt |1,1e+04 |
|10 | 2100 | 5000 |   60 |     0,4500 |1586147216459 |     166 |   182.0 | 9,64 |mscpnrg3.txt |1,1e+04 |
|10 | 2200 | 5000 |   60 |     0,4500 |1586147216459 |     166 |   182.0 | 9,64 |mscpnrg3.txt |1,2e+04 |
|10 | 2300 | 5000 |   60 |     0,4500 |1586147216459 |     166 |   182.0 | 9,64 |mscpnrg3.txt |1,2e+04 |
|10 | 2400 | 5000 |   65 |     0,4500 |1586147216459 |     166 |   182.0 | 9,64 |mscpnrg3.txt |1,3e+04 |
|10 | 2500 | 5000 |   65 |     0,4500 |1586147216459 |     166 |   182.0 | 9,64 |mscpnrg3.txt |1,4e+04 |
|10 | 2600 | 5000 |   65 |     0,4500 |1586147216459 |     166 |   182.0 | 9,64 |mscpnrg3.txt |1,5e+04 |
|10 | 2700 | 5000 |   65 |     0,4500 |1586147216459 |     166 |   182.0 | 9,64 |mscpnrg3.txt |1,5e+04 |
|10 | 2800 | 5000 |   70 |     0,4500 |1586147216459 |     166 |   182.0 | 9,64 |mscpnrg3.txt |1,6e+04 |
|10 | 2900 | 5000 |   70 |     0,4500 |1586147216459 |     166 |   182.0 | 9,64 |mscpnrg3.txt |1,7e+04 |
|10 | 3000 | 5000 |   70 |     0,4500 |1586147216459 |     166 |   182.0 | 9,64 |mscpnrg3.txt |1,7e+04 |
|10 | 3100 | 5000 |   70 |     0,4500 |1586147216459 |     166 |   182.0 | 9,64 |mscpnrg3.txt |1,8e+04 |
|10 | 3200 | 5000 |   75 |     0,4500 |1586147216459 |     166 |   182.0 | 9,64 |mscpnrg3.txt |1,9e+04 |
|10 | 3300 | 5000 |   75 |     0,4500 |1586147216459 |     166 |   182.0 | 9,64 |mscpnrg3.txt |2,0e+04 |
|10 | 3400 | 5000 |   75 |     0,4500 |1586147216459 |     166 |   182.0 | 9,64 |mscpnrg3.txt |2,0e+04 |
|10 | 3500 | 5000 |   75 |     0,4500 |1586147216459 |     166 |   182.0 | 9,64 |mscpnrg3.txt |2,1e+04 |
|10 | 3600 | 5000 |   80 |     0,4500 |1586147216459 |     166 |   182.0 | 9,64 |mscpnrg3.txt |2,2e+04 |
|10 | 3700 | 5000 |   80 |     0,4500 |1586147216459 |     166 |   182.0 | 9,64 |mscpnrg3.txt |2,3e+04 |
|10 | 3800 | 5000 |   80 |     0,4500 |1586147216459 |     166 |   182.0 | 9,64 |mscpnrg3.txt |2,4e+04 |
|10 | 3900 | 5000 |   80 |     0,4500 |1586147216459 |     166 |   182.0 | 9,64 |mscpnrg3.txt |2,5e+04 |
|10 | 4000 | 5000 |   85 |     0,4500 |1586147216459 |     166 |   182.0 | 9,64 |mscpnrg3.txt |2,7e+04 |
|10 | 4100 | 5000 |   85 |     0,4500 |1586147216459 |     166 |   182.0 | 9,64 |mscpnrg3.txt |2,8e+04 |
|10 | 4200 | 5000 |   85 |     0,4500 |1586147216459 |     166 |   182.0 | 9,64 |mscpnrg3.txt |2,9e+04 |
|10 | 4300 | 5000 |   85 |     0,4500 |1586147216459 |     166 |   182.0 | 9,64 |mscpnrg3.txt |3,1e+04 |
|10 | 4400 | 5000 |   90 |     0,4500 |1586147216459 |     166 |   181.0 | 9,04 |mscpnrg3.txt |3,2e+04 |
|10 | 4500 | 5000 |   90 |     0,4500 |1586147216459 |     166 |   181.0 | 9,04 |mscpnrg3.txt |3,3e+04 |
|10 | 4600 | 5000 |   90 |     0,4500 |1586147216459 |     166 |   181.0 | 9,04 |mscpnrg3.txt |3,4e+04 |
|10 | 4700 | 5000 |   90 |     0,4500 |1586147216459 |     166 |   181.0 | 9,04 |mscpnrg3.txt |3,5e+04 |
|10 | 4800 | 5000 |   95 |     0,4500 |1586147216459 |     166 |   181.0 | 9,04 |mscpnrg3.txt |3,6e+04 |
|10 | 4900 | 5000 |   95 |     0,4500 |1586147216459 |     166 |   181.0 | 9,04 |mscpnrg3.txt |3,7e+04 |
|10 | 5000 | 5000 |   95 |     0,4500 |1586147216459 |     166 |   181.0 | 9,04 |mscpnrg3.txt |3,8e+04 |
|10 | 1000 | 5000 |   95 |     0,4500 |1586147216459 |     166 |   181.0 | 9,04 |mscpnrg3.txt |3,8e+04 |
|11 |    1 | 5000 |   35 |     0,2500 |1586184989120 |     166 | 10363.0 |6142,77 |mscpnrg3.txt |0,059 |
|11 |  100 | 5000 |   35 |     0,3714 |1586184989120 |     166 |  9605.0 |5686,14 |mscpnrg3.txt |  5,4 |
|11 |  200 | 5000 |   40 |     0,4500 |1586184989120 |     166 |   183.0 |10,24 |mscpnrg3.txt |5,5e+02 |
|11 |  300 | 5000 |   40 |     0,4500 |1586184989120 |     166 |   183.0 |10,24 |mscpnrg3.txt |1,2e+03 |
|11 |  400 | 5000 |   40 |     0,4500 |1586184989120 |     166 |   183.0 |10,24 |mscpnrg3.txt |1,9e+03 |
|11 |  500 | 5000 |   40 |     0,3500 |1586184989120 |     166 |   183.0 |10,24 |mscpnrg3.txt |2,5e+03 |
|11 |  600 | 5000 |   45 |     0,4500 |1586184989120 |     166 |   183.0 |10,24 |mscpnrg3.txt |3,2e+03 |
|11 |  700 | 5000 |   45 |     0,3778 |1586184989120 |     166 |   183.0 |10,24 |mscpnrg3.txt |3,9e+03 |
|11 |  800 | 5000 |   45 |     0,4500 |1586184989120 |     166 |   183.0 |10,24 |mscpnrg3.txt |4,2e+03 |
|11 |  900 | 5000 |   45 |     0,4500 |1586184989120 |     166 |   183.0 |10,24 |mscpnrg3.txt |4,5e+03 |
|11 | 1000 | 5000 |   50 |     0,4500 |1586184989120 |     166 |   183.0 |10,24 |mscpnrg3.txt |5,1e+03 |
|11 | 1100 | 5000 |   50 |     0,4500 |1586184989120 |     166 |   183.0 |10,24 |mscpnrg3.txt |5,8e+03 |
|11 | 1200 | 5000 |   50 |     0,4500 |1586184989120 |     166 |   183.0 |10,24 |mscpnrg3.txt |6,4e+03 |
|11 | 1300 | 5000 |   50 |     0,4500 |1586184989120 |     166 |   183.0 |10,24 |mscpnrg3.txt |7,0e+03 |
|11 | 1400 | 5000 |   55 |     0,4500 |1586184989120 |     166 |   183.0 |10,24 |mscpnrg3.txt |7,8e+03 |
|11 | 1500 | 5000 |   55 |     0,4500 |1586184989120 |     166 |   183.0 |10,24 |mscpnrg3.txt |8,3e+03 |
|11 | 1600 | 5000 |   55 |     0,4500 |1586184989120 |     166 |   183.0 |10,24 |mscpnrg3.txt |8,8e+03 |
|11 | 1700 | 5000 |   55 |     0,4500 |1586184989120 |     166 |   183.0 |10,24 |mscpnrg3.txt |9,3e+03 |
|11 | 1800 | 5000 |   60 |     0,4500 |1586184989120 |     166 |   183.0 |10,24 |mscpnrg3.txt |1,0e+04 |
|11 | 1900 | 5000 |   60 |     0,4500 |1586184989120 |     166 |   183.0 |10,24 |mscpnrg3.txt |1,1e+04 |
|11 | 2000 | 5000 |   60 |     0,4500 |1586184989120 |     166 |   183.0 |10,24 |mscpnrg3.txt |1,1e+04 |
|11 | 2100 | 5000 |   60 |     0,4500 |1586184989120 |     166 |   183.0 |10,24 |mscpnrg3.txt |1,2e+04 |
|11 | 2200 | 5000 |   65 |     0,4500 |1586184989120 |     166 |   183.0 |10,24 |mscpnrg3.txt |1,3e+04 |
|11 | 2300 | 5000 |   65 |     0,4500 |1586184989120 |     166 |   183.0 |10,24 |mscpnrg3.txt |1,4e+04 |
|11 | 2400 | 5000 |   65 |     0,4500 |1586184989120 |     166 |   183.0 |10,24 |mscpnrg3.txt |1,4e+04 |
|11 | 2500 | 5000 |   65 |     0,4500 |1586184989120 |     166 |   183.0 |10,24 |mscpnrg3.txt |1,5e+04 |
|11 | 2600 | 5000 |   70 |     0,4500 |1586184989120 |     166 |   183.0 |10,24 |mscpnrg3.txt |1,5e+04 |
|11 | 2700 | 5000 |   70 |     0,4500 |1586184989120 |     166 |   183.0 |10,24 |mscpnrg3.txt |1,6e+04 |
|11 | 2800 | 5000 |   70 |     0,4500 |1586184989120 |     166 |   183.0 |10,24 |mscpnrg3.txt |1,7e+04 |
|11 | 2900 | 5000 |   70 |     0,4500 |1586184989120 |     166 |   183.0 |10,24 |mscpnrg3.txt |1,7e+04 |
|11 | 3000 | 5000 |   75 |     0,4500 |1586184989120 |     166 |   183.0 |10,24 |mscpnrg3.txt |1,8e+04 |
|11 | 3100 | 5000 |   75 |     0,4500 |1586184989120 |     166 |   183.0 |10,24 |mscpnrg3.txt |1,9e+04 |
|11 | 3200 | 5000 |   75 |     0,4500 |1586184989120 |     166 |   183.0 |10,24 |mscpnrg3.txt |1,9e+04 |
|11 | 3300 | 5000 |   75 |     0,4500 |1586184989120 |     166 |   183.0 |10,24 |mscpnrg3.txt |2,0e+04 |
|11 | 3400 | 5000 |   80 |     0,4500 |1586184989120 |     166 |   183.0 |10,24 |mscpnrg3.txt |2,1e+04 |
|11 | 3500 | 5000 |   80 |     0,4500 |1586184989120 |     166 |   183.0 |10,24 |mscpnrg3.txt |2,1e+04 |
|11 | 3600 | 5000 |   80 |     0,4500 |1586184989120 |     166 |   183.0 |10,24 |mscpnrg3.txt |2,2e+04 |
|11 | 3700 | 5000 |   80 |     0,4500 |1586184989120 |     166 |   183.0 |10,24 |mscpnrg3.txt |2,3e+04 |
|11 | 3800 | 5000 |   85 |     0,4500 |1586184989120 |     166 |   183.0 |10,24 |mscpnrg3.txt |2,4e+04 |
|11 | 3900 | 5000 |   85 |     0,4500 |1586184989120 |     166 |   183.0 |10,24 |mscpnrg3.txt |2,5e+04 |
|11 | 4000 | 5000 |   85 |     0,4500 |1586184989120 |     166 |   183.0 |10,24 |mscpnrg3.txt |2,6e+04 |
|11 | 4100 | 5000 |   85 |     0,4500 |1586184989120 |     166 |   183.0 |10,24 |mscpnrg3.txt |2,7e+04 |
|11 | 4200 | 5000 |   90 |     0,4500 |1586184989120 |     166 |   183.0 |10,24 |mscpnrg3.txt |2,8e+04 |
|11 | 4300 | 5000 |   90 |     0,4500 |1586184989120 |     166 |   183.0 |10,24 |mscpnrg3.txt |2,8e+04 |
|11 | 4400 | 5000 |   90 |     0,4500 |1586184989120 |     166 |   183.0 |10,24 |mscpnrg3.txt |2,9e+04 |
|11 | 4500 | 5000 |   90 |     0,4500 |1586184989120 |     166 |   183.0 |10,24 |mscpnrg3.txt |2,9e+04 |
|11 | 4600 | 5000 |   95 |     0,4500 |1586184989120 |     166 |   183.0 |10,24 |mscpnrg3.txt |3,0e+04 |
|11 | 4700 | 5000 |   95 |     0,4500 |1586184989120 |     166 |   183.0 |10,24 |mscpnrg3.txt |3,1e+04 |
|11 | 4800 | 5000 |   95 |     0,4500 |1586184989120 |     166 |   183.0 |10,24 |mscpnrg3.txt |3,2e+04 |
|11 | 4900 | 5000 |   95 |     0,4500 |1586184989120 |     166 |   183.0 |10,24 |mscpnrg3.txt |3,3e+04 |
|11 | 5000 | 5000 |  100 |     0,4500 |1586184989120 |     166 |   183.0 |10,24 |mscpnrg3.txt |3,4e+04 |
|11 | 1000 | 5000 |  100 |     0,4500 |1586184989120 |     166 |   183.0 |10,24 |mscpnrg3.txt |3,4e+04 |
|12 |    1 | 5000 |   35 |     0,2500 |1586218692872 |     166 | 10298.0 |6103,61 |mscpnrg3.txt |0,053 |
|12 |  100 | 5000 |   35 |     0,3714 |1586218692872 |     166 |  9061.0 |5358,43 |mscpnrg3.txt |  3,9 |
|12 |  200 | 5000 |   35 |     0,4286 |1586218692872 |     166 |  8517.0 |5030,72 |mscpnrg3.txt |  8,1 |
|12 |  300 | 5000 |   35 |     0,4500 |1586218692872 |     166 |  8272.0 |4883,13 |mscpnrg3.txt |   12 |
|12 |  400 | 5000 |   35 |     0,4286 |1586218692872 |     166 |  8010.0 |4725,30 |mscpnrg3.txt |   16 |
|12 |  500 | 5000 |   40 |     0,4500 |1586218692872 |     166 |   182.0 | 9,64 |mscpnrg3.txt |7,0e+02 |
|12 |  600 | 5000 |   40 |     0,4500 |1586218692872 |     166 |   182.0 | 9,64 |mscpnrg3.txt |1,5e+03 |
|12 |  700 | 5000 |   40 |     0,4500 |1586218692872 |     166 |   182.0 | 9,64 |mscpnrg3.txt |2,1e+03 |
|12 |  800 | 5000 |   40 |     0,4250 |1586218692872 |     166 |   182.0 | 9,64 |mscpnrg3.txt |2,4e+03 |
|12 |  900 | 5000 |   45 |     0,4222 |1586218692872 |     166 |   182.0 | 9,64 |mscpnrg3.txt |3,0e+03 |
|12 | 1000 | 5000 |   45 |     0,4222 |1586218692872 |     166 |   182.0 | 9,64 |mscpnrg3.txt |3,5e+03 |
|12 | 1100 | 5000 |   45 |     0,4444 |1586218692872 |     166 |   182.0 | 9,64 |mscpnrg3.txt |4,1e+03 |
|12 | 1200 | 5000 |   45 |     0,4444 |1586218692872 |     166 |   182.0 | 9,64 |mscpnrg3.txt |4,7e+03 |
|12 | 1300 | 5000 |   50 |     0,4500 |1586218692872 |     166 |   182.0 | 9,64 |mscpnrg3.txt |5,6e+03 |
|12 | 1400 | 5000 |   50 |     0,4500 |1586218692872 |     166 |   182.0 | 9,64 |mscpnrg3.txt |6,0e+03 |
|12 | 1500 | 5000 |   50 |     0,4500 |1586218692872 |     166 |   182.0 | 9,64 |mscpnrg3.txt |6,5e+03 |
|12 | 1600 | 5000 |   50 |     0,4500 |1586218692872 |     166 |   182.0 | 9,64 |mscpnrg3.txt |6,9e+03 |
|12 | 1700 | 5000 |   55 |     0,4500 |1586218692872 |     166 |   182.0 | 9,64 |mscpnrg3.txt |7,5e+03 |
|12 | 1800 | 5000 |   55 |     0,4500 |1586218692872 |     166 |   182.0 | 9,64 |mscpnrg3.txt |8,1e+03 |
|12 | 1900 | 5000 |   55 |     0,4500 |1586218692872 |     166 |   182.0 | 9,64 |mscpnrg3.txt |8,7e+03 |
|12 | 2000 | 5000 |   55 |     0,4500 |1586218692872 |     166 |   182.0 | 9,64 |mscpnrg3.txt |9,3e+03 |
|12 | 2100 | 5000 |   60 |     0,4500 |1586218692872 |     166 |   182.0 | 9,64 |mscpnrg3.txt |1,0e+04 |
|12 | 2200 | 5000 |   60 |     0,4500 |1586218692872 |     166 |   182.0 | 9,64 |mscpnrg3.txt |1,1e+04 |
|12 | 2300 | 5000 |   60 |     0,4500 |1586218692872 |     166 |   182.0 | 9,64 |mscpnrg3.txt |1,1e+04 |
|12 | 2400 | 5000 |   60 |     0,4500 |1586218692872 |     166 |   182.0 | 9,64 |mscpnrg3.txt |1,2e+04 |
|12 | 2500 | 5000 |   65 |     0,4500 |1586218692872 |     166 |   182.0 | 9,64 |mscpnrg3.txt |1,2e+04 |
|12 | 2600 | 5000 |   65 |     0,4500 |1586218692872 |     166 |   182.0 | 9,64 |mscpnrg3.txt |1,2e+04 |
|12 | 2700 | 5000 |   65 |     0,4500 |1586218692872 |     166 |   182.0 | 9,64 |mscpnrg3.txt |1,3e+04 |
|12 | 2800 | 5000 |   65 |     0,4500 |1586218692872 |     166 |   182.0 | 9,64 |mscpnrg3.txt |1,3e+04 |
|12 | 2900 | 5000 |   70 |     0,4500 |1586218692872 |     166 |   182.0 | 9,64 |mscpnrg3.txt |1,4e+04 |
|12 | 3000 | 5000 |   70 |     0,4500 |1586218692872 |     166 |   182.0 | 9,64 |mscpnrg3.txt |1,4e+04 |
|12 | 3100 | 5000 |   70 |     0,4500 |1586218692872 |     166 |   182.0 | 9,64 |mscpnrg3.txt |1,5e+04 |
|12 | 3200 | 5000 |   70 |     0,4500 |1586218692872 |     166 |   180.0 | 8,43 |mscpnrg3.txt |1,5e+04 |
|12 | 3300 | 5000 |   75 |     0,4500 |1586218692872 |     166 |   180.0 | 8,43 |mscpnrg3.txt |1,6e+04 |
|12 | 3400 | 5000 |   75 |     0,4500 |1586218692872 |     166 |   180.0 | 8,43 |mscpnrg3.txt |1,7e+04 |
|12 | 3500 | 5000 |   75 |     0,4500 |1586218692872 |     166 |   180.0 | 8,43 |mscpnrg3.txt |1,7e+04 |
|12 | 3600 | 5000 |   75 |     0,4500 |1586218692872 |     166 |   180.0 | 8,43 |mscpnrg3.txt |1,8e+04 |
|12 | 3700 | 5000 |   80 |     0,4500 |1586218692872 |     166 |   180.0 | 8,43 |mscpnrg3.txt |1,9e+04 |
|12 | 3800 | 5000 |   80 |     0,4500 |1586218692872 |     166 |   180.0 | 8,43 |mscpnrg3.txt |1,9e+04 |
|12 | 3900 | 5000 |   80 |     0,4500 |1586218692872 |     166 |   180.0 | 8,43 |mscpnrg3.txt |2,0e+04 |
|12 | 4000 | 5000 |   80 |     0,4500 |1586218692872 |     166 |   180.0 | 8,43 |mscpnrg3.txt |2,0e+04 |
|12 | 4100 | 5000 |   85 |     0,4500 |1586218692872 |     166 |   180.0 | 8,43 |mscpnrg3.txt |2,1e+04 |
|12 | 4200 | 5000 |   85 |     0,4500 |1586218692872 |     166 |   180.0 | 8,43 |mscpnrg3.txt |2,2e+04 |
|12 | 4300 | 5000 |   85 |     0,4500 |1586218692872 |     166 |   180.0 | 8,43 |mscpnrg3.txt |2,2e+04 |
|12 | 4400 | 5000 |   85 |     0,4500 |1586218692872 |     166 |   180.0 | 8,43 |mscpnrg3.txt |2,3e+04 |
|12 | 4500 | 5000 |   90 |     0,4500 |1586218692872 |     166 |   180.0 | 8,43 |mscpnrg3.txt |2,4e+04 |
|12 | 4600 | 5000 |   90 |     0,4500 |1586218692872 |     166 |   180.0 | 8,43 |mscpnrg3.txt |2,5e+04 |
|12 | 4700 | 5000 |   90 |     0,4500 |1586218692872 |     166 |   180.0 | 8,43 |mscpnrg3.txt |2,6e+04 |
|12 | 4800 | 5000 |   90 |     0,4500 |1586218692872 |     166 |   180.0 | 8,43 |mscpnrg3.txt |2,6e+04 |
|12 | 4900 | 5000 |   95 |     0,4500 |1586218692872 |     166 |   180.0 | 8,43 |mscpnrg3.txt |2,7e+04 |
|12 | 5000 | 5000 |   95 |     0,4500 |1586218692872 |     166 |   180.0 | 8,43 |mscpnrg3.txt |2,7e+04 |
|12 | 1000 | 5000 |   95 |     0,4500 |1586218692872 |     166 |   180.0 | 8,43 |mscpnrg3.txt |2,7e+04 |
|13 |    1 | 5000 |   35 |     0,2500 |1586246033483 |     166 | 10394.0 |6161,45 |mscpnrg3.txt |0,057 |
|13 |  100 | 5000 |   35 |     0,4000 |1586246033483 |     166 |  9399.0 |5562,05 |mscpnrg3.txt |  4,2 |
|13 |  200 | 5000 |   35 |     0,4000 |1586246033483 |     166 |  9209.0 |5447,59 |mscpnrg3.txt |  8,9 |
|13 |  300 | 5000 |   35 |     0,3714 |1586246033483 |     166 |  8778.0 |5187,95 |mscpnrg3.txt |   13 |
|13 |  400 | 5000 |   40 |     0,4500 |1586246033483 |     166 |   183.0 |10,24 |mscpnrg3.txt |5,8e+02 |
|13 |  500 | 5000 |   40 |     0,4500 |1586246033483 |     166 |   183.0 |10,24 |mscpnrg3.txt |1,2e+03 |
|13 |  600 | 5000 |   40 |     0,4500 |1586246033483 |     166 |   183.0 |10,24 |mscpnrg3.txt |1,9e+03 |
|13 |  700 | 5000 |   40 |     0,3750 |1586246033483 |     166 |   183.0 |10,24 |mscpnrg3.txt |2,3e+03 |
|13 |  800 | 5000 |   45 |     0,4500 |1586246033483 |     166 |   183.0 |10,24 |mscpnrg3.txt |2,9e+03 |
|13 |  900 | 5000 |   45 |     0,3778 |1586246033483 |     166 |   183.0 |10,24 |mscpnrg3.txt |3,4e+03 |
|13 | 1000 | 5000 |   45 |     0,3778 |1586246033483 |     166 |   183.0 |10,24 |mscpnrg3.txt |3,8e+03 |
|13 | 1100 | 5000 |   45 |     0,3778 |1586246033483 |     166 |   183.0 |10,24 |mscpnrg3.txt |4,2e+03 |
|13 | 1200 | 5000 |   50 |     0,4500 |1586246033483 |     166 |   183.0 |10,24 |mscpnrg3.txt |4,9e+03 |
|13 | 1300 | 5000 |   50 |     0,4500 |1586246033483 |     166 |   183.0 |10,24 |mscpnrg3.txt |5,2e+03 |
|13 | 1400 | 5000 |   50 |     0,4500 |1586246033483 |     166 |   183.0 |10,24 |mscpnrg3.txt |5,6e+03 |
|13 | 1500 | 5000 |   50 |     0,4500 |1586246033483 |     166 |   183.0 |10,24 |mscpnrg3.txt |6,0e+03 |
|13 | 1600 | 5000 |   55 |     0,4500 |1586246033483 |     166 |   183.0 |10,24 |mscpnrg3.txt |6,6e+03 |
|13 | 1700 | 5000 |   55 |     0,4500 |1586246033483 |     166 |   183.0 |10,24 |mscpnrg3.txt |7,2e+03 |
|13 | 1800 | 5000 |   55 |     0,4500 |1586246033483 |     166 |   183.0 |10,24 |mscpnrg3.txt |7,8e+03 |
|13 | 1900 | 5000 |   55 |     0,4500 |1586246033483 |     166 |   183.0 |10,24 |mscpnrg3.txt |8,4e+03 |
|13 | 2000 | 5000 |   60 |     0,4500 |1586246033483 |     166 |   182.0 | 9,64 |mscpnrg3.txt |9,2e+03 |
|13 | 2100 | 5000 |   60 |     0,4500 |1586246033483 |     166 |   182.0 | 9,64 |mscpnrg3.txt |9,7e+03 |
|13 | 2200 | 5000 |   60 |     0,4500 |1586246033483 |     166 |   182.0 | 9,64 |mscpnrg3.txt |1,0e+04 |
|13 | 2300 | 5000 |   60 |     0,4500 |1586246033483 |     166 |   182.0 | 9,64 |mscpnrg3.txt |1,1e+04 |
|13 | 2400 | 5000 |   65 |     0,4500 |1586246033483 |     166 |   182.0 | 9,64 |mscpnrg3.txt |1,1e+04 |
|13 | 2500 | 5000 |   65 |     0,4500 |1586246033483 |     166 |   182.0 | 9,64 |mscpnrg3.txt |1,2e+04 |
|13 | 2600 | 5000 |   65 |     0,4500 |1586246033483 |     166 |   182.0 | 9,64 |mscpnrg3.txt |1,2e+04 |
|13 | 2700 | 5000 |   65 |     0,4500 |1586246033483 |     166 |   182.0 | 9,64 |mscpnrg3.txt |1,3e+04 |
|13 | 2800 | 5000 |   70 |     0,4500 |1586246033483 |     166 |   182.0 | 9,64 |mscpnrg3.txt |1,4e+04 |
|13 | 2900 | 5000 |   70 |     0,4500 |1586246033483 |     166 |   182.0 | 9,64 |mscpnrg3.txt |1,4e+04 |
|13 | 3000 | 5000 |   70 |     0,4500 |1586246033483 |     166 |   182.0 | 9,64 |mscpnrg3.txt |1,5e+04 |
|13 | 3100 | 5000 |   70 |     0,4500 |1586246033483 |     166 |   182.0 | 9,64 |mscpnrg3.txt |1,6e+04 |
|13 | 3200 | 5000 |   75 |     0,4500 |1586246033483 |     166 |   182.0 | 9,64 |mscpnrg3.txt |1,7e+04 |
|13 | 3300 | 5000 |   75 |     0,4500 |1586246033483 |     166 |   182.0 | 9,64 |mscpnrg3.txt |1,8e+04 |
|13 | 3400 | 5000 |   75 |     0,4500 |1586246033483 |     166 |   182.0 | 9,64 |mscpnrg3.txt |1,8e+04 |
|13 | 3500 | 5000 |   75 |     0,4500 |1586246033483 |     166 |   182.0 | 9,64 |mscpnrg3.txt |1,9e+04 |
|13 | 3600 | 5000 |   80 |     0,4500 |1586246033483 |     166 |   182.0 | 9,64 |mscpnrg3.txt |1,9e+04 |
|13 | 3700 | 5000 |   80 |     0,4500 |1586246033483 |     166 |   182.0 | 9,64 |mscpnrg3.txt |2,0e+04 |
|13 | 3800 | 5000 |   80 |     0,4500 |1586246033483 |     166 |   182.0 | 9,64 |mscpnrg3.txt |2,1e+04 |
|13 | 3900 | 5000 |   80 |     0,4500 |1586246033483 |     166 |   182.0 | 9,64 |mscpnrg3.txt |2,1e+04 |
|13 | 4000 | 5000 |   85 |     0,4500 |1586246033483 |     166 |   182.0 | 9,64 |mscpnrg3.txt |2,2e+04 |
|13 | 4100 | 5000 |   85 |     0,4500 |1586246033483 |     166 |   182.0 | 9,64 |mscpnrg3.txt |2,3e+04 |
|13 | 4200 | 5000 |   85 |     0,4500 |1586246033483 |     166 |   181.0 | 9,04 |mscpnrg3.txt |2,4e+04 |
|13 | 4300 | 5000 |   85 |     0,4500 |1586246033483 |     166 |   181.0 | 9,04 |mscpnrg3.txt |2,4e+04 |
|13 | 4400 | 5000 |   90 |     0,4500 |1586246033483 |     166 |   181.0 | 9,04 |mscpnrg3.txt |2,5e+04 |
|13 | 4500 | 5000 |   90 |     0,4500 |1586246033483 |     166 |   181.0 | 9,04 |mscpnrg3.txt |2,6e+04 |
|13 | 4600 | 5000 |   90 |     0,4500 |1586246033483 |     166 |   181.0 | 9,04 |mscpnrg3.txt |2,7e+04 |
|13 | 4700 | 5000 |   90 |     0,4500 |1586246033483 |     166 |   181.0 | 9,04 |mscpnrg3.txt |2,7e+04 |
|13 | 4800 | 5000 |   95 |     0,4500 |1586246033483 |     166 |   181.0 | 9,04 |mscpnrg3.txt |2,8e+04 |
|13 | 4900 | 5000 |   95 |     0,4500 |1586246033483 |     166 |   181.0 | 9,04 |mscpnrg3.txt |2,9e+04 |
|13 | 5000 | 5000 |   95 |     0,4500 |1586246033483 |     166 |   181.0 | 9,04 |mscpnrg3.txt |2,9e+04 |
|13 | 1000 | 5000 |   95 |     0,4500 |1586246033483 |     166 |   181.0 | 9,04 |mscpnrg3.txt |2,9e+04 |
|14 |    1 | 5000 |   35 |     0,2500 |1586275498361 |     166 | 10629.0 |6303,01 |mscpnrg3.txt |0,041 |
|14 |  100 | 5000 |   35 |     0,4286 |1586275498361 |     166 |  9254.0 |5474,70 |mscpnrg3.txt |  2,6 |
|14 |  200 | 5000 |   40 |     0,4500 |1586275498361 |     166 |   183.0 |10,24 |mscpnrg3.txt |2,9e+02 |
|14 |  300 | 5000 |   40 |     0,3250 |1586275498361 |     166 |   183.0 |10,24 |mscpnrg3.txt |5,5e+02 |
|14 |  400 | 5000 |   40 |     0,4250 |1586275498361 |     166 |   183.0 |10,24 |mscpnrg3.txt |8,1e+02 |
|14 |  500 | 5000 |   40 |     0,4500 |1586275498361 |     166 |   183.0 |10,24 |mscpnrg3.txt |1,1e+03 |
|14 |  600 | 5000 |   45 |     0,4500 |1586275498361 |     166 |   183.0 |10,24 |mscpnrg3.txt |1,7e+03 |
|14 |  700 | 5000 |   45 |     0,2889 |1586275498361 |     166 |   183.0 |10,24 |mscpnrg3.txt |2,0e+03 |
|14 |  800 | 5000 |   45 |     0,2889 |1586275498361 |     166 |   183.0 |10,24 |mscpnrg3.txt |2,3e+03 |
|14 |  900 | 5000 |   45 |     0,2889 |1586275498361 |     166 |   183.0 |10,24 |mscpnrg3.txt |2,6e+03 |
|14 | 1000 | 5000 |   50 |     0,4500 |1586275498361 |     166 |   183.0 |10,24 |mscpnrg3.txt |3,1e+03 |
|14 | 1100 | 5000 |   50 |     0,4500 |1586275498361 |     166 |   183.0 |10,24 |mscpnrg3.txt |3,4e+03 |
|14 | 1200 | 5000 |   50 |     0,4500 |1586275498361 |     166 |   183.0 |10,24 |mscpnrg3.txt |3,7e+03 |
|14 | 1300 | 5000 |   50 |     0,4500 |1586275498361 |     166 |   183.0 |10,24 |mscpnrg3.txt |4,0e+03 |
|14 | 1400 | 5000 |   55 |     0,4500 |1586275498361 |     166 |   183.0 |10,24 |mscpnrg3.txt |4,4e+03 |
|14 | 1500 | 5000 |   55 |     0,4500 |1586275498361 |     166 |   183.0 |10,24 |mscpnrg3.txt |4,9e+03 |
|14 | 1600 | 5000 |   55 |     0,4500 |1586275498361 |     166 |   183.0 |10,24 |mscpnrg3.txt |5,3e+03 |
|14 | 1700 | 5000 |   55 |     0,4500 |1586275498361 |     166 |   183.0 |10,24 |mscpnrg3.txt |5,8e+03 |
|14 | 1800 | 5000 |   60 |     0,4500 |1586275498361 |     166 |   183.0 |10,24 |mscpnrg3.txt |6,3e+03 |
|14 | 1900 | 5000 |   60 |     0,4500 |1586275498361 |     166 |   183.0 |10,24 |mscpnrg3.txt |6,6e+03 |
|14 | 2000 | 5000 |   60 |     0,4500 |1586275498361 |     166 |   183.0 |10,24 |mscpnrg3.txt |7,0e+03 |
|14 | 2100 | 5000 |   60 |     0,4500 |1586275498361 |     166 |   183.0 |10,24 |mscpnrg3.txt |7,4e+03 |
|14 | 2200 | 5000 |   65 |     0,4500 |1586275498361 |     166 |   183.0 |10,24 |mscpnrg3.txt |7,9e+03 |
|14 | 2300 | 5000 |   65 |     0,4500 |1586275498361 |     166 |   183.0 |10,24 |mscpnrg3.txt |8,5e+03 |
|14 | 2400 | 5000 |   65 |     0,4500 |1586275498361 |     166 |   183.0 |10,24 |mscpnrg3.txt |8,9e+03 |
|14 | 2500 | 5000 |   65 |     0,4500 |1586275498361 |     166 |   183.0 |10,24 |mscpnrg3.txt |9,3e+03 |
|14 | 2600 | 5000 |   70 |     0,4500 |1586275498361 |     166 |   183.0 |10,24 |mscpnrg3.txt |9,9e+03 |
|14 | 2700 | 5000 |   70 |     0,4500 |1586275498361 |     166 |   183.0 |10,24 |mscpnrg3.txt |1,1e+04 |
|14 | 2800 | 5000 |   70 |     0,4500 |1586275498361 |     166 |   183.0 |10,24 |mscpnrg3.txt |1,1e+04 |
|14 | 2900 | 5000 |   70 |     0,4500 |1586275498361 |     166 |   183.0 |10,24 |mscpnrg3.txt |1,2e+04 |
|14 | 3000 | 5000 |   75 |     0,4500 |1586275498361 |     166 |   183.0 |10,24 |mscpnrg3.txt |1,3e+04 |
|14 | 3100 | 5000 |   75 |     0,4500 |1586275498361 |     166 |   183.0 |10,24 |mscpnrg3.txt |1,3e+04 |
|14 | 3200 | 5000 |   75 |     0,4500 |1586275498361 |     166 |   183.0 |10,24 |mscpnrg3.txt |1,4e+04 |
|14 | 3300 | 5000 |   75 |     0,4500 |1586275498361 |     166 |   183.0 |10,24 |mscpnrg3.txt |1,4e+04 |
|14 | 3400 | 5000 |   80 |     0,4500 |1586275498361 |     166 |   183.0 |10,24 |mscpnrg3.txt |1,5e+04 |
|14 | 3500 | 5000 |   80 |     0,4500 |1586275498361 |     166 |   183.0 |10,24 |mscpnrg3.txt |1,6e+04 |
|14 | 3600 | 5000 |   80 |     0,4500 |1586275498361 |     166 |   183.0 |10,24 |mscpnrg3.txt |1,6e+04 |
|14 | 3700 | 5000 |   80 |     0,4500 |1586275498361 |     166 |   183.0 |10,24 |mscpnrg3.txt |1,7e+04 |
|14 | 3800 | 5000 |   85 |     0,4500 |1586275498361 |     166 |   183.0 |10,24 |mscpnrg3.txt |1,8e+04 |
|14 | 3900 | 5000 |   85 |     0,4500 |1586275498361 |     166 |   183.0 |10,24 |mscpnrg3.txt |1,9e+04 |
|14 | 4000 | 5000 |   85 |     0,4500 |1586275498361 |     166 |   183.0 |10,24 |mscpnrg3.txt |2,0e+04 |
|14 | 4100 | 5000 |   85 |     0,4500 |1586275498361 |     166 |   183.0 |10,24 |mscpnrg3.txt |2,0e+04 |
|14 | 4200 | 5000 |   90 |     0,4500 |1586275498361 |     166 |   183.0 |10,24 |mscpnrg3.txt |2,1e+04 |
|14 | 4300 | 5000 |   90 |     0,4500 |1586275498361 |     166 |   183.0 |10,24 |mscpnrg3.txt |2,2e+04 |
|14 | 4400 | 5000 |   90 |     0,4500 |1586275498361 |     166 |   183.0 |10,24 |mscpnrg3.txt |2,3e+04 |
|14 | 4500 | 5000 |   90 |     0,4500 |1586275498361 |     166 |   183.0 |10,24 |mscpnrg3.txt |2,3e+04 |
|14 | 4600 | 5000 |   95 |     0,4500 |1586275498361 |     166 |   183.0 |10,24 |mscpnrg3.txt |2,4e+04 |
|14 | 4700 | 5000 |   95 |     0,4500 |1586275498361 |     166 |   183.0 |10,24 |mscpnrg3.txt |2,4e+04 |
|14 | 4800 | 5000 |   95 |     0,4500 |1586275498361 |     166 |   183.0 |10,24 |mscpnrg3.txt |2,5e+04 |
|14 | 4900 | 5000 |   95 |     0,4500 |1586275498361 |     166 |   183.0 |10,24 |mscpnrg3.txt |2,6e+04 |
|14 | 5000 | 5000 |  100 |     0,4500 |1586275498361 |     166 |   183.0 |10,24 |mscpnrg3.txt |2,7e+04 |
|14 | 1000 | 5000 |  100 |     0,4500 |1586275498361 |     166 |   183.0 |10,24 |mscpnrg3.txt |2,7e+04 |
|15 |    1 | 5000 |   35 |     0,2500 |1586302137000 |     166 | 10264.0 |6083,13 |mscpnrg3.txt |0,049 |
|15 |  100 | 5000 |   35 |     0,4500 |1586302137000 |     166 |  9480.0 |5610,84 |mscpnrg3.txt |  3,3 |
|15 |  200 | 5000 |   35 |     0,4000 |1586302137000 |     166 |  9134.0 |5402,41 |mscpnrg3.txt |  6,4 |
|15 |  300 | 5000 |   35 |     0,3714 |1586302137000 |     166 |  8827.0 |5217,47 |mscpnrg3.txt |   11 |
|15 |  400 | 5000 |   35 |     0,3714 |1586302137000 |     166 |  8676.0 |5126,51 |mscpnrg3.txt |   15 |
|15 |  500 | 5000 |   40 |     0,4500 |1586302137000 |     166 |   183.0 |10,24 |mscpnrg3.txt |4,4e+02 |
|15 |  600 | 5000 |   40 |     0,4500 |1586302137000 |     166 |   183.0 |10,24 |mscpnrg3.txt |9,3e+02 |
|15 |  700 | 5000 |   40 |     0,4500 |1586302137000 |     166 |   183.0 |10,24 |mscpnrg3.txt |1,4e+03 |
|15 |  800 | 5000 |   40 |     0,4500 |1586302137000 |     166 |   183.0 |10,24 |mscpnrg3.txt |1,8e+03 |
|15 |  900 | 5000 |   45 |     0,4500 |1586302137000 |     166 |   183.0 |10,24 |mscpnrg3.txt |2,1e+03 |
|15 | 1000 | 5000 |   45 |     0,4500 |1586302137000 |     166 |   183.0 |10,24 |mscpnrg3.txt |2,4e+03 |
|15 | 1100 | 5000 |   45 |     0,4500 |1586302137000 |     166 |   183.0 |10,24 |mscpnrg3.txt |2,6e+03 |
|15 | 1200 | 5000 |   45 |     0,4500 |1586302137000 |     166 |   183.0 |10,24 |mscpnrg3.txt |2,9e+03 |
|15 | 1300 | 5000 |   50 |     0,4500 |1586302137000 |     166 |   183.0 |10,24 |mscpnrg3.txt |3,6e+03 |
|15 | 1400 | 5000 |   50 |     0,4500 |1586302137000 |     166 |   183.0 |10,24 |mscpnrg3.txt |3,9e+03 |
|15 | 1500 | 5000 |   50 |     0,4500 |1586302137000 |     166 |   183.0 |10,24 |mscpnrg3.txt |4,2e+03 |
|15 | 1600 | 5000 |   50 |     0,4500 |1586302137000 |     166 |   183.0 |10,24 |mscpnrg3.txt |4,5e+03 |
|15 | 1700 | 5000 |   55 |     0,4500 |1586302137000 |     166 |   183.0 |10,24 |mscpnrg3.txt |4,9e+03 |
|15 | 1800 | 5000 |   55 |     0,4500 |1586302137000 |     166 |   183.0 |10,24 |mscpnrg3.txt |5,1e+03 |
|15 | 1900 | 5000 |   55 |     0,4500 |1586302137000 |     166 |   183.0 |10,24 |mscpnrg3.txt |5,2e+03 |
|15 | 2000 | 5000 |   55 |     0,4500 |1586302137000 |     166 |   183.0 |10,24 |mscpnrg3.txt |5,4e+03 |
|15 | 2100 | 5000 |   60 |     0,4500 |1586302137000 |     166 |   183.0 |10,24 |mscpnrg3.txt |5,7e+03 |
|15 | 2200 | 5000 |   60 |     0,4500 |1586302137000 |     166 |   183.0 |10,24 |mscpnrg3.txt |6,0e+03 |
|15 | 2300 | 5000 |   60 |     0,4500 |1586302137000 |     166 |   183.0 |10,24 |mscpnrg3.txt |6,3e+03 |
|15 | 2400 | 5000 |   60 |     0,4500 |1586302137000 |     166 |   183.0 |10,24 |mscpnrg3.txt |6,6e+03 |
|15 | 2500 | 5000 |   65 |     0,4500 |1586302137000 |     166 |   183.0 |10,24 |mscpnrg3.txt |7,0e+03 |
|15 | 2600 | 5000 |   65 |     0,4500 |1586302137000 |     166 |   183.0 |10,24 |mscpnrg3.txt |7,5e+03 |
|15 | 2700 | 5000 |   65 |     0,4500 |1586302137000 |     166 |   183.0 |10,24 |mscpnrg3.txt |7,9e+03 |
|15 | 2800 | 5000 |   65 |     0,4500 |1586302137000 |     166 |   183.0 |10,24 |mscpnrg3.txt |8,5e+03 |
|15 | 2900 | 5000 |   70 |     0,4500 |1586302137000 |     166 |   183.0 |10,24 |mscpnrg3.txt |9,2e+03 |
|15 | 3000 | 5000 |   70 |     0,4500 |1586302137000 |     166 |   183.0 |10,24 |mscpnrg3.txt |9,4e+03 |
|15 | 3100 | 5000 |   70 |     0,4500 |1586302137000 |     166 |   183.0 |10,24 |mscpnrg3.txt |9,7e+03 |
|15 | 3200 | 5000 |   70 |     0,4500 |1586302137000 |     166 |   183.0 |10,24 |mscpnrg3.txt |1,0e+04 |
|15 | 3300 | 5000 |   75 |     0,4500 |1586302137000 |     166 |   183.0 |10,24 |mscpnrg3.txt |1,1e+04 |
|15 | 3400 | 5000 |   75 |     0,4500 |1586302137000 |     166 |   183.0 |10,24 |mscpnrg3.txt |1,1e+04 |
|15 | 3500 | 5000 |   75 |     0,4500 |1586302137000 |     166 |   183.0 |10,24 |mscpnrg3.txt |1,2e+04 |
|15 | 3600 | 5000 |   75 |     0,4500 |1586302137000 |     166 |   183.0 |10,24 |mscpnrg3.txt |1,2e+04 |
|15 | 3700 | 5000 |   80 |     0,4500 |1586302137000 |     166 |   183.0 |10,24 |mscpnrg3.txt |1,3e+04 |
|15 | 3800 | 5000 |   80 |     0,4500 |1586302137000 |     166 |   183.0 |10,24 |mscpnrg3.txt |1,3e+04 |
|15 | 3900 | 5000 |   80 |     0,4500 |1586302137000 |     166 |   183.0 |10,24 |mscpnrg3.txt |1,4e+04 |
|15 | 4000 | 5000 |   80 |     0,4500 |1586302137000 |     166 |   183.0 |10,24 |mscpnrg3.txt |1,5e+04 |
|15 | 4100 | 5000 |   85 |     0,4500 |1586302137000 |     166 |   183.0 |10,24 |mscpnrg3.txt |1,5e+04 |
|15 | 4200 | 5000 |   85 |     0,4500 |1586302137000 |     166 |   183.0 |10,24 |mscpnrg3.txt |1,6e+04 |
|15 | 4300 | 5000 |   85 |     0,4500 |1586302137000 |     166 |   183.0 |10,24 |mscpnrg3.txt |1,6e+04 |
|15 | 4400 | 5000 |   85 |     0,4500 |1586302137000 |     166 |   183.0 |10,24 |mscpnrg3.txt |1,6e+04 |
|15 | 4500 | 5000 |   90 |     0,4500 |1586302137000 |     166 |   183.0 |10,24 |mscpnrg3.txt |1,7e+04 |
|15 | 4600 | 5000 |   90 |     0,4500 |1586302137000 |     166 |   183.0 |10,24 |mscpnrg3.txt |1,7e+04 |
|15 | 4700 | 5000 |   90 |     0,4500 |1586302137000 |     166 |   183.0 |10,24 |mscpnrg3.txt |1,7e+04 |
|15 | 4800 | 5000 |   90 |     0,4500 |1586302137000 |     166 |   183.0 |10,24 |mscpnrg3.txt |1,8e+04 |
|15 | 4900 | 5000 |   95 |     0,4500 |1586302137000 |     166 |   183.0 |10,24 |mscpnrg3.txt |1,8e+04 |
|15 | 5000 | 5000 |   95 |     0,4500 |1586302137000 |     166 |   183.0 |10,24 |mscpnrg3.txt |1,9e+04 |
|15 | 1000 | 5000 |   95 |     0,4500 |1586302137000 |     166 |   183.0 |10,24 |mscpnrg3.txt |1,9e+04 |
