| # |    #ITER | #IterMAX | Nest |      %Desc |      semilla | BestFit |GottedFit |  RDP |  instancia | time |
-------------------------------------------------------------------------------------------------
| 1 |    1 | 5000 |   35 |       0.25 |1585586102099 |     236 |   360.0 |52,54 | mscpa5.txt | 0,16 |
| 1 |  100 | 5000 |   35 | 0.37142858 |1585586102099 |     236 |   316.0 |33,90 | mscpa5.txt |   15 |
| 1 |  200 | 5000 |   40 |       0.45 |1585586102099 |     236 |   240.0 | 1,69 | mscpa5.txt |   31 |
| 1 |  300 | 5000 |   40 |        0.3 |1585586102099 |     236 |   238.0 | 0,85 | mscpa5.txt |   49 |
| 1 |  400 | 5000 |   40 |      0.375 |1585586102099 |     236 |   238.0 | 0,85 | mscpa5.txt |   67 |
| 1 |  500 | 5000 |   40 |      0.375 |1585586102099 |     236 |   238.0 | 0,85 | mscpa5.txt |   85 |
| 1 |  600 | 5000 |   45 | 0.31111112 |1585586102099 |     236 |   238.0 | 0,85 | mscpa5.txt |1,0e+02 |
| 1 |  700 | 5000 |   45 |       0.45 |1585586102099 |     236 |   238.0 | 0,85 | mscpa5.txt |1,2e+02 |
| 1 |  800 | 5000 |   45 |       0.45 |1585586102099 |     236 |   238.0 | 0,85 | mscpa5.txt |1,4e+02 |
| 1 |  900 | 5000 |   45 |       0.45 |1585586102099 |     236 |   238.0 | 0,85 | mscpa5.txt |1,6e+02 |
| 1 | 1000 | 5000 |   50 |       0.45 |1585586102099 |     236 |   237.0 | 0,42 | mscpa5.txt |1,8e+02 |
| 1 | 1100 | 5000 |   50 |       0.45 |1585586102099 |     236 |   237.0 | 0,42 | mscpa5.txt |2,0e+02 |
| 1 | 1200 | 5000 |   50 |       0.45 |1585586102099 |     236 |   237.0 | 0,42 | mscpa5.txt |2,2e+02 |
| 1 | 1300 | 5000 |   50 |       0.45 |1585586102099 |     236 |   237.0 | 0,42 | mscpa5.txt |2,4e+02 |
| 1 | 1400 | 5000 |   55 |       0.45 |1585586102099 |     236 |   237.0 | 0,42 | mscpa5.txt |2,6e+02 |
| 1 | 1500 | 5000 |   55 |       0.45 |1585586102099 |     236 |   237.0 | 0,42 | mscpa5.txt |2,9e+02 |
| 1 | 1600 | 5000 |   55 |       0.45 |1585586102099 |     236 |   237.0 | 0,42 | mscpa5.txt |3,1e+02 |
| 1 | 1700 | 5000 |   55 |       0.45 |1585586102099 |     236 |   237.0 | 0,42 | mscpa5.txt |3,3e+02 |
| 1 | 1800 | 5000 |   60 |       0.45 |1585586102099 |     236 |   237.0 | 0,42 | mscpa5.txt |3,6e+02 |
| 1 | 1900 | 5000 |   60 |       0.45 |1585586102099 |     236 |   237.0 | 0,42 | mscpa5.txt |3,8e+02 |
| 1 | 2000 | 5000 |   60 |       0.45 |1585586102099 |     236 |   237.0 | 0,42 | mscpa5.txt |4,1e+02 |
| 1 | 2100 | 5000 |   60 |       0.45 |1585586102099 |     236 |   237.0 | 0,42 | mscpa5.txt |4,3e+02 |
| 1 | 2200 | 5000 |   65 |       0.45 |1585586102099 |     236 |   237.0 | 0,42 | mscpa5.txt |4,6e+02 |
| 1 | 2300 | 5000 |   65 |       0.45 |1585586102099 |     236 |   237.0 | 0,42 | mscpa5.txt |4,8e+02 |
| 1 | 2400 | 5000 |   65 |       0.45 |1585586102099 |     236 |   237.0 | 0,42 | mscpa5.txt |5,1e+02 |
| 1 | 2500 | 5000 |   65 |       0.45 |1585586102099 |     236 |   237.0 | 0,42 | mscpa5.txt |5,4e+02 |
| 1 | 2600 | 5000 |   70 |       0.45 |1585586102099 |     236 |   237.0 | 0,42 | mscpa5.txt |5,7e+02 |
| 1 | 2700 | 5000 |   70 |       0.45 |1585586102099 |     236 |   237.0 | 0,42 | mscpa5.txt |5,9e+02 |
| 1 | 2800 | 5000 |   70 |       0.45 |1585586102099 |     236 |   237.0 | 0,42 | mscpa5.txt |6,2e+02 |
| 1 | 2900 | 5000 |   70 |       0.45 |1585586102099 |     236 |   237.0 | 0,42 | mscpa5.txt |6,5e+02 |
| 1 | 3000 | 5000 |   75 |       0.45 |1585586102099 |     236 |   237.0 | 0,42 | mscpa5.txt |6,8e+02 |
| 1 | 3100 | 5000 |   75 |       0.45 |1585586102099 |     236 |   237.0 | 0,42 | mscpa5.txt |7,2e+02 |
| 1 | 3200 | 5000 |   75 |       0.45 |1585586102099 |     236 |   237.0 | 0,42 | mscpa5.txt |7,5e+02 |
| 1 | 3300 | 5000 |   75 |       0.45 |1585586102099 |     236 |   237.0 | 0,42 | mscpa5.txt |8,0e+02 |
| 1 | 3400 | 5000 |   80 |       0.45 |1585586102099 |     236 |   237.0 | 0,42 | mscpa5.txt |8,6e+02 |
| 1 | 3500 | 5000 |   80 |       0.45 |1585586102099 |     236 |   237.0 | 0,42 | mscpa5.txt |9,1e+02 |
| 1 | 3600 | 5000 |   80 |       0.45 |1585586102099 |     236 |   237.0 | 0,42 | mscpa5.txt |9,7e+02 |
| 1 | 3700 | 5000 |   80 |       0.45 |1585586102099 |     236 |   237.0 | 0,42 | mscpa5.txt |1,0e+03 |
| 1 | 3800 | 5000 |   85 |       0.45 |1585586102099 |     236 |   237.0 | 0,42 | mscpa5.txt |1,0e+03 |
| 1 | 3900 | 5000 |   85 |       0.45 |1585586102099 |     236 |   237.0 | 0,42 | mscpa5.txt |1,1e+03 |
| 1 | 4000 | 5000 |   85 |       0.45 |1585586102099 |     236 |   237.0 | 0,42 | mscpa5.txt |1,1e+03 |
| 1 | 4100 | 5000 |   85 |       0.45 |1585586102099 |     236 |   237.0 | 0,42 | mscpa5.txt |1,2e+03 |
| 1 | 4200 | 5000 |   90 |       0.45 |1585586102099 |     236 |   237.0 | 0,42 | mscpa5.txt |1,2e+03 |
| 1 | 4300 | 5000 |   90 |       0.45 |1585586102099 |     236 |   237.0 | 0,42 | mscpa5.txt |1,3e+03 |
| 1 | 4400 | 5000 |   90 |       0.45 |1585586102099 |     236 |   237.0 | 0,42 | mscpa5.txt |1,3e+03 |
| 1 | 4500 | 5000 |   90 |       0.45 |1585586102099 |     236 |   237.0 | 0,42 | mscpa5.txt |1,3e+03 |
| 1 | 4600 | 5000 |   95 |       0.45 |1585586102099 |     236 |   237.0 | 0,42 | mscpa5.txt |1,4e+03 |
| 1 | 4700 | 5000 |   95 |       0.45 |1585586102099 |     236 |   237.0 | 0,42 | mscpa5.txt |1,4e+03 |
| 1 | 4800 | 5000 |   95 |       0.45 |1585586102099 |     236 |   237.0 | 0,42 | mscpa5.txt |1,4e+03 |
| 1 | 4900 | 5000 |   95 |       0.45 |1585586102099 |     236 |   237.0 | 0,42 | mscpa5.txt |1,5e+03 |
| 1 | 5000 | 5000 |  100 |       0.45 |1585586102099 |     236 |   237.0 | 0,42 | mscpa5.txt |1,5e+03 |
| 1 |  300 | 5000 |  100 |       0.45 |1585586102099 |     236 |   237.0 | 0,42 | mscpa5.txt |1,5e+03 |
| 2 |    1 | 5000 |   35 |       0.25 |1585587609088 |     236 |   369.0 |56,36 | mscpa5.txt | 0,25 |
| 2 |  100 | 5000 |   35 | 0.31428573 |1585587609088 |     236 |   299.0 |26,69 | mscpa5.txt |   13 |
| 2 |  200 | 5000 |   35 |       0.45 |1585587609088 |     236 |   293.0 |24,15 | mscpa5.txt |   26 |
| 2 |  300 | 5000 |   35 |       0.45 |1585587609088 |     236 |   288.0 |22,03 | mscpa5.txt |   40 |
| 2 |  400 | 5000 |   40 |       0.45 |1585587609088 |     236 |   249.0 | 5,51 | mscpa5.txt |   55 |
| 2 |  500 | 5000 |   40 |       0.45 |1585587609088 |     236 |   244.0 | 3,39 | mscpa5.txt |   70 |
| 2 |  600 | 5000 |   40 |       0.45 |1585587609088 |     236 |   241.0 | 2,12 | mscpa5.txt |   86 |
| 2 |  700 | 5000 |   40 |       0.45 |1585587609088 |     236 |   240.0 | 1,69 | mscpa5.txt |1,1e+02 |
| 2 |  800 | 5000 |   45 |       0.45 |1585587609088 |     236 |   238.0 | 0,85 | mscpa5.txt |1,3e+02 |
| 2 |  900 | 5000 |   45 |       0.45 |1585587609088 |     236 |   238.0 | 0,85 | mscpa5.txt |1,5e+02 |
| 2 | 1000 | 5000 |   45 | 0.42222223 |1585587609088 |     236 |   238.0 | 0,85 | mscpa5.txt |1,7e+02 |
| 2 | 1100 | 5000 |   45 | 0.37777779 |1585587609088 |     236 |   238.0 | 0,85 | mscpa5.txt |2,0e+02 |
| 2 | 1200 | 5000 |   50 |       0.44 |1585587609088 |     236 |   238.0 | 0,85 | mscpa5.txt |2,2e+02 |
| 2 | 1300 | 5000 |   50 |       0.44 |1585587609088 |     236 |   238.0 | 0,85 | mscpa5.txt |2,5e+02 |
| 2 | 1400 | 5000 |   50 |       0.32 |1585587609088 |     236 |   238.0 | 0,85 | mscpa5.txt |2,7e+02 |
| 2 | 1500 | 5000 |   50 |       0.32 |1585587609088 |     236 |   238.0 | 0,85 | mscpa5.txt |3,0e+02 |
| 2 | 1600 | 5000 |   55 |  0.3090909 |1585587609088 |     236 |   238.0 | 0,85 | mscpa5.txt |3,3e+02 |
| 2 | 1700 | 5000 |   55 |  0.3090909 |1585587609088 |     236 |   238.0 | 0,85 | mscpa5.txt |3,5e+02 |
| 2 | 1800 | 5000 |   55 | 0.29090908 |1585587609088 |     236 |   238.0 | 0,85 | mscpa5.txt |3,8e+02 |
| 2 | 1900 | 5000 |   55 | 0.29090908 |1585587609088 |     236 |   238.0 | 0,85 | mscpa5.txt |4,1e+02 |
| 2 | 2000 | 5000 |   60 |       0.45 |1585587609088 |     236 |   238.0 | 0,85 | mscpa5.txt |4,4e+02 |
| 2 | 2100 | 5000 |   60 |       0.45 |1585587609088 |     236 |   237.0 | 0,42 | mscpa5.txt |4,7e+02 |
| 2 | 2200 | 5000 |   60 |       0.45 |1585587609088 |     236 |   237.0 | 0,42 | mscpa5.txt |4,9e+02 |
| 2 | 2300 | 5000 |   60 |       0.45 |1585587609088 |     236 |   237.0 | 0,42 | mscpa5.txt |5,2e+02 |
| 2 | 2400 | 5000 |   65 |       0.45 |1585587609088 |     236 |   237.0 | 0,42 | mscpa5.txt |5,4e+02 |
| 2 | 2500 | 5000 |   65 |       0.45 |1585587609088 |     236 |   237.0 | 0,42 | mscpa5.txt |5,7e+02 |
| 2 | 2600 | 5000 |   65 |       0.45 |1585587609088 |     236 |   237.0 | 0,42 | mscpa5.txt |6,0e+02 |
| 2 | 2700 | 5000 |   65 |       0.45 |1585587609088 |     236 |   237.0 | 0,42 | mscpa5.txt |6,3e+02 |
| 2 | 2800 | 5000 |   70 |       0.45 |1585587609088 |     236 |   237.0 | 0,42 | mscpa5.txt |6,6e+02 |
| 2 | 2900 | 5000 |   70 |       0.45 |1585587609088 |     236 |   237.0 | 0,42 | mscpa5.txt |6,9e+02 |
| 2 | 3000 | 5000 |   70 |       0.45 |1585587609088 |     236 |   237.0 | 0,42 | mscpa5.txt |7,2e+02 |
| 2 | 3100 | 5000 |   70 |       0.45 |1585587609088 |     236 |   237.0 | 0,42 | mscpa5.txt |7,5e+02 |
| 2 | 3200 | 5000 |   75 |       0.45 |1585587609088 |     236 |   237.0 | 0,42 | mscpa5.txt |7,8e+02 |
| 2 | 3300 | 5000 |   75 |       0.45 |1585587609088 |     236 |   237.0 | 0,42 | mscpa5.txt |8,1e+02 |
| 2 | 3400 | 5000 |   75 |       0.45 |1585587609088 |     236 |   237.0 | 0,42 | mscpa5.txt |8,4e+02 |
| 2 | 3500 | 5000 |   75 |       0.45 |1585587609088 |     236 |   237.0 | 0,42 | mscpa5.txt |8,7e+02 |
| 2 | 3600 | 5000 |   80 |       0.45 |1585587609088 |     236 |   237.0 | 0,42 | mscpa5.txt |9,1e+02 |
| 2 | 3700 | 5000 |   80 |       0.45 |1585587609088 |     236 |   237.0 | 0,42 | mscpa5.txt |9,4e+02 |
| 2 | 3800 | 5000 |   80 |       0.45 |1585587609088 |     236 |   237.0 | 0,42 | mscpa5.txt |9,8e+02 |
| 2 | 3900 | 5000 |   80 |       0.45 |1585587609088 |     236 |   237.0 | 0,42 | mscpa5.txt |1,0e+03 |
| 2 | 4000 | 5000 |   85 |       0.45 |1585587609088 |     236 |   237.0 | 0,42 | mscpa5.txt |1,0e+03 |
| 2 | 4100 | 5000 |   85 |       0.45 |1585587609088 |     236 |   237.0 | 0,42 | mscpa5.txt |1,1e+03 |
| 2 | 4200 | 5000 |   85 |       0.45 |1585587609088 |     236 |   237.0 | 0,42 | mscpa5.txt |1,1e+03 |
| 2 | 4300 | 5000 |   85 |       0.45 |1585587609088 |     236 |   237.0 | 0,42 | mscpa5.txt |1,1e+03 |
| 2 | 4400 | 5000 |   90 |       0.45 |1585587609088 |     236 |   237.0 | 0,42 | mscpa5.txt |1,2e+03 |
| 2 | 4500 | 5000 |   90 |       0.45 |1585587609088 |     236 |   237.0 | 0,42 | mscpa5.txt |1,2e+03 |
| 2 | 4600 | 5000 |   90 |       0.45 |1585587609088 |     236 |   237.0 | 0,42 | mscpa5.txt |1,3e+03 |
| 2 | 4700 | 5000 |   90 |       0.45 |1585587609088 |     236 |   237.0 | 0,42 | mscpa5.txt |1,3e+03 |
| 2 | 4800 | 5000 |   95 |       0.45 |1585587609088 |     236 |   237.0 | 0,42 | mscpa5.txt |1,3e+03 |
| 2 | 4900 | 5000 |   95 |       0.45 |1585587609088 |     236 |   237.0 | 0,42 | mscpa5.txt |1,4e+03 |
| 2 | 5000 | 5000 |   95 |       0.45 |1585587609088 |     236 |   237.0 | 0,42 | mscpa5.txt |1,4e+03 |
| 2 |  300 | 5000 |   95 |       0.45 |1585587609088 |     236 |   237.0 | 0,42 | mscpa5.txt |1,4e+03 |
| 3 |    1 | 5000 |   35 |       0.25 |1585589004991 |     236 |   386.0 |63,56 | mscpa5.txt | 0,26 |
| 3 |  100 | 5000 |   35 |       0.45 |1585589004991 |     236 |   296.0 |25,42 | mscpa5.txt |   14 |
| 3 |  200 | 5000 |   40 |       0.45 |1585589004991 |     236 |   250.0 | 5,93 | mscpa5.txt |   31 |
| 3 |  300 | 5000 |   40 |        0.3 |1585589004991 |     236 |   240.0 | 1,69 | mscpa5.txt |   46 |
| 3 |  400 | 5000 |   40 |        0.4 |1585589004991 |     236 |   240.0 | 1,69 | mscpa5.txt |   62 |
| 3 |  500 | 5000 |   40 |      0.425 |1585589004991 |     236 |   239.0 | 1,27 | mscpa5.txt |   78 |
| 3 |  600 | 5000 |   45 | 0.42222223 |1585589004991 |     236 |   238.0 | 0,85 | mscpa5.txt |   97 |
| 3 |  700 | 5000 |   45 |        0.4 |1585589004991 |     236 |   238.0 | 0,85 | mscpa5.txt |1,2e+02 |
| 3 |  800 | 5000 |   45 | 0.33333334 |1585589004991 |     236 |   238.0 | 0,85 | mscpa5.txt |1,3e+02 |
| 3 |  900 | 5000 |   45 | 0.44444445 |1585589004991 |     236 |   238.0 | 0,85 | mscpa5.txt |1,5e+02 |
| 3 | 1000 | 5000 |   50 |       0.26 |1585589004991 |     236 |   238.0 | 0,85 | mscpa5.txt |1,7e+02 |
| 3 | 1100 | 5000 |   50 |       0.26 |1585589004991 |     236 |   238.0 | 0,85 | mscpa5.txt |1,9e+02 |
| 3 | 1200 | 5000 |   50 |       0.45 |1585589004991 |     236 |   238.0 | 0,85 | mscpa5.txt |2,1e+02 |
| 3 | 1300 | 5000 |   50 |       0.45 |1585589004991 |     236 |   238.0 | 0,85 | mscpa5.txt |2,3e+02 |
| 3 | 1400 | 5000 |   55 |       0.45 |1585589004991 |     236 |   238.0 | 0,85 | mscpa5.txt |2,6e+02 |
| 3 | 1500 | 5000 |   55 |       0.45 |1585589004991 |     236 |   237.0 | 0,42 | mscpa5.txt |2,8e+02 |
| 3 | 1600 | 5000 |   55 |       0.45 |1585589004991 |     236 |   237.0 | 0,42 | mscpa5.txt |3,0e+02 |
| 3 | 1700 | 5000 |   55 |       0.45 |1585589004991 |     236 |   237.0 | 0,42 | mscpa5.txt |3,2e+02 |
| 3 | 1800 | 5000 |   60 |       0.45 |1585589004991 |     236 |   237.0 | 0,42 | mscpa5.txt |3,4e+02 |
| 3 | 1900 | 5000 |   60 |       0.45 |1585589004991 |     236 |   237.0 | 0,42 | mscpa5.txt |3,7e+02 |
| 3 | 2000 | 5000 |   60 |       0.45 |1585589004991 |     236 |   237.0 | 0,42 | mscpa5.txt |3,9e+02 |
| 3 | 2100 | 5000 |   60 |       0.45 |1585589004991 |     236 |   237.0 | 0,42 | mscpa5.txt |4,2e+02 |
| 3 | 2200 | 5000 |   65 |       0.45 |1585589004991 |     236 |   237.0 | 0,42 | mscpa5.txt |4,4e+02 |
| 3 | 2300 | 5000 |   65 |       0.45 |1585589004991 |     236 |   237.0 | 0,42 | mscpa5.txt |4,7e+02 |
| 3 | 2400 | 5000 |   65 |       0.45 |1585589004991 |     236 |   237.0 | 0,42 | mscpa5.txt |4,9e+02 |
| 3 | 2500 | 5000 |   65 |       0.45 |1585589004991 |     236 |   237.0 | 0,42 | mscpa5.txt |5,2e+02 |
| 3 | 2600 | 5000 |   70 |       0.45 |1585589004991 |     236 |   237.0 | 0,42 | mscpa5.txt |5,5e+02 |
| 3 | 2700 | 5000 |   70 |       0.45 |1585589004991 |     236 |   237.0 | 0,42 | mscpa5.txt |5,8e+02 |
| 3 | 2800 | 5000 |   70 |       0.45 |1585589004991 |     236 |   237.0 | 0,42 | mscpa5.txt |6,0e+02 |
| 3 | 2900 | 5000 |   70 | 0.42857143 |1585589004991 |     236 |   237.0 | 0,42 | mscpa5.txt |6,2e+02 |
| 3 | 3000 | 5000 |   75 |       0.45 |1585589004991 |     236 |   237.0 | 0,42 | mscpa5.txt |6,5e+02 |
| 3 | 3100 | 5000 |   75 |       0.45 |1585589004991 |     236 |   237.0 | 0,42 | mscpa5.txt |6,7e+02 |
| 3 | 3200 | 5000 |   75 |       0.45 |1585589004991 |     236 |   237.0 | 0,42 | mscpa5.txt |7,0e+02 |
| 3 | 3300 | 5000 |   75 |       0.45 |1585589004991 |     236 |   237.0 | 0,42 | mscpa5.txt |7,2e+02 |
| 3 | 3400 | 5000 |   80 |       0.45 |1585589004991 |     236 |   237.0 | 0,42 | mscpa5.txt |7,5e+02 |
| 3 | 3500 | 5000 |   80 |       0.45 |1585589004991 |     236 |   237.0 | 0,42 | mscpa5.txt |7,8e+02 |
| 3 | 3600 | 5000 |   80 |       0.45 |1585589004991 |     236 |   237.0 | 0,42 | mscpa5.txt |8,0e+02 |
| 3 | 3700 | 5000 |   80 |       0.45 |1585589004991 |     236 |   237.0 | 0,42 | mscpa5.txt |8,3e+02 |
| 3 | 3800 | 5000 |   85 |       0.45 |1585589004991 |     236 |   237.0 | 0,42 | mscpa5.txt |8,6e+02 |
| 3 | 3900 | 5000 |   85 |       0.45 |1585589004991 |     236 |   237.0 | 0,42 | mscpa5.txt |8,8e+02 |
| 3 | 4000 | 5000 |   85 |       0.45 |1585589004991 |     236 |   237.0 | 0,42 | mscpa5.txt |9,2e+02 |
| 3 | 4100 | 5000 |   85 |       0.45 |1585589004991 |     236 |   237.0 | 0,42 | mscpa5.txt |9,5e+02 |
| 3 | 4200 | 5000 |   90 |       0.45 |1585589004991 |     236 |   237.0 | 0,42 | mscpa5.txt |9,8e+02 |
| 3 | 4300 | 5000 |   90 |       0.45 |1585589004991 |     236 |   237.0 | 0,42 | mscpa5.txt |1,0e+03 |
| 3 | 4400 | 5000 |   90 |       0.45 |1585589004991 |     236 |   237.0 | 0,42 | mscpa5.txt |1,1e+03 |
| 3 | 4500 | 5000 |   90 |       0.45 |1585589004991 |     236 |   237.0 | 0,42 | mscpa5.txt |1,1e+03 |
| 3 | 4600 | 5000 |   95 |       0.45 |1585589004991 |     236 |   237.0 | 0,42 | mscpa5.txt |1,1e+03 |
| 3 | 4700 | 5000 |   95 |       0.45 |1585589004991 |     236 |   237.0 | 0,42 | mscpa5.txt |1,2e+03 |
| 3 | 4800 | 5000 |   95 |       0.45 |1585589004991 |     236 |   237.0 | 0,42 | mscpa5.txt |1,2e+03 |
| 3 | 4900 | 5000 |   95 |       0.45 |1585589004991 |     236 |   237.0 | 0,42 | mscpa5.txt |1,2e+03 |
| 3 | 5000 | 5000 |  100 |       0.45 |1585589004991 |     236 |   237.0 | 0,42 | mscpa5.txt |1,3e+03 |
| 3 |  300 | 5000 |  100 |       0.45 |1585589004991 |     236 |   237.0 | 0,42 | mscpa5.txt |1,3e+03 |
| 4 |    1 | 5000 |   35 |       0.25 |1585590286610 |     236 |   371.0 |57,20 | mscpa5.txt | 0,21 |
| 4 |  100 | 5000 |   35 | 0.37142858 |1585590286610 |     236 |   288.0 |22,03 | mscpa5.txt |   15 |
| 4 |  200 | 5000 |   35 |       0.45 |1585590286610 |     236 |   283.0 |19,92 | mscpa5.txt |   29 |
| 4 |  300 | 5000 |   35 |       0.45 |1585590286610 |     236 |   272.0 |15,25 | mscpa5.txt |   43 |
| 4 |  400 | 5000 |   40 |       0.45 |1585590286610 |     236 |   239.0 | 1,27 | mscpa5.txt |   60 |
| 4 |  500 | 5000 |   40 |       0.35 |1585590286610 |     236 |   239.0 | 1,27 | mscpa5.txt |   78 |
| 4 |  600 | 5000 |   40 |      0.275 |1585590286610 |     236 |   238.0 | 0,85 | mscpa5.txt |   94 |
| 4 |  700 | 5000 |   40 |       0.35 |1585590286610 |     236 |   238.0 | 0,85 | mscpa5.txt |1,1e+02 |
| 4 |  800 | 5000 |   45 | 0.33333334 |1585590286610 |     236 |   238.0 | 0,85 | mscpa5.txt |1,3e+02 |
| 4 |  900 | 5000 |   45 |  0.2888889 |1585590286610 |     236 |   237.0 | 0,42 | mscpa5.txt |1,5e+02 |
| 4 | 1000 | 5000 |   45 |  0.2888889 |1585590286610 |     236 |   237.0 | 0,42 | mscpa5.txt |1,7e+02 |
| 4 | 1100 | 5000 |   45 | 0.35555556 |1585590286610 |     236 |   237.0 | 0,42 | mscpa5.txt |2,0e+02 |
| 4 | 1200 | 5000 |   50 |        0.4 |1585590286610 |     236 |   237.0 | 0,42 | mscpa5.txt |2,2e+02 |
| 4 | 1300 | 5000 |   50 |       0.38 |1585590286610 |     236 |   237.0 | 0,42 | mscpa5.txt |2,4e+02 |
| 4 | 1400 | 5000 |   50 |        0.2 |1585590286610 |     236 |   237.0 | 0,42 | mscpa5.txt |2,6e+02 |
| 4 | 1500 | 5000 |   50 |        0.2 |1585590286610 |     236 |   237.0 | 0,42 | mscpa5.txt |2,9e+02 |
| 4 | 1600 | 5000 |   55 |       0.45 |1585590286610 |     236 |   237.0 | 0,42 | mscpa5.txt |3,1e+02 |
| 4 | 1700 | 5000 |   55 |       0.45 |1585590286610 |     236 |   237.0 | 0,42 | mscpa5.txt |3,2e+02 |
| 4 | 1800 | 5000 |   55 |       0.45 |1585590286610 |     236 |   237.0 | 0,42 | mscpa5.txt |3,4e+02 |
| 4 | 1900 | 5000 |   55 |       0.45 |1585590286610 |     236 |   237.0 | 0,42 | mscpa5.txt |3,6e+02 |
| 4 | 2000 | 5000 |   60 |       0.45 |1585590286610 |     236 |   237.0 | 0,42 | mscpa5.txt |3,8e+02 |
| 4 | 2100 | 5000 |   60 | 0.36666667 |1585590286610 |     236 |   237.0 | 0,42 | mscpa5.txt |4,0e+02 |
| 4 | 2200 | 5000 |   60 | 0.36666667 |1585590286610 |     236 |   237.0 | 0,42 | mscpa5.txt |4,2e+02 |
| 4 | 2300 | 5000 |   60 | 0.36666667 |1585590286610 |     236 |   237.0 | 0,42 | mscpa5.txt |4,3e+02 |
| 4 | 2400 | 5000 |   65 |       0.45 |1585590286610 |     236 |   237.0 | 0,42 | mscpa5.txt |4,5e+02 |
| 4 | 2500 | 5000 |   65 |       0.45 |1585590286610 |     236 |   237.0 | 0,42 | mscpa5.txt |4,8e+02 |
| 4 | 2600 | 5000 |   65 |       0.45 |1585590286610 |     236 |   237.0 | 0,42 | mscpa5.txt |5,0e+02 |
| 4 | 2700 | 5000 |   65 |       0.45 |1585590286610 |     236 |   237.0 | 0,42 | mscpa5.txt |5,2e+02 |
| 4 | 2800 | 5000 |   70 |       0.45 |1585590286610 |     236 |   237.0 | 0,42 | mscpa5.txt |5,4e+02 |
| 4 | 2900 | 5000 |   70 |       0.45 |1585590286610 |     236 |   237.0 | 0,42 | mscpa5.txt |5,6e+02 |
| 4 | 3000 | 5000 |   70 |       0.45 |1585590286610 |     236 |   237.0 | 0,42 | mscpa5.txt |5,9e+02 |
| 4 | 3100 | 5000 |   70 |       0.45 |1585590286610 |     236 |   237.0 | 0,42 | mscpa5.txt |6,1e+02 |
| 4 | 3200 | 5000 |   75 |       0.45 |1585590286610 |     236 |   237.0 | 0,42 | mscpa5.txt |6,3e+02 |
| 4 | 3300 | 5000 |   75 |       0.45 |1585590286610 |     236 |   237.0 | 0,42 | mscpa5.txt |6,6e+02 |
| 4 | 3400 | 5000 |   75 |       0.45 |1585590286610 |     236 |   237.0 | 0,42 | mscpa5.txt |6,8e+02 |
| 4 | 3500 | 5000 |   75 | 0.13333334 |1585590286610 |     236 |   237.0 | 0,42 | mscpa5.txt |7,1e+02 |
| 4 | 3600 | 5000 |   80 |       0.45 |1585590286610 |     236 |   237.0 | 0,42 | mscpa5.txt |7,4e+02 |
| 4 | 3700 | 5000 |   80 |       0.45 |1585590286610 |     236 |   237.0 | 0,42 | mscpa5.txt |7,7e+02 |
| 4 | 3800 | 5000 |   80 |       0.45 |1585590286610 |     236 |   237.0 | 0,42 | mscpa5.txt |8,0e+02 |
| 4 | 3900 | 5000 |   80 |       0.45 |1585590286610 |     236 |   237.0 | 0,42 | mscpa5.txt |8,3e+02 |
| 4 | 4000 | 5000 |   85 |       0.45 |1585590286610 |     236 |   237.0 | 0,42 | mscpa5.txt |8,7e+02 |
| 4 | 4100 | 5000 |   85 |       0.45 |1585590286610 |     236 |   237.0 | 0,42 | mscpa5.txt |9,0e+02 |
| 4 | 4200 | 5000 |   85 |       0.45 |1585590286610 |     236 |   237.0 | 0,42 | mscpa5.txt |9,3e+02 |
| 4 | 4300 | 5000 |   85 |       0.45 |1585590286610 |     236 |   237.0 | 0,42 | mscpa5.txt |9,7e+02 |
| 4 | 4400 | 5000 |   90 |       0.45 |1585590286610 |     236 |   237.0 | 0,42 | mscpa5.txt |1,0e+03 |
| 4 | 4500 | 5000 |   90 |       0.45 |1585590286610 |     236 |   237.0 | 0,42 | mscpa5.txt |1,0e+03 |
| 4 | 4600 | 5000 |   90 |       0.45 |1585590286610 |     236 |   237.0 | 0,42 | mscpa5.txt |1,1e+03 |
| 4 | 4700 | 5000 |   90 | 0.32222223 |1585590286610 |     236 |   237.0 | 0,42 | mscpa5.txt |1,1e+03 |
| 4 | 4800 | 5000 |   95 |       0.45 |1585590286610 |     236 |   237.0 | 0,42 | mscpa5.txt |1,1e+03 |
| 4 | 4900 | 5000 |   95 |       0.45 |1585590286610 |     236 |   237.0 | 0,42 | mscpa5.txt |1,2e+03 |
| 4 | 5000 | 5000 |   95 |       0.45 |1585590286610 |     236 |   237.0 | 0,42 | mscpa5.txt |1,2e+03 |
| 4 |  300 | 5000 |   95 |       0.45 |1585590286610 |     236 |   237.0 | 0,42 | mscpa5.txt |1,2e+03 |
| 5 |    1 | 5000 |   35 |       0.25 |1585591489749 |     236 |   381.0 |61,44 | mscpa5.txt | 0,19 |
| 5 |  100 | 5000 |   35 |       0.45 |1585591489749 |     236 |   323.0 |36,86 | mscpa5.txt |   13 |
| 5 |  200 | 5000 |   40 |      0.425 |1585591489749 |     236 |   239.0 | 1,27 | mscpa5.txt |   28 |
| 5 |  300 | 5000 |   40 |      0.225 |1585591489749 |     236 |   237.0 | 0,42 | mscpa5.txt |   45 |
| 5 |  300 | 5000 |   40 |      0.225 |1585591489749 |     236 |   236.0 | 0,00 | mscpa5.txt |   51 |
| 6 |    1 | 5000 |   35 |       0.25 |1585591540957 |     236 |   364.0 |54,24 | mscpa5.txt | 0,23 |
| 6 |  100 | 5000 |   35 |       0.45 |1585591540957 |     236 |   284.0 |20,34 | mscpa5.txt |   13 |
| 6 |  200 | 5000 |   35 |       0.45 |1585591540957 |     236 |   280.0 |18,64 | mscpa5.txt |   26 |
| 6 |  300 | 5000 |   40 |       0.45 |1585591540957 |     236 |   241.0 | 2,12 | mscpa5.txt |   42 |
| 6 |  400 | 5000 |   40 |       0.45 |1585591540957 |     236 |   240.0 | 1,69 | mscpa5.txt |   58 |
| 6 |  500 | 5000 |   40 |       0.45 |1585591540957 |     236 |   240.0 | 1,69 | mscpa5.txt |   74 |
| 6 |  600 | 5000 |   40 |      0.325 |1585591540957 |     236 |   238.0 | 0,85 | mscpa5.txt |   88 |
| 6 |  700 | 5000 |   45 | 0.26666668 |1585591540957 |     236 |   238.0 | 0,85 | mscpa5.txt |1,0e+02 |
| 6 |  800 | 5000 |   45 | 0.26666668 |1585591540957 |     236 |   238.0 | 0,85 | mscpa5.txt |1,2e+02 |
| 6 |  900 | 5000 |   45 | 0.26666668 |1585591540957 |     236 |   238.0 | 0,85 | mscpa5.txt |1,4e+02 |
| 6 | 1000 | 5000 |   45 | 0.26666668 |1585591540957 |     236 |   238.0 | 0,85 | mscpa5.txt |1,6e+02 |
| 6 | 1100 | 5000 |   50 |       0.45 |1585591540957 |     236 |   238.0 | 0,85 | mscpa5.txt |1,8e+02 |
| 6 | 1200 | 5000 |   50 |       0.45 |1585591540957 |     236 |   238.0 | 0,85 | mscpa5.txt |2,0e+02 |
| 6 | 1300 | 5000 |   50 |       0.45 |1585591540957 |     236 |   238.0 | 0,85 | mscpa5.txt |2,2e+02 |
| 6 | 1400 | 5000 |   50 |       0.45 |1585591540957 |     236 |   237.0 | 0,42 | mscpa5.txt |2,3e+02 |
| 6 | 1500 | 5000 |   55 |       0.45 |1585591540957 |     236 |   237.0 | 0,42 | mscpa5.txt |2,6e+02 |
| 6 | 1600 | 5000 |   55 |       0.45 |1585591540957 |     236 |   237.0 | 0,42 | mscpa5.txt |2,8e+02 |
| 6 | 1700 | 5000 |   55 |       0.45 |1585591540957 |     236 |   237.0 | 0,42 | mscpa5.txt |3,0e+02 |
| 6 | 1800 | 5000 |   55 |       0.45 |1585591540957 |     236 |   237.0 | 0,42 | mscpa5.txt |3,2e+02 |
| 6 | 1900 | 5000 |   60 |       0.45 |1585591540957 |     236 |   237.0 | 0,42 | mscpa5.txt |3,4e+02 |
| 6 | 2000 | 5000 |   60 |       0.45 |1585591540957 |     236 |   237.0 | 0,42 | mscpa5.txt |3,7e+02 |
| 6 | 2100 | 5000 |   60 |       0.45 |1585591540957 |     236 |   237.0 | 0,42 | mscpa5.txt |3,9e+02 |
| 6 | 2200 | 5000 |   60 |       0.45 |1585591540957 |     236 |   237.0 | 0,42 | mscpa5.txt |4,1e+02 |
| 6 | 2300 | 5000 |   65 |       0.45 |1585591540957 |     236 |   237.0 | 0,42 | mscpa5.txt |4,4e+02 |
| 6 | 2400 | 5000 |   65 |       0.45 |1585591540957 |     236 |   237.0 | 0,42 | mscpa5.txt |4,7e+02 |
| 6 | 2500 | 5000 |   65 |       0.45 |1585591540957 |     236 |   237.0 | 0,42 | mscpa5.txt |4,9e+02 |
| 6 | 2600 | 5000 |   65 |       0.45 |1585591540957 |     236 |   237.0 | 0,42 | mscpa5.txt |5,2e+02 |
| 6 | 2700 | 5000 |   70 |       0.45 |1585591540957 |     236 |   237.0 | 0,42 | mscpa5.txt |5,4e+02 |
| 6 | 2800 | 5000 |   70 |       0.45 |1585591540957 |     236 |   237.0 | 0,42 | mscpa5.txt |5,7e+02 |
| 6 | 2900 | 5000 |   70 |       0.45 |1585591540957 |     236 |   237.0 | 0,42 | mscpa5.txt |6,0e+02 |
| 6 | 3000 | 5000 |   70 |       0.45 |1585591540957 |     236 |   237.0 | 0,42 | mscpa5.txt |6,2e+02 |
| 6 | 3100 | 5000 |   75 |       0.45 |1585591540957 |     236 |   237.0 | 0,42 | mscpa5.txt |6,5e+02 |
| 6 | 3200 | 5000 |   75 |       0.45 |1585591540957 |     236 |   237.0 | 0,42 | mscpa5.txt |6,8e+02 |
| 6 | 3300 | 5000 |   75 |       0.45 |1585591540957 |     236 |   237.0 | 0,42 | mscpa5.txt |7,0e+02 |
| 6 | 3400 | 5000 |   75 |       0.45 |1585591540957 |     236 |   237.0 | 0,42 | mscpa5.txt |7,3e+02 |
| 6 | 3500 | 5000 |   80 |       0.45 |1585591540957 |     236 |   237.0 | 0,42 | mscpa5.txt |7,6e+02 |
| 6 | 3600 | 5000 |   80 |       0.45 |1585591540957 |     236 |   237.0 | 0,42 | mscpa5.txt |7,9e+02 |
| 6 | 3700 | 5000 |   80 |       0.45 |1585591540957 |     236 |   237.0 | 0,42 | mscpa5.txt |8,2e+02 |
| 6 | 3800 | 5000 |   80 |       0.45 |1585591540957 |     236 |   237.0 | 0,42 | mscpa5.txt |8,5e+02 |
| 6 | 3900 | 5000 |   85 |       0.45 |1585591540957 |     236 |   237.0 | 0,42 | mscpa5.txt |8,8e+02 |
| 6 | 4000 | 5000 |   85 |       0.45 |1585591540957 |     236 |   237.0 | 0,42 | mscpa5.txt |9,1e+02 |
| 6 | 4100 | 5000 |   85 |       0.45 |1585591540957 |     236 |   237.0 | 0,42 | mscpa5.txt |9,4e+02 |
| 6 | 4200 | 5000 |   85 |       0.45 |1585591540957 |     236 |   237.0 | 0,42 | mscpa5.txt |9,7e+02 |
| 6 | 4300 | 5000 |   90 |       0.45 |1585591540957 |     236 |   237.0 | 0,42 | mscpa5.txt |1,0e+03 |
| 6 | 4400 | 5000 |   90 |       0.45 |1585591540957 |     236 |   237.0 | 0,42 | mscpa5.txt |1,0e+03 |
| 6 | 4500 | 5000 |   90 |       0.45 |1585591540957 |     236 |   237.0 | 0,42 | mscpa5.txt |1,1e+03 |
| 6 | 4600 | 5000 |   90 |       0.45 |1585591540957 |     236 |   237.0 | 0,42 | mscpa5.txt |1,1e+03 |
| 6 | 4700 | 5000 |   95 |       0.45 |1585591540957 |     236 |   237.0 | 0,42 | mscpa5.txt |1,1e+03 |
| 6 | 4800 | 5000 |   95 |       0.45 |1585591540957 |     236 |   237.0 | 0,42 | mscpa5.txt |1,2e+03 |
| 6 | 4900 | 5000 |   95 |       0.45 |1585591540957 |     236 |   237.0 | 0,42 | mscpa5.txt |1,2e+03 |
| 6 | 5000 | 5000 |   95 |       0.45 |1585591540957 |     236 |   237.0 | 0,42 | mscpa5.txt |1,2e+03 |
| 6 |  300 | 5000 |  100 |       0.45 |1585591540957 |     236 |   237.0 | 0,42 | mscpa5.txt |1,2e+03 |
| 7 |    1 | 5000 |   35 |       0.25 |1585592785902 |     236 |   360.0 |52,54 | mscpa5.txt | 0,31 |
| 7 |  100 | 5000 |   35 | 0.34285715 |1585592785902 |     236 |   295.0 |25,00 | mscpa5.txt |   13 |
| 7 |  200 | 5000 |   35 | 0.42857143 |1585592785902 |     236 |   281.0 |19,07 | mscpa5.txt |   26 |
| 7 |  300 | 5000 |   35 | 0.34285715 |1585592785902 |     236 |   259.0 | 9,75 | mscpa5.txt |   40 |
| 7 |  400 | 5000 |   35 |  0.2857143 |1585592785902 |     236 |   256.0 | 8,47 | mscpa5.txt |   53 |
| 7 |  500 | 5000 |   40 |      0.325 |1585592785902 |     236 |   240.0 | 1,69 | mscpa5.txt |   69 |
| 7 |  600 | 5000 |   40 |        0.3 |1585592785902 |     236 |   239.0 | 1,27 | mscpa5.txt |   86 |
| 7 |  700 | 5000 |   40 |      0.425 |1585592785902 |     236 |   238.0 | 0,85 | mscpa5.txt |1,0e+02 |
| 7 |  800 | 5000 |   40 |      0.425 |1585592785902 |     236 |   238.0 | 0,85 | mscpa5.txt |1,2e+02 |
| 7 |  900 | 5000 |   45 | 0.35555556 |1585592785902 |     236 |   238.0 | 0,85 | mscpa5.txt |1,4e+02 |
| 7 | 1000 | 5000 |   45 | 0.35555556 |1585592785902 |     236 |   237.0 | 0,42 | mscpa5.txt |1,5e+02 |
| 7 | 1100 | 5000 |   45 | 0.35555556 |1585592785902 |     236 |   237.0 | 0,42 | mscpa5.txt |1,7e+02 |
| 7 | 1200 | 5000 |   45 | 0.35555556 |1585592785902 |     236 |   237.0 | 0,42 | mscpa5.txt |1,9e+02 |
| 7 | 1300 | 5000 |   50 |       0.32 |1585592785902 |     236 |   237.0 | 0,42 | mscpa5.txt |2,1e+02 |
| 7 | 1400 | 5000 |   50 |       0.32 |1585592785902 |     236 |   237.0 | 0,42 | mscpa5.txt |2,3e+02 |
| 7 | 1500 | 5000 |   50 |       0.32 |1585592785902 |     236 |   237.0 | 0,42 | mscpa5.txt |2,5e+02 |
| 7 | 1600 | 5000 |   50 |       0.32 |1585592785902 |     236 |   237.0 | 0,42 | mscpa5.txt |2,7e+02 |
| 7 | 1700 | 5000 |   55 | 0.29090908 |1585592785902 |     236 |   237.0 | 0,42 | mscpa5.txt |3,0e+02 |
| 7 | 1800 | 5000 |   55 |       0.45 |1585592785902 |     236 |   237.0 | 0,42 | mscpa5.txt |3,2e+02 |
| 7 | 1900 | 5000 |   55 |       0.45 |1585592785902 |     236 |   237.0 | 0,42 | mscpa5.txt |3,4e+02 |
| 7 | 2000 | 5000 |   55 |       0.45 |1585592785902 |     236 |   237.0 | 0,42 | mscpa5.txt |3,6e+02 |
| 7 | 2100 | 5000 |   60 |       0.45 |1585592785902 |     236 |   237.0 | 0,42 | mscpa5.txt |3,8e+02 |
| 7 | 2200 | 5000 |   60 |       0.45 |1585592785902 |     236 |   237.0 | 0,42 | mscpa5.txt |4,0e+02 |
| 7 | 2300 | 5000 |   60 |       0.45 |1585592785902 |     236 |   237.0 | 0,42 | mscpa5.txt |4,2e+02 |
| 7 | 2400 | 5000 |   60 |       0.45 |1585592785902 |     236 |   237.0 | 0,42 | mscpa5.txt |4,4e+02 |
| 7 | 2500 | 5000 |   65 |       0.45 |1585592785902 |     236 |   237.0 | 0,42 | mscpa5.txt |4,6e+02 |
| 7 | 2600 | 5000 |   65 |       0.45 |1585592785902 |     236 |   237.0 | 0,42 | mscpa5.txt |4,8e+02 |
| 7 | 2700 | 5000 |   65 |       0.45 |1585592785902 |     236 |   237.0 | 0,42 | mscpa5.txt |5,1e+02 |
| 7 | 2800 | 5000 |   65 |       0.45 |1585592785902 |     236 |   237.0 | 0,42 | mscpa5.txt |5,3e+02 |
| 7 | 2900 | 5000 |   70 |       0.45 |1585592785902 |     236 |   237.0 | 0,42 | mscpa5.txt |5,5e+02 |
| 7 | 3000 | 5000 |   70 |       0.45 |1585592785902 |     236 |   237.0 | 0,42 | mscpa5.txt |5,7e+02 |
| 7 | 3100 | 5000 |   70 |       0.45 |1585592785902 |     236 |   237.0 | 0,42 | mscpa5.txt |6,0e+02 |
| 7 | 3200 | 5000 |   70 |       0.45 |1585592785902 |     236 |   237.0 | 0,42 | mscpa5.txt |6,3e+02 |
| 7 | 3300 | 5000 |   75 |       0.45 |1585592785902 |     236 |   237.0 | 0,42 | mscpa5.txt |6,6e+02 |
| 7 | 3400 | 5000 |   75 |       0.45 |1585592785902 |     236 |   237.0 | 0,42 | mscpa5.txt |7,0e+02 |
| 7 | 3500 | 5000 |   75 |       0.45 |1585592785902 |     236 |   237.0 | 0,42 | mscpa5.txt |7,4e+02 |
| 7 | 3600 | 5000 |   75 |       0.45 |1585592785902 |     236 |   237.0 | 0,42 | mscpa5.txt |7,7e+02 |
| 7 | 3700 | 5000 |   80 |       0.45 |1585592785902 |     236 |   237.0 | 0,42 | mscpa5.txt |8,1e+02 |
| 7 | 3800 | 5000 |   80 |       0.45 |1585592785902 |     236 |   237.0 | 0,42 | mscpa5.txt |8,5e+02 |
| 7 | 3900 | 5000 |   80 |       0.45 |1585592785902 |     236 |   237.0 | 0,42 | mscpa5.txt |8,9e+02 |
| 7 | 4000 | 5000 |   80 |       0.45 |1585592785902 |     236 |   237.0 | 0,42 | mscpa5.txt |9,3e+02 |
| 7 | 4100 | 5000 |   85 |       0.45 |1585592785902 |     236 |   237.0 | 0,42 | mscpa5.txt |9,7e+02 |
| 7 | 4200 | 5000 |   85 |       0.45 |1585592785902 |     236 |   237.0 | 0,42 | mscpa5.txt |1,0e+03 |
| 7 | 4300 | 5000 |   85 |       0.45 |1585592785902 |     236 |   237.0 | 0,42 | mscpa5.txt |1,1e+03 |
| 7 | 4400 | 5000 |   85 |       0.45 |1585592785902 |     236 |   237.0 | 0,42 | mscpa5.txt |1,1e+03 |
| 7 | 4500 | 5000 |   90 |       0.45 |1585592785902 |     236 |   237.0 | 0,42 | mscpa5.txt |1,2e+03 |
| 7 | 4600 | 5000 |   90 |       0.45 |1585592785902 |     236 |   237.0 | 0,42 | mscpa5.txt |1,2e+03 |
| 7 | 4700 | 5000 |   90 |       0.45 |1585592785902 |     236 |   237.0 | 0,42 | mscpa5.txt |1,2e+03 |
| 7 | 4800 | 5000 |   90 |       0.45 |1585592785902 |     236 |   237.0 | 0,42 | mscpa5.txt |1,3e+03 |
| 7 | 4900 | 5000 |   95 |       0.45 |1585592785902 |     236 |   237.0 | 0,42 | mscpa5.txt |1,3e+03 |
| 7 | 5000 | 5000 |   95 |       0.45 |1585592785902 |     236 |   237.0 | 0,42 | mscpa5.txt |1,4e+03 |
| 7 |  300 | 5000 |   95 |       0.45 |1585592785902 |     236 |   237.0 | 0,42 | mscpa5.txt |1,4e+03 |
| 8 |    1 | 5000 |   35 |       0.25 |1585594147363 |     236 |   371.0 |57,20 | mscpa5.txt | 0,32 |
| 8 |  100 | 5000 |   35 |        0.4 |1585594147363 |     236 |   317.0 |34,32 | mscpa5.txt |   17 |
| 8 |  200 | 5000 |   35 | 0.42857143 |1585594147363 |     236 |   305.0 |29,24 | mscpa5.txt |   33 |
| 8 |  300 | 5000 |   40 |       0.45 |1585594147363 |     236 |   239.0 | 1,27 | mscpa5.txt |   51 |
| 8 |  400 | 5000 |   40 |       0.35 |1585594147363 |     236 |   239.0 | 1,27 | mscpa5.txt |   70 |
| 8 |  500 | 5000 |   40 |        0.3 |1585594147363 |     236 |   238.0 | 0,85 | mscpa5.txt |   91 |
| 8 |  600 | 5000 |   40 |      0.375 |1585594147363 |     236 |   238.0 | 0,85 | mscpa5.txt |1,1e+02 |
| 8 |  700 | 5000 |   45 | 0.33333334 |1585594147363 |     236 |   238.0 | 0,85 | mscpa5.txt |1,3e+02 |
| 8 |  800 | 5000 |   45 |       0.45 |1585594147363 |     236 |   238.0 | 0,85 | mscpa5.txt |1,5e+02 |
| 8 |  900 | 5000 |   45 |       0.45 |1585594147363 |     236 |   238.0 | 0,85 | mscpa5.txt |1,7e+02 |
| 8 | 1000 | 5000 |   45 |       0.45 |1585594147363 |     236 |   238.0 | 0,85 | mscpa5.txt |1,9e+02 |
| 8 | 1100 | 5000 |   50 |       0.45 |1585594147363 |     236 |   238.0 | 0,85 | mscpa5.txt |2,2e+02 |
| 8 | 1200 | 5000 |   50 |       0.45 |1585594147363 |     236 |   238.0 | 0,85 | mscpa5.txt |2,5e+02 |
| 8 | 1300 | 5000 |   50 |       0.45 |1585594147363 |     236 |   238.0 | 0,85 | mscpa5.txt |2,7e+02 |
| 8 | 1400 | 5000 |   50 |       0.45 |1585594147363 |     236 |   238.0 | 0,85 | mscpa5.txt |3,0e+02 |
| 8 | 1500 | 5000 |   55 |       0.45 |1585594147363 |     236 |   238.0 | 0,85 | mscpa5.txt |3,2e+02 |
| 8 | 1600 | 5000 |   55 |       0.45 |1585594147363 |     236 |   238.0 | 0,85 | mscpa5.txt |3,5e+02 |
| 8 | 1700 | 5000 |   55 |       0.45 |1585594147363 |     236 |   238.0 | 0,85 | mscpa5.txt |3,8e+02 |
| 8 | 1800 | 5000 |   55 |       0.45 |1585594147363 |     236 |   237.0 | 0,42 | mscpa5.txt |4,0e+02 |
| 8 | 1900 | 5000 |   60 |       0.45 |1585594147363 |     236 |   237.0 | 0,42 | mscpa5.txt |4,4e+02 |
| 8 | 2000 | 5000 |   60 |       0.45 |1585594147363 |     236 |   237.0 | 0,42 | mscpa5.txt |4,7e+02 |
| 8 | 2100 | 5000 |   60 |       0.45 |1585594147363 |     236 |   237.0 | 0,42 | mscpa5.txt |5,0e+02 |
| 8 | 2200 | 5000 |   60 |       0.45 |1585594147363 |     236 |   237.0 | 0,42 | mscpa5.txt |5,3e+02 |
| 8 | 2300 | 5000 |   65 |       0.45 |1585594147363 |     236 |   237.0 | 0,42 | mscpa5.txt |5,7e+02 |
| 8 | 2400 | 5000 |   65 |       0.45 |1585594147363 |     236 |   237.0 | 0,42 | mscpa5.txt |6,0e+02 |
| 8 | 2500 | 5000 |   65 |       0.45 |1585594147363 |     236 |   237.0 | 0,42 | mscpa5.txt |6,2e+02 |
| 8 | 2600 | 5000 |   65 |       0.45 |1585594147363 |     236 |   237.0 | 0,42 | mscpa5.txt |6,5e+02 |
| 8 | 2700 | 5000 |   70 |       0.45 |1585594147363 |     236 |   237.0 | 0,42 | mscpa5.txt |6,8e+02 |
| 8 | 2800 | 5000 |   70 |       0.45 |1585594147363 |     236 |   237.0 | 0,42 | mscpa5.txt |7,1e+02 |
| 8 | 2900 | 5000 |   70 |       0.45 |1585594147363 |     236 |   237.0 | 0,42 | mscpa5.txt |7,3e+02 |
| 8 | 3000 | 5000 |   70 |       0.45 |1585594147363 |     236 |   237.0 | 0,42 | mscpa5.txt |7,6e+02 |
| 8 | 3100 | 5000 |   75 |       0.45 |1585594147363 |     236 |   237.0 | 0,42 | mscpa5.txt |7,8e+02 |
| 8 | 3200 | 5000 |   75 |       0.45 |1585594147363 |     236 |   237.0 | 0,42 | mscpa5.txt |8,2e+02 |
| 8 | 3300 | 5000 |   75 |       0.45 |1585594147363 |     236 |   237.0 | 0,42 | mscpa5.txt |8,5e+02 |
| 8 | 3400 | 5000 |   75 |       0.45 |1585594147363 |     236 |   237.0 | 0,42 | mscpa5.txt |8,8e+02 |
| 8 | 3500 | 5000 |   80 |       0.45 |1585594147363 |     236 |   237.0 | 0,42 | mscpa5.txt |9,1e+02 |
| 8 | 3600 | 5000 |   80 |       0.45 |1585594147363 |     236 |   237.0 | 0,42 | mscpa5.txt |9,5e+02 |
| 8 | 3700 | 5000 |   80 |       0.45 |1585594147363 |     236 |   237.0 | 0,42 | mscpa5.txt |9,8e+02 |
| 8 | 3800 | 5000 |   80 |       0.45 |1585594147363 |     236 |   237.0 | 0,42 | mscpa5.txt |1,0e+03 |
| 8 | 3900 | 5000 |   85 |       0.45 |1585594147363 |     236 |   237.0 | 0,42 | mscpa5.txt |1,1e+03 |
| 8 | 4000 | 5000 |   85 |       0.45 |1585594147363 |     236 |   237.0 | 0,42 | mscpa5.txt |1,1e+03 |
| 8 | 4100 | 5000 |   85 |       0.45 |1585594147363 |     236 |   237.0 | 0,42 | mscpa5.txt |1,1e+03 |
| 8 | 4200 | 5000 |   85 |       0.45 |1585594147363 |     236 |   237.0 | 0,42 | mscpa5.txt |1,2e+03 |
| 8 | 4300 | 5000 |   90 |       0.45 |1585594147363 |     236 |   237.0 | 0,42 | mscpa5.txt |1,2e+03 |
| 8 | 4400 | 5000 |   90 |       0.45 |1585594147363 |     236 |   237.0 | 0,42 | mscpa5.txt |1,3e+03 |
| 8 | 4500 | 5000 |   90 |       0.45 |1585594147363 |     236 |   237.0 | 0,42 | mscpa5.txt |1,3e+03 |
| 8 | 4600 | 5000 |   90 |       0.45 |1585594147363 |     236 |   237.0 | 0,42 | mscpa5.txt |1,4e+03 |
| 8 | 4700 | 5000 |   95 |       0.45 |1585594147363 |     236 |   237.0 | 0,42 | mscpa5.txt |1,4e+03 |
| 8 | 4800 | 5000 |   95 |       0.45 |1585594147363 |     236 |   237.0 | 0,42 | mscpa5.txt |1,5e+03 |
| 8 | 4900 | 5000 |   95 |       0.45 |1585594147363 |     236 |   237.0 | 0,42 | mscpa5.txt |1,5e+03 |
| 8 | 5000 | 5000 |   95 |       0.45 |1585594147363 |     236 |   237.0 | 0,42 | mscpa5.txt |1,6e+03 |
| 8 |  300 | 5000 |  100 |       0.45 |1585594147363 |     236 |   237.0 | 0,42 | mscpa5.txt |1,6e+03 |
| 9 |    1 | 5000 |   35 |       0.25 |1585595709818 |     236 |   361.0 |52,97 | mscpa5.txt | 0,25 |
| 9 |  100 | 5000 |   35 |       0.45 |1585595709818 |     236 |   316.0 |33,90 | mscpa5.txt |   16 |
| 9 |  200 | 5000 |   35 | 0.42857143 |1585595709818 |     236 |   305.0 |29,24 | mscpa5.txt |   34 |
| 9 |  300 | 5000 |   35 |        0.4 |1585595709818 |     236 |   292.0 |23,73 | mscpa5.txt |   50 |
| 9 |  400 | 5000 |   35 |       0.45 |1585595709818 |     236 |   288.0 |22,03 | mscpa5.txt |   68 |
| 9 |  500 | 5000 |   40 |       0.45 |1585595709818 |     236 |   246.0 | 4,24 | mscpa5.txt |   89 |
| 9 |  600 | 5000 |   40 |       0.45 |1585595709818 |     236 |   241.0 | 2,12 | mscpa5.txt |1,1e+02 |
| 9 |  700 | 5000 |   40 |      0.375 |1585595709818 |     236 |   239.0 | 1,27 | mscpa5.txt |1,3e+02 |
| 9 |  800 | 5000 |   40 |       0.35 |1585595709818 |     236 |   238.0 | 0,85 | mscpa5.txt |1,5e+02 |
| 9 |  900 | 5000 |   45 |       0.45 |1585595709818 |     236 |   238.0 | 0,85 | mscpa5.txt |1,8e+02 |
| 9 | 1000 | 5000 |   45 |       0.45 |1585595709818 |     236 |   238.0 | 0,85 | mscpa5.txt |2,0e+02 |
| 9 | 1100 | 5000 |   45 | 0.26666668 |1585595709818 |     236 |   238.0 | 0,85 | mscpa5.txt |2,3e+02 |
| 9 | 1200 | 5000 |   45 | 0.26666668 |1585595709818 |     236 |   238.0 | 0,85 | mscpa5.txt |2,5e+02 |
| 9 | 1300 | 5000 |   50 |       0.45 |1585595709818 |     236 |   238.0 | 0,85 | mscpa5.txt |2,8e+02 |
| 9 | 1400 | 5000 |   50 |       0.45 |1585595709818 |     236 |   238.0 | 0,85 | mscpa5.txt |2,9e+02 |
| 9 | 1500 | 5000 |   50 |       0.45 |1585595709818 |     236 |   238.0 | 0,85 | mscpa5.txt |3,1e+02 |
| 9 | 1600 | 5000 |   50 |       0.45 |1585595709818 |     236 |   238.0 | 0,85 | mscpa5.txt |3,3e+02 |
| 9 | 1700 | 5000 |   55 |       0.45 |1585595709818 |     236 |   238.0 | 0,85 | mscpa5.txt |3,5e+02 |
| 9 | 1800 | 5000 |   55 |       0.45 |1585595709818 |     236 |   238.0 | 0,85 | mscpa5.txt |3,7e+02 |
| 9 | 1900 | 5000 |   55 |       0.45 |1585595709818 |     236 |   238.0 | 0,85 | mscpa5.txt |3,9e+02 |
| 9 | 2000 | 5000 |   55 |       0.45 |1585595709818 |     236 |   238.0 | 0,85 | mscpa5.txt |4,1e+02 |
| 9 | 2100 | 5000 |   60 |       0.45 |1585595709818 |     236 |   237.0 | 0,42 | mscpa5.txt |4,3e+02 |
| 9 | 2200 | 5000 |   60 |       0.45 |1585595709818 |     236 |   237.0 | 0,42 | mscpa5.txt |4,5e+02 |
| 9 | 2300 | 5000 |   60 |       0.45 |1585595709818 |     236 |   237.0 | 0,42 | mscpa5.txt |4,7e+02 |
| 9 | 2400 | 5000 |   60 |       0.45 |1585595709818 |     236 |   237.0 | 0,42 | mscpa5.txt |5,1e+02 |
| 9 | 2500 | 5000 |   65 |       0.45 |1585595709818 |     236 |   237.0 | 0,42 | mscpa5.txt |5,7e+02 |
| 9 | 2600 | 5000 |   65 |       0.45 |1585595709818 |     236 |   237.0 | 0,42 | mscpa5.txt |6,3e+02 |
| 9 | 2700 | 5000 |   65 |       0.45 |1585595709818 |     236 |   237.0 | 0,42 | mscpa5.txt |6,9e+02 |
| 9 | 2800 | 5000 |   65 |       0.45 |1585595709818 |     236 |   237.0 | 0,42 | mscpa5.txt |7,5e+02 |
| 9 | 2900 | 5000 |   70 |       0.45 |1585595709818 |     236 |   237.0 | 0,42 | mscpa5.txt |8,1e+02 |
| 9 | 3000 | 5000 |   70 |       0.45 |1585595709818 |     236 |   237.0 | 0,42 | mscpa5.txt |8,7e+02 |
| 9 | 3100 | 5000 |   70 |       0.45 |1585595709818 |     236 |   237.0 | 0,42 | mscpa5.txt |9,0e+02 |
| 9 | 3200 | 5000 |   70 |       0.45 |1585595709818 |     236 |   237.0 | 0,42 | mscpa5.txt |9,4e+02 |
| 9 | 3300 | 5000 |   75 |       0.45 |1585595709818 |     236 |   237.0 | 0,42 | mscpa5.txt |9,7e+02 |
| 9 | 3400 | 5000 |   75 |       0.45 |1585595709818 |     236 |   237.0 | 0,42 | mscpa5.txt |9,9e+02 |
| 9 | 3500 | 5000 |   75 |       0.45 |1585595709818 |     236 |   237.0 | 0,42 | mscpa5.txt |1,0e+03 |
| 9 | 3600 | 5000 |   75 |       0.45 |1585595709818 |     236 |   237.0 | 0,42 | mscpa5.txt |1,0e+03 |
| 9 | 3700 | 5000 |   80 |       0.45 |1585595709818 |     236 |   237.0 | 0,42 | mscpa5.txt |1,1e+03 |
| 9 | 3800 | 5000 |   80 |       0.45 |1585595709818 |     236 |   237.0 | 0,42 | mscpa5.txt |1,1e+03 |
| 9 | 3900 | 5000 |   80 |       0.45 |1585595709818 |     236 |   237.0 | 0,42 | mscpa5.txt |1,1e+03 |
| 9 | 4000 | 5000 |   80 |       0.45 |1585595709818 |     236 |   237.0 | 0,42 | mscpa5.txt |1,2e+03 |
| 9 | 4100 | 5000 |   85 |       0.45 |1585595709818 |     236 |   237.0 | 0,42 | mscpa5.txt |1,2e+03 |
| 9 | 4200 | 5000 |   85 |       0.45 |1585595709818 |     236 |   237.0 | 0,42 | mscpa5.txt |1,2e+03 |
| 9 | 4300 | 5000 |   85 |       0.45 |1585595709818 |     236 |   237.0 | 0,42 | mscpa5.txt |1,2e+03 |
| 9 | 4400 | 5000 |   85 |       0.45 |1585595709818 |     236 |   237.0 | 0,42 | mscpa5.txt |1,3e+03 |
| 9 | 4500 | 5000 |   90 |       0.45 |1585595709818 |     236 |   237.0 | 0,42 | mscpa5.txt |1,3e+03 |
| 9 | 4600 | 5000 |   90 |       0.45 |1585595709818 |     236 |   237.0 | 0,42 | mscpa5.txt |1,3e+03 |
| 9 | 4700 | 5000 |   90 |       0.45 |1585595709818 |     236 |   237.0 | 0,42 | mscpa5.txt |1,4e+03 |
| 9 | 4800 | 5000 |   90 |       0.45 |1585595709818 |     236 |   237.0 | 0,42 | mscpa5.txt |1,4e+03 |
| 9 | 4900 | 5000 |   95 |       0.45 |1585595709818 |     236 |   237.0 | 0,42 | mscpa5.txt |1,5e+03 |
| 9 | 5000 | 5000 |   95 |       0.45 |1585595709818 |     236 |   237.0 | 0,42 | mscpa5.txt |1,5e+03 |
| 9 |  300 | 5000 |   95 |       0.45 |1585595709818 |     236 |   237.0 | 0,42 | mscpa5.txt |1,5e+03 |
|10 |    1 | 5000 |   35 |       0.25 |1585597195092 |     236 |   391.0 |65,68 | mscpa5.txt | 0,17 |
|10 |  100 | 5000 |   35 |        0.4 |1585597195092 |     236 |   308.0 |30,51 | mscpa5.txt |   16 |
|10 |  200 | 5000 |   35 | 0.42857143 |1585597195092 |     236 |   295.0 |25,00 | mscpa5.txt |   35 |
|10 |  300 | 5000 |   40 |       0.45 |1585597195092 |     236 |   241.0 | 2,12 | mscpa5.txt |   56 |
|10 |  400 | 5000 |   40 |      0.275 |1585597195092 |     236 |   238.0 | 0,85 | mscpa5.txt |   79 |
|10 |  500 | 5000 |   40 |       0.25 |1585597195092 |     236 |   238.0 | 0,85 | mscpa5.txt |1,0e+02 |
|10 |  600 | 5000 |   40 |       0.45 |1585597195092 |     236 |   238.0 | 0,85 | mscpa5.txt |1,2e+02 |
|10 |  700 | 5000 |   45 |       0.45 |1585597195092 |     236 |   238.0 | 0,85 | mscpa5.txt |1,5e+02 |
|10 |  800 | 5000 |   45 |       0.45 |1585597195092 |     236 |   238.0 | 0,85 | mscpa5.txt |1,7e+02 |
|10 |  900 | 5000 |   45 |       0.45 |1585597195092 |     236 |   238.0 | 0,85 | mscpa5.txt |2,0e+02 |
|10 | 1000 | 5000 |   45 |       0.45 |1585597195092 |     236 |   238.0 | 0,85 | mscpa5.txt |2,2e+02 |
|10 | 1100 | 5000 |   50 |       0.45 |1585597195092 |     236 |   238.0 | 0,85 | mscpa5.txt |2,4e+02 |
|10 | 1200 | 5000 |   50 |       0.45 |1585597195092 |     236 |   238.0 | 0,85 | mscpa5.txt |2,7e+02 |
|10 | 1300 | 5000 |   50 |       0.45 |1585597195092 |     236 |   238.0 | 0,85 | mscpa5.txt |2,9e+02 |
|10 | 1400 | 5000 |   50 |       0.45 |1585597195092 |     236 |   238.0 | 0,85 | mscpa5.txt |3,2e+02 |
|10 | 1500 | 5000 |   55 |       0.45 |1585597195092 |     236 |   238.0 | 0,85 | mscpa5.txt |3,5e+02 |
|10 | 1600 | 5000 |   55 |       0.45 |1585597195092 |     236 |   238.0 | 0,85 | mscpa5.txt |3,8e+02 |
|10 | 1700 | 5000 |   55 |       0.45 |1585597195092 |     236 |   237.0 | 0,42 | mscpa5.txt |4,1e+02 |
|10 | 1800 | 5000 |   55 |       0.45 |1585597195092 |     236 |   237.0 | 0,42 | mscpa5.txt |4,4e+02 |
|10 | 1900 | 5000 |   60 |       0.45 |1585597195092 |     236 |   237.0 | 0,42 | mscpa5.txt |4,7e+02 |
|10 | 2000 | 5000 |   60 |       0.45 |1585597195092 |     236 |   237.0 | 0,42 | mscpa5.txt |5,0e+02 |
|10 | 2100 | 5000 |   60 |       0.45 |1585597195092 |     236 |   237.0 | 0,42 | mscpa5.txt |5,3e+02 |
|10 | 2200 | 5000 |   60 |       0.45 |1585597195092 |     236 |   237.0 | 0,42 | mscpa5.txt |5,6e+02 |
|10 | 2300 | 5000 |   65 |       0.45 |1585597195092 |     236 |   237.0 | 0,42 | mscpa5.txt |5,9e+02 |
|10 | 2400 | 5000 |   65 |       0.45 |1585597195092 |     236 |   237.0 | 0,42 | mscpa5.txt |6,2e+02 |
|10 | 2500 | 5000 |   65 |       0.45 |1585597195092 |     236 |   237.0 | 0,42 | mscpa5.txt |6,5e+02 |
|10 | 2600 | 5000 |   65 |       0.45 |1585597195092 |     236 |   237.0 | 0,42 | mscpa5.txt |6,7e+02 |
|10 | 2700 | 5000 |   70 |       0.45 |1585597195092 |     236 |   237.0 | 0,42 | mscpa5.txt |7,0e+02 |
|10 | 2800 | 5000 |   70 |       0.45 |1585597195092 |     236 |   237.0 | 0,42 | mscpa5.txt |7,3e+02 |
|10 | 2900 | 5000 |   70 |       0.45 |1585597195092 |     236 |   237.0 | 0,42 | mscpa5.txt |7,5e+02 |
|10 | 3000 | 5000 |   70 |       0.45 |1585597195092 |     236 |   237.0 | 0,42 | mscpa5.txt |7,8e+02 |
|10 | 3100 | 5000 |   75 |       0.45 |1585597195092 |     236 |   237.0 | 0,42 | mscpa5.txt |8,0e+02 |
|10 | 3200 | 5000 |   75 |       0.45 |1585597195092 |     236 |   237.0 | 0,42 | mscpa5.txt |8,2e+02 |
|10 | 3300 | 5000 |   75 |       0.45 |1585597195092 |     236 |   237.0 | 0,42 | mscpa5.txt |8,5e+02 |
|10 | 3400 | 5000 |   75 |       0.45 |1585597195092 |     236 |   237.0 | 0,42 | mscpa5.txt |8,7e+02 |
|10 | 3500 | 5000 |   80 |       0.45 |1585597195092 |     236 |   237.0 | 0,42 | mscpa5.txt |9,1e+02 |
|10 | 3600 | 5000 |   80 |       0.45 |1585597195092 |     236 |   237.0 | 0,42 | mscpa5.txt |9,4e+02 |
|10 | 3700 | 5000 |   80 |       0.45 |1585597195092 |     236 |   237.0 | 0,42 | mscpa5.txt |9,7e+02 |
|10 | 3800 | 5000 |   80 |       0.45 |1585597195092 |     236 |   237.0 | 0,42 | mscpa5.txt |1,0e+03 |
|10 | 3900 | 5000 |   85 |       0.45 |1585597195092 |     236 |   237.0 | 0,42 | mscpa5.txt |1,0e+03 |
|10 | 4000 | 5000 |   85 |       0.45 |1585597195092 |     236 |   237.0 | 0,42 | mscpa5.txt |1,1e+03 |
|10 | 4100 | 5000 |   85 |       0.45 |1585597195092 |     236 |   237.0 | 0,42 | mscpa5.txt |1,1e+03 |
|10 | 4200 | 5000 |   85 |       0.45 |1585597195092 |     236 |   237.0 | 0,42 | mscpa5.txt |1,1e+03 |
|10 | 4300 | 5000 |   90 |       0.45 |1585597195092 |     236 |   237.0 | 0,42 | mscpa5.txt |1,2e+03 |
|10 | 4400 | 5000 |   90 |       0.45 |1585597195092 |     236 |   237.0 | 0,42 | mscpa5.txt |1,2e+03 |
|10 | 4500 | 5000 |   90 |       0.45 |1585597195092 |     236 |   237.0 | 0,42 | mscpa5.txt |1,3e+03 |
|10 | 4600 | 5000 |   90 |       0.45 |1585597195092 |     236 |   237.0 | 0,42 | mscpa5.txt |1,3e+03 |
|10 | 4700 | 5000 |   95 |       0.45 |1585597195092 |     236 |   237.0 | 0,42 | mscpa5.txt |1,4e+03 |
|10 | 4800 | 5000 |   95 |       0.45 |1585597195092 |     236 |   237.0 | 0,42 | mscpa5.txt |1,4e+03 |
|10 | 4900 | 5000 |   95 |       0.45 |1585597195092 |     236 |   237.0 | 0,42 | mscpa5.txt |1,4e+03 |
|10 | 5000 | 5000 |   95 |       0.45 |1585597195092 |     236 |   237.0 | 0,42 | mscpa5.txt |1,5e+03 |
|10 |  300 | 5000 |  100 |       0.45 |1585597195092 |     236 |   237.0 | 0,42 | mscpa5.txt |1,5e+03 |
|11 |    1 | 5000 |   35 |       0.25 |1585598684388 |     236 |   346.0 |46,61 | mscpa5.txt | 0,32 |
|11 |  100 | 5000 |   35 |        0.4 |1585598684388 |     236 |   291.0 |23,31 | mscpa5.txt |   18 |
|11 |  200 | 5000 |   35 | 0.31428573 |1585598684388 |     236 |   285.0 |20,76 | mscpa5.txt |   35 |
|11 |  300 | 5000 |   35 | 0.31428573 |1585598684388 |     236 |   264.0 |11,86 | mscpa5.txt |   52 |
|11 |  400 | 5000 |   35 |       0.45 |1585598684388 |     236 |   264.0 |11,86 | mscpa5.txt |   70 |
|11 |  500 | 5000 |   40 |       0.45 |1585598684388 |     236 |   239.0 | 1,27 | mscpa5.txt |   90 |
|11 |  600 | 5000 |   40 |       0.45 |1585598684388 |     236 |   239.0 | 1,27 | mscpa5.txt |1,1e+02 |
|11 |  700 | 5000 |   40 |       0.45 |1585598684388 |     236 |   239.0 | 1,27 | mscpa5.txt |1,3e+02 |
|11 |  800 | 5000 |   40 |       0.45 |1585598684388 |     236 |   238.0 | 0,85 | mscpa5.txt |1,6e+02 |
|11 |  900 | 5000 |   45 | 0.44444445 |1585598684388 |     236 |   238.0 | 0,85 | mscpa5.txt |1,8e+02 |
|11 | 1000 | 5000 |   45 | 0.44444445 |1585598684388 |     236 |   238.0 | 0,85 | mscpa5.txt |2,1e+02 |
|11 | 1100 | 5000 |   45 |       0.45 |1585598684388 |     236 |   238.0 | 0,85 | mscpa5.txt |2,3e+02 |
|11 | 1200 | 5000 |   45 |       0.45 |1585598684388 |     236 |   237.0 | 0,42 | mscpa5.txt |2,6e+02 |
|11 | 1300 | 5000 |   50 |       0.45 |1585598684388 |     236 |   237.0 | 0,42 | mscpa5.txt |2,9e+02 |
|11 | 1400 | 5000 |   50 |       0.45 |1585598684388 |     236 |   237.0 | 0,42 | mscpa5.txt |3,2e+02 |
|11 | 1500 | 5000 |   50 |       0.45 |1585598684388 |     236 |   237.0 | 0,42 | mscpa5.txt |3,5e+02 |
|11 | 1600 | 5000 |   50 |       0.45 |1585598684388 |     236 |   237.0 | 0,42 | mscpa5.txt |3,7e+02 |
|11 | 1700 | 5000 |   55 |       0.45 |1585598684388 |     236 |   237.0 | 0,42 | mscpa5.txt |4,1e+02 |
|11 | 1800 | 5000 |   55 | 0.23636363 |1585598684388 |     236 |   237.0 | 0,42 | mscpa5.txt |4,3e+02 |
|11 | 1900 | 5000 |   55 | 0.23636363 |1585598684388 |     236 |   237.0 | 0,42 | mscpa5.txt |4,6e+02 |
|11 | 2000 | 5000 |   55 | 0.23636363 |1585598684388 |     236 |   237.0 | 0,42 | mscpa5.txt |4,9e+02 |
|11 | 2100 | 5000 |   60 | 0.23333333 |1585598684388 |     236 |   237.0 | 0,42 | mscpa5.txt |5,2e+02 |
|11 | 2200 | 5000 |   60 | 0.23333333 |1585598684388 |     236 |   237.0 | 0,42 | mscpa5.txt |5,6e+02 |
|11 | 2300 | 5000 |   60 | 0.23333333 |1585598684388 |     236 |   237.0 | 0,42 | mscpa5.txt |5,9e+02 |
|11 | 2400 | 5000 |   60 |       0.25 |1585598684388 |     236 |   237.0 | 0,42 | mscpa5.txt |6,2e+02 |
|11 |  300 | 5000 |   65 |       0.25 |1585598684388 |     236 |   236.0 | 0,00 | mscpa5.txt |6,4e+02 |
|12 |    1 | 5000 |   35 |       0.25 |1585599319880 |     236 |   371.0 |57,20 | mscpa5.txt | 0,28 |
|12 |  100 | 5000 |   35 |  0.2857143 |1585599319880 |     236 |   292.0 |23,73 | mscpa5.txt |   17 |
|12 |  200 | 5000 |   35 | 0.42857143 |1585599319880 |     236 |   281.0 |19,07 | mscpa5.txt |   35 |
|12 |  300 | 5000 |   35 |  0.2857143 |1585599319880 |     236 |   273.0 |15,68 | mscpa5.txt |   52 |
|12 |  400 | 5000 |   35 | 0.25714287 |1585599319880 |     236 |   268.0 |13,56 | mscpa5.txt |   69 |
|12 |  500 | 5000 |   40 |        0.4 |1585599319880 |     236 |   239.0 | 1,27 | mscpa5.txt |   92 |
|12 |  600 | 5000 |   40 |      0.425 |1585599319880 |     236 |   237.0 | 0,42 | mscpa5.txt |1,2e+02 |
|12 |  300 | 5000 |   40 |      0.425 |1585599319880 |     236 |   236.0 | 0,00 | mscpa5.txt |1,3e+02 |
|13 |    1 | 5000 |   35 |       0.25 |1585599448483 |     236 |   374.0 |58,47 | mscpa5.txt | 0,32 |
|13 |  100 | 5000 |   35 | 0.42857143 |1585599448483 |     236 |   305.0 |29,24 | mscpa5.txt |   19 |
|13 |  200 | 5000 |   35 |       0.45 |1585599448483 |     236 |   283.0 |19,92 | mscpa5.txt |   37 |
|13 |  300 | 5000 |   40 |       0.45 |1585599448483 |     236 |   246.0 | 4,24 | mscpa5.txt |   59 |
|13 |  400 | 5000 |   40 |      0.375 |1585599448483 |     236 |   239.0 | 1,27 | mscpa5.txt |   80 |
|13 |  500 | 5000 |   40 |      0.225 |1585599448483 |     236 |   239.0 | 1,27 | mscpa5.txt |1,0e+02 |
|13 |  600 | 5000 |   40 |       0.45 |1585599448483 |     236 |   237.0 | 0,42 | mscpa5.txt |1,2e+02 |
|13 |  700 | 5000 |   40 |       0.45 |1585599448483 |     236 |   237.0 | 0,42 | mscpa5.txt |1,5e+02 |
|13 |  800 | 5000 |   45 |        0.4 |1585599448483 |     236 |   237.0 | 0,42 | mscpa5.txt |1,8e+02 |
|13 |  900 | 5000 |   45 |        0.4 |1585599448483 |     236 |   237.0 | 0,42 | mscpa5.txt |2,0e+02 |
|13 | 1000 | 5000 |   45 | 0.37777779 |1585599448483 |     236 |   237.0 | 0,42 | mscpa5.txt |2,3e+02 |
|13 | 1100 | 5000 |   45 | 0.37777779 |1585599448483 |     236 |   237.0 | 0,42 | mscpa5.txt |2,5e+02 |
|13 | 1200 | 5000 |   50 |       0.34 |1585599448483 |     236 |   237.0 | 0,42 | mscpa5.txt |2,8e+02 |
|13 | 1300 | 5000 |   50 |       0.34 |1585599448483 |     236 |   237.0 | 0,42 | mscpa5.txt |3,1e+02 |
|13 | 1400 | 5000 |   50 |       0.45 |1585599448483 |     236 |   237.0 | 0,42 | mscpa5.txt |3,3e+02 |
|13 | 1500 | 5000 |   50 |       0.45 |1585599448483 |     236 |   237.0 | 0,42 | mscpa5.txt |3,6e+02 |
|13 | 1600 | 5000 |   55 |       0.45 |1585599448483 |     236 |   237.0 | 0,42 | mscpa5.txt |3,8e+02 |
|13 | 1700 | 5000 |   55 |       0.45 |1585599448483 |     236 |   237.0 | 0,42 | mscpa5.txt |4,1e+02 |
|13 | 1800 | 5000 |   55 |       0.45 |1585599448483 |     236 |   237.0 | 0,42 | mscpa5.txt |4,4e+02 |
|13 | 1900 | 5000 |   55 |       0.45 |1585599448483 |     236 |   237.0 | 0,42 | mscpa5.txt |4,7e+02 |
|13 | 2000 | 5000 |   60 |       0.45 |1585599448483 |     236 |   237.0 | 0,42 | mscpa5.txt |5,0e+02 |
|13 | 2100 | 5000 |   60 |       0.45 |1585599448483 |     236 |   237.0 | 0,42 | mscpa5.txt |5,2e+02 |
|13 | 2200 | 5000 |   60 |       0.45 |1585599448483 |     236 |   237.0 | 0,42 | mscpa5.txt |5,6e+02 |
|13 | 2300 | 5000 |   60 |       0.45 |1585599448483 |     236 |   237.0 | 0,42 | mscpa5.txt |5,8e+02 |
|13 | 2400 | 5000 |   65 |       0.45 |1585599448483 |     236 |   237.0 | 0,42 | mscpa5.txt |6,1e+02 |
|13 | 2500 | 5000 |   65 |       0.45 |1585599448483 |     236 |   237.0 | 0,42 | mscpa5.txt |6,4e+02 |
|13 | 2600 | 5000 |   65 |       0.45 |1585599448483 |     236 |   237.0 | 0,42 | mscpa5.txt |6,7e+02 |
|13 | 2700 | 5000 |   65 |       0.45 |1585599448483 |     236 |   237.0 | 0,42 | mscpa5.txt |7,0e+02 |
|13 | 2800 | 5000 |   70 |       0.45 |1585599448483 |     236 |   237.0 | 0,42 | mscpa5.txt |7,3e+02 |
|13 | 2900 | 5000 |   70 |       0.45 |1585599448483 |     236 |   237.0 | 0,42 | mscpa5.txt |7,6e+02 |
|13 | 3000 | 5000 |   70 |       0.45 |1585599448483 |     236 |   237.0 | 0,42 | mscpa5.txt |7,9e+02 |
|13 | 3100 | 5000 |   70 |       0.45 |1585599448483 |     236 |   237.0 | 0,42 | mscpa5.txt |8,2e+02 |
|13 | 3200 | 5000 |   75 |       0.45 |1585599448483 |     236 |   237.0 | 0,42 | mscpa5.txt |8,4e+02 |
|13 | 3300 | 5000 |   75 |       0.45 |1585599448483 |     236 |   237.0 | 0,42 | mscpa5.txt |8,8e+02 |
|13 | 3400 | 5000 |   75 |       0.45 |1585599448483 |     236 |   237.0 | 0,42 | mscpa5.txt |9,1e+02 |
|13 | 3500 | 5000 |   75 |       0.45 |1585599448483 |     236 |   237.0 | 0,42 | mscpa5.txt |9,4e+02 |
|13 | 3600 | 5000 |   80 |       0.45 |1585599448483 |     236 |   237.0 | 0,42 | mscpa5.txt |9,7e+02 |
|13 | 3700 | 5000 |   80 |       0.45 |1585599448483 |     236 |   237.0 | 0,42 | mscpa5.txt |1,0e+03 |
|13 | 3800 | 5000 |   80 |       0.45 |1585599448483 |     236 |   237.0 | 0,42 | mscpa5.txt |1,0e+03 |
|13 | 3900 | 5000 |   80 |       0.45 |1585599448483 |     236 |   237.0 | 0,42 | mscpa5.txt |1,1e+03 |
|13 | 4000 | 5000 |   85 |       0.45 |1585599448483 |     236 |   237.0 | 0,42 | mscpa5.txt |1,1e+03 |
|13 | 4100 | 5000 |   85 |       0.45 |1585599448483 |     236 |   237.0 | 0,42 | mscpa5.txt |1,1e+03 |
|13 | 4200 | 5000 |   85 |       0.45 |1585599448483 |     236 |   237.0 | 0,42 | mscpa5.txt |1,2e+03 |
|13 | 4300 | 5000 |   85 |       0.45 |1585599448483 |     236 |   237.0 | 0,42 | mscpa5.txt |1,2e+03 |
|13 | 4400 | 5000 |   90 |       0.45 |1585599448483 |     236 |   237.0 | 0,42 | mscpa5.txt |1,2e+03 |
|13 | 4500 | 5000 |   90 |       0.45 |1585599448483 |     236 |   237.0 | 0,42 | mscpa5.txt |1,3e+03 |
|13 | 4600 | 5000 |   90 |       0.45 |1585599448483 |     236 |   237.0 | 0,42 | mscpa5.txt |1,3e+03 |
|13 | 4700 | 5000 |   90 |       0.45 |1585599448483 |     236 |   237.0 | 0,42 | mscpa5.txt |1,4e+03 |
|13 | 4800 | 5000 |   95 |       0.45 |1585599448483 |     236 |   237.0 | 0,42 | mscpa5.txt |1,4e+03 |
|13 | 4900 | 5000 |   95 |       0.45 |1585599448483 |     236 |   237.0 | 0,42 | mscpa5.txt |1,4e+03 |
|13 | 5000 | 5000 |   95 |       0.45 |1585599448483 |     236 |   237.0 | 0,42 | mscpa5.txt |1,5e+03 |
|13 |  300 | 5000 |   95 |       0.45 |1585599448483 |     236 |   237.0 | 0,42 | mscpa5.txt |1,5e+03 |
|14 |    1 | 5000 |   35 |       0.25 |1585600918734 |     236 |   358.0 |51,69 | mscpa5.txt | 0,29 |
|14 |  100 | 5000 |   35 |        0.4 |1585600918734 |     236 |   294.0 |24,58 | mscpa5.txt |   14 |
|14 |  200 | 5000 |   40 |       0.45 |1585600918734 |     236 |   243.0 | 2,97 | mscpa5.txt |   30 |
|14 |  300 | 5000 |   40 |       0.35 |1585600918734 |     236 |   240.0 | 1,69 | mscpa5.txt |   47 |
|14 |  400 | 5000 |   40 |       0.35 |1585600918734 |     236 |   238.0 | 0,85 | mscpa5.txt |   64 |
|14 |  500 | 5000 |   40 |        0.3 |1585600918734 |     236 |   238.0 | 0,85 | mscpa5.txt |   82 |
|14 |  600 | 5000 |   45 | 0.33333334 |1585600918734 |     236 |   238.0 | 0,85 | mscpa5.txt |1,0e+02 |
|14 |  700 | 5000 |   45 | 0.33333334 |1585600918734 |     236 |   238.0 | 0,85 | mscpa5.txt |1,2e+02 |
|14 |  800 | 5000 |   45 | 0.33333334 |1585600918734 |     236 |   238.0 | 0,85 | mscpa5.txt |1,4e+02 |
|14 |  900 | 5000 |   45 |       0.45 |1585600918734 |     236 |   238.0 | 0,85 | mscpa5.txt |1,6e+02 |
|14 | 1000 | 5000 |   50 |       0.45 |1585600918734 |     236 |   238.0 | 0,85 | mscpa5.txt |1,8e+02 |
|14 | 1100 | 5000 |   50 |       0.45 |1585600918734 |     236 |   237.0 | 0,42 | mscpa5.txt |2,0e+02 |
|14 | 1200 | 5000 |   50 |       0.45 |1585600918734 |     236 |   237.0 | 0,42 | mscpa5.txt |2,2e+02 |
|14 | 1300 | 5000 |   50 |       0.45 |1585600918734 |     236 |   237.0 | 0,42 | mscpa5.txt |2,3e+02 |
|14 | 1400 | 5000 |   55 |       0.45 |1585600918734 |     236 |   237.0 | 0,42 | mscpa5.txt |2,5e+02 |
|14 | 1500 | 5000 |   55 |       0.45 |1585600918734 |     236 |   237.0 | 0,42 | mscpa5.txt |2,7e+02 |
|14 | 1600 | 5000 |   55 |       0.45 |1585600918734 |     236 |   237.0 | 0,42 | mscpa5.txt |2,9e+02 |
|14 | 1700 | 5000 |   55 |       0.45 |1585600918734 |     236 |   237.0 | 0,42 | mscpa5.txt |3,1e+02 |
|14 | 1800 | 5000 |   60 |       0.45 |1585600918734 |     236 |   237.0 | 0,42 | mscpa5.txt |3,3e+02 |
|14 | 1900 | 5000 |   60 |       0.45 |1585600918734 |     236 |   237.0 | 0,42 | mscpa5.txt |3,5e+02 |
|14 | 2000 | 5000 |   60 |       0.45 |1585600918734 |     236 |   237.0 | 0,42 | mscpa5.txt |3,7e+02 |
|14 | 2100 | 5000 |   60 |       0.45 |1585600918734 |     236 |   237.0 | 0,42 | mscpa5.txt |4,0e+02 |
|14 | 2200 | 5000 |   65 |       0.45 |1585600918734 |     236 |   237.0 | 0,42 | mscpa5.txt |4,3e+02 |
|14 | 2300 | 5000 |   65 |       0.45 |1585600918734 |     236 |   237.0 | 0,42 | mscpa5.txt |4,7e+02 |
|14 | 2400 | 5000 |   65 |       0.45 |1585600918734 |     236 |   237.0 | 0,42 | mscpa5.txt |5,0e+02 |
|14 | 2500 | 5000 |   65 |       0.45 |1585600918734 |     236 |   237.0 | 0,42 | mscpa5.txt |5,3e+02 |
|14 | 2600 | 5000 |   70 |       0.45 |1585600918734 |     236 |   237.0 | 0,42 | mscpa5.txt |5,6e+02 |
|14 | 2700 | 5000 |   70 |       0.45 |1585600918734 |     236 |   237.0 | 0,42 | mscpa5.txt |6,0e+02 |
|14 | 2800 | 5000 |   70 |       0.45 |1585600918734 |     236 |   237.0 | 0,42 | mscpa5.txt |6,3e+02 |
|14 | 2900 | 5000 |   70 |       0.45 |1585600918734 |     236 |   237.0 | 0,42 | mscpa5.txt |6,6e+02 |
|14 | 3000 | 5000 |   75 |       0.45 |1585600918734 |     236 |   237.0 | 0,42 | mscpa5.txt |7,0e+02 |
|14 | 3100 | 5000 |   75 |       0.45 |1585600918734 |     236 |   237.0 | 0,42 | mscpa5.txt |7,4e+02 |
|14 | 3200 | 5000 |   75 |       0.45 |1585600918734 |     236 |   237.0 | 0,42 | mscpa5.txt |7,7e+02 |
|14 | 3300 | 5000 |   75 |       0.45 |1585600918734 |     236 |   237.0 | 0,42 | mscpa5.txt |8,0e+02 |
|14 | 3400 | 5000 |   80 |       0.45 |1585600918734 |     236 |   237.0 | 0,42 | mscpa5.txt |8,3e+02 |
|14 | 3500 | 5000 |   80 |       0.45 |1585600918734 |     236 |   237.0 | 0,42 | mscpa5.txt |8,7e+02 |
|14 | 3600 | 5000 |   80 |       0.45 |1585600918734 |     236 |   237.0 | 0,42 | mscpa5.txt |9,0e+02 |
|14 | 3700 | 5000 |   80 |       0.45 |1585600918734 |     236 |   237.0 | 0,42 | mscpa5.txt |9,3e+02 |
|14 | 3800 | 5000 |   85 |       0.45 |1585600918734 |     236 |   237.0 | 0,42 | mscpa5.txt |9,6e+02 |
|14 | 3900 | 5000 |   85 |       0.45 |1585600918734 |     236 |   237.0 | 0,42 | mscpa5.txt |1,0e+03 |
|14 | 4000 | 5000 |   85 |       0.45 |1585600918734 |     236 |   237.0 | 0,42 | mscpa5.txt |1,0e+03 |
|14 | 4100 | 5000 |   85 |       0.45 |1585600918734 |     236 |   237.0 | 0,42 | mscpa5.txt |1,1e+03 |
|14 | 4200 | 5000 |   90 |       0.45 |1585600918734 |     236 |   237.0 | 0,42 | mscpa5.txt |1,1e+03 |
|14 | 4300 | 5000 |   90 |       0.45 |1585600918734 |     236 |   237.0 | 0,42 | mscpa5.txt |1,1e+03 |
|14 | 4400 | 5000 |   90 |       0.45 |1585600918734 |     236 |   237.0 | 0,42 | mscpa5.txt |1,2e+03 |
|14 | 4500 | 5000 |   90 |       0.45 |1585600918734 |     236 |   237.0 | 0,42 | mscpa5.txt |1,2e+03 |
|14 | 4600 | 5000 |   95 |       0.45 |1585600918734 |     236 |   237.0 | 0,42 | mscpa5.txt |1,2e+03 |
|14 | 4700 | 5000 |   95 |       0.45 |1585600918734 |     236 |   237.0 | 0,42 | mscpa5.txt |1,3e+03 |
|14 | 4800 | 5000 |   95 |       0.45 |1585600918734 |     236 |   237.0 | 0,42 | mscpa5.txt |1,3e+03 |
|14 | 4900 | 5000 |   95 |       0.45 |1585600918734 |     236 |   237.0 | 0,42 | mscpa5.txt |1,3e+03 |
|14 | 5000 | 5000 |  100 |       0.45 |1585600918734 |     236 |   237.0 | 0,42 | mscpa5.txt |1,3e+03 |
|14 |  300 | 5000 |  100 |       0.45 |1585600918734 |     236 |   237.0 | 0,42 | mscpa5.txt |1,3e+03 |
|15 |    1 | 5000 |   35 |       0.25 |1585602268683 |     236 |   381.0 |61,44 | mscpa5.txt | 0,15 |
|15 |  100 | 5000 |   35 |        0.4 |1585602268683 |     236 |   306.0 |29,66 | mscpa5.txt |   12 |
|15 |  200 | 5000 |   35 | 0.31428573 |1585602268683 |     236 |   301.0 |27,54 | mscpa5.txt |   31 |
|15 |  300 | 5000 |   35 | 0.31428573 |1585602268683 |     236 |   287.0 |21,61 | mscpa5.txt |   51 |
|15 |  400 | 5000 |   40 |      0.375 |1585602268683 |     236 |   241.0 | 2,12 | mscpa5.txt |   69 |
|15 |  500 | 5000 |   40 |      0.275 |1585602268683 |     236 |   239.0 | 1,27 | mscpa5.txt |   92 |
|15 |  600 | 5000 |   40 |      0.375 |1585602268683 |     236 |   238.0 | 0,85 | mscpa5.txt |1,1e+02 |
|15 |  700 | 5000 |   40 |       0.35 |1585602268683 |     236 |   238.0 | 0,85 | mscpa5.txt |1,3e+02 |
|15 |  800 | 5000 |   40 |       0.35 |1585602268683 |     236 |   238.0 | 0,85 | mscpa5.txt |1,5e+02 |
|15 |  900 | 5000 |   45 |       0.45 |1585602268683 |     236 |   238.0 | 0,85 | mscpa5.txt |1,7e+02 |
|15 | 1000 | 5000 |   45 |       0.45 |1585602268683 |     236 |   238.0 | 0,85 | mscpa5.txt |1,8e+02 |
|15 | 1100 | 5000 |   45 | 0.35555556 |1585602268683 |     236 |   238.0 | 0,85 | mscpa5.txt |2,0e+02 |
|15 | 1200 | 5000 |   45 | 0.44444445 |1585602268683 |     236 |   238.0 | 0,85 | mscpa5.txt |2,2e+02 |
|15 | 1300 | 5000 |   50 |       0.45 |1585602268683 |     236 |   238.0 | 0,85 | mscpa5.txt |2,3e+02 |
|15 | 1400 | 5000 |   50 |       0.45 |1585602268683 |     236 |   238.0 | 0,85 | mscpa5.txt |2,5e+02 |
|15 | 1500 | 5000 |   50 |       0.45 |1585602268683 |     236 |   238.0 | 0,85 | mscpa5.txt |2,7e+02 |
|15 | 1600 | 5000 |   50 |       0.45 |1585602268683 |     236 |   238.0 | 0,85 | mscpa5.txt |2,9e+02 |
|15 | 1700 | 5000 |   55 |       0.45 |1585602268683 |     236 |   238.0 | 0,85 | mscpa5.txt |3,2e+02 |
|15 | 1800 | 5000 |   55 |       0.45 |1585602268683 |     236 |   238.0 | 0,85 | mscpa5.txt |3,5e+02 |
|15 | 1900 | 5000 |   55 |       0.45 |1585602268683 |     236 |   238.0 | 0,85 | mscpa5.txt |3,7e+02 |
|15 | 2000 | 5000 |   55 |       0.45 |1585602268683 |     236 |   238.0 | 0,85 | mscpa5.txt |4,0e+02 |
|15 | 2100 | 5000 |   60 |       0.45 |1585602268683 |     236 |   238.0 | 0,85 | mscpa5.txt |4,3e+02 |
|15 | 2200 | 5000 |   60 |       0.45 |1585602268683 |     236 |   238.0 | 0,85 | mscpa5.txt |4,5e+02 |
|15 | 2300 | 5000 |   60 |       0.45 |1585602268683 |     236 |   238.0 | 0,85 | mscpa5.txt |4,8e+02 |
|15 | 2400 | 5000 |   60 |       0.45 |1585602268683 |     236 |   238.0 | 0,85 | mscpa5.txt |5,1e+02 |
|15 | 2500 | 5000 |   65 |       0.45 |1585602268683 |     236 |   238.0 | 0,85 | mscpa5.txt |5,4e+02 |
|15 | 2600 | 5000 |   65 |       0.45 |1585602268683 |     236 |   238.0 | 0,85 | mscpa5.txt |5,8e+02 |
|15 | 2700 | 5000 |   65 |       0.45 |1585602268683 |     236 |   238.0 | 0,85 | mscpa5.txt |6,2e+02 |
|15 | 2800 | 5000 |   65 |       0.45 |1585602268683 |     236 |   238.0 | 0,85 | mscpa5.txt |6,5e+02 |
|15 | 2900 | 5000 |   70 |       0.45 |1585602268683 |     236 |   238.0 | 0,85 | mscpa5.txt |7,0e+02 |
|15 | 3000 | 5000 |   70 |       0.45 |1585602268683 |     236 |   238.0 | 0,85 | mscpa5.txt |7,3e+02 |
|15 | 3100 | 5000 |   70 |       0.45 |1585602268683 |     236 |   238.0 | 0,85 | mscpa5.txt |7,7e+02 |
|15 | 3200 | 5000 |   70 |       0.45 |1585602268683 |     236 |   238.0 | 0,85 | mscpa5.txt |8,1e+02 |
|15 | 3300 | 5000 |   75 |       0.45 |1585602268683 |     236 |   238.0 | 0,85 | mscpa5.txt |8,5e+02 |
|15 | 3400 | 5000 |   75 |       0.45 |1585602268683 |     236 |   238.0 | 0,85 | mscpa5.txt |8,9e+02 |
|15 | 3500 | 5000 |   75 |       0.45 |1585602268683 |     236 |   238.0 | 0,85 | mscpa5.txt |9,4e+02 |
|15 | 3600 | 5000 |   75 |       0.45 |1585602268683 |     236 |   238.0 | 0,85 | mscpa5.txt |9,8e+02 |
|15 | 3700 | 5000 |   80 |       0.45 |1585602268683 |     236 |   238.0 | 0,85 | mscpa5.txt |1,0e+03 |
|15 | 3800 | 5000 |   80 |       0.45 |1585602268683 |     236 |   238.0 | 0,85 | mscpa5.txt |1,1e+03 |
|15 | 3900 | 5000 |   80 |       0.45 |1585602268683 |     236 |   238.0 | 0,85 | mscpa5.txt |1,1e+03 |
|15 | 4000 | 5000 |   80 |       0.45 |1585602268683 |     236 |   238.0 | 0,85 | mscpa5.txt |1,1e+03 |
|15 | 4100 | 5000 |   85 |       0.45 |1585602268683 |     236 |   238.0 | 0,85 | mscpa5.txt |1,2e+03 |
|15 | 4200 | 5000 |   85 |       0.45 |1585602268683 |     236 |   238.0 | 0,85 | mscpa5.txt |1,2e+03 |
|15 | 4300 | 5000 |   85 |       0.45 |1585602268683 |     236 |   238.0 | 0,85 | mscpa5.txt |1,2e+03 |
|15 | 4400 | 5000 |   85 |       0.45 |1585602268683 |     236 |   238.0 | 0,85 | mscpa5.txt |1,3e+03 |
|15 | 4500 | 5000 |   90 |       0.45 |1585602268683 |     236 |   238.0 | 0,85 | mscpa5.txt |1,3e+03 |
|15 | 4600 | 5000 |   90 |       0.45 |1585602268683 |     236 |   238.0 | 0,85 | mscpa5.txt |1,4e+03 |
|15 | 4700 | 5000 |   90 |       0.45 |1585602268683 |     236 |   238.0 | 0,85 | mscpa5.txt |1,4e+03 |
|15 | 4800 | 5000 |   90 |       0.45 |1585602268683 |     236 |   238.0 | 0,85 | mscpa5.txt |1,5e+03 |
|15 | 4900 | 5000 |   95 |       0.45 |1585602268683 |     236 |   238.0 | 0,85 | mscpa5.txt |1,5e+03 |
|15 | 5000 | 5000 |   95 |       0.45 |1585602268683 |     236 |   238.0 | 0,85 | mscpa5.txt |1,6e+03 |
|15 |  300 | 5000 |   95 |       0.45 |1585602268683 |     236 |   238.0 | 0,85 | mscpa5.txt |1,6e+03 |
