| # |    #ITER | #IterMAX | Nest |      %Desc |      semilla | BestFit |GottedFit |  RDP |  instancia | time |
-------------------------------------------------------------------------------------------------
| 1 |    1 | 5000 |   35 |       0.25 |1586384950074 |     154 |  9541.0 |6095,45 |mscpnrg2.txt |0,026 |
| 1 |  100 | 5000 |   35 | 0.31428573 |1586384950074 |     154 |  8529.0 |5438,31 |mscpnrg2.txt |  2,0 |
| 1 |  200 | 5000 |   40 |       0.45 |1586384950074 |     154 |   167.0 | 8,44 |mscpnrg2.txt |2,2e+02 |
| 1 |  300 | 5000 |   40 |       0.45 |1586384950074 |     154 |   167.0 | 8,44 |mscpnrg2.txt |5,3e+02 |
| 1 |  400 | 5000 |   40 |       0.45 |1586384950074 |     154 |   167.0 | 8,44 |mscpnrg2.txt |8,1e+02 |
| 1 |  500 | 5000 |   40 |       0.35 |1586384950074 |     154 |   167.0 | 8,44 |mscpnrg2.txt |9,8e+02 |
| 1 |  600 | 5000 |   45 |       0.45 |1586384950074 |     154 |   167.0 | 8,44 |mscpnrg2.txt |1,3e+03 |
| 1 |  700 | 5000 |   45 |       0.45 |1586384950074 |     154 |   167.0 | 8,44 |mscpnrg2.txt |1,4e+03 |
| 1 |  800 | 5000 |   45 |       0.45 |1586384950074 |     154 |   166.0 | 7,79 |mscpnrg2.txt |1,6e+03 |
| 1 |  900 | 5000 |   45 |       0.45 |1586384950074 |     154 |   166.0 | 7,79 |mscpnrg2.txt |1,7e+03 |
| 1 | 1000 | 5000 |   50 |       0.45 |1586384950074 |     154 |   166.0 | 7,79 |mscpnrg2.txt |2,1e+03 |
| 1 | 1100 | 5000 |   50 |       0.45 |1586384950074 |     154 |   165.0 | 7,14 |mscpnrg2.txt |2,2e+03 |
| 1 | 1200 | 5000 |   50 |       0.45 |1586384950074 |     154 |   165.0 | 7,14 |mscpnrg2.txt |2,3e+03 |
| 1 | 1300 | 5000 |   50 |       0.45 |1586384950074 |     154 |   164.0 | 6,49 |mscpnrg2.txt |2,5e+03 |
| 1 | 1400 | 5000 |   55 |       0.45 |1586384950074 |     154 |   164.0 | 6,49 |mscpnrg2.txt |2,7e+03 |
| 1 | 1500 | 5000 |   55 |       0.45 |1586384950074 |     154 |   164.0 | 6,49 |mscpnrg2.txt |2,9e+03 |
| 1 | 1600 | 5000 |   55 |       0.45 |1586384950074 |     154 |   164.0 | 6,49 |mscpnrg2.txt |3,1e+03 |
| 1 | 1700 | 5000 |   55 |       0.45 |1586384950074 |     154 |   164.0 | 6,49 |mscpnrg2.txt |3,3e+03 |
| 1 | 1800 | 5000 |   60 |       0.45 |1586384950074 |     154 |   164.0 | 6,49 |mscpnrg2.txt |3,6e+03 |
| 1 | 1900 | 5000 |   60 |       0.45 |1586384950074 |     154 |   162.0 | 5,19 |mscpnrg2.txt |3,8e+03 |
| 1 | 2000 | 5000 |   60 |       0.45 |1586384950074 |     154 |   162.0 | 5,19 |mscpnrg2.txt |4,1e+03 |
| 1 | 2100 | 5000 |   60 |       0.45 |1586384950074 |     154 |   162.0 | 5,19 |mscpnrg2.txt |4,4e+03 |
| 1 | 2200 | 5000 |   65 |       0.45 |1586384950074 |     154 |   162.0 | 5,19 |mscpnrg2.txt |4,8e+03 |
| 1 | 2300 | 5000 |   65 |       0.45 |1586384950074 |     154 |   162.0 | 5,19 |mscpnrg2.txt |5,2e+03 |
| 1 | 2400 | 5000 |   65 |       0.45 |1586384950074 |     154 |   162.0 | 5,19 |mscpnrg2.txt |5,4e+03 |
| 1 | 2500 | 5000 |   65 |       0.45 |1586384950074 |     154 |   162.0 | 5,19 |mscpnrg2.txt |5,6e+03 |
| 1 | 2600 | 5000 |   70 |       0.45 |1586384950074 |     154 |   162.0 | 5,19 |mscpnrg2.txt |5,9e+03 |
| 1 | 2700 | 5000 |   70 |       0.45 |1586384950074 |     154 |   161.0 | 4,55 |mscpnrg2.txt |6,2e+03 |
| 1 | 2800 | 5000 |   70 |       0.45 |1586384950074 |     154 |   161.0 | 4,55 |mscpnrg2.txt |6,5e+03 |
| 1 | 2900 | 5000 |   70 |       0.45 |1586384950074 |     154 |   161.0 | 4,55 |mscpnrg2.txt |6,8e+03 |
| 1 | 3000 | 5000 |   75 |       0.45 |1586384950074 |     154 |   161.0 | 4,55 |mscpnrg2.txt |7,1e+03 |
| 1 | 3100 | 5000 |   75 |       0.45 |1586384950074 |     154 |   161.0 | 4,55 |mscpnrg2.txt |7,5e+03 |
| 1 | 3200 | 5000 |   75 |       0.45 |1586384950074 |     154 |   161.0 | 4,55 |mscpnrg2.txt |7,9e+03 |
| 1 | 3300 | 5000 |   75 |       0.45 |1586384950074 |     154 |   161.0 | 4,55 |mscpnrg2.txt |8,2e+03 |
| 1 | 3400 | 5000 |   80 |       0.45 |1586384950074 |     154 |   161.0 | 4,55 |mscpnrg2.txt |8,6e+03 |
| 1 | 3500 | 5000 |   80 |       0.45 |1586384950074 |     154 |   161.0 | 4,55 |mscpnrg2.txt |9,0e+03 |
| 1 | 3600 | 5000 |   80 |       0.45 |1586384950074 |     154 |   160.0 | 3,90 |mscpnrg2.txt |9,5e+03 |
| 1 | 3700 | 5000 |   80 |       0.45 |1586384950074 |     154 |   160.0 | 3,90 |mscpnrg2.txt |9,9e+03 |
| 1 | 3800 | 5000 |   85 |       0.45 |1586384950074 |     154 |   160.0 | 3,90 |mscpnrg2.txt |1,0e+04 |
| 1 | 3900 | 5000 |   85 |       0.45 |1586384950074 |     154 |   160.0 | 3,90 |mscpnrg2.txt |1,1e+04 |
| 1 | 4000 | 5000 |   85 |       0.45 |1586384950074 |     154 |   160.0 | 3,90 |mscpnrg2.txt |1,1e+04 |
| 1 | 4100 | 5000 |   85 |       0.45 |1586384950074 |     154 |   160.0 | 3,90 |mscpnrg2.txt |1,2e+04 |
| 1 | 4200 | 5000 |   90 |       0.45 |1586384950074 |     154 |   160.0 | 3,90 |mscpnrg2.txt |1,2e+04 |
| 1 | 4300 | 5000 |   90 |       0.45 |1586384950074 |     154 |   160.0 | 3,90 |mscpnrg2.txt |1,3e+04 |
| 1 | 4400 | 5000 |   90 |       0.45 |1586384950074 |     154 |   160.0 | 3,90 |mscpnrg2.txt |1,4e+04 |
| 1 | 4500 | 5000 |   90 |       0.45 |1586384950074 |     154 |   160.0 | 3,90 |mscpnrg2.txt |1,4e+04 |
| 1 | 4600 | 5000 |   95 |       0.45 |1586384950074 |     154 |   160.0 | 3,90 |mscpnrg2.txt |1,5e+04 |
| 1 | 4700 | 5000 |   95 |       0.45 |1586384950074 |     154 |   160.0 | 3,90 |mscpnrg2.txt |1,6e+04 |
| 1 | 4800 | 5000 |   95 |       0.45 |1586384950074 |     154 |   160.0 | 3,90 |mscpnrg2.txt |1,6e+04 |
| 1 | 4900 | 5000 |   95 |       0.45 |1586384950074 |     154 |   160.0 | 3,90 |mscpnrg2.txt |1,7e+04 |
| 1 | 5000 | 5000 |  100 |       0.45 |1586384950074 |     154 |   160.0 | 3,90 |mscpnrg2.txt |1,7e+04 |
| 1 | 1000 | 5000 |  100 |       0.45 |1586384950074 |     154 |   160.0 | 3,90 |mscpnrg2.txt |1,7e+04 |
| 2 |    1 | 5000 |   35 |       0.25 |1586402445835 |     154 |  9544.0 |6097,40 |mscpnrg2.txt |0,021 |
| 2 |  100 | 5000 |   35 |       0.45 |1586402445835 |     154 |  8706.0 |5553,25 |mscpnrg2.txt |  1,6 |
| 2 |  200 | 5000 |   35 |       0.45 |1586402445835 |     154 |  8344.0 |5318,18 |mscpnrg2.txt |  3,3 |
| 2 |  300 | 5000 |   35 | 0.31428573 |1586402445835 |     154 |  8137.0 |5183,77 |mscpnrg2.txt |  4,9 |
| 2 |  400 | 5000 |   40 |       0.45 |1586402445835 |     154 |   167.0 | 8,44 |mscpnrg2.txt |1,7e+02 |
| 2 |  500 | 5000 |   40 |      0.325 |1586402445835 |     154 |   167.0 | 8,44 |mscpnrg2.txt |3,5e+02 |
| 2 |  600 | 5000 |   40 |      0.375 |1586402445835 |     154 |   167.0 | 8,44 |mscpnrg2.txt |5,0e+02 |
| 2 |  700 | 5000 |   40 |       0.45 |1586402445835 |     154 |   167.0 | 8,44 |mscpnrg2.txt |7,0e+02 |
| 2 |  800 | 5000 |   45 |       0.45 |1586402445835 |     154 |   167.0 | 8,44 |mscpnrg2.txt |9,5e+02 |
| 2 |  900 | 5000 |   45 | 0.44444445 |1586402445835 |     154 |   167.0 | 8,44 |mscpnrg2.txt |1,1e+03 |
| 2 | 1000 | 5000 |   45 |       0.45 |1586402445835 |     154 |   167.0 | 8,44 |mscpnrg2.txt |1,3e+03 |
| 2 | 1100 | 5000 |   45 |       0.45 |1586402445835 |     154 |   167.0 | 8,44 |mscpnrg2.txt |1,4e+03 |
| 2 | 1200 | 5000 |   50 |       0.45 |1586402445835 |     154 |   167.0 | 8,44 |mscpnrg2.txt |1,6e+03 |
| 2 | 1300 | 5000 |   50 |       0.45 |1586402445835 |     154 |   167.0 | 8,44 |mscpnrg2.txt |1,8e+03 |
| 2 | 1400 | 5000 |   50 |       0.45 |1586402445835 |     154 |   167.0 | 8,44 |mscpnrg2.txt |1,9e+03 |
| 2 | 1500 | 5000 |   50 |       0.45 |1586402445835 |     154 |   167.0 | 8,44 |mscpnrg2.txt |2,1e+03 |
| 2 | 1600 | 5000 |   55 |       0.45 |1586402445835 |     154 |   167.0 | 8,44 |mscpnrg2.txt |2,3e+03 |
| 2 | 1700 | 5000 |   55 |       0.45 |1586402445835 |     154 |   167.0 | 8,44 |mscpnrg2.txt |2,6e+03 |
| 2 | 1800 | 5000 |   55 |       0.45 |1586402445835 |     154 |   167.0 | 8,44 |mscpnrg2.txt |2,8e+03 |
| 2 | 1900 | 5000 |   55 |       0.45 |1586402445835 |     154 |   167.0 | 8,44 |mscpnrg2.txt |3,0e+03 |
| 2 | 2000 | 5000 |   60 |       0.45 |1586402445835 |     154 |   167.0 | 8,44 |mscpnrg2.txt |3,4e+03 |
| 2 | 2100 | 5000 |   60 |       0.45 |1586402445835 |     154 |   167.0 | 8,44 |mscpnrg2.txt |3,5e+03 |
| 2 | 2200 | 5000 |   60 |       0.45 |1586402445835 |     154 |   167.0 | 8,44 |mscpnrg2.txt |3,7e+03 |
| 2 | 2300 | 5000 |   60 |       0.45 |1586402445835 |     154 |   167.0 | 8,44 |mscpnrg2.txt |3,9e+03 |
| 2 | 2400 | 5000 |   65 |       0.45 |1586402445835 |     154 |   167.0 | 8,44 |mscpnrg2.txt |4,2e+03 |
| 2 | 2500 | 5000 |   65 |       0.45 |1586402445835 |     154 |   167.0 | 8,44 |mscpnrg2.txt |4,4e+03 |
| 2 | 2600 | 5000 |   65 |       0.45 |1586402445835 |     154 |   167.0 | 8,44 |mscpnrg2.txt |4,7e+03 |
| 2 | 2700 | 5000 |   65 |       0.45 |1586402445835 |     154 |   167.0 | 8,44 |mscpnrg2.txt |5,0e+03 |
| 2 | 2800 | 5000 |   70 |       0.45 |1586402445835 |     154 |   167.0 | 8,44 |mscpnrg2.txt |5,3e+03 |
| 2 | 2900 | 5000 |   70 |       0.45 |1586402445835 |     154 |   167.0 | 8,44 |mscpnrg2.txt |5,5e+03 |
| 2 | 3000 | 5000 |   70 |       0.45 |1586402445835 |     154 |   167.0 | 8,44 |mscpnrg2.txt |5,6e+03 |
| 2 | 3100 | 5000 |   70 |       0.45 |1586402445835 |     154 |   167.0 | 8,44 |mscpnrg2.txt |5,8e+03 |
| 2 | 3200 | 5000 |   75 |       0.45 |1586402445835 |     154 |   167.0 | 8,44 |mscpnrg2.txt |6,0e+03 |
| 2 | 3300 | 5000 |   75 |       0.45 |1586402445835 |     154 |   167.0 | 8,44 |mscpnrg2.txt |6,2e+03 |
| 2 | 3400 | 5000 |   75 |       0.45 |1586402445835 |     154 |   167.0 | 8,44 |mscpnrg2.txt |6,5e+03 |
| 2 | 3500 | 5000 |   75 |       0.45 |1586402445835 |     154 |   167.0 | 8,44 |mscpnrg2.txt |6,7e+03 |
| 2 | 3600 | 5000 |   80 |       0.45 |1586402445835 |     154 |   167.0 | 8,44 |mscpnrg2.txt |7,0e+03 |
| 2 | 3700 | 5000 |   80 |       0.45 |1586402445835 |     154 |   167.0 | 8,44 |mscpnrg2.txt |7,2e+03 |
| 2 | 3800 | 5000 |   80 |       0.45 |1586402445835 |     154 |   167.0 | 8,44 |mscpnrg2.txt |7,4e+03 |
| 2 | 3900 | 5000 |   80 |       0.45 |1586402445835 |     154 |   167.0 | 8,44 |mscpnrg2.txt |7,6e+03 |
| 2 | 4000 | 5000 |   85 |       0.45 |1586402445835 |     154 |   167.0 | 8,44 |mscpnrg2.txt |7,9e+03 |
| 2 | 4100 | 5000 |   85 |       0.45 |1586402445835 |     154 |   167.0 | 8,44 |mscpnrg2.txt |8,1e+03 |
| 2 | 4200 | 5000 |   85 |       0.45 |1586402445835 |     154 |   167.0 | 8,44 |mscpnrg2.txt |8,4e+03 |
| 2 | 4300 | 5000 |   85 |       0.45 |1586402445835 |     154 |   167.0 | 8,44 |mscpnrg2.txt |8,7e+03 |
| 2 | 4400 | 5000 |   90 |       0.45 |1586402445835 |     154 |   167.0 | 8,44 |mscpnrg2.txt |9,0e+03 |
| 2 | 4500 | 5000 |   90 |       0.45 |1586402445835 |     154 |   167.0 | 8,44 |mscpnrg2.txt |9,2e+03 |
| 2 | 4600 | 5000 |   90 |       0.45 |1586402445835 |     154 |   167.0 | 8,44 |mscpnrg2.txt |9,4e+03 |
| 2 | 4700 | 5000 |   90 |       0.45 |1586402445835 |     154 |   167.0 | 8,44 |mscpnrg2.txt |9,6e+03 |
| 2 | 4800 | 5000 |   95 |       0.45 |1586402445835 |     154 |   167.0 | 8,44 |mscpnrg2.txt |9,8e+03 |
| 2 | 4900 | 5000 |   95 |       0.45 |1586402445835 |     154 |   167.0 | 8,44 |mscpnrg2.txt |1,0e+04 |
| 2 | 5000 | 5000 |   95 |       0.45 |1586402445835 |     154 |   167.0 | 8,44 |mscpnrg2.txt |1,0e+04 |
| 2 | 1000 | 5000 |   95 |       0.45 |1586402445835 |     154 |   167.0 | 8,44 |mscpnrg2.txt |1,0e+04 |
| 3 |    1 | 5000 |   35 |       0.25 |1586412763781 |     154 |  9337.0 |5962,99 |mscpnrg2.txt |0,028 |
| 3 |  100 | 5000 |   35 | 0.34285715 |1586412763781 |     154 |  8397.0 |5352,60 |mscpnrg2.txt |  2,0 |
| 3 |  200 | 5000 |   40 |       0.45 |1586412763781 |     154 |   167.0 | 8,44 |mscpnrg2.txt |2,2e+02 |
| 3 |  300 | 5000 |   40 |       0.45 |1586412763781 |     154 |   165.0 | 7,14 |mscpnrg2.txt |5,1e+02 |
| 3 |  400 | 5000 |   40 |       0.45 |1586412763781 |     154 |   165.0 | 7,14 |mscpnrg2.txt |8,0e+02 |
| 3 |  500 | 5000 |   40 |       0.45 |1586412763781 |     154 |   165.0 | 7,14 |mscpnrg2.txt |1,1e+03 |
| 3 |  600 | 5000 |   45 |       0.45 |1586412763781 |     154 |   165.0 | 7,14 |mscpnrg2.txt |1,5e+03 |
| 3 |  700 | 5000 |   45 |       0.45 |1586412763781 |     154 |   165.0 | 7,14 |mscpnrg2.txt |1,9e+03 |
| 3 |  800 | 5000 |   45 |       0.45 |1586412763781 |     154 |   165.0 | 7,14 |mscpnrg2.txt |2,2e+03 |
| 3 |  900 | 5000 |   45 |       0.45 |1586412763781 |     154 |   165.0 | 7,14 |mscpnrg2.txt |2,6e+03 |
| 3 | 1000 | 5000 |   50 |       0.45 |1586412763781 |     154 |   165.0 | 7,14 |mscpnrg2.txt |3,1e+03 |
| 3 | 1100 | 5000 |   50 |       0.45 |1586412763781 |     154 |   165.0 | 7,14 |mscpnrg2.txt |3,6e+03 |
| 3 | 1200 | 5000 |   50 |       0.45 |1586412763781 |     154 |   165.0 | 7,14 |mscpnrg2.txt |3,9e+03 |
| 3 | 1300 | 5000 |   50 |        0.4 |1586412763781 |     154 |   165.0 | 7,14 |mscpnrg2.txt |4,1e+03 |
| 3 | 1400 | 5000 |   55 | 0.43636364 |1586412763781 |     154 |   165.0 | 7,14 |mscpnrg2.txt |4,3e+03 |
| 3 | 1500 | 5000 |   55 | 0.43636364 |1586412763781 |     154 |   165.0 | 7,14 |mscpnrg2.txt |4,6e+03 |
| 3 | 1600 | 5000 |   55 |       0.45 |1586412763781 |     154 |   165.0 | 7,14 |mscpnrg2.txt |4,9e+03 |
| 3 | 1700 | 5000 |   55 |       0.45 |1586412763781 |     154 |   165.0 | 7,14 |mscpnrg2.txt |5,1e+03 |
| 3 | 1800 | 5000 |   60 |       0.45 |1586412763781 |     154 |   165.0 | 7,14 |mscpnrg2.txt |5,5e+03 |
| 3 | 1900 | 5000 |   60 |       0.45 |1586412763781 |     154 |   165.0 | 7,14 |mscpnrg2.txt |5,7e+03 |
| 3 | 2000 | 5000 |   60 |       0.45 |1586412763781 |     154 |   165.0 | 7,14 |mscpnrg2.txt |5,9e+03 |
| 3 | 2100 | 5000 |   60 |       0.45 |1586412763781 |     154 |   165.0 | 7,14 |mscpnrg2.txt |6,1e+03 |
| 3 | 2200 | 5000 |   65 |       0.45 |1586412763781 |     154 |   165.0 | 7,14 |mscpnrg2.txt |6,4e+03 |
| 3 | 2300 | 5000 |   65 |       0.45 |1586412763781 |     154 |   165.0 | 7,14 |mscpnrg2.txt |6,7e+03 |
| 3 | 2400 | 5000 |   65 |       0.45 |1586412763781 |     154 |   165.0 | 7,14 |mscpnrg2.txt |7,0e+03 |
| 3 | 2500 | 5000 |   65 |       0.45 |1586412763781 |     154 |   165.0 | 7,14 |mscpnrg2.txt |7,3e+03 |
| 3 | 2600 | 5000 |   70 |       0.45 |1586412763781 |     154 |   165.0 | 7,14 |mscpnrg2.txt |7,7e+03 |
| 3 | 2700 | 5000 |   70 |       0.45 |1586412763781 |     154 |   165.0 | 7,14 |mscpnrg2.txt |7,9e+03 |
| 3 | 2800 | 5000 |   70 |       0.45 |1586412763781 |     154 |   165.0 | 7,14 |mscpnrg2.txt |8,1e+03 |
| 3 | 2900 | 5000 |   70 |       0.45 |1586412763781 |     154 |   165.0 | 7,14 |mscpnrg2.txt |8,3e+03 |
| 3 | 3000 | 5000 |   75 |       0.45 |1586412763781 |     154 |   165.0 | 7,14 |mscpnrg2.txt |8,6e+03 |
| 3 | 3100 | 5000 |   75 |       0.45 |1586412763781 |     154 |   165.0 | 7,14 |mscpnrg2.txt |8,8e+03 |
| 3 | 3200 | 5000 |   75 |       0.45 |1586412763781 |     154 |   165.0 | 7,14 |mscpnrg2.txt |9,1e+03 |
| 3 | 3300 | 5000 |   75 |       0.45 |1586412763781 |     154 |   165.0 | 7,14 |mscpnrg2.txt |9,4e+03 |
| 3 | 3400 | 5000 |   80 |       0.45 |1586412763781 |     154 |   165.0 | 7,14 |mscpnrg2.txt |9,7e+03 |
| 3 | 3500 | 5000 |   80 |       0.45 |1586412763781 |     154 |   165.0 | 7,14 |mscpnrg2.txt |1,0e+04 |
| 3 | 3600 | 5000 |   80 |       0.45 |1586412763781 |     154 |   165.0 | 7,14 |mscpnrg2.txt |1,0e+04 |
| 3 | 3700 | 5000 |   80 |       0.45 |1586412763781 |     154 |   165.0 | 7,14 |mscpnrg2.txt |1,1e+04 |
| 3 | 3800 | 5000 |   85 |       0.45 |1586412763781 |     154 |   165.0 | 7,14 |mscpnrg2.txt |1,1e+04 |
| 3 | 3900 | 5000 |   85 |       0.45 |1586412763781 |     154 |   165.0 | 7,14 |mscpnrg2.txt |1,1e+04 |
| 3 | 4000 | 5000 |   85 |       0.45 |1586412763781 |     154 |   165.0 | 7,14 |mscpnrg2.txt |1,2e+04 |
| 3 | 4100 | 5000 |   85 |       0.45 |1586412763781 |     154 |   165.0 | 7,14 |mscpnrg2.txt |1,2e+04 |
| 3 | 4200 | 5000 |   90 |       0.45 |1586412763781 |     154 |   165.0 | 7,14 |mscpnrg2.txt |1,2e+04 |
| 3 | 4300 | 5000 |   90 |       0.45 |1586412763781 |     154 |   165.0 | 7,14 |mscpnrg2.txt |1,2e+04 |
| 3 | 4400 | 5000 |   90 |       0.45 |1586412763781 |     154 |   165.0 | 7,14 |mscpnrg2.txt |1,3e+04 |
| 3 | 4500 | 5000 |   90 |       0.45 |1586412763781 |     154 |   165.0 | 7,14 |mscpnrg2.txt |1,3e+04 |
| 3 | 4600 | 5000 |   95 |       0.45 |1586412763781 |     154 |   165.0 | 7,14 |mscpnrg2.txt |1,3e+04 |
| 3 | 4700 | 5000 |   95 |       0.45 |1586412763781 |     154 |   165.0 | 7,14 |mscpnrg2.txt |1,4e+04 |
| 3 | 4800 | 5000 |   95 |       0.45 |1586412763781 |     154 |   165.0 | 7,14 |mscpnrg2.txt |1,4e+04 |
| 3 | 4900 | 5000 |   95 |       0.45 |1586412763781 |     154 |   165.0 | 7,14 |mscpnrg2.txt |1,4e+04 |
| 3 | 5000 | 5000 |  100 |       0.45 |1586412763781 |     154 |   165.0 | 7,14 |mscpnrg2.txt |1,5e+04 |
| 3 | 1000 | 5000 |  100 |       0.45 |1586412763781 |     154 |   165.0 | 7,14 |mscpnrg2.txt |1,5e+04 |
| 4 |    1 | 5000 |   35 |       0.25 |1586427497579 |     154 |  9402.0 |6005,19 |mscpnrg2.txt |0,026 |
| 4 |  100 | 5000 |   35 |       0.45 |1586427497579 |     154 |  8743.0 |5577,27 |mscpnrg2.txt |  2,1 |
| 4 |  200 | 5000 |   35 |       0.45 |1586427497579 |     154 |  8261.0 |5264,29 |mscpnrg2.txt |  4,2 |
| 4 |  300 | 5000 |   35 | 0.31428573 |1586427497579 |     154 |  8051.0 |5127,92 |mscpnrg2.txt |  6,3 |
| 4 |  400 | 5000 |   35 | 0.31428573 |1586427497579 |     154 |  7603.0 |4837,01 |mscpnrg2.txt |  8,4 |
| 4 |  500 | 5000 |   35 | 0.34285715 |1586427497579 |     154 |  7427.0 |4722,73 |mscpnrg2.txt |   10 |
| 4 |  600 | 5000 |   40 |       0.45 |1586427497579 |     154 |   167.0 | 8,44 |mscpnrg2.txt |3,1e+02 |
| 4 |  700 | 5000 |   40 |       0.45 |1586427497579 |     154 |   167.0 | 8,44 |mscpnrg2.txt |6,6e+02 |
| 4 |  800 | 5000 |   40 |       0.45 |1586427497579 |     154 |   167.0 | 8,44 |mscpnrg2.txt |8,6e+02 |
| 4 |  900 | 5000 |   40 |      0.375 |1586427497579 |     154 |   167.0 | 8,44 |mscpnrg2.txt |9,9e+02 |
| 4 | 1000 | 5000 |   45 | 0.42222223 |1586427497579 |     154 |   167.0 | 8,44 |mscpnrg2.txt |1,2e+03 |
| 4 | 1100 | 5000 |   45 | 0.42222223 |1586427497579 |     154 |   167.0 | 8,44 |mscpnrg2.txt |1,4e+03 |
| 4 | 1200 | 5000 |   45 |       0.45 |1586427497579 |     154 |   167.0 | 8,44 |mscpnrg2.txt |1,6e+03 |
| 4 | 1300 | 5000 |   45 |       0.45 |1586427497579 |     154 |   167.0 | 8,44 |mscpnrg2.txt |1,7e+03 |
| 4 | 1400 | 5000 |   50 |       0.45 |1586427497579 |     154 |   167.0 | 8,44 |mscpnrg2.txt |1,9e+03 |
| 4 | 1500 | 5000 |   50 |       0.45 |1586427497579 |     154 |   167.0 | 8,44 |mscpnrg2.txt |2,1e+03 |
| 4 | 1600 | 5000 |   50 |       0.45 |1586427497579 |     154 |   167.0 | 8,44 |mscpnrg2.txt |2,2e+03 |
| 4 | 1700 | 5000 |   50 |       0.45 |1586427497579 |     154 |   167.0 | 8,44 |mscpnrg2.txt |2,4e+03 |
| 4 | 1800 | 5000 |   55 |       0.45 |1586427497579 |     154 |   167.0 | 8,44 |mscpnrg2.txt |2,6e+03 |
| 4 | 1900 | 5000 |   55 |       0.45 |1586427497579 |     154 |   167.0 | 8,44 |mscpnrg2.txt |2,8e+03 |
| 4 | 2000 | 5000 |   55 |       0.45 |1586427497579 |     154 |   167.0 | 8,44 |mscpnrg2.txt |2,9e+03 |
| 4 | 2100 | 5000 |   55 |       0.45 |1586427497579 |     154 |   167.0 | 8,44 |mscpnrg2.txt |3,0e+03 |
| 4 | 2200 | 5000 |   60 |       0.45 |1586427497579 |     154 |   167.0 | 8,44 |mscpnrg2.txt |3,2e+03 |
| 4 | 2300 | 5000 |   60 |       0.45 |1586427497579 |     154 |   167.0 | 8,44 |mscpnrg2.txt |3,5e+03 |
| 4 | 2400 | 5000 |   60 |       0.45 |1586427497579 |     154 |   167.0 | 8,44 |mscpnrg2.txt |3,7e+03 |
| 4 | 2500 | 5000 |   60 |       0.45 |1586427497579 |     154 |   167.0 | 8,44 |mscpnrg2.txt |3,9e+03 |
| 4 | 2600 | 5000 |   65 |       0.45 |1586427497579 |     154 |   167.0 | 8,44 |mscpnrg2.txt |4,2e+03 |
| 4 | 2700 | 5000 |   65 |       0.45 |1586427497579 |     154 |   167.0 | 8,44 |mscpnrg2.txt |4,3e+03 |
| 4 | 2800 | 5000 |   65 |       0.45 |1586427497579 |     154 |   167.0 | 8,44 |mscpnrg2.txt |4,4e+03 |
| 4 | 2900 | 5000 |   65 |       0.45 |1586427497579 |     154 |   167.0 | 8,44 |mscpnrg2.txt |4,5e+03 |
| 4 | 3000 | 5000 |   70 |       0.45 |1586427497579 |     154 |   167.0 | 8,44 |mscpnrg2.txt |4,7e+03 |
| 4 | 3100 | 5000 |   70 |       0.45 |1586427497579 |     154 |   167.0 | 8,44 |mscpnrg2.txt |4,9e+03 |
| 4 | 3200 | 5000 |   70 |       0.45 |1586427497579 |     154 |   167.0 | 8,44 |mscpnrg2.txt |5,2e+03 |
| 4 | 3300 | 5000 |   70 |       0.45 |1586427497579 |     154 |   167.0 | 8,44 |mscpnrg2.txt |5,5e+03 |
| 4 | 3400 | 5000 |   75 |       0.45 |1586427497579 |     154 |   167.0 | 8,44 |mscpnrg2.txt |5,8e+03 |
| 4 | 3500 | 5000 |   75 |       0.45 |1586427497579 |     154 |   167.0 | 8,44 |mscpnrg2.txt |6,1e+03 |
| 4 | 3600 | 5000 |   75 |       0.45 |1586427497579 |     154 |   167.0 | 8,44 |mscpnrg2.txt |6,4e+03 |
| 4 | 3700 | 5000 |   75 |       0.45 |1586427497579 |     154 |   167.0 | 8,44 |mscpnrg2.txt |6,7e+03 |
| 4 | 3800 | 5000 |   80 |       0.45 |1586427497579 |     154 |   167.0 | 8,44 |mscpnrg2.txt |7,0e+03 |
| 4 | 3900 | 5000 |   80 |       0.45 |1586427497579 |     154 |   167.0 | 8,44 |mscpnrg2.txt |7,2e+03 |
| 4 | 4000 | 5000 |   80 |       0.45 |1586427497579 |     154 |   165.0 | 7,14 |mscpnrg2.txt |7,4e+03 |
| 4 | 4100 | 5000 |   80 |       0.45 |1586427497579 |     154 |   165.0 | 7,14 |mscpnrg2.txt |7,7e+03 |
| 4 | 4200 | 5000 |   85 |       0.45 |1586427497579 |     154 |   165.0 | 7,14 |mscpnrg2.txt |8,0e+03 |
| 4 | 4300 | 5000 |   85 |       0.45 |1586427497579 |     154 |   165.0 | 7,14 |mscpnrg2.txt |8,2e+03 |
| 4 | 4400 | 5000 |   85 |       0.45 |1586427497579 |     154 |   165.0 | 7,14 |mscpnrg2.txt |8,6e+03 |
| 4 | 4500 | 5000 |   85 |       0.45 |1586427497579 |     154 |   165.0 | 7,14 |mscpnrg2.txt |8,8e+03 |
| 4 | 4600 | 5000 |   90 |       0.45 |1586427497579 |     154 |   165.0 | 7,14 |mscpnrg2.txt |9,2e+03 |
| 4 | 4700 | 5000 |   90 |       0.45 |1586427497579 |     154 |   165.0 | 7,14 |mscpnrg2.txt |9,6e+03 |
| 4 | 4800 | 5000 |   90 |       0.45 |1586427497579 |     154 |   165.0 | 7,14 |mscpnrg2.txt |9,9e+03 |
| 4 | 4900 | 5000 |   90 |       0.45 |1586427497579 |     154 |   165.0 | 7,14 |mscpnrg2.txt |1,0e+04 |
| 4 | 5000 | 5000 |   95 |       0.45 |1586427497579 |     154 |   165.0 | 7,14 |mscpnrg2.txt |1,1e+04 |
| 4 | 1000 | 5000 |   95 |       0.45 |1586427497579 |     154 |   165.0 | 7,14 |mscpnrg2.txt |1,1e+04 |
| 5 |    1 | 5000 |   35 |       0.25 |1586438240937 |     154 |  9555.0 |6104,55 |mscpnrg2.txt |0,032 |
| 5 |  100 | 5000 |   35 |        0.4 |1586438240937 |     154 |  8668.0 |5528,57 |mscpnrg2.txt |  2,2 |
| 5 |  200 | 5000 |   35 | 0.42857143 |1586438240937 |     154 |  8326.0 |5306,49 |mscpnrg2.txt |  4,3 |
| 5 |  300 | 5000 |   35 | 0.37142858 |1586438240937 |     154 |   262.0 |70,13 |mscpnrg2.txt |   13 |
| 5 |  400 | 5000 |   35 | 0.42857143 |1586438240937 |     154 |   257.0 |66,88 |mscpnrg2.txt |   25 |
| 5 |  500 | 5000 |   40 |       0.45 |1586438240937 |     154 |   167.0 | 8,44 |mscpnrg2.txt |3,0e+02 |
| 5 |  600 | 5000 |   40 |       0.45 |1586438240937 |     154 |   167.0 | 8,44 |mscpnrg2.txt |6,1e+02 |
| 5 |  700 | 5000 |   40 |      0.325 |1586438240937 |     154 |   167.0 | 8,44 |mscpnrg2.txt |7,9e+02 |
| 5 |  800 | 5000 |   40 |       0.45 |1586438240937 |     154 |   167.0 | 8,44 |mscpnrg2.txt |9,0e+02 |
| 5 |  900 | 5000 |   45 | 0.44444445 |1586438240937 |     154 |   167.0 | 8,44 |mscpnrg2.txt |1,1e+03 |
| 5 | 1000 | 5000 |   45 | 0.44444445 |1586438240937 |     154 |   167.0 | 8,44 |mscpnrg2.txt |1,3e+03 |
| 5 | 1100 | 5000 |   45 |       0.45 |1586438240937 |     154 |   167.0 | 8,44 |mscpnrg2.txt |1,5e+03 |
| 5 | 1200 | 5000 |   45 |       0.45 |1586438240937 |     154 |   167.0 | 8,44 |mscpnrg2.txt |1,7e+03 |
| 5 | 1300 | 5000 |   50 |       0.45 |1586438240937 |     154 |   167.0 | 8,44 |mscpnrg2.txt |2,0e+03 |
| 5 | 1400 | 5000 |   50 |       0.45 |1586438240937 |     154 |   167.0 | 8,44 |mscpnrg2.txt |2,2e+03 |
| 5 | 1500 | 5000 |   50 |       0.45 |1586438240937 |     154 |   167.0 | 8,44 |mscpnrg2.txt |2,4e+03 |
| 5 | 1600 | 5000 |   50 |       0.45 |1586438240937 |     154 |   167.0 | 8,44 |mscpnrg2.txt |2,5e+03 |
| 5 | 1700 | 5000 |   55 |       0.45 |1586438240937 |     154 |   167.0 | 8,44 |mscpnrg2.txt |2,9e+03 |
| 5 | 1800 | 5000 |   55 |       0.45 |1586438240937 |     154 |   167.0 | 8,44 |mscpnrg2.txt |3,1e+03 |
| 5 | 1900 | 5000 |   55 |       0.45 |1586438240937 |     154 |   167.0 | 8,44 |mscpnrg2.txt |3,4e+03 |
| 5 | 2000 | 5000 |   55 |       0.45 |1586438240937 |     154 |   167.0 | 8,44 |mscpnrg2.txt |3,7e+03 |
| 5 | 2100 | 5000 |   60 |       0.45 |1586438240937 |     154 |   167.0 | 8,44 |mscpnrg2.txt |4,0e+03 |
| 5 | 2200 | 5000 |   60 |       0.45 |1586438240937 |     154 |   167.0 | 8,44 |mscpnrg2.txt |4,2e+03 |
| 5 | 2300 | 5000 |   60 |       0.45 |1586438240937 |     154 |   167.0 | 8,44 |mscpnrg2.txt |4,4e+03 |
| 5 | 2400 | 5000 |   60 |       0.45 |1586438240937 |     154 |   167.0 | 8,44 |mscpnrg2.txt |4,6e+03 |
| 5 | 2500 | 5000 |   65 |       0.45 |1586438240937 |     154 |   167.0 | 8,44 |mscpnrg2.txt |4,9e+03 |
| 5 | 2600 | 5000 |   65 |       0.45 |1586438240937 |     154 |   167.0 | 8,44 |mscpnrg2.txt |5,2e+03 |
| 5 | 2700 | 5000 |   65 |       0.45 |1586438240937 |     154 |   167.0 | 8,44 |mscpnrg2.txt |5,4e+03 |
| 5 | 2800 | 5000 |   65 |       0.45 |1586438240937 |     154 |   167.0 | 8,44 |mscpnrg2.txt |5,7e+03 |
| 5 | 2900 | 5000 |   70 |       0.45 |1586438240937 |     154 |   167.0 | 8,44 |mscpnrg2.txt |6,1e+03 |
| 5 | 3000 | 5000 |   70 |       0.45 |1586438240937 |     154 |   167.0 | 8,44 |mscpnrg2.txt |6,4e+03 |
| 5 | 3100 | 5000 |   70 |       0.45 |1586438240937 |     154 |   167.0 | 8,44 |mscpnrg2.txt |6,6e+03 |
| 5 | 3200 | 5000 |   70 |       0.45 |1586438240937 |     154 |   167.0 | 8,44 |mscpnrg2.txt |6,7e+03 |
| 5 | 3300 | 5000 |   75 |       0.45 |1586438240937 |     154 |   167.0 | 8,44 |mscpnrg2.txt |7,1e+03 |
| 5 | 3400 | 5000 |   75 |       0.45 |1586438240937 |     154 |   167.0 | 8,44 |mscpnrg2.txt |7,3e+03 |
| 5 | 3500 | 5000 |   75 |       0.45 |1586438240937 |     154 |   167.0 | 8,44 |mscpnrg2.txt |7,6e+03 |
| 5 | 3600 | 5000 |   75 |       0.45 |1586438240937 |     154 |   167.0 | 8,44 |mscpnrg2.txt |7,8e+03 |
| 5 | 3700 | 5000 |   80 |       0.45 |1586438240937 |     154 |   167.0 | 8,44 |mscpnrg2.txt |8,1e+03 |
| 5 | 3800 | 5000 |   80 |       0.45 |1586438240937 |     154 |   167.0 | 8,44 |mscpnrg2.txt |8,2e+03 |
| 5 | 3900 | 5000 |   80 |       0.45 |1586438240937 |     154 |   167.0 | 8,44 |mscpnrg2.txt |8,4e+03 |
| 5 | 4000 | 5000 |   80 |       0.45 |1586438240937 |     154 |   167.0 | 8,44 |mscpnrg2.txt |8,6e+03 |
| 5 | 4100 | 5000 |   85 |       0.45 |1586438240937 |     154 |   167.0 | 8,44 |mscpnrg2.txt |8,9e+03 |
| 5 | 4200 | 5000 |   85 |       0.45 |1586438240937 |     154 |   167.0 | 8,44 |mscpnrg2.txt |9,2e+03 |
| 5 | 4300 | 5000 |   85 |       0.45 |1586438240937 |     154 |   167.0 | 8,44 |mscpnrg2.txt |9,4e+03 |
| 5 | 4400 | 5000 |   85 |       0.45 |1586438240937 |     154 |   167.0 | 8,44 |mscpnrg2.txt |9,6e+03 |
| 5 | 4500 | 5000 |   90 |       0.45 |1586438240937 |     154 |   167.0 | 8,44 |mscpnrg2.txt |9,9e+03 |
| 5 | 4600 | 5000 |   90 |       0.45 |1586438240937 |     154 |   167.0 | 8,44 |mscpnrg2.txt |1,0e+04 |
| 5 | 4700 | 5000 |   90 |       0.45 |1586438240937 |     154 |   167.0 | 8,44 |mscpnrg2.txt |1,1e+04 |
| 5 | 4800 | 5000 |   90 |       0.45 |1586438240937 |     154 |   167.0 | 8,44 |mscpnrg2.txt |1,1e+04 |
| 5 | 4900 | 5000 |   95 |       0.45 |1586438240937 |     154 |   167.0 | 8,44 |mscpnrg2.txt |1,1e+04 |
| 5 | 5000 | 5000 |   95 |       0.45 |1586438240937 |     154 |   167.0 | 8,44 |mscpnrg2.txt |1,2e+04 |
| 5 | 1000 | 5000 |   95 |       0.45 |1586438240937 |     154 |   167.0 | 8,44 |mscpnrg2.txt |1,2e+04 |
| 6 |    1 | 5000 |   35 |       0.25 |1586449785610 |     154 |  9552.0 |6102,60 |mscpnrg2.txt |0,033 |
| 6 |  100 | 5000 |   35 |       0.45 |1586449785610 |     154 |  8692.0 |5544,16 |mscpnrg2.txt |  2,1 |
| 6 |  200 | 5000 |   35 |       0.45 |1586449785610 |     154 |  8168.0 |5203,90 |mscpnrg2.txt |  4,2 |
| 6 |  300 | 5000 |   40 |       0.45 |1586449785610 |     154 |   167.0 | 8,44 |mscpnrg2.txt |2,7e+02 |
| 6 |  400 | 5000 |   40 |       0.45 |1586449785610 |     154 |   167.0 | 8,44 |mscpnrg2.txt |5,8e+02 |
| 6 |  500 | 5000 |   40 |       0.45 |1586449785610 |     154 |   167.0 | 8,44 |mscpnrg2.txt |8,8e+02 |
| 6 |  600 | 5000 |   40 |       0.35 |1586449785610 |     154 |   167.0 | 8,44 |mscpnrg2.txt |1,1e+03 |
| 6 |  700 | 5000 |   45 | 0.44444445 |1586449785610 |     154 |   167.0 | 8,44 |mscpnrg2.txt |1,3e+03 |
| 6 |  800 | 5000 |   45 |       0.45 |1586449785610 |     154 |   167.0 | 8,44 |mscpnrg2.txt |1,4e+03 |
| 6 |  900 | 5000 |   45 |       0.45 |1586449785610 |     154 |   167.0 | 8,44 |mscpnrg2.txt |1,6e+03 |
| 6 | 1000 | 5000 |   45 |       0.45 |1586449785610 |     154 |   167.0 | 8,44 |mscpnrg2.txt |1,6e+03 |
| 6 | 1100 | 5000 |   50 |       0.45 |1586449785610 |     154 |   167.0 | 8,44 |mscpnrg2.txt |1,8e+03 |
| 6 | 1200 | 5000 |   50 |       0.45 |1586449785610 |     154 |   167.0 | 8,44 |mscpnrg2.txt |2,0e+03 |
| 6 | 1300 | 5000 |   50 |       0.45 |1586449785610 |     154 |   167.0 | 8,44 |mscpnrg2.txt |2,2e+03 |
| 6 | 1400 | 5000 |   50 |       0.45 |1586449785610 |     154 |   167.0 | 8,44 |mscpnrg2.txt |2,4e+03 |
| 6 | 1500 | 5000 |   55 |       0.45 |1586449785610 |     154 |   167.0 | 8,44 |mscpnrg2.txt |2,7e+03 |
| 6 | 1600 | 5000 |   55 |       0.45 |1586449785610 |     154 |   167.0 | 8,44 |mscpnrg2.txt |2,8e+03 |
| 6 | 1700 | 5000 |   55 |       0.45 |1586449785610 |     154 |   167.0 | 8,44 |mscpnrg2.txt |3,0e+03 |
| 6 | 1800 | 5000 |   55 |       0.45 |1586449785610 |     154 |   167.0 | 8,44 |mscpnrg2.txt |3,1e+03 |
| 6 | 1900 | 5000 |   60 |       0.45 |1586449785610 |     154 |   167.0 | 8,44 |mscpnrg2.txt |3,3e+03 |
| 6 | 2000 | 5000 |   60 |       0.45 |1586449785610 |     154 |   167.0 | 8,44 |mscpnrg2.txt |3,6e+03 |
| 6 | 2100 | 5000 |   60 |       0.45 |1586449785610 |     154 |   167.0 | 8,44 |mscpnrg2.txt |3,8e+03 |
| 6 | 2200 | 5000 |   60 |       0.45 |1586449785610 |     154 |   167.0 | 8,44 |mscpnrg2.txt |4,0e+03 |
| 6 | 2300 | 5000 |   65 |       0.45 |1586449785610 |     154 |   164.0 | 6,49 |mscpnrg2.txt |4,3e+03 |
| 6 | 2400 | 5000 |   65 |       0.45 |1586449785610 |     154 |   164.0 | 6,49 |mscpnrg2.txt |4,6e+03 |
| 6 | 2500 | 5000 |   65 |       0.45 |1586449785610 |     154 |   164.0 | 6,49 |mscpnrg2.txt |4,9e+03 |
| 6 | 2600 | 5000 |   65 |       0.45 |1586449785610 |     154 |   164.0 | 6,49 |mscpnrg2.txt |5,2e+03 |
| 6 | 2700 | 5000 |   70 |       0.45 |1586449785610 |     154 |   164.0 | 6,49 |mscpnrg2.txt |5,6e+03 |
| 6 | 2800 | 5000 |   70 |       0.45 |1586449785610 |     154 |   164.0 | 6,49 |mscpnrg2.txt |6,1e+03 |
| 6 | 2900 | 5000 |   70 |       0.45 |1586449785610 |     154 |   164.0 | 6,49 |mscpnrg2.txt |6,5e+03 |
| 6 | 3000 | 5000 |   70 |       0.45 |1586449785610 |     154 |   164.0 | 6,49 |mscpnrg2.txt |6,9e+03 |
| 6 | 3100 | 5000 |   75 |       0.45 |1586449785610 |     154 |   164.0 | 6,49 |mscpnrg2.txt |7,3e+03 |
| 6 | 3200 | 5000 |   75 |       0.45 |1586449785610 |     154 |   164.0 | 6,49 |mscpnrg2.txt |7,7e+03 |
| 6 | 3300 | 5000 |   75 |       0.45 |1586449785610 |     154 |   164.0 | 6,49 |mscpnrg2.txt |8,1e+03 |
| 6 | 3400 | 5000 |   75 |       0.45 |1586449785610 |     154 |   164.0 | 6,49 |mscpnrg2.txt |8,3e+03 |
| 6 | 3500 | 5000 |   80 |       0.45 |1586449785610 |     154 |   164.0 | 6,49 |mscpnrg2.txt |8,6e+03 |
| 6 | 3600 | 5000 |   80 |       0.45 |1586449785610 |     154 |   164.0 | 6,49 |mscpnrg2.txt |8,9e+03 |
| 6 | 3700 | 5000 |   80 |       0.45 |1586449785610 |     154 |   164.0 | 6,49 |mscpnrg2.txt |9,2e+03 |
| 6 | 3800 | 5000 |   80 |       0.45 |1586449785610 |     154 |   164.0 | 6,49 |mscpnrg2.txt |9,6e+03 |
| 6 | 3900 | 5000 |   85 |       0.45 |1586449785610 |     154 |   164.0 | 6,49 |mscpnrg2.txt |1,0e+04 |
| 6 | 4000 | 5000 |   85 |       0.45 |1586449785610 |     154 |   164.0 | 6,49 |mscpnrg2.txt |1,0e+04 |
| 6 | 4100 | 5000 |   85 |       0.45 |1586449785610 |     154 |   164.0 | 6,49 |mscpnrg2.txt |1,0e+04 |
| 6 | 4200 | 5000 |   85 |       0.45 |1586449785610 |     154 |   164.0 | 6,49 |mscpnrg2.txt |1,1e+04 |
| 6 | 4300 | 5000 |   90 |       0.45 |1586449785610 |     154 |   164.0 | 6,49 |mscpnrg2.txt |1,1e+04 |
| 6 | 4400 | 5000 |   90 |       0.45 |1586449785610 |     154 |   164.0 | 6,49 |mscpnrg2.txt |1,1e+04 |
| 6 | 4500 | 5000 |   90 |       0.45 |1586449785610 |     154 |   164.0 | 6,49 |mscpnrg2.txt |1,1e+04 |
| 6 | 4600 | 5000 |   90 |       0.45 |1586449785610 |     154 |   164.0 | 6,49 |mscpnrg2.txt |1,2e+04 |
| 6 | 4700 | 5000 |   95 |       0.45 |1586449785610 |     154 |   164.0 | 6,49 |mscpnrg2.txt |1,2e+04 |
| 6 | 4800 | 5000 |   95 |       0.45 |1586449785610 |     154 |   164.0 | 6,49 |mscpnrg2.txt |1,2e+04 |
| 6 | 4900 | 5000 |   95 |       0.45 |1586449785610 |     154 |   164.0 | 6,49 |mscpnrg2.txt |1,3e+04 |
| 6 | 5000 | 5000 |   95 |       0.45 |1586449785610 |     154 |   164.0 | 6,49 |mscpnrg2.txt |1,3e+04 |
| 6 | 1000 | 5000 |  100 |       0.45 |1586449785610 |     154 |   164.0 | 6,49 |mscpnrg2.txt |1,3e+04 |
| 7 |    1 | 5000 |   35 |       0.25 |1586462891949 |     154 |  9107.0 |5813,64 |mscpnrg2.txt |0,031 |
| 7 |  100 | 5000 |   35 |        0.4 |1586462891949 |     154 |  8561.0 |5459,09 |mscpnrg2.txt |  2,1 |
| 7 |  200 | 5000 |   35 | 0.34285715 |1586462891949 |     154 |  8106.0 |5163,64 |mscpnrg2.txt |  4,2 |
| 7 |  300 | 5000 |   35 | 0.31428573 |1586462891949 |     154 |  7684.0 |4889,61 |mscpnrg2.txt |  6,3 |
| 7 |  400 | 5000 |   35 |       0.45 |1586462891949 |     154 |  7311.0 |4647,40 |mscpnrg2.txt |  8,4 |
| 7 |  500 | 5000 |   35 |        0.4 |1586462891949 |     154 |  7103.0 |4512,34 |mscpnrg2.txt |   10 |
| 7 |  600 | 5000 |   40 |       0.45 |1586462891949 |     154 |   167.0 | 8,44 |mscpnrg2.txt |2,8e+02 |
| 7 |  700 | 5000 |   40 |       0.45 |1586462891949 |     154 |   165.0 | 7,14 |mscpnrg2.txt |6,0e+02 |
| 7 |  800 | 5000 |   40 |       0.45 |1586462891949 |     154 |   165.0 | 7,14 |mscpnrg2.txt |9,2e+02 |
| 7 |  900 | 5000 |   40 |       0.45 |1586462891949 |     154 |   165.0 | 7,14 |mscpnrg2.txt |1,2e+03 |
| 7 | 1000 | 5000 |   45 |       0.45 |1586462891949 |     154 |   165.0 | 7,14 |mscpnrg2.txt |1,4e+03 |
| 7 | 1100 | 5000 |   45 |       0.45 |1586462891949 |     154 |   165.0 | 7,14 |mscpnrg2.txt |1,6e+03 |
| 7 | 1200 | 5000 |   45 |        0.4 |1586462891949 |     154 |   165.0 | 7,14 |mscpnrg2.txt |1,8e+03 |
| 7 | 1300 | 5000 |   45 |       0.45 |1586462891949 |     154 |   165.0 | 7,14 |mscpnrg2.txt |2,1e+03 |
| 7 | 1400 | 5000 |   50 |       0.45 |1586462891949 |     154 |   165.0 | 7,14 |mscpnrg2.txt |2,3e+03 |
| 7 | 1500 | 5000 |   50 |       0.45 |1586462891949 |     154 |   165.0 | 7,14 |mscpnrg2.txt |2,4e+03 |
| 7 | 1600 | 5000 |   50 |       0.45 |1586462891949 |     154 |   165.0 | 7,14 |mscpnrg2.txt |2,5e+03 |
| 7 | 1700 | 5000 |   50 |       0.45 |1586462891949 |     154 |   165.0 | 7,14 |mscpnrg2.txt |2,6e+03 |
| 7 | 1800 | 5000 |   55 |       0.45 |1586462891949 |     154 |   165.0 | 7,14 |mscpnrg2.txt |2,8e+03 |
| 7 | 1900 | 5000 |   55 |       0.45 |1586462891949 |     154 |   165.0 | 7,14 |mscpnrg2.txt |2,8e+03 |
| 7 | 2000 | 5000 |   55 |       0.45 |1586462891949 |     154 |   165.0 | 7,14 |mscpnrg2.txt |2,9e+03 |
| 7 | 2100 | 5000 |   55 |       0.45 |1586462891949 |     154 |   165.0 | 7,14 |mscpnrg2.txt |3,0e+03 |
| 7 | 2200 | 5000 |   60 |       0.45 |1586462891949 |     154 |   165.0 | 7,14 |mscpnrg2.txt |3,2e+03 |
| 7 | 2300 | 5000 |   60 |       0.45 |1586462891949 |     154 |   165.0 | 7,14 |mscpnrg2.txt |3,3e+03 |
| 7 | 2400 | 5000 |   60 |       0.45 |1586462891949 |     154 |   165.0 | 7,14 |mscpnrg2.txt |3,5e+03 |
| 7 | 2500 | 5000 |   60 |       0.45 |1586462891949 |     154 |   165.0 | 7,14 |mscpnrg2.txt |3,7e+03 |
| 7 | 2600 | 5000 |   65 |       0.45 |1586462891949 |     154 |   165.0 | 7,14 |mscpnrg2.txt |4,0e+03 |
| 7 | 2700 | 5000 |   65 |       0.45 |1586462891949 |     154 |   165.0 | 7,14 |mscpnrg2.txt |4,1e+03 |
| 7 | 2800 | 5000 |   65 |       0.25 |1586462891949 |     154 |   165.0 | 7,14 |mscpnrg2.txt |4,2e+03 |
| 7 | 2900 | 5000 |   65 | 0.44615385 |1586462891949 |     154 |   165.0 | 7,14 |mscpnrg2.txt |4,2e+03 |
| 7 | 3000 | 5000 |   70 |       0.45 |1586462891949 |     154 |   165.0 | 7,14 |mscpnrg2.txt |4,3e+03 |
| 7 | 3100 | 5000 |   70 |       0.45 |1586462891949 |     154 |   165.0 | 7,14 |mscpnrg2.txt |4,4e+03 |
| 7 | 3200 | 5000 |   70 |       0.45 |1586462891949 |     154 |   165.0 | 7,14 |mscpnrg2.txt |4,5e+03 |
| 7 | 3300 | 5000 |   70 |       0.45 |1586462891949 |     154 |   165.0 | 7,14 |mscpnrg2.txt |4,6e+03 |
| 7 | 3400 | 5000 |   75 |       0.45 |1586462891949 |     154 |   165.0 | 7,14 |mscpnrg2.txt |4,8e+03 |
| 7 | 3500 | 5000 |   75 |       0.45 |1586462891949 |     154 |   165.0 | 7,14 |mscpnrg2.txt |4,9e+03 |
| 7 | 3600 | 5000 |   75 |       0.45 |1586462891949 |     154 |   165.0 | 7,14 |mscpnrg2.txt |5,1e+03 |
| 7 | 3700 | 5000 |   75 |       0.45 |1586462891949 |     154 |   165.0 | 7,14 |mscpnrg2.txt |5,2e+03 |
| 7 | 3800 | 5000 |   80 |       0.45 |1586462891949 |     154 |   165.0 | 7,14 |mscpnrg2.txt |5,4e+03 |
| 7 | 3900 | 5000 |   80 |       0.45 |1586462891949 |     154 |   165.0 | 7,14 |mscpnrg2.txt |5,5e+03 |
| 7 | 4000 | 5000 |   80 |       0.45 |1586462891949 |     154 |   165.0 | 7,14 |mscpnrg2.txt |5,5e+03 |
| 7 | 4100 | 5000 |   80 |       0.45 |1586462891949 |     154 |   165.0 | 7,14 |mscpnrg2.txt |5,6e+03 |
| 7 | 4200 | 5000 |   85 |       0.45 |1586462891949 |     154 |   165.0 | 7,14 |mscpnrg2.txt |5,7e+03 |
| 7 | 4300 | 5000 |   85 |       0.45 |1586462891949 |     154 |   165.0 | 7,14 |mscpnrg2.txt |5,8e+03 |
| 7 | 4400 | 5000 |   85 |       0.45 |1586462891949 |     154 |   165.0 | 7,14 |mscpnrg2.txt |5,9e+03 |
| 7 | 4500 | 5000 |   85 |       0.45 |1586462891949 |     154 |   165.0 | 7,14 |mscpnrg2.txt |6,1e+03 |
| 7 | 4600 | 5000 |   90 |       0.45 |1586462891949 |     154 |   165.0 | 7,14 |mscpnrg2.txt |6,2e+03 |
| 7 | 4700 | 5000 |   90 |       0.45 |1586462891949 |     154 |   165.0 | 7,14 |mscpnrg2.txt |6,4e+03 |
| 7 | 4800 | 5000 |   90 |       0.45 |1586462891949 |     154 |   165.0 | 7,14 |mscpnrg2.txt |6,4e+03 |
| 7 | 4900 | 5000 |   90 |       0.45 |1586462891949 |     154 |   165.0 | 7,14 |mscpnrg2.txt |6,5e+03 |
| 7 | 5000 | 5000 |   95 |       0.45 |1586462891949 |     154 |   165.0 | 7,14 |mscpnrg2.txt |6,6e+03 |
| 7 | 1000 | 5000 |   95 |       0.45 |1586462891949 |     154 |   165.0 | 7,14 |mscpnrg2.txt |6,6e+03 |
| 8 |    1 | 5000 |   35 |       0.25 |1586469520767 |     154 |  9562.0 |6109,09 |mscpnrg2.txt |0,029 |
| 8 |  100 | 5000 |   35 |       0.45 |1586469520767 |     154 |  8600.0 |5484,42 |mscpnrg2.txt |  2,0 |
| 8 |  200 | 5000 |   35 | 0.42857143 |1586469520767 |     154 |  7946.0 |5059,74 |mscpnrg2.txt |  4,2 |
| 8 |  300 | 5000 |   35 | 0.31428573 |1586469520767 |     154 |  7799.0 |4964,29 |mscpnrg2.txt |  6,2 |
| 8 |  400 | 5000 |   40 |       0.45 |1586469520767 |     154 |   167.0 | 8,44 |mscpnrg2.txt |2,6e+02 |
| 8 |  500 | 5000 |   40 |       0.45 |1586469520767 |     154 |   167.0 | 8,44 |mscpnrg2.txt |5,6e+02 |
| 8 |  600 | 5000 |   40 |       0.45 |1586469520767 |     154 |   167.0 | 8,44 |mscpnrg2.txt |8,7e+02 |
| 8 |  700 | 5000 |   40 |       0.35 |1586469520767 |     154 |   167.0 | 8,44 |mscpnrg2.txt |1,1e+03 |
| 8 |  800 | 5000 |   45 |       0.45 |1586469520767 |     154 |   167.0 | 8,44 |mscpnrg2.txt |1,3e+03 |
| 8 |  900 | 5000 |   45 |       0.45 |1586469520767 |     154 |   167.0 | 8,44 |mscpnrg2.txt |1,5e+03 |
| 8 | 1000 | 5000 |   45 |       0.45 |1586469520767 |     154 |   167.0 | 8,44 |mscpnrg2.txt |1,7e+03 |
| 8 | 1100 | 5000 |   45 |       0.45 |1586469520767 |     154 |   167.0 | 8,44 |mscpnrg2.txt |1,9e+03 |
| 8 | 1200 | 5000 |   50 |       0.45 |1586469520767 |     154 |   167.0 | 8,44 |mscpnrg2.txt |2,2e+03 |
| 8 | 1300 | 5000 |   50 |       0.45 |1586469520767 |     154 |   167.0 | 8,44 |mscpnrg2.txt |2,3e+03 |
| 8 | 1400 | 5000 |   50 |       0.45 |1586469520767 |     154 |   167.0 | 8,44 |mscpnrg2.txt |2,4e+03 |
| 8 | 1500 | 5000 |   50 |       0.45 |1586469520767 |     154 |   167.0 | 8,44 |mscpnrg2.txt |2,6e+03 |
| 8 | 1600 | 5000 |   55 |       0.45 |1586469520767 |     154 |   167.0 | 8,44 |mscpnrg2.txt |2,8e+03 |
| 8 | 1700 | 5000 |   55 |       0.45 |1586469520767 |     154 |   167.0 | 8,44 |mscpnrg2.txt |3,0e+03 |
| 8 | 1800 | 5000 |   55 |       0.45 |1586469520767 |     154 |   167.0 | 8,44 |mscpnrg2.txt |3,3e+03 |
| 8 | 1900 | 5000 |   55 |       0.45 |1586469520767 |     154 |   167.0 | 8,44 |mscpnrg2.txt |3,5e+03 |
| 8 | 2000 | 5000 |   60 |       0.45 |1586469520767 |     154 |   167.0 | 8,44 |mscpnrg2.txt |3,7e+03 |
| 8 | 2100 | 5000 |   60 |       0.45 |1586469520767 |     154 |   167.0 | 8,44 |mscpnrg2.txt |4,0e+03 |
| 8 | 2200 | 5000 |   60 |       0.45 |1586469520767 |     154 |   167.0 | 8,44 |mscpnrg2.txt |4,3e+03 |
| 8 | 2300 | 5000 |   60 |       0.45 |1586469520767 |     154 |   167.0 | 8,44 |mscpnrg2.txt |4,6e+03 |
| 8 | 2400 | 5000 |   65 |       0.45 |1586469520767 |     154 |   167.0 | 8,44 |mscpnrg2.txt |5,0e+03 |
| 8 | 2500 | 5000 |   65 |       0.45 |1586469520767 |     154 |   167.0 | 8,44 |mscpnrg2.txt |5,2e+03 |
| 8 | 2600 | 5000 |   65 |       0.45 |1586469520767 |     154 |   167.0 | 8,44 |mscpnrg2.txt |5,5e+03 |
| 8 | 2700 | 5000 |   65 |       0.45 |1586469520767 |     154 |   167.0 | 8,44 |mscpnrg2.txt |5,7e+03 |
| 8 | 2800 | 5000 |   70 |       0.45 |1586469520767 |     154 |   167.0 | 8,44 |mscpnrg2.txt |6,0e+03 |
| 8 | 2900 | 5000 |   70 |       0.45 |1586469520767 |     154 |   167.0 | 8,44 |mscpnrg2.txt |6,3e+03 |
| 8 | 3000 | 5000 |   70 |       0.45 |1586469520767 |     154 |   167.0 | 8,44 |mscpnrg2.txt |6,5e+03 |
| 8 | 3100 | 5000 |   70 |       0.45 |1586469520767 |     154 |   167.0 | 8,44 |mscpnrg2.txt |6,8e+03 |
| 8 | 3200 | 5000 |   75 |       0.45 |1586469520767 |     154 |   167.0 | 8,44 |mscpnrg2.txt |7,2e+03 |
| 8 | 3300 | 5000 |   75 |       0.45 |1586469520767 |     154 |   167.0 | 8,44 |mscpnrg2.txt |7,6e+03 |
| 8 | 3400 | 5000 |   75 |       0.45 |1586469520767 |     154 |   167.0 | 8,44 |mscpnrg2.txt |8,0e+03 |
| 8 | 3500 | 5000 |   75 |       0.45 |1586469520767 |     154 |   167.0 | 8,44 |mscpnrg2.txt |8,4e+03 |
| 8 | 3600 | 5000 |   80 |       0.45 |1586469520767 |     154 |   167.0 | 8,44 |mscpnrg2.txt |8,8e+03 |
| 8 | 3700 | 5000 |   80 |       0.45 |1586469520767 |     154 |   167.0 | 8,44 |mscpnrg2.txt |9,1e+03 |
| 8 | 3800 | 5000 |   80 |       0.45 |1586469520767 |     154 |   167.0 | 8,44 |mscpnrg2.txt |9,3e+03 |
| 8 | 3900 | 5000 |   80 |       0.45 |1586469520767 |     154 |   167.0 | 8,44 |mscpnrg2.txt |9,5e+03 |
| 8 | 4000 | 5000 |   85 |       0.45 |1586469520767 |     154 |   167.0 | 8,44 |mscpnrg2.txt |9,9e+03 |
| 8 | 4100 | 5000 |   85 |       0.45 |1586469520767 |     154 |   167.0 | 8,44 |mscpnrg2.txt |1,0e+04 |
| 8 | 4200 | 5000 |   85 |       0.45 |1586469520767 |     154 |   167.0 | 8,44 |mscpnrg2.txt |1,0e+04 |
| 8 | 4300 | 5000 |   85 |       0.45 |1586469520767 |     154 |   167.0 | 8,44 |mscpnrg2.txt |1,1e+04 |
| 8 | 4400 | 5000 |   90 |       0.45 |1586469520767 |     154 |   167.0 | 8,44 |mscpnrg2.txt |1,1e+04 |
| 8 | 4500 | 5000 |   90 |       0.45 |1586469520767 |     154 |   167.0 | 8,44 |mscpnrg2.txt |1,1e+04 |
| 8 | 4600 | 5000 |   90 |       0.45 |1586469520767 |     154 |   167.0 | 8,44 |mscpnrg2.txt |1,2e+04 |
| 8 | 4700 | 5000 |   90 |       0.45 |1586469520767 |     154 |   167.0 | 8,44 |mscpnrg2.txt |1,2e+04 |
| 8 | 4800 | 5000 |   95 |       0.45 |1586469520767 |     154 |   167.0 | 8,44 |mscpnrg2.txt |1,3e+04 |
| 8 | 4900 | 5000 |   95 |       0.45 |1586469520767 |     154 |   167.0 | 8,44 |mscpnrg2.txt |1,3e+04 |
| 8 | 5000 | 5000 |   95 |       0.45 |1586469520767 |     154 |   167.0 | 8,44 |mscpnrg2.txt |1,4e+04 |
| 8 | 1000 | 5000 |   95 |       0.45 |1586469520767 |     154 |   167.0 | 8,44 |mscpnrg2.txt |1,4e+04 |
| 9 |    1 | 5000 |   35 |       0.25 |1586483028505 |     154 |  9395.0 |6000,65 |mscpnrg2.txt |0,028 |
| 9 |  100 | 5000 |   35 |       0.45 |1586483028505 |     154 |  8681.0 |5537,01 |mscpnrg2.txt |  2,0 |
| 9 |  200 | 5000 |   40 |       0.45 |1586483028505 |     154 |   167.0 | 8,44 |mscpnrg2.txt |2,1e+02 |
| 9 |  300 | 5000 |   40 |       0.45 |1586483028505 |     154 |   167.0 | 8,44 |mscpnrg2.txt |4,7e+02 |
| 9 |  400 | 5000 |   40 |       0.45 |1586483028505 |     154 |   167.0 | 8,44 |mscpnrg2.txt |7,4e+02 |
| 9 |  500 | 5000 |   40 |       0.45 |1586483028505 |     154 |   167.0 | 8,44 |mscpnrg2.txt |9,3e+02 |
| 9 |  600 | 5000 |   45 | 0.42222223 |1586483028505 |     154 |   167.0 | 8,44 |mscpnrg2.txt |1,1e+03 |
| 9 |  700 | 5000 |   45 |        0.4 |1586483028505 |     154 |   167.0 | 8,44 |mscpnrg2.txt |1,3e+03 |
| 9 |  800 | 5000 |   45 |       0.45 |1586483028505 |     154 |   167.0 | 8,44 |mscpnrg2.txt |1,5e+03 |
| 9 |  900 | 5000 |   45 |       0.45 |1586483028505 |     154 |   167.0 | 8,44 |mscpnrg2.txt |1,6e+03 |
| 9 | 1000 | 5000 |   50 |       0.45 |1586483028505 |     154 |   167.0 | 8,44 |mscpnrg2.txt |1,8e+03 |
| 9 | 1100 | 5000 |   50 |       0.45 |1586483028505 |     154 |   167.0 | 8,44 |mscpnrg2.txt |2,0e+03 |
| 9 | 1200 | 5000 |   50 |       0.45 |1586483028505 |     154 |   167.0 | 8,44 |mscpnrg2.txt |2,2e+03 |
| 9 | 1300 | 5000 |   50 |       0.45 |1586483028505 |     154 |   167.0 | 8,44 |mscpnrg2.txt |2,3e+03 |
| 9 | 1400 | 5000 |   55 |       0.45 |1586483028505 |     154 |   167.0 | 8,44 |mscpnrg2.txt |2,6e+03 |
| 9 | 1500 | 5000 |   55 |       0.45 |1586483028505 |     154 |   167.0 | 8,44 |mscpnrg2.txt |2,9e+03 |
| 9 | 1600 | 5000 |   55 |       0.45 |1586483028505 |     154 |   167.0 | 8,44 |mscpnrg2.txt |3,1e+03 |
| 9 | 1700 | 5000 |   55 |       0.45 |1586483028505 |     154 |   167.0 | 8,44 |mscpnrg2.txt |3,4e+03 |
| 9 | 1800 | 5000 |   60 |       0.45 |1586483028505 |     154 |   167.0 | 8,44 |mscpnrg2.txt |3,8e+03 |
| 9 | 1900 | 5000 |   60 |       0.45 |1586483028505 |     154 |   167.0 | 8,44 |mscpnrg2.txt |4,1e+03 |
| 9 | 2000 | 5000 |   60 |       0.45 |1586483028505 |     154 |   167.0 | 8,44 |mscpnrg2.txt |4,3e+03 |
| 9 | 2100 | 5000 |   60 |       0.45 |1586483028505 |     154 |   167.0 | 8,44 |mscpnrg2.txt |4,6e+03 |
| 9 | 2200 | 5000 |   65 |       0.45 |1586483028505 |     154 |   167.0 | 8,44 |mscpnrg2.txt |4,8e+03 |
| 9 | 2300 | 5000 |   65 |       0.45 |1586483028505 |     154 |   167.0 | 8,44 |mscpnrg2.txt |5,1e+03 |
| 9 | 2400 | 5000 |   65 |       0.45 |1586483028505 |     154 |   167.0 | 8,44 |mscpnrg2.txt |5,3e+03 |
| 9 | 2500 | 5000 |   65 |       0.45 |1586483028505 |     154 |   167.0 | 8,44 |mscpnrg2.txt |5,6e+03 |
| 9 | 2600 | 5000 |   70 |       0.45 |1586483028505 |     154 |   167.0 | 8,44 |mscpnrg2.txt |5,9e+03 |
| 9 | 2700 | 5000 |   70 |       0.45 |1586483028505 |     154 |   167.0 | 8,44 |mscpnrg2.txt |6,2e+03 |
| 9 | 2800 | 5000 |   70 |       0.45 |1586483028505 |     154 |   167.0 | 8,44 |mscpnrg2.txt |6,6e+03 |
| 9 | 2900 | 5000 |   70 |       0.45 |1586483028505 |     154 |   167.0 | 8,44 |mscpnrg2.txt |6,9e+03 |
| 9 | 3000 | 5000 |   75 |       0.45 |1586483028505 |     154 |   167.0 | 8,44 |mscpnrg2.txt |7,3e+03 |
| 9 | 3100 | 5000 |   75 |       0.45 |1586483028505 |     154 |   167.0 | 8,44 |mscpnrg2.txt |7,5e+03 |
| 9 | 3200 | 5000 |   75 |       0.45 |1586483028505 |     154 |   167.0 | 8,44 |mscpnrg2.txt |7,7e+03 |
| 9 | 3300 | 5000 |   75 |       0.45 |1586483028505 |     154 |   167.0 | 8,44 |mscpnrg2.txt |8,0e+03 |
| 9 | 3400 | 5000 |   80 |       0.45 |1586483028505 |     154 |   167.0 | 8,44 |mscpnrg2.txt |8,3e+03 |
| 9 | 3500 | 5000 |   80 |       0.45 |1586483028505 |     154 |   167.0 | 8,44 |mscpnrg2.txt |8,5e+03 |
| 9 | 3600 | 5000 |   80 |       0.45 |1586483028505 |     154 |   167.0 | 8,44 |mscpnrg2.txt |8,8e+03 |
| 9 | 3700 | 5000 |   80 |       0.45 |1586483028505 |     154 |   167.0 | 8,44 |mscpnrg2.txt |9,1e+03 |
| 9 | 3800 | 5000 |   85 |       0.45 |1586483028505 |     154 |   167.0 | 8,44 |mscpnrg2.txt |9,4e+03 |
| 9 | 3900 | 5000 |   85 |       0.45 |1586483028505 |     154 |   167.0 | 8,44 |mscpnrg2.txt |9,8e+03 |
| 9 | 4000 | 5000 |   85 |       0.45 |1586483028505 |     154 |   167.0 | 8,44 |mscpnrg2.txt |1,0e+04 |
| 9 | 4100 | 5000 |   85 |       0.45 |1586483028505 |     154 |   167.0 | 8,44 |mscpnrg2.txt |1,0e+04 |
| 9 | 4200 | 5000 |   90 |       0.45 |1586483028505 |     154 |   167.0 | 8,44 |mscpnrg2.txt |1,1e+04 |
| 9 | 4300 | 5000 |   90 |       0.45 |1586483028505 |     154 |   167.0 | 8,44 |mscpnrg2.txt |1,1e+04 |
| 9 | 4400 | 5000 |   90 |       0.45 |1586483028505 |     154 |   167.0 | 8,44 |mscpnrg2.txt |1,2e+04 |
| 9 | 4500 | 5000 |   90 |       0.45 |1586483028505 |     154 |   167.0 | 8,44 |mscpnrg2.txt |1,2e+04 |
| 9 | 4600 | 5000 |   95 |       0.45 |1586483028505 |     154 |   167.0 | 8,44 |mscpnrg2.txt |1,3e+04 |
| 9 | 4700 | 5000 |   95 |       0.45 |1586483028505 |     154 |   167.0 | 8,44 |mscpnrg2.txt |1,3e+04 |
| 9 | 4800 | 5000 |   95 |       0.45 |1586483028505 |     154 |   167.0 | 8,44 |mscpnrg2.txt |1,3e+04 |
| 9 | 4900 | 5000 |   95 |       0.45 |1586483028505 |     154 |   167.0 | 8,44 |mscpnrg2.txt |1,3e+04 |
| 9 | 5000 | 5000 |  100 |       0.45 |1586483028505 |     154 |   167.0 | 8,44 |mscpnrg2.txt |1,4e+04 |
| 9 | 1000 | 5000 |  100 |       0.45 |1586483028505 |     154 |   167.0 | 8,44 |mscpnrg2.txt |1,4e+04 |
|10 |    1 | 5000 |   35 |       0.25 |1586496740318 |     154 |  9452.0 |6037,66 |mscpnrg2.txt |0,033 |
|10 |  100 | 5000 |   35 |       0.45 |1586496740318 |     154 |  8499.0 |5418,83 |mscpnrg2.txt |  1,8 |
|10 |  200 | 5000 |   35 | 0.34285715 |1586496740318 |     154 |  8174.0 |5207,79 |mscpnrg2.txt |  3,7 |
|10 |  300 | 5000 |   35 |  0.2857143 |1586496740318 |     154 |  7940.0 |5055,84 |mscpnrg2.txt |  5,5 |
|10 |  400 | 5000 |   35 |        0.4 |1586496740318 |     154 |  7410.0 |4711,69 |mscpnrg2.txt |  7,3 |
|10 |  500 | 5000 |   35 |       0.45 |1586496740318 |     154 |  7334.0 |4662,34 |mscpnrg2.txt |  9,2 |
|10 |  600 | 5000 |   35 | 0.42857143 |1586496740318 |     154 |  7170.0 |4555,84 |mscpnrg2.txt |   11 |
|10 |  700 | 5000 |   40 |       0.45 |1586496740318 |     154 |   167.0 | 8,44 |mscpnrg2.txt |2,3e+02 |
|10 |  800 | 5000 |   40 |       0.45 |1586496740318 |     154 |   167.0 | 8,44 |mscpnrg2.txt |4,8e+02 |
|10 |  900 | 5000 |   40 |        0.3 |1586496740318 |     154 |   167.0 | 8,44 |mscpnrg2.txt |6,7e+02 |
|10 | 1000 | 5000 |   40 |       0.45 |1586496740318 |     154 |   167.0 | 8,44 |mscpnrg2.txt |7,6e+02 |
|10 | 1100 | 5000 |   45 |       0.45 |1586496740318 |     154 |   167.0 | 8,44 |mscpnrg2.txt |9,3e+02 |
|10 | 1200 | 5000 |   45 |       0.45 |1586496740318 |     154 |   167.0 | 8,44 |mscpnrg2.txt |1,1e+03 |
|10 | 1300 | 5000 |   45 |       0.45 |1586496740318 |     154 |   167.0 | 8,44 |mscpnrg2.txt |1,2e+03 |
|10 | 1400 | 5000 |   45 |       0.45 |1586496740318 |     154 |   167.0 | 8,44 |mscpnrg2.txt |1,3e+03 |
|10 | 1500 | 5000 |   50 |       0.45 |1586496740318 |     154 |   167.0 | 8,44 |mscpnrg2.txt |1,4e+03 |
|10 | 1600 | 5000 |   50 |       0.45 |1586496740318 |     154 |   167.0 | 8,44 |mscpnrg2.txt |1,6e+03 |
|10 | 1700 | 5000 |   50 |       0.45 |1586496740318 |     154 |   167.0 | 8,44 |mscpnrg2.txt |1,7e+03 |
|10 | 1800 | 5000 |   50 |       0.45 |1586496740318 |     154 |   167.0 | 8,44 |mscpnrg2.txt |1,9e+03 |
|10 | 1900 | 5000 |   55 |       0.45 |1586496740318 |     154 |   167.0 | 8,44 |mscpnrg2.txt |2,1e+03 |
|10 | 2000 | 5000 |   55 |       0.45 |1586496740318 |     154 |   167.0 | 8,44 |mscpnrg2.txt |2,2e+03 |
|10 | 2100 | 5000 |   55 |       0.45 |1586496740318 |     154 |   167.0 | 8,44 |mscpnrg2.txt |2,4e+03 |
|10 | 2200 | 5000 |   55 |       0.45 |1586496740318 |     154 |   167.0 | 8,44 |mscpnrg2.txt |2,5e+03 |
|10 | 2300 | 5000 |   60 |       0.45 |1586496740318 |     154 |   167.0 | 8,44 |mscpnrg2.txt |2,7e+03 |
|10 | 2400 | 5000 |   60 |       0.45 |1586496740318 |     154 |   167.0 | 8,44 |mscpnrg2.txt |2,8e+03 |
|10 | 2500 | 5000 |   60 |       0.45 |1586496740318 |     154 |   167.0 | 8,44 |mscpnrg2.txt |2,8e+03 |
|10 | 2600 | 5000 |   60 |       0.45 |1586496740318 |     154 |   167.0 | 8,44 |mscpnrg2.txt |2,9e+03 |
|10 | 2700 | 5000 |   65 |       0.45 |1586496740318 |     154 |   167.0 | 8,44 |mscpnrg2.txt |3,1e+03 |
|10 | 2800 | 5000 |   65 |       0.45 |1586496740318 |     154 |   167.0 | 8,44 |mscpnrg2.txt |3,2e+03 |
|10 | 2900 | 5000 |   65 |        0.1 |1586496740318 |     154 |   167.0 | 8,44 |mscpnrg2.txt |3,2e+03 |
|10 | 3000 | 5000 |   65 |        0.1 |1586496740318 |     154 |   167.0 | 8,44 |mscpnrg2.txt |3,2e+03 |
|10 | 3100 | 5000 |   70 |       0.45 |1586496740318 |     154 |   165.0 | 7,14 |mscpnrg2.txt |3,3e+03 |
|10 | 3200 | 5000 |   70 |       0.45 |1586496740318 |     154 |   165.0 | 7,14 |mscpnrg2.txt |3,4e+03 |
|10 | 3300 | 5000 |   70 |       0.45 |1586496740318 |     154 |   165.0 | 7,14 |mscpnrg2.txt |3,4e+03 |
|10 | 3400 | 5000 |   70 |       0.45 |1586496740318 |     154 |   165.0 | 7,14 |mscpnrg2.txt |3,5e+03 |
|10 | 3500 | 5000 |   75 |       0.45 |1586496740318 |     154 |   165.0 | 7,14 |mscpnrg2.txt |3,6e+03 |
|10 | 3600 | 5000 |   75 |       0.45 |1586496740318 |     154 |   165.0 | 7,14 |mscpnrg2.txt |3,7e+03 |
|10 | 3700 | 5000 |   75 |       0.45 |1586496740318 |     154 |   165.0 | 7,14 |mscpnrg2.txt |3,7e+03 |
|10 | 3800 | 5000 |   75 |       0.45 |1586496740318 |     154 |   165.0 | 7,14 |mscpnrg2.txt |3,8e+03 |
|10 | 3900 | 5000 |   80 |       0.45 |1586496740318 |     154 |   165.0 | 7,14 |mscpnrg2.txt |3,9e+03 |
|10 | 4000 | 5000 |   80 |       0.45 |1586496740318 |     154 |   165.0 | 7,14 |mscpnrg2.txt |4,0e+03 |
|10 | 4100 | 5000 |   80 |       0.45 |1586496740318 |     154 |   165.0 | 7,14 |mscpnrg2.txt |4,0e+03 |
|10 | 4200 | 5000 |   80 |     0.3125 |1586496740318 |     154 |   165.0 | 7,14 |mscpnrg2.txt |4,0e+03 |
|10 | 4300 | 5000 |   85 |       0.45 |1586496740318 |     154 |   165.0 | 7,14 |mscpnrg2.txt |4,1e+03 |
|10 | 4400 | 5000 |   85 |       0.45 |1586496740318 |     154 |   165.0 | 7,14 |mscpnrg2.txt |4,2e+03 |
|10 | 4500 | 5000 |   85 |       0.45 |1586496740318 |     154 |   165.0 | 7,14 |mscpnrg2.txt |4,2e+03 |
|10 | 4600 | 5000 |   85 |       0.45 |1586496740318 |     154 |   165.0 | 7,14 |mscpnrg2.txt |4,3e+03 |
|10 | 4700 | 5000 |   90 |       0.45 |1586496740318 |     154 |   165.0 | 7,14 |mscpnrg2.txt |4,4e+03 |
|10 | 4800 | 5000 |   90 |       0.45 |1586496740318 |     154 |   165.0 | 7,14 |mscpnrg2.txt |4,5e+03 |
|10 | 4900 | 5000 |   90 |       0.45 |1586496740318 |     154 |   165.0 | 7,14 |mscpnrg2.txt |4,5e+03 |
|10 | 5000 | 5000 |   90 |       0.45 |1586496740318 |     154 |   165.0 | 7,14 |mscpnrg2.txt |4,5e+03 |
|10 | 1000 | 5000 |   95 |       0.45 |1586496740318 |     154 |   165.0 | 7,14 |mscpnrg2.txt |4,5e+03 |
|11 |    1 | 5000 |   35 |       0.25 |1586501285061 |     154 |  9539.0 |6094,16 |mscpnrg2.txt |0,024 |
|11 |  100 | 5000 |   35 |  0.2857143 |1586501285061 |     154 |  8430.0 |5374,03 |mscpnrg2.txt |  1,8 |
|11 |  200 | 5000 |   35 |        0.4 |1586501285061 |     154 |  7904.0 |5032,47 |mscpnrg2.txt |  3,5 |
|11 |  300 | 5000 |   35 |        0.4 |1586501285061 |     154 |  7681.0 |4887,66 |mscpnrg2.txt |  5,3 |
|11 |  400 | 5000 |   35 | 0.42857143 |1586501285061 |     154 |  7408.0 |4710,39 |mscpnrg2.txt |  7,1 |
|11 |  500 | 5000 |   35 | 0.37142858 |1586501285061 |     154 |  7223.0 |4590,26 |mscpnrg2.txt |  8,8 |
|11 |  600 | 5000 |   35 | 0.34285715 |1586501285061 |     154 |  6956.0 |4416,88 |mscpnrg2.txt |   10 |
|11 |  700 | 5000 |   40 |       0.45 |1586501285061 |     154 |   167.0 | 8,44 |mscpnrg2.txt |2,7e+02 |
|11 |  800 | 5000 |   40 |       0.45 |1586501285061 |     154 |   167.0 | 8,44 |mscpnrg2.txt |5,7e+02 |
|11 |  900 | 5000 |   40 |       0.45 |1586501285061 |     154 |   167.0 | 8,44 |mscpnrg2.txt |7,7e+02 |
|11 | 1000 | 5000 |   40 |      0.425 |1586501285061 |     154 |   167.0 | 8,44 |mscpnrg2.txt |9,0e+02 |
|11 | 1100 | 5000 |   45 | 0.42222223 |1586501285061 |     154 |   167.0 | 8,44 |mscpnrg2.txt |1,1e+03 |
|11 | 1200 | 5000 |   45 | 0.42222223 |1586501285061 |     154 |   167.0 | 8,44 |mscpnrg2.txt |1,3e+03 |
|11 | 1300 | 5000 |   45 |       0.45 |1586501285061 |     154 |   167.0 | 8,44 |mscpnrg2.txt |1,5e+03 |
|11 | 1400 | 5000 |   45 |       0.45 |1586501285061 |     154 |   167.0 | 8,44 |mscpnrg2.txt |1,7e+03 |
|11 | 1500 | 5000 |   50 |       0.45 |1586501285061 |     154 |   167.0 | 8,44 |mscpnrg2.txt |1,9e+03 |
|11 | 1600 | 5000 |   50 |       0.45 |1586501285061 |     154 |   167.0 | 8,44 |mscpnrg2.txt |2,1e+03 |
|11 | 1700 | 5000 |   50 |       0.45 |1586501285061 |     154 |   167.0 | 8,44 |mscpnrg2.txt |2,2e+03 |
|11 | 1800 | 5000 |   50 |       0.45 |1586501285061 |     154 |   167.0 | 8,44 |mscpnrg2.txt |2,4e+03 |
|11 | 1900 | 5000 |   55 |       0.45 |1586501285061 |     154 |   167.0 | 8,44 |mscpnrg2.txt |2,6e+03 |
|11 | 2000 | 5000 |   55 |       0.45 |1586501285061 |     154 |   167.0 | 8,44 |mscpnrg2.txt |2,8e+03 |
|11 | 2100 | 5000 |   55 |       0.45 |1586501285061 |     154 |   167.0 | 8,44 |mscpnrg2.txt |3,0e+03 |
|11 | 2200 | 5000 |   55 |       0.45 |1586501285061 |     154 |   167.0 | 8,44 |mscpnrg2.txt |3,2e+03 |
|11 | 2300 | 5000 |   60 |       0.45 |1586501285061 |     154 |   167.0 | 8,44 |mscpnrg2.txt |3,5e+03 |
|11 | 2400 | 5000 |   60 |       0.45 |1586501285061 |     154 |   167.0 | 8,44 |mscpnrg2.txt |3,6e+03 |
|11 | 2500 | 5000 |   60 |       0.45 |1586501285061 |     154 |   167.0 | 8,44 |mscpnrg2.txt |3,7e+03 |
|11 | 2600 | 5000 |   60 |       0.45 |1586501285061 |     154 |   167.0 | 8,44 |mscpnrg2.txt |3,9e+03 |
|11 | 2700 | 5000 |   65 |       0.45 |1586501285061 |     154 |   167.0 | 8,44 |mscpnrg2.txt |4,1e+03 |
|11 | 2800 | 5000 |   65 |       0.45 |1586501285061 |     154 |   167.0 | 8,44 |mscpnrg2.txt |4,3e+03 |
|11 | 2900 | 5000 |   65 |       0.45 |1586501285061 |     154 |   167.0 | 8,44 |mscpnrg2.txt |4,6e+03 |
|11 | 3000 | 5000 |   65 |       0.45 |1586501285061 |     154 |   167.0 | 8,44 |mscpnrg2.txt |4,8e+03 |
|11 | 3100 | 5000 |   70 |       0.45 |1586501285061 |     154 |   167.0 | 8,44 |mscpnrg2.txt |5,1e+03 |
|11 | 3200 | 5000 |   70 |       0.45 |1586501285061 |     154 |   167.0 | 8,44 |mscpnrg2.txt |5,4e+03 |
|11 | 3300 | 5000 |   70 |       0.45 |1586501285061 |     154 |   167.0 | 8,44 |mscpnrg2.txt |5,7e+03 |
|11 | 3400 | 5000 |   70 |       0.45 |1586501285061 |     154 |   167.0 | 8,44 |mscpnrg2.txt |5,9e+03 |
|11 | 3500 | 5000 |   75 |       0.45 |1586501285061 |     154 |   167.0 | 8,44 |mscpnrg2.txt |6,3e+03 |
|11 | 3600 | 5000 |   75 |       0.45 |1586501285061 |     154 |   167.0 | 8,44 |mscpnrg2.txt |6,5e+03 |
|11 | 3700 | 5000 |   75 |       0.45 |1586501285061 |     154 |   167.0 | 8,44 |mscpnrg2.txt |6,6e+03 |
|11 | 3800 | 5000 |   75 |       0.45 |1586501285061 |     154 |   167.0 | 8,44 |mscpnrg2.txt |6,8e+03 |
|11 | 3900 | 5000 |   80 |       0.45 |1586501285061 |     154 |   167.0 | 8,44 |mscpnrg2.txt |7,1e+03 |
|11 | 4000 | 5000 |   80 |       0.45 |1586501285061 |     154 |   167.0 | 8,44 |mscpnrg2.txt |7,2e+03 |
|11 | 4100 | 5000 |   80 |       0.45 |1586501285061 |     154 |   167.0 | 8,44 |mscpnrg2.txt |7,3e+03 |
|11 | 4200 | 5000 |   80 |       0.45 |1586501285061 |     154 |   167.0 | 8,44 |mscpnrg2.txt |7,4e+03 |
|11 | 4300 | 5000 |   85 |       0.45 |1586501285061 |     154 |   167.0 | 8,44 |mscpnrg2.txt |7,6e+03 |
|11 | 4400 | 5000 |   85 |       0.45 |1586501285061 |     154 |   166.0 | 7,79 |mscpnrg2.txt |7,8e+03 |
|11 | 4500 | 5000 |   85 |       0.45 |1586501285061 |     154 |   166.0 | 7,79 |mscpnrg2.txt |8,0e+03 |
|11 | 4600 | 5000 |   85 |       0.45 |1586501285061 |     154 |   166.0 | 7,79 |mscpnrg2.txt |8,2e+03 |
|11 | 4700 | 5000 |   90 |       0.45 |1586501285061 |     154 |   166.0 | 7,79 |mscpnrg2.txt |8,5e+03 |
|11 | 4800 | 5000 |   90 |       0.45 |1586501285061 |     154 |   166.0 | 7,79 |mscpnrg2.txt |8,7e+03 |
|11 | 4900 | 5000 |   90 |       0.45 |1586501285061 |     154 |   166.0 | 7,79 |mscpnrg2.txt |9,0e+03 |
|11 | 5000 | 5000 |   90 |       0.45 |1586501285061 |     154 |   166.0 | 7,79 |mscpnrg2.txt |9,2e+03 |
|11 | 1000 | 5000 |   95 |       0.45 |1586501285061 |     154 |   166.0 | 7,79 |mscpnrg2.txt |9,2e+03 |
|12 |    1 | 5000 |   35 |       0.25 |1586510533210 |     154 |  9510.0 |6075,32 |mscpnrg2.txt |0,027 |
|12 |  100 | 5000 |   35 | 0.37142858 |1586510533210 |     154 |  8500.0 |5419,48 |mscpnrg2.txt |  1,8 |
|12 |  200 | 5000 |   35 | 0.31428573 |1586510533210 |     154 |  8116.0 |5170,13 |mscpnrg2.txt |  3,7 |
|12 |  300 | 5000 |   35 | 0.25714287 |1586510533210 |     154 |  7759.0 |4938,31 |mscpnrg2.txt |  5,5 |
|12 |  400 | 5000 |   35 |  0.2857143 |1586510533210 |     154 |  7492.0 |4764,94 |mscpnrg2.txt |  7,4 |
|12 |  500 | 5000 |   35 | 0.42857143 |1586510533210 |     154 |  7399.0 |4704,55 |mscpnrg2.txt |  9,3 |
|12 |  600 | 5000 |   40 |       0.45 |1586510533210 |     154 |   166.0 | 7,79 |mscpnrg2.txt |2,5e+02 |
|12 |  700 | 5000 |   40 |       0.45 |1586510533210 |     154 |   166.0 | 7,79 |mscpnrg2.txt |5,5e+02 |
|12 |  800 | 5000 |   40 |       0.45 |1586510533210 |     154 |   166.0 | 7,79 |mscpnrg2.txt |8,4e+02 |
|12 |  900 | 5000 |   40 |       0.45 |1586510533210 |     154 |   166.0 | 7,79 |mscpnrg2.txt |1,1e+03 |
|12 | 1000 | 5000 |   45 |       0.45 |1586510533210 |     154 |   166.0 | 7,79 |mscpnrg2.txt |1,4e+03 |
|12 | 1100 | 5000 |   45 | 0.35555556 |1586510533210 |     154 |   166.0 | 7,79 |mscpnrg2.txt |1,6e+03 |
|12 | 1200 | 5000 |   45 | 0.35555556 |1586510533210 |     154 |   166.0 | 7,79 |mscpnrg2.txt |1,8e+03 |
|12 | 1300 | 5000 |   45 | 0.35555556 |1586510533210 |     154 |   166.0 | 7,79 |mscpnrg2.txt |1,9e+03 |
|12 | 1400 | 5000 |   50 |        0.4 |1586510533210 |     154 |   166.0 | 7,79 |mscpnrg2.txt |2,2e+03 |
|12 | 1500 | 5000 |   50 |       0.45 |1586510533210 |     154 |   166.0 | 7,79 |mscpnrg2.txt |2,3e+03 |
|12 | 1600 | 5000 |   50 |       0.45 |1586510533210 |     154 |   166.0 | 7,79 |mscpnrg2.txt |2,4e+03 |
|12 | 1700 | 5000 |   50 |       0.45 |1586510533210 |     154 |   166.0 | 7,79 |mscpnrg2.txt |2,6e+03 |
|12 | 1800 | 5000 |   55 |       0.45 |1586510533210 |     154 |   166.0 | 7,79 |mscpnrg2.txt |2,8e+03 |
|12 | 1900 | 5000 |   55 |       0.45 |1586510533210 |     154 |   166.0 | 7,79 |mscpnrg2.txt |3,0e+03 |
|12 | 2000 | 5000 |   55 |       0.45 |1586510533210 |     154 |   166.0 | 7,79 |mscpnrg2.txt |3,2e+03 |
|12 | 2100 | 5000 |   55 |       0.45 |1586510533210 |     154 |   166.0 | 7,79 |mscpnrg2.txt |3,4e+03 |
|12 | 2200 | 5000 |   60 |       0.45 |1586510533210 |     154 |   166.0 | 7,79 |mscpnrg2.txt |3,6e+03 |
|12 | 2300 | 5000 |   60 |       0.45 |1586510533210 |     154 |   166.0 | 7,79 |mscpnrg2.txt |3,9e+03 |
|12 | 2400 | 5000 |   60 |       0.45 |1586510533210 |     154 |   166.0 | 7,79 |mscpnrg2.txt |4,2e+03 |
|12 | 2500 | 5000 |   60 |       0.45 |1586510533210 |     154 |   166.0 | 7,79 |mscpnrg2.txt |4,3e+03 |
|12 | 2600 | 5000 |   65 |       0.45 |1586510533210 |     154 |   166.0 | 7,79 |mscpnrg2.txt |4,5e+03 |
|12 | 2700 | 5000 |   65 |       0.45 |1586510533210 |     154 |   166.0 | 7,79 |mscpnrg2.txt |4,7e+03 |
|12 | 2800 | 5000 |   65 |       0.45 |1586510533210 |     154 |   166.0 | 7,79 |mscpnrg2.txt |4,9e+03 |
|12 | 2900 | 5000 |   65 |       0.45 |1586510533210 |     154 |   166.0 | 7,79 |mscpnrg2.txt |5,1e+03 |
|12 | 3000 | 5000 |   70 |       0.45 |1586510533210 |     154 |   166.0 | 7,79 |mscpnrg2.txt |5,4e+03 |
|12 | 3100 | 5000 |   70 |       0.45 |1586510533210 |     154 |   166.0 | 7,79 |mscpnrg2.txt |5,5e+03 |
|12 | 3200 | 5000 |   70 |       0.45 |1586510533210 |     154 |   166.0 | 7,79 |mscpnrg2.txt |5,7e+03 |
|12 | 3300 | 5000 |   70 |       0.45 |1586510533210 |     154 |   166.0 | 7,79 |mscpnrg2.txt |5,8e+03 |
|12 | 3400 | 5000 |   75 |       0.45 |1586510533210 |     154 |   166.0 | 7,79 |mscpnrg2.txt |6,0e+03 |
|12 | 3500 | 5000 |   75 |       0.45 |1586510533210 |     154 |   166.0 | 7,79 |mscpnrg2.txt |6,2e+03 |
|12 | 3600 | 5000 |   75 |       0.45 |1586510533210 |     154 |   166.0 | 7,79 |mscpnrg2.txt |6,4e+03 |
|12 | 3700 | 5000 |   75 |       0.45 |1586510533210 |     154 |   166.0 | 7,79 |mscpnrg2.txt |6,6e+03 |
|12 | 3800 | 5000 |   80 |       0.45 |1586510533210 |     154 |   166.0 | 7,79 |mscpnrg2.txt |6,9e+03 |
|12 | 3900 | 5000 |   80 |       0.45 |1586510533210 |     154 |   166.0 | 7,79 |mscpnrg2.txt |7,0e+03 |
|12 | 4000 | 5000 |   80 |       0.45 |1586510533210 |     154 |   166.0 | 7,79 |mscpnrg2.txt |7,2e+03 |
|12 | 4100 | 5000 |   80 |       0.45 |1586510533210 |     154 |   166.0 | 7,79 |mscpnrg2.txt |7,3e+03 |
|12 | 4200 | 5000 |   85 |       0.45 |1586510533210 |     154 |   166.0 | 7,79 |mscpnrg2.txt |7,5e+03 |
|12 | 4300 | 5000 |   85 |       0.45 |1586510533210 |     154 |   166.0 | 7,79 |mscpnrg2.txt |7,6e+03 |
|12 | 4400 | 5000 |   85 |       0.45 |1586510533210 |     154 |   166.0 | 7,79 |mscpnrg2.txt |7,7e+03 |
|12 | 4500 | 5000 |   85 | 0.30588236 |1586510533210 |     154 |   166.0 | 7,79 |mscpnrg2.txt |7,7e+03 |
|12 | 4600 | 5000 |   90 |       0.45 |1586510533210 |     154 |   166.0 | 7,79 |mscpnrg2.txt |7,8e+03 |
|12 | 4700 | 5000 |   90 |       0.45 |1586510533210 |     154 |   166.0 | 7,79 |mscpnrg2.txt |7,8e+03 |
|12 | 4800 | 5000 |   90 | 0.33333334 |1586510533210 |     154 |   166.0 | 7,79 |mscpnrg2.txt |7,8e+03 |
|12 | 4900 | 5000 |   90 | 0.35555556 |1586510533210 |     154 |   166.0 | 7,79 |mscpnrg2.txt |7,9e+03 |
|12 | 5000 | 5000 |   95 |       0.45 |1586510533210 |     154 |   166.0 | 7,79 |mscpnrg2.txt |7,9e+03 |
|12 | 1000 | 5000 |   95 |       0.45 |1586510533210 |     154 |   166.0 | 7,79 |mscpnrg2.txt |7,9e+03 |
|13 |    1 | 5000 |   35 |       0.25 |1586518462625 |     154 |  9622.0 |6148,05 |mscpnrg2.txt |0,021 |
|13 |  100 | 5000 |   35 |        0.4 |1586518462625 |     154 |  8817.0 |5625,32 |mscpnrg2.txt |  1,8 |
|13 |  200 | 5000 |   35 |  0.2857143 |1586518462625 |     154 |  8448.0 |5385,71 |mscpnrg2.txt |  3,6 |
|13 |  300 | 5000 |   35 | 0.34285715 |1586518462625 |     154 |  8280.0 |5276,62 |mscpnrg2.txt |  5,6 |
|13 |  400 | 5000 |   40 |       0.45 |1586518462625 |     154 |   167.0 | 8,44 |mscpnrg2.txt |2,3e+02 |
|13 |  500 | 5000 |   40 |       0.45 |1586518462625 |     154 |   167.0 | 8,44 |mscpnrg2.txt |5,7e+02 |
|13 |  600 | 5000 |   40 |      0.425 |1586518462625 |     154 |   167.0 | 8,44 |mscpnrg2.txt |8,1e+02 |
|13 |  700 | 5000 |   40 |       0.45 |1586518462625 |     154 |   167.0 | 8,44 |mscpnrg2.txt |9,2e+02 |
|13 |  800 | 5000 |   45 |       0.45 |1586518462625 |     154 |   167.0 | 8,44 |mscpnrg2.txt |1,1e+03 |
|13 |  900 | 5000 |   45 |       0.45 |1586518462625 |     154 |   167.0 | 8,44 |mscpnrg2.txt |1,3e+03 |
|13 | 1000 | 5000 |   45 |       0.45 |1586518462625 |     154 |   167.0 | 8,44 |mscpnrg2.txt |1,5e+03 |
|13 | 1100 | 5000 |   45 |       0.45 |1586518462625 |     154 |   167.0 | 8,44 |mscpnrg2.txt |1,7e+03 |
|13 | 1200 | 5000 |   50 |       0.45 |1586518462625 |     154 |   167.0 | 8,44 |mscpnrg2.txt |1,9e+03 |
|13 | 1300 | 5000 |   50 |       0.45 |1586518462625 |     154 |   167.0 | 8,44 |mscpnrg2.txt |2,1e+03 |
|13 | 1400 | 5000 |   50 |       0.45 |1586518462625 |     154 |   167.0 | 8,44 |mscpnrg2.txt |2,2e+03 |
|13 | 1500 | 5000 |   50 |       0.45 |1586518462625 |     154 |   167.0 | 8,44 |mscpnrg2.txt |2,4e+03 |
|13 | 1600 | 5000 |   55 |       0.45 |1586518462625 |     154 |   167.0 | 8,44 |mscpnrg2.txt |2,6e+03 |
|13 | 1700 | 5000 |   55 |       0.45 |1586518462625 |     154 |   167.0 | 8,44 |mscpnrg2.txt |2,8e+03 |
|13 | 1800 | 5000 |   55 |       0.45 |1586518462625 |     154 |   167.0 | 8,44 |mscpnrg2.txt |3,1e+03 |
|13 | 1900 | 5000 |   55 |       0.45 |1586518462625 |     154 |   167.0 | 8,44 |mscpnrg2.txt |3,3e+03 |
|13 | 2000 | 5000 |   60 |       0.45 |1586518462625 |     154 |   165.0 | 7,14 |mscpnrg2.txt |3,6e+03 |
|13 | 2100 | 5000 |   60 |       0.45 |1586518462625 |     154 |   165.0 | 7,14 |mscpnrg2.txt |3,9e+03 |
|13 | 2200 | 5000 |   60 |       0.45 |1586518462625 |     154 |   165.0 | 7,14 |mscpnrg2.txt |4,2e+03 |
|13 | 2300 | 5000 |   60 |       0.45 |1586518462625 |     154 |   165.0 | 7,14 |mscpnrg2.txt |4,4e+03 |
|13 | 2400 | 5000 |   65 |       0.45 |1586518462625 |     154 |   165.0 | 7,14 |mscpnrg2.txt |4,6e+03 |
|13 | 2500 | 5000 |   65 |       0.45 |1586518462625 |     154 |   165.0 | 7,14 |mscpnrg2.txt |4,9e+03 |
|13 | 2600 | 5000 |   65 |       0.45 |1586518462625 |     154 |   165.0 | 7,14 |mscpnrg2.txt |5,1e+03 |
|13 | 2700 | 5000 |   65 |       0.45 |1586518462625 |     154 |   165.0 | 7,14 |mscpnrg2.txt |5,4e+03 |
|13 | 2800 | 5000 |   70 |       0.45 |1586518462625 |     154 |   165.0 | 7,14 |mscpnrg2.txt |5,7e+03 |
|13 | 2900 | 5000 |   70 |       0.45 |1586518462625 |     154 |   165.0 | 7,14 |mscpnrg2.txt |5,9e+03 |
|13 | 3000 | 5000 |   70 |       0.45 |1586518462625 |     154 |   165.0 | 7,14 |mscpnrg2.txt |6,0e+03 |
|13 | 3100 | 5000 |   70 |       0.45 |1586518462625 |     154 |   165.0 | 7,14 |mscpnrg2.txt |6,2e+03 |
|13 | 3200 | 5000 |   75 |       0.45 |1586518462625 |     154 |   165.0 | 7,14 |mscpnrg2.txt |6,5e+03 |
|13 | 3300 | 5000 |   75 |       0.45 |1586518462625 |     154 |   165.0 | 7,14 |mscpnrg2.txt |6,6e+03 |
|13 | 3400 | 5000 |   75 |       0.45 |1586518462625 |     154 |   165.0 | 7,14 |mscpnrg2.txt |6,7e+03 |
|13 | 3500 | 5000 |   75 |       0.45 |1586518462625 |     154 |   165.0 | 7,14 |mscpnrg2.txt |6,8e+03 |
|13 | 3600 | 5000 |   80 |       0.45 |1586518462625 |     154 |   165.0 | 7,14 |mscpnrg2.txt |7,0e+03 |
|13 | 3700 | 5000 |   80 |       0.45 |1586518462625 |     154 |   165.0 | 7,14 |mscpnrg2.txt |7,2e+03 |
|13 | 3800 | 5000 |   80 |       0.45 |1586518462625 |     154 |   165.0 | 7,14 |mscpnrg2.txt |7,4e+03 |
|13 | 3900 | 5000 |   80 |       0.45 |1586518462625 |     154 |   165.0 | 7,14 |mscpnrg2.txt |7,6e+03 |
|13 | 4000 | 5000 |   85 |       0.45 |1586518462625 |     154 |   165.0 | 7,14 |mscpnrg2.txt |7,9e+03 |
|13 | 4100 | 5000 |   85 |       0.45 |1586518462625 |     154 |   165.0 | 7,14 |mscpnrg2.txt |8,1e+03 |
|13 | 4200 | 5000 |   85 |       0.45 |1586518462625 |     154 |   165.0 | 7,14 |mscpnrg2.txt |8,4e+03 |
|13 | 4300 | 5000 |   85 |       0.45 |1586518462625 |     154 |   165.0 | 7,14 |mscpnrg2.txt |8,6e+03 |
|13 | 4400 | 5000 |   90 |       0.45 |1586518462625 |     154 |   165.0 | 7,14 |mscpnrg2.txt |8,9e+03 |
|13 | 4500 | 5000 |   90 |       0.45 |1586518462625 |     154 |   165.0 | 7,14 |mscpnrg2.txt |9,1e+03 |
|13 | 4600 | 5000 |   90 |       0.45 |1586518462625 |     154 |   165.0 | 7,14 |mscpnrg2.txt |9,3e+03 |
|13 | 4700 | 5000 |   90 |       0.45 |1586518462625 |     154 |   165.0 | 7,14 |mscpnrg2.txt |9,5e+03 |
|13 | 4800 | 5000 |   95 |       0.45 |1586518462625 |     154 |   165.0 | 7,14 |mscpnrg2.txt |9,7e+03 |
|13 | 4900 | 5000 |   95 |       0.45 |1586518462625 |     154 |   165.0 | 7,14 |mscpnrg2.txt |1,0e+04 |
|13 | 5000 | 5000 |   95 |       0.45 |1586518462625 |     154 |   165.0 | 7,14 |mscpnrg2.txt |1,0e+04 |
|13 | 1000 | 5000 |   95 |       0.45 |1586518462625 |     154 |   165.0 | 7,14 |mscpnrg2.txt |1,0e+04 |
|14 |    1 | 5000 |   35 |       0.25 |1586528649176 |     154 |  9371.0 |5985,06 |mscpnrg2.txt |0,022 |
|14 |  100 | 5000 |   35 |       0.45 |1586528649176 |     154 |  8422.0 |5368,83 |mscpnrg2.txt |  1,7 |
|14 |  200 | 5000 |   40 |       0.45 |1586528649176 |     154 |   167.0 | 8,44 |mscpnrg2.txt |1,5e+02 |
|14 |  300 | 5000 |   40 |       0.45 |1586528649176 |     154 |   167.0 | 8,44 |mscpnrg2.txt |4,0e+02 |
|14 |  400 | 5000 |   40 |       0.45 |1586528649176 |     154 |   167.0 | 8,44 |mscpnrg2.txt |6,6e+02 |
|14 |  500 | 5000 |   40 |       0.35 |1586528649176 |     154 |   167.0 | 8,44 |mscpnrg2.txt |8,5e+02 |
|14 |  600 | 5000 |   45 |       0.45 |1586528649176 |     154 |   167.0 | 8,44 |mscpnrg2.txt |1,1e+03 |
|14 |  700 | 5000 |   45 | 0.31111112 |1586528649176 |     154 |   167.0 | 8,44 |mscpnrg2.txt |1,3e+03 |
|14 |  800 | 5000 |   45 | 0.31111112 |1586528649176 |     154 |   167.0 | 8,44 |mscpnrg2.txt |1,5e+03 |
|14 |  900 | 5000 |   45 | 0.37777779 |1586528649176 |     154 |   167.0 | 8,44 |mscpnrg2.txt |1,6e+03 |
|14 | 1000 | 5000 |   50 |       0.45 |1586528649176 |     154 |   167.0 | 8,44 |mscpnrg2.txt |1,9e+03 |
|14 | 1100 | 5000 |   50 |       0.38 |1586528649176 |     154 |   167.0 | 8,44 |mscpnrg2.txt |2,1e+03 |
|14 | 1200 | 5000 |   50 |       0.38 |1586528649176 |     154 |   165.0 | 7,14 |mscpnrg2.txt |2,2e+03 |
|14 | 1300 | 5000 |   50 |       0.38 |1586528649176 |     154 |   165.0 | 7,14 |mscpnrg2.txt |2,4e+03 |
|14 | 1400 | 5000 |   55 |       0.45 |1586528649176 |     154 |   165.0 | 7,14 |mscpnrg2.txt |2,6e+03 |
|14 | 1500 | 5000 |   55 |       0.45 |1586528649176 |     154 |   165.0 | 7,14 |mscpnrg2.txt |2,8e+03 |
|14 | 1600 | 5000 |   55 |       0.45 |1586528649176 |     154 |   164.0 | 6,49 |mscpnrg2.txt |2,9e+03 |
|14 | 1700 | 5000 |   55 |       0.45 |1586528649176 |     154 |   164.0 | 6,49 |mscpnrg2.txt |3,0e+03 |
|14 | 1800 | 5000 |   60 |       0.45 |1586528649176 |     154 |   164.0 | 6,49 |mscpnrg2.txt |3,2e+03 |
|14 | 1900 | 5000 |   60 |       0.45 |1586528649176 |     154 |   164.0 | 6,49 |mscpnrg2.txt |3,4e+03 |
|14 | 2000 | 5000 |   60 |       0.45 |1586528649176 |     154 |   164.0 | 6,49 |mscpnrg2.txt |3,7e+03 |
|14 | 2100 | 5000 |   60 |       0.45 |1586528649176 |     154 |   164.0 | 6,49 |mscpnrg2.txt |3,9e+03 |
|14 | 2200 | 5000 |   65 |       0.45 |1586528649176 |     154 |   164.0 | 6,49 |mscpnrg2.txt |4,1e+03 |
|14 | 2300 | 5000 |   65 |       0.45 |1586528649176 |     154 |   163.0 | 5,84 |mscpnrg2.txt |4,3e+03 |
|14 | 2400 | 5000 |   65 |       0.45 |1586528649176 |     154 |   163.0 | 5,84 |mscpnrg2.txt |4,4e+03 |
|14 | 2500 | 5000 |   65 |       0.45 |1586528649176 |     154 |   163.0 | 5,84 |mscpnrg2.txt |4,6e+03 |
|14 | 2600 | 5000 |   70 |       0.45 |1586528649176 |     154 |   163.0 | 5,84 |mscpnrg2.txt |4,8e+03 |
|14 | 2700 | 5000 |   70 |       0.45 |1586528649176 |     154 |   163.0 | 5,84 |mscpnrg2.txt |5,0e+03 |
|14 | 2800 | 5000 |   70 |       0.45 |1586528649176 |     154 |   163.0 | 5,84 |mscpnrg2.txt |5,2e+03 |
|14 | 2900 | 5000 |   70 |       0.45 |1586528649176 |     154 |   162.0 | 5,19 |mscpnrg2.txt |5,4e+03 |
|14 | 3000 | 5000 |   75 |       0.45 |1586528649176 |     154 |   162.0 | 5,19 |mscpnrg2.txt |5,7e+03 |
|14 | 3100 | 5000 |   75 |       0.45 |1586528649176 |     154 |   162.0 | 5,19 |mscpnrg2.txt |6,0e+03 |
|14 | 3200 | 5000 |   75 |       0.45 |1586528649176 |     154 |   162.0 | 5,19 |mscpnrg2.txt |6,2e+03 |
|14 | 3300 | 5000 |   75 |       0.45 |1586528649176 |     154 |   162.0 | 5,19 |mscpnrg2.txt |6,5e+03 |
|14 | 3400 | 5000 |   80 |       0.45 |1586528649176 |     154 |   162.0 | 5,19 |mscpnrg2.txt |6,9e+03 |
|14 | 3500 | 5000 |   80 |       0.45 |1586528649176 |     154 |   162.0 | 5,19 |mscpnrg2.txt |7,1e+03 |
|14 | 3600 | 5000 |   80 |       0.45 |1586528649176 |     154 |   162.0 | 5,19 |mscpnrg2.txt |7,2e+03 |
|14 | 3700 | 5000 |   80 |       0.45 |1586528649176 |     154 |   162.0 | 5,19 |mscpnrg2.txt |7,4e+03 |
|14 | 3800 | 5000 |   85 |       0.45 |1586528649176 |     154 |   162.0 | 5,19 |mscpnrg2.txt |7,7e+03 |
|14 | 3900 | 5000 |   85 |       0.45 |1586528649176 |     154 |   162.0 | 5,19 |mscpnrg2.txt |7,9e+03 |
|14 | 4000 | 5000 |   85 |       0.45 |1586528649176 |     154 |   162.0 | 5,19 |mscpnrg2.txt |8,2e+03 |
|14 | 4100 | 5000 |   85 |       0.45 |1586528649176 |     154 |   161.0 | 4,55 |mscpnrg2.txt |8,5e+03 |
|14 | 4200 | 5000 |   90 |       0.45 |1586528649176 |     154 |   161.0 | 4,55 |mscpnrg2.txt |8,8e+03 |
|14 | 4300 | 5000 |   90 |       0.45 |1586528649176 |     154 |   161.0 | 4,55 |mscpnrg2.txt |9,1e+03 |
|14 | 4400 | 5000 |   90 |       0.45 |1586528649176 |     154 |   161.0 | 4,55 |mscpnrg2.txt |9,5e+03 |
|14 | 4500 | 5000 |   90 |       0.45 |1586528649176 |     154 |   161.0 | 4,55 |mscpnrg2.txt |9,8e+03 |
|14 | 4600 | 5000 |   95 |       0.45 |1586528649176 |     154 |   161.0 | 4,55 |mscpnrg2.txt |1,0e+04 |
|14 | 4700 | 5000 |   95 |       0.45 |1586528649176 |     154 |   161.0 | 4,55 |mscpnrg2.txt |1,0e+04 |
|14 | 4800 | 5000 |   95 |       0.45 |1586528649176 |     154 |   160.0 | 3,90 |mscpnrg2.txt |1,1e+04 |
|14 | 4900 | 5000 |   95 |       0.45 |1586528649176 |     154 |   160.0 | 3,90 |mscpnrg2.txt |1,1e+04 |
|14 | 5000 | 5000 |  100 |       0.45 |1586528649176 |     154 |   160.0 | 3,90 |mscpnrg2.txt |1,1e+04 |
|14 | 1000 | 5000 |  100 |       0.45 |1586528649176 |     154 |   160.0 | 3,90 |mscpnrg2.txt |1,1e+04 |
|15 |    1 | 5000 |   35 |       0.25 |1586539833637 |     154 |  9376.0 |5988,31 |mscpnrg2.txt |0,027 |
|15 |  100 | 5000 |   35 |        0.4 |1586539833637 |     154 |   286.0 |85,71 |mscpnrg2.txt |  5,9 |
|15 |  200 | 5000 |   35 | 0.42857143 |1586539833637 |     154 |   286.0 |85,71 |mscpnrg2.txt |   13 |
|15 |  300 | 5000 |   35 | 0.37142858 |1586539833637 |     154 |   286.0 |85,71 |mscpnrg2.txt |   19 |
|15 |  400 | 5000 |   40 |       0.45 |1586539833637 |     154 |   167.0 | 8,44 |mscpnrg2.txt |2,2e+02 |
|15 |  500 | 5000 |   40 |       0.45 |1586539833637 |     154 |   167.0 | 8,44 |mscpnrg2.txt |4,6e+02 |
|15 |  600 | 5000 |   40 |       0.45 |1586539833637 |     154 |   167.0 | 8,44 |mscpnrg2.txt |7,2e+02 |
|15 |  700 | 5000 |   40 |      0.225 |1586539833637 |     154 |   167.0 | 8,44 |mscpnrg2.txt |9,0e+02 |
|15 |  800 | 5000 |   45 |       0.45 |1586539833637 |     154 |   167.0 | 8,44 |mscpnrg2.txt |1,1e+03 |
|15 |  900 | 5000 |   45 | 0.33333334 |1586539833637 |     154 |   167.0 | 8,44 |mscpnrg2.txt |1,3e+03 |
|15 | 1000 | 5000 |   45 | 0.33333334 |1586539833637 |     154 |   167.0 | 8,44 |mscpnrg2.txt |1,5e+03 |
|15 | 1100 | 5000 |   45 | 0.35555556 |1586539833637 |     154 |   167.0 | 8,44 |mscpnrg2.txt |1,6e+03 |
|15 | 1200 | 5000 |   50 |       0.45 |1586539833637 |     154 |   167.0 | 8,44 |mscpnrg2.txt |1,9e+03 |
|15 | 1300 | 5000 |   50 |       0.45 |1586539833637 |     154 |   167.0 | 8,44 |mscpnrg2.txt |2,0e+03 |
|15 | 1400 | 5000 |   50 |       0.45 |1586539833637 |     154 |   167.0 | 8,44 |mscpnrg2.txt |2,2e+03 |
|15 | 1500 | 5000 |   50 |       0.45 |1586539833637 |     154 |   167.0 | 8,44 |mscpnrg2.txt |2,3e+03 |
|15 | 1600 | 5000 |   55 |       0.45 |1586539833637 |     154 |   167.0 | 8,44 |mscpnrg2.txt |2,5e+03 |
|15 | 1700 | 5000 |   55 |       0.45 |1586539833637 |     154 |   167.0 | 8,44 |mscpnrg2.txt |2,7e+03 |
|15 | 1800 | 5000 |   55 |       0.45 |1586539833637 |     154 |   167.0 | 8,44 |mscpnrg2.txt |2,9e+03 |
|15 | 1900 | 5000 |   55 |       0.45 |1586539833637 |     154 |   167.0 | 8,44 |mscpnrg2.txt |3,1e+03 |
|15 | 2000 | 5000 |   60 |       0.45 |1586539833637 |     154 |   167.0 | 8,44 |mscpnrg2.txt |3,4e+03 |
|15 | 2100 | 5000 |   60 |       0.45 |1586539833637 |     154 |   167.0 | 8,44 |mscpnrg2.txt |3,7e+03 |
|15 | 2200 | 5000 |   60 |       0.45 |1586539833637 |     154 |   167.0 | 8,44 |mscpnrg2.txt |4,0e+03 |
|15 | 2300 | 5000 |   60 |       0.45 |1586539833637 |     154 |   167.0 | 8,44 |mscpnrg2.txt |4,3e+03 |
|15 | 2400 | 5000 |   65 |       0.45 |1586539833637 |     154 |   167.0 | 8,44 |mscpnrg2.txt |4,6e+03 |
|15 | 2500 | 5000 |   65 |       0.45 |1586539833637 |     154 |   167.0 | 8,44 |mscpnrg2.txt |4,8e+03 |
|15 | 2600 | 5000 |   65 |       0.45 |1586539833637 |     154 |   167.0 | 8,44 |mscpnrg2.txt |5,1e+03 |
|15 | 2700 | 5000 |   65 |       0.45 |1586539833637 |     154 |   167.0 | 8,44 |mscpnrg2.txt |5,3e+03 |
|15 | 2800 | 5000 |   70 |       0.45 |1586539833637 |     154 |   167.0 | 8,44 |mscpnrg2.txt |5,7e+03 |
|15 | 2900 | 5000 |   70 |       0.45 |1586539833637 |     154 |   167.0 | 8,44 |mscpnrg2.txt |6,0e+03 |
|15 | 3000 | 5000 |   70 |       0.45 |1586539833637 |     154 |   167.0 | 8,44 |mscpnrg2.txt |6,3e+03 |
|15 | 3100 | 5000 |   70 |       0.45 |1586539833637 |     154 |   167.0 | 8,44 |mscpnrg2.txt |6,6e+03 |
|15 | 3200 | 5000 |   75 |       0.45 |1586539833637 |     154 |   167.0 | 8,44 |mscpnrg2.txt |7,0e+03 |
|15 | 3300 | 5000 |   75 |       0.45 |1586539833637 |     154 |   167.0 | 8,44 |mscpnrg2.txt |7,2e+03 |
|15 | 3400 | 5000 |   75 |       0.45 |1586539833637 |     154 |   167.0 | 8,44 |mscpnrg2.txt |7,4e+03 |
|15 | 3500 | 5000 |   75 |       0.45 |1586539833637 |     154 |   167.0 | 8,44 |mscpnrg2.txt |7,6e+03 |
|15 | 3600 | 5000 |   80 |       0.45 |1586539833637 |     154 |   167.0 | 8,44 |mscpnrg2.txt |7,9e+03 |
|15 | 3700 | 5000 |   80 |       0.45 |1586539833637 |     154 |   167.0 | 8,44 |mscpnrg2.txt |8,2e+03 |
|15 | 3800 | 5000 |   80 |       0.45 |1586539833637 |     154 |   167.0 | 8,44 |mscpnrg2.txt |8,5e+03 |
|15 | 3900 | 5000 |   80 |       0.45 |1586539833637 |     154 |   167.0 | 8,44 |mscpnrg2.txt |8,8e+03 |
|15 | 4000 | 5000 |   85 |       0.45 |1586539833637 |     154 |   167.0 | 8,44 |mscpnrg2.txt |9,1e+03 |
|15 | 4100 | 5000 |   85 |       0.45 |1586539833637 |     154 |   167.0 | 8,44 |mscpnrg2.txt |9,5e+03 |
|15 | 4200 | 5000 |   85 |       0.45 |1586539833637 |     154 |   167.0 | 8,44 |mscpnrg2.txt |9,9e+03 |
|15 | 4300 | 5000 |   85 |       0.45 |1586539833637 |     154 |   167.0 | 8,44 |mscpnrg2.txt |1,0e+04 |
|15 | 4400 | 5000 |   90 |       0.45 |1586539833637 |     154 |   167.0 | 8,44 |mscpnrg2.txt |1,1e+04 |
|15 | 4500 | 5000 |   90 |       0.45 |1586539833637 |     154 |   167.0 | 8,44 |mscpnrg2.txt |1,1e+04 |
|15 | 4600 | 5000 |   90 |       0.45 |1586539833637 |     154 |   167.0 | 8,44 |mscpnrg2.txt |1,1e+04 |
|15 | 4700 | 5000 |   90 |       0.45 |1586539833637 |     154 |   167.0 | 8,44 |mscpnrg2.txt |1,1e+04 |
|15 | 4800 | 5000 |   95 |       0.45 |1586539833637 |     154 |   167.0 | 8,44 |mscpnrg2.txt |1,2e+04 |
|15 | 4900 | 5000 |   95 |       0.45 |1586539833637 |     154 |   167.0 | 8,44 |mscpnrg2.txt |1,2e+04 |
|15 | 5000 | 5000 |   95 |       0.45 |1586539833637 |     154 |   167.0 | 8,44 |mscpnrg2.txt |1,2e+04 |
|15 | 1000 | 5000 |   95 |       0.45 |1586539833637 |     154 |   167.0 | 8,44 |mscpnrg2.txt |1,2e+04 |
