| # |    #ITER | #IterMAX | Nest |      %Desc |      semilla | BestFit |GottedFit |  RDP |  instancia | time |
-------------------------------------------------------------------------------------------------
| 1 |    1 | 5000 |   35 |       0.25 |1585365203283 |      66 |  2807.0 |4153,03 | mscpd2.txt |0,0090 |
| 1 |  100 | 5000 |   35 | 0.34285715 |1585365203283 |      66 |  2385.0 |3513,64 | mscpd2.txt | 0,92 |
| 1 |  200 | 5000 |   35 | 0.42857143 |1585365203283 |      66 |  2242.0 |3296,97 | mscpd2.txt |  2,4 |
| 1 |  300 | 5000 |   40 |       0.45 |1585365203283 |      66 |    70.0 | 6,06 | mscpd2.txt |   58 |
| 1 |  400 | 5000 |   40 |       0.45 |1585365203283 |      66 |    70.0 | 6,06 | mscpd2.txt |1,3e+02 |
| 1 |  500 | 5000 |   40 |       0.45 |1585365203283 |      66 |    70.0 | 6,06 | mscpd2.txt |2,0e+02 |
| 1 |  600 | 5000 |   40 |       0.45 |1585365203283 |      66 |    70.0 | 6,06 | mscpd2.txt |2,6e+02 |
| 1 |  700 | 5000 |   45 |       0.45 |1585365203283 |      66 |    70.0 | 6,06 | mscpd2.txt |3,3e+02 |
| 1 |  800 | 5000 |   45 | 0.37777779 |1585365203283 |      66 |    70.0 | 6,06 | mscpd2.txt |3,8e+02 |
| 1 |  900 | 5000 |   45 |        0.4 |1585365203283 |      66 |    70.0 | 6,06 | mscpd2.txt |4,3e+02 |
| 1 | 1000 | 5000 |   45 |        0.4 |1585365203283 |      66 |    70.0 | 6,06 | mscpd2.txt |4,8e+02 |
| 1 | 1100 | 5000 |   50 |       0.45 |1585365203283 |      66 |    70.0 | 6,06 | mscpd2.txt |5,5e+02 |
| 1 | 1200 | 5000 |   50 |       0.44 |1585365203283 |      66 |    70.0 | 6,06 | mscpd2.txt |5,9e+02 |
| 1 | 1300 | 5000 |   50 |       0.44 |1585365203283 |      66 |    70.0 | 6,06 | mscpd2.txt |6,4e+02 |
| 1 | 1400 | 5000 |   50 |       0.45 |1585365203283 |      66 |    70.0 | 6,06 | mscpd2.txt |6,8e+02 |
| 1 | 1500 | 5000 |   55 |       0.45 |1585365203283 |      66 |    70.0 | 6,06 | mscpd2.txt |7,5e+02 |
| 1 | 1600 | 5000 |   55 |       0.45 |1585365203283 |      66 |    70.0 | 6,06 | mscpd2.txt |7,8e+02 |
| 1 | 1700 | 5000 |   55 |       0.45 |1585365203283 |      66 |    70.0 | 6,06 | mscpd2.txt |8,2e+02 |
| 1 | 1800 | 5000 |   55 |       0.45 |1585365203283 |      66 |    70.0 | 6,06 | mscpd2.txt |8,6e+02 |
| 1 | 1900 | 5000 |   60 |       0.45 |1585365203283 |      66 |    70.0 | 6,06 | mscpd2.txt |9,1e+02 |
| 1 | 2000 | 5000 |   60 |       0.45 |1585365203283 |      66 |    70.0 | 6,06 | mscpd2.txt |9,4e+02 |
| 1 | 2100 | 5000 |   60 |       0.45 |1585365203283 |      66 |    70.0 | 6,06 | mscpd2.txt |9,7e+02 |
| 1 | 2200 | 5000 |   60 |       0.45 |1585365203283 |      66 |    70.0 | 6,06 | mscpd2.txt |1,0e+03 |
| 1 | 2300 | 5000 |   65 |       0.45 |1585365203283 |      66 |    70.0 | 6,06 | mscpd2.txt |1,0e+03 |
| 1 | 2400 | 5000 |   65 |       0.45 |1585365203283 |      66 |    70.0 | 6,06 | mscpd2.txt |1,1e+03 |
| 1 | 2500 | 5000 |   65 |       0.45 |1585365203283 |      66 |    70.0 | 6,06 | mscpd2.txt |1,1e+03 |
| 1 | 2600 | 5000 |   65 |       0.45 |1585365203283 |      66 |    70.0 | 6,06 | mscpd2.txt |1,2e+03 |
| 1 | 2700 | 5000 |   70 |       0.45 |1585365203283 |      66 |    70.0 | 6,06 | mscpd2.txt |1,2e+03 |
| 1 | 2800 | 5000 |   70 |       0.45 |1585365203283 |      66 |    70.0 | 6,06 | mscpd2.txt |1,2e+03 |
| 1 | 2900 | 5000 |   70 | 0.15714286 |1585365203283 |      66 |    70.0 | 6,06 | mscpd2.txt |1,3e+03 |
| 1 | 3000 | 5000 |   70 | 0.32857144 |1585365203283 |      66 |    70.0 | 6,06 | mscpd2.txt |1,3e+03 |
| 1 | 3100 | 5000 |   75 |       0.45 |1585365203283 |      66 |    70.0 | 6,06 | mscpd2.txt |1,3e+03 |
| 1 | 3200 | 5000 |   75 |       0.45 |1585365203283 |      66 |    70.0 | 6,06 | mscpd2.txt |1,3e+03 |
| 1 | 3300 | 5000 |   75 |       0.45 |1585365203283 |      66 |    70.0 | 6,06 | mscpd2.txt |1,3e+03 |
| 1 | 3400 | 5000 |   75 |       0.45 |1585365203283 |      66 |    70.0 | 6,06 | mscpd2.txt |1,3e+03 |
| 1 | 3500 | 5000 |   80 |       0.45 |1585365203283 |      66 |    70.0 | 6,06 | mscpd2.txt |1,3e+03 |
| 1 | 3600 | 5000 |   80 |       0.45 |1585365203283 |      66 |    70.0 | 6,06 | mscpd2.txt |1,3e+03 |
| 1 | 3700 | 5000 |   80 |       0.45 |1585365203283 |      66 |    70.0 | 6,06 | mscpd2.txt |1,4e+03 |
| 1 | 3800 | 5000 |   80 |       0.45 |1585365203283 |      66 |    70.0 | 6,06 | mscpd2.txt |1,4e+03 |
| 1 | 3900 | 5000 |   85 |       0.45 |1585365203283 |      66 |    70.0 | 6,06 | mscpd2.txt |1,4e+03 |
| 1 | 4000 | 5000 |   85 |       0.45 |1585365203283 |      66 |    70.0 | 6,06 | mscpd2.txt |1,4e+03 |
| 1 | 4100 | 5000 |   85 |       0.45 |1585365203283 |      66 |    70.0 | 6,06 | mscpd2.txt |1,4e+03 |
| 1 | 4200 | 5000 |   85 |       0.45 |1585365203283 |      66 |    70.0 | 6,06 | mscpd2.txt |1,4e+03 |
| 1 | 4300 | 5000 |   90 |       0.45 |1585365203283 |      66 |    70.0 | 6,06 | mscpd2.txt |1,4e+03 |
| 1 | 4400 | 5000 |   90 |       0.45 |1585365203283 |      66 |    70.0 | 6,06 | mscpd2.txt |1,5e+03 |
| 1 | 4500 | 5000 |   90 |       0.45 |1585365203283 |      66 |    70.0 | 6,06 | mscpd2.txt |1,5e+03 |
| 1 | 4600 | 5000 |   90 |       0.45 |1585365203283 |      66 |    70.0 | 6,06 | mscpd2.txt |1,5e+03 |
| 1 | 4700 | 5000 |   95 |       0.45 |1585365203283 |      66 |    70.0 | 6,06 | mscpd2.txt |1,5e+03 |
| 1 | 4800 | 5000 |   95 |       0.45 |1585365203283 |      66 |    70.0 | 6,06 | mscpd2.txt |1,5e+03 |
| 1 | 4900 | 5000 |   95 |       0.45 |1585365203283 |      66 |    70.0 | 6,06 | mscpd2.txt |1,5e+03 |
| 1 | 5000 | 5000 |   95 |       0.45 |1585365203283 |      66 |    70.0 | 6,06 | mscpd2.txt |1,5e+03 |
| 1 |  400 | 5000 |  100 |       0.45 |1585365203283 |      66 |    70.0 | 6,06 | mscpd2.txt |1,5e+03 |
| 2 |    1 | 5000 |   35 |       0.25 |1585366736799 |      66 |  2812.0 |4160,61 | mscpd2.txt |0,0090 |
| 2 |  100 | 5000 |   35 | 0.42857143 |1585366736799 |      66 |  2364.0 |3481,82 | mscpd2.txt |  1,7 |
| 2 |  200 | 5000 |   35 | 0.34285715 |1585366736799 |      66 |  2230.0 |3278,79 | mscpd2.txt |  2,6 |
| 2 |  300 | 5000 |   35 |        0.4 |1585366736799 |      66 |  2087.0 |3062,12 | mscpd2.txt |  3,5 |
| 2 |  400 | 5000 |   35 | 0.31428573 |1585366736799 |      66 |  1909.0 |2792,42 | mscpd2.txt |  4,7 |
| 2 |  500 | 5000 |   35 | 0.37142858 |1585366736799 |      66 |  1803.0 |2631,82 | mscpd2.txt |  6,6 |
| 2 |  600 | 5000 |   35 | 0.42857143 |1585366736799 |      66 |   133.0 |101,52 | mscpd2.txt |  8,3 |
| 2 |  700 | 5000 |   40 |       0.45 |1585366736799 |      66 |    70.0 | 6,06 | mscpd2.txt |   78 |
| 2 |  800 | 5000 |   40 |       0.45 |1585366736799 |      66 |    70.0 | 6,06 | mscpd2.txt |1,7e+02 |
| 2 |  900 | 5000 |   40 |       0.45 |1585366736799 |      66 |    70.0 | 6,06 | mscpd2.txt |2,2e+02 |
| 2 | 1000 | 5000 |   40 |       0.45 |1585366736799 |      66 |    70.0 | 6,06 | mscpd2.txt |2,8e+02 |
| 2 | 1100 | 5000 |   45 |       0.45 |1585366736799 |      66 |    70.0 | 6,06 | mscpd2.txt |3,3e+02 |
| 2 | 1200 | 5000 |   45 |       0.45 |1585366736799 |      66 |    70.0 | 6,06 | mscpd2.txt |3,8e+02 |
| 2 | 1300 | 5000 |   45 |       0.45 |1585366736799 |      66 |    70.0 | 6,06 | mscpd2.txt |4,3e+02 |
| 2 | 1400 | 5000 |   45 |       0.45 |1585366736799 |      66 |    70.0 | 6,06 | mscpd2.txt |4,8e+02 |
| 2 | 1500 | 5000 |   50 |       0.45 |1585366736799 |      66 |    70.0 | 6,06 | mscpd2.txt |5,4e+02 |
| 2 | 1600 | 5000 |   50 |       0.45 |1585366736799 |      66 |    70.0 | 6,06 | mscpd2.txt |5,8e+02 |
| 2 | 1700 | 5000 |   50 |       0.45 |1585366736799 |      66 |    70.0 | 6,06 | mscpd2.txt |6,2e+02 |
| 2 | 1800 | 5000 |   50 |       0.45 |1585366736799 |      66 |    70.0 | 6,06 | mscpd2.txt |6,6e+02 |
| 2 | 1900 | 5000 |   55 |       0.45 |1585366736799 |      66 |    70.0 | 6,06 | mscpd2.txt |7,1e+02 |
| 2 | 2000 | 5000 |   55 |       0.45 |1585366736799 |      66 |    70.0 | 6,06 | mscpd2.txt |7,6e+02 |
| 2 | 2100 | 5000 |   55 |       0.45 |1585366736799 |      66 |    70.0 | 6,06 | mscpd2.txt |8,2e+02 |
| 2 | 2200 | 5000 |   55 |       0.45 |1585366736799 |      66 |    70.0 | 6,06 | mscpd2.txt |8,7e+02 |
| 2 | 2300 | 5000 |   60 |       0.45 |1585366736799 |      66 |    70.0 | 6,06 | mscpd2.txt |9,4e+02 |
| 2 | 2400 | 5000 |   60 |       0.45 |1585366736799 |      66 |    70.0 | 6,06 | mscpd2.txt |9,7e+02 |
| 2 | 2500 | 5000 |   60 |       0.45 |1585366736799 |      66 |    70.0 | 6,06 | mscpd2.txt |1,0e+03 |
| 2 | 2600 | 5000 |   60 |       0.45 |1585366736799 |      66 |    70.0 | 6,06 | mscpd2.txt |1,0e+03 |
| 2 | 2700 | 5000 |   65 |       0.45 |1585366736799 |      66 |    70.0 | 6,06 | mscpd2.txt |1,1e+03 |
| 2 | 2800 | 5000 |   65 |       0.45 |1585366736799 |      66 |    70.0 | 6,06 | mscpd2.txt |1,1e+03 |
| 2 | 2900 | 5000 |   65 |       0.45 |1585366736799 |      66 |    70.0 | 6,06 | mscpd2.txt |1,2e+03 |
| 2 | 3000 | 5000 |   65 |       0.45 |1585366736799 |      66 |    70.0 | 6,06 | mscpd2.txt |1,2e+03 |
| 2 | 3100 | 5000 |   70 |       0.45 |1585366736799 |      66 |    70.0 | 6,06 | mscpd2.txt |1,3e+03 |
| 2 | 3200 | 5000 |   70 |       0.45 |1585366736799 |      66 |    70.0 | 6,06 | mscpd2.txt |1,4e+03 |
| 2 | 3300 | 5000 |   70 |       0.45 |1585366736799 |      66 |    70.0 | 6,06 | mscpd2.txt |1,4e+03 |
| 2 | 3400 | 5000 |   70 |       0.45 |1585366736799 |      66 |    70.0 | 6,06 | mscpd2.txt |1,5e+03 |
| 2 | 3500 | 5000 |   75 |       0.45 |1585366736799 |      66 |    70.0 | 6,06 | mscpd2.txt |1,6e+03 |
| 2 | 3600 | 5000 |   75 |       0.45 |1585366736799 |      66 |    70.0 | 6,06 | mscpd2.txt |1,6e+03 |
| 2 | 3700 | 5000 |   75 |       0.45 |1585366736799 |      66 |    70.0 | 6,06 | mscpd2.txt |1,7e+03 |
| 2 | 3800 | 5000 |   75 |       0.45 |1585366736799 |      66 |    70.0 | 6,06 | mscpd2.txt |1,7e+03 |
| 2 | 3900 | 5000 |   80 |       0.45 |1585366736799 |      66 |    70.0 | 6,06 | mscpd2.txt |1,8e+03 |
| 2 | 4000 | 5000 |   80 |       0.45 |1585366736799 |      66 |    70.0 | 6,06 | mscpd2.txt |1,8e+03 |
| 2 | 4100 | 5000 |   80 |       0.45 |1585366736799 |      66 |    70.0 | 6,06 | mscpd2.txt |1,9e+03 |
| 2 | 4200 | 5000 |   80 |       0.45 |1585366736799 |      66 |    70.0 | 6,06 | mscpd2.txt |1,9e+03 |
| 2 | 4300 | 5000 |   85 |       0.45 |1585366736799 |      66 |    70.0 | 6,06 | mscpd2.txt |2,0e+03 |
| 2 | 4400 | 5000 |   85 |       0.45 |1585366736799 |      66 |    70.0 | 6,06 | mscpd2.txt |2,0e+03 |
| 2 | 4500 | 5000 |   85 |       0.45 |1585366736799 |      66 |    70.0 | 6,06 | mscpd2.txt |2,1e+03 |
| 2 | 4600 | 5000 |   85 |       0.45 |1585366736799 |      66 |    70.0 | 6,06 | mscpd2.txt |2,2e+03 |
| 2 | 4700 | 5000 |   90 |       0.45 |1585366736799 |      66 |    70.0 | 6,06 | mscpd2.txt |2,3e+03 |
| 2 | 4800 | 5000 |   90 |       0.45 |1585366736799 |      66 |    70.0 | 6,06 | mscpd2.txt |2,3e+03 |
| 2 | 4900 | 5000 |   90 |       0.45 |1585366736799 |      66 |    70.0 | 6,06 | mscpd2.txt |2,4e+03 |
| 2 | 5000 | 5000 |   90 |       0.45 |1585366736799 |      66 |    70.0 | 6,06 | mscpd2.txt |2,4e+03 |
| 2 |  400 | 5000 |   95 |       0.45 |1585366736799 |      66 |    70.0 | 6,06 | mscpd2.txt |2,4e+03 |
| 3 |    1 | 5000 |   35 |       0.25 |1585369168503 |      66 |  2875.0 |4256,06 | mscpd2.txt |0,0080 |
| 3 |  100 | 5000 |   35 |       0.45 |1585369168503 |      66 |  2283.0 |3359,09 | mscpd2.txt | 0,89 |
| 3 |  200 | 5000 |   35 | 0.37142858 |1585369168503 |      66 |  2059.0 |3019,70 | mscpd2.txt |  2,0 |
| 3 |  300 | 5000 |   35 | 0.34285715 |1585369168503 |      66 |  1945.0 |2846,97 | mscpd2.txt |  3,1 |
| 3 |  400 | 5000 |   35 |        0.4 |1585369168503 |      66 |   139.0 |110,61 | mscpd2.txt |  5,2 |
| 3 |  500 | 5000 |   35 | 0.42857143 |1585369168503 |      66 |   126.0 |90,91 | mscpd2.txt |  9,7 |
| 3 |  600 | 5000 |   40 |       0.45 |1585369168503 |      66 |    71.0 | 7,58 | mscpd2.txt |   65 |
| 3 |  700 | 5000 |   40 |       0.45 |1585369168503 |      66 |    71.0 | 7,58 | mscpd2.txt |1,3e+02 |
| 3 |  800 | 5000 |   40 |       0.45 |1585369168503 |      66 |    70.0 | 6,06 | mscpd2.txt |1,9e+02 |
| 3 |  900 | 5000 |   40 |      0.275 |1585369168503 |      66 |    70.0 | 6,06 | mscpd2.txt |2,4e+02 |
| 3 | 1000 | 5000 |   45 |       0.45 |1585369168503 |      66 |    70.0 | 6,06 | mscpd2.txt |2,8e+02 |
| 3 | 1100 | 5000 |   45 |       0.45 |1585369168503 |      66 |    70.0 | 6,06 | mscpd2.txt |3,0e+02 |
| 3 | 1200 | 5000 |   45 | 0.13333334 |1585369168503 |      66 |    70.0 | 6,06 | mscpd2.txt |3,1e+02 |
| 3 | 1300 | 5000 |   45 | 0.13333334 |1585369168503 |      66 |    70.0 | 6,06 | mscpd2.txt |3,2e+02 |
| 3 | 1400 | 5000 |   50 |       0.45 |1585369168503 |      66 |    70.0 | 6,06 | mscpd2.txt |3,4e+02 |
| 3 | 1500 | 5000 |   50 |       0.45 |1585369168503 |      66 |    70.0 | 6,06 | mscpd2.txt |3,5e+02 |
| 3 | 1600 | 5000 |   50 |       0.45 |1585369168503 |      66 |    70.0 | 6,06 | mscpd2.txt |3,6e+02 |
| 3 | 1700 | 5000 |   50 |       0.45 |1585369168503 |      66 |    70.0 | 6,06 | mscpd2.txt |3,7e+02 |
| 3 | 1800 | 5000 |   55 |       0.45 |1585369168503 |      66 |    70.0 | 6,06 | mscpd2.txt |4,0e+02 |
| 3 | 1900 | 5000 |   55 |       0.45 |1585369168503 |      66 |    70.0 | 6,06 | mscpd2.txt |4,1e+02 |
| 3 | 2000 | 5000 |   55 |       0.45 |1585369168503 |      66 |    70.0 | 6,06 | mscpd2.txt |4,3e+02 |
| 3 | 2100 | 5000 |   55 |       0.45 |1585369168503 |      66 |    70.0 | 6,06 | mscpd2.txt |4,5e+02 |
| 3 | 2200 | 5000 |   60 |       0.45 |1585369168503 |      66 |    70.0 | 6,06 | mscpd2.txt |4,7e+02 |
| 3 | 2300 | 5000 |   60 |       0.45 |1585369168503 |      66 |    70.0 | 6,06 | mscpd2.txt |4,9e+02 |
| 3 | 2400 | 5000 |   60 |       0.45 |1585369168503 |      66 |    70.0 | 6,06 | mscpd2.txt |5,0e+02 |
| 3 | 2500 | 5000 |   60 |       0.45 |1585369168503 |      66 |    70.0 | 6,06 | mscpd2.txt |5,2e+02 |
| 3 | 2600 | 5000 |   65 |       0.45 |1585369168503 |      66 |    70.0 | 6,06 | mscpd2.txt |5,5e+02 |
| 3 | 2700 | 5000 |   65 |       0.45 |1585369168503 |      66 |    70.0 | 6,06 | mscpd2.txt |5,6e+02 |
| 3 | 2800 | 5000 |   65 |       0.45 |1585369168503 |      66 |    70.0 | 6,06 | mscpd2.txt |5,8e+02 |
| 3 | 2900 | 5000 |   65 |       0.45 |1585369168503 |      66 |    70.0 | 6,06 | mscpd2.txt |6,0e+02 |
| 3 | 3000 | 5000 |   70 |       0.45 |1585369168503 |      66 |    70.0 | 6,06 | mscpd2.txt |6,2e+02 |
| 3 | 3100 | 5000 |   70 |       0.45 |1585369168503 |      66 |    70.0 | 6,06 | mscpd2.txt |6,4e+02 |
| 3 | 3200 | 5000 |   70 |       0.45 |1585369168503 |      66 |    70.0 | 6,06 | mscpd2.txt |6,6e+02 |
| 3 | 3300 | 5000 |   70 |       0.45 |1585369168503 |      66 |    70.0 | 6,06 | mscpd2.txt |6,7e+02 |
| 3 | 3400 | 5000 |   75 |       0.45 |1585369168503 |      66 |    70.0 | 6,06 | mscpd2.txt |7,0e+02 |
| 3 | 3500 | 5000 |   75 |       0.45 |1585369168503 |      66 |    70.0 | 6,06 | mscpd2.txt |7,2e+02 |
| 3 | 3600 | 5000 |   75 |       0.45 |1585369168503 |      66 |    70.0 | 6,06 | mscpd2.txt |7,2e+02 |
| 3 | 3700 | 5000 |   75 |       0.45 |1585369168503 |      66 |    70.0 | 6,06 | mscpd2.txt |7,3e+02 |
| 3 | 3800 | 5000 |   80 |       0.45 |1585369168503 |      66 |    70.0 | 6,06 | mscpd2.txt |7,5e+02 |
| 3 | 3900 | 5000 |   80 |       0.45 |1585369168503 |      66 |    70.0 | 6,06 | mscpd2.txt |7,6e+02 |
| 3 | 4000 | 5000 |   80 |     0.3625 |1585369168503 |      66 |    70.0 | 6,06 | mscpd2.txt |7,7e+02 |
| 3 | 4100 | 5000 |   80 |     0.3625 |1585369168503 |      66 |    70.0 | 6,06 | mscpd2.txt |7,7e+02 |
| 3 | 4200 | 5000 |   85 |       0.45 |1585369168503 |      66 |    70.0 | 6,06 | mscpd2.txt |7,9e+02 |
| 3 | 4300 | 5000 |   85 |       0.45 |1585369168503 |      66 |    70.0 | 6,06 | mscpd2.txt |8,0e+02 |
| 3 | 4400 | 5000 |   85 |  0.3882353 |1585369168503 |      66 |    70.0 | 6,06 | mscpd2.txt |8,1e+02 |
| 3 | 4500 | 5000 |   85 |  0.3882353 |1585369168503 |      66 |    70.0 | 6,06 | mscpd2.txt |8,1e+02 |
| 3 | 4600 | 5000 |   90 |       0.45 |1585369168503 |      66 |    70.0 | 6,06 | mscpd2.txt |8,3e+02 |
| 3 | 4700 | 5000 |   90 |       0.45 |1585369168503 |      66 |    70.0 | 6,06 | mscpd2.txt |8,4e+02 |
| 3 | 4800 | 5000 |   90 |        0.4 |1585369168503 |      66 |    70.0 | 6,06 | mscpd2.txt |8,5e+02 |
| 3 | 4900 | 5000 |   90 |        0.4 |1585369168503 |      66 |    70.0 | 6,06 | mscpd2.txt |8,5e+02 |
| 3 | 5000 | 5000 |   95 |       0.45 |1585369168503 |      66 |    70.0 | 6,06 | mscpd2.txt |8,7e+02 |
| 3 |  400 | 5000 |   95 |       0.45 |1585369168503 |      66 |    70.0 | 6,06 | mscpd2.txt |8,7e+02 |
| 4 |    1 | 5000 |   35 |       0.25 |1585370037666 |      66 |  2774.0 |4103,03 | mscpd2.txt |0,0090 |
| 4 |  100 | 5000 |   35 |       0.45 |1585370037666 |      66 |  2414.0 |3557,58 | mscpd2.txt |  2,3 |
| 4 |  200 | 5000 |   35 | 0.42857143 |1585370037666 |      66 |  2214.0 |3254,55 | mscpd2.txt |  3,1 |
| 4 |  300 | 5000 |   35 |  0.2857143 |1585370037666 |      66 |  2066.0 |3030,30 | mscpd2.txt |  4,4 |
| 4 |  400 | 5000 |   35 |  0.2857143 |1585370037666 |      66 |   137.0 |107,58 | mscpd2.txt |  6,5 |
| 4 |  500 | 5000 |   40 |       0.45 |1585370037666 |      66 |    70.0 | 6,06 | mscpd2.txt |   69 |
| 4 |  600 | 5000 |   40 |       0.45 |1585370037666 |      66 |    70.0 | 6,06 | mscpd2.txt |1,5e+02 |
| 4 |  700 | 5000 |   40 |       0.45 |1585370037666 |      66 |    70.0 | 6,06 | mscpd2.txt |2,0e+02 |
| 4 |  800 | 5000 |   40 |       0.45 |1585370037666 |      66 |    70.0 | 6,06 | mscpd2.txt |2,3e+02 |
| 4 |  900 | 5000 |   45 |       0.45 |1585370037666 |      66 |    70.0 | 6,06 | mscpd2.txt |2,7e+02 |
| 4 | 1000 | 5000 |   45 |       0.45 |1585370037666 |      66 |    70.0 | 6,06 | mscpd2.txt |3,2e+02 |
| 4 | 1100 | 5000 |   45 |       0.45 |1585370037666 |      66 |    70.0 | 6,06 | mscpd2.txt |3,6e+02 |
| 4 | 1200 | 5000 |   45 |       0.45 |1585370037666 |      66 |    70.0 | 6,06 | mscpd2.txt |4,1e+02 |
| 4 | 1300 | 5000 |   50 |       0.45 |1585370037666 |      66 |    70.0 | 6,06 | mscpd2.txt |4,6e+02 |
| 4 | 1400 | 5000 |   50 |       0.45 |1585370037666 |      66 |    70.0 | 6,06 | mscpd2.txt |5,0e+02 |
| 4 | 1500 | 5000 |   50 |       0.45 |1585370037666 |      66 |    70.0 | 6,06 | mscpd2.txt |5,3e+02 |
| 4 | 1600 | 5000 |   50 |       0.45 |1585370037666 |      66 |    70.0 | 6,06 | mscpd2.txt |5,6e+02 |
| 4 | 1700 | 5000 |   55 |       0.45 |1585370037666 |      66 |    70.0 | 6,06 | mscpd2.txt |6,1e+02 |
| 4 | 1800 | 5000 |   55 |       0.45 |1585370037666 |      66 |    70.0 | 6,06 | mscpd2.txt |6,6e+02 |
| 4 | 1900 | 5000 |   55 |       0.45 |1585370037666 |      66 |    70.0 | 6,06 | mscpd2.txt |7,0e+02 |
| 4 | 2000 | 5000 |   55 |       0.45 |1585370037666 |      66 |    70.0 | 6,06 | mscpd2.txt |7,5e+02 |
| 4 | 2100 | 5000 |   60 |       0.45 |1585370037666 |      66 |    70.0 | 6,06 | mscpd2.txt |8,1e+02 |
| 4 | 2200 | 5000 |   60 |       0.45 |1585370037666 |      66 |    70.0 | 6,06 | mscpd2.txt |8,4e+02 |
| 4 | 2300 | 5000 |   60 |       0.45 |1585370037666 |      66 |    70.0 | 6,06 | mscpd2.txt |8,8e+02 |
| 4 | 2400 | 5000 |   60 |       0.45 |1585370037666 |      66 |    70.0 | 6,06 | mscpd2.txt |9,2e+02 |
| 4 | 2500 | 5000 |   65 |       0.45 |1585370037666 |      66 |    70.0 | 6,06 | mscpd2.txt |9,6e+02 |
| 4 | 2600 | 5000 |   65 |       0.45 |1585370037666 |      66 |    70.0 | 6,06 | mscpd2.txt |1,0e+03 |
| 4 | 2700 | 5000 |   65 |       0.45 |1585370037666 |      66 |    70.0 | 6,06 | mscpd2.txt |1,1e+03 |
| 4 | 2800 | 5000 |   65 |       0.45 |1585370037666 |      66 |    70.0 | 6,06 | mscpd2.txt |1,1e+03 |
| 4 | 2900 | 5000 |   70 |       0.45 |1585370037666 |      66 |    70.0 | 6,06 | mscpd2.txt |1,2e+03 |
| 4 | 3000 | 5000 |   70 |       0.45 |1585370037666 |      66 |    70.0 | 6,06 | mscpd2.txt |1,2e+03 |
| 4 | 3100 | 5000 |   70 |       0.45 |1585370037666 |      66 |    70.0 | 6,06 | mscpd2.txt |1,3e+03 |
| 4 | 3200 | 5000 |   70 |       0.45 |1585370037666 |      66 |    70.0 | 6,06 | mscpd2.txt |1,3e+03 |
| 4 | 3300 | 5000 |   75 |       0.45 |1585370037666 |      66 |    70.0 | 6,06 | mscpd2.txt |1,4e+03 |
| 4 | 3400 | 5000 |   75 |       0.45 |1585370037666 |      66 |    70.0 | 6,06 | mscpd2.txt |1,5e+03 |
| 4 | 3500 | 5000 |   75 |       0.45 |1585370037666 |      66 |    70.0 | 6,06 | mscpd2.txt |1,5e+03 |
| 4 | 3600 | 5000 |   75 |       0.45 |1585370037666 |      66 |    70.0 | 6,06 | mscpd2.txt |1,5e+03 |
| 4 | 3700 | 5000 |   80 |       0.45 |1585370037666 |      66 |    70.0 | 6,06 | mscpd2.txt |1,6e+03 |
| 4 | 3800 | 5000 |   80 |       0.45 |1585370037666 |      66 |    70.0 | 6,06 | mscpd2.txt |1,6e+03 |
| 4 | 3900 | 5000 |   80 |       0.45 |1585370037666 |      66 |    70.0 | 6,06 | mscpd2.txt |1,7e+03 |
| 4 | 4000 | 5000 |   80 |       0.45 |1585370037666 |      66 |    70.0 | 6,06 | mscpd2.txt |1,7e+03 |
| 4 | 4100 | 5000 |   85 |       0.45 |1585370037666 |      66 |    70.0 | 6,06 | mscpd2.txt |1,8e+03 |
| 4 | 4200 | 5000 |   85 |       0.45 |1585370037666 |      66 |    70.0 | 6,06 | mscpd2.txt |1,9e+03 |
| 4 | 4300 | 5000 |   85 |       0.45 |1585370037666 |      66 |    70.0 | 6,06 | mscpd2.txt |1,9e+03 |
| 4 | 4400 | 5000 |   85 |       0.45 |1585370037666 |      66 |    70.0 | 6,06 | mscpd2.txt |2,0e+03 |
| 4 | 4500 | 5000 |   90 |       0.45 |1585370037666 |      66 |    70.0 | 6,06 | mscpd2.txt |2,1e+03 |
| 4 | 4600 | 5000 |   90 |       0.45 |1585370037666 |      66 |    70.0 | 6,06 | mscpd2.txt |2,1e+03 |
| 4 | 4700 | 5000 |   90 |       0.45 |1585370037666 |      66 |    70.0 | 6,06 | mscpd2.txt |2,2e+03 |
| 4 | 4800 | 5000 |   90 |       0.45 |1585370037666 |      66 |    70.0 | 6,06 | mscpd2.txt |2,3e+03 |
| 4 | 4900 | 5000 |   95 |       0.45 |1585370037666 |      66 |    70.0 | 6,06 | mscpd2.txt |2,4e+03 |
| 4 | 5000 | 5000 |   95 |       0.45 |1585370037666 |      66 |    70.0 | 6,06 | mscpd2.txt |2,4e+03 |
| 4 |  400 | 5000 |   95 |       0.45 |1585370037666 |      66 |    70.0 | 6,06 | mscpd2.txt |2,4e+03 |
| 5 |    1 | 5000 |   35 |       0.25 |1585372454459 |      66 |  2886.0 |4272,73 | mscpd2.txt |0,0090 |
| 5 |  100 | 5000 |   35 | 0.31428573 |1585372454459 |      66 |  2261.0 |3325,76 | mscpd2.txt |  1,0 |
| 5 |  200 | 5000 |   35 |       0.45 |1585372454459 |      66 |  2020.0 |2960,61 | mscpd2.txt |  1,9 |
| 5 |  300 | 5000 |   40 |       0.45 |1585372454459 |      66 |    70.0 | 6,06 | mscpd2.txt |   54 |
| 5 |  400 | 5000 |   40 |       0.45 |1585372454459 |      66 |    70.0 | 6,06 | mscpd2.txt |1,2e+02 |
| 5 |  500 | 5000 |   40 |      0.425 |1585372454459 |      66 |    70.0 | 6,06 | mscpd2.txt |1,7e+02 |
| 5 |  600 | 5000 |   40 |       0.45 |1585372454459 |      66 |    70.0 | 6,06 | mscpd2.txt |2,0e+02 |
| 5 |  700 | 5000 |   45 |       0.45 |1585372454459 |      66 |    70.0 | 6,06 | mscpd2.txt |2,4e+02 |
| 5 |  800 | 5000 |   45 |       0.45 |1585372454459 |      66 |    70.0 | 6,06 | mscpd2.txt |2,6e+02 |
| 5 |  900 | 5000 |   45 |       0.45 |1585372454459 |      66 |    70.0 | 6,06 | mscpd2.txt |2,8e+02 |
| 5 | 1000 | 5000 |   45 |       0.45 |1585372454459 |      66 |    70.0 | 6,06 | mscpd2.txt |3,0e+02 |
| 5 | 1100 | 5000 |   50 |       0.45 |1585372454459 |      66 |    70.0 | 6,06 | mscpd2.txt |3,3e+02 |
| 5 | 1200 | 5000 |   50 |       0.45 |1585372454459 |      66 |    70.0 | 6,06 | mscpd2.txt |3,5e+02 |
| 5 | 1300 | 5000 |   50 |       0.45 |1585372454459 |      66 |    70.0 | 6,06 | mscpd2.txt |3,6e+02 |
| 5 | 1400 | 5000 |   50 |       0.45 |1585372454459 |      66 |    70.0 | 6,06 | mscpd2.txt |3,8e+02 |
| 5 | 1500 | 5000 |   55 |       0.45 |1585372454459 |      66 |    70.0 | 6,06 | mscpd2.txt |4,1e+02 |
| 5 | 1600 | 5000 |   55 |       0.45 |1585372454459 |      66 |    70.0 | 6,06 | mscpd2.txt |4,2e+02 |
| 5 | 1700 | 5000 |   55 |       0.45 |1585372454459 |      66 |    70.0 | 6,06 | mscpd2.txt |4,3e+02 |
| 5 | 1800 | 5000 |   55 |       0.45 |1585372454459 |      66 |    70.0 | 6,06 | mscpd2.txt |4,4e+02 |
| 5 | 1900 | 5000 |   60 |       0.45 |1585372454459 |      66 |    70.0 | 6,06 | mscpd2.txt |4,6e+02 |
| 5 | 2000 | 5000 |   60 |       0.45 |1585372454459 |      66 |    70.0 | 6,06 | mscpd2.txt |4,8e+02 |
| 5 | 2100 | 5000 |   60 |       0.45 |1585372454459 |      66 |    70.0 | 6,06 | mscpd2.txt |4,9e+02 |
| 5 | 2200 | 5000 |   60 |       0.45 |1585372454459 |      66 |    70.0 | 6,06 | mscpd2.txt |5,0e+02 |
| 5 | 2300 | 5000 |   65 |       0.45 |1585372454459 |      66 |    70.0 | 6,06 | mscpd2.txt |5,2e+02 |
| 5 | 2400 | 5000 |   65 |       0.45 |1585372454459 |      66 |    70.0 | 6,06 | mscpd2.txt |5,4e+02 |
| 5 | 2500 | 5000 |   65 |       0.45 |1585372454459 |      66 |    70.0 | 6,06 | mscpd2.txt |5,5e+02 |
| 5 | 2600 | 5000 |   65 |       0.45 |1585372454459 |      66 |    70.0 | 6,06 | mscpd2.txt |5,6e+02 |
| 5 | 2700 | 5000 |   70 |       0.45 |1585372454459 |      66 |    70.0 | 6,06 | mscpd2.txt |5,8e+02 |
| 5 | 2800 | 5000 |   70 |       0.45 |1585372454459 |      66 |    70.0 | 6,06 | mscpd2.txt |6,0e+02 |
| 5 | 2900 | 5000 |   70 |       0.45 |1585372454459 |      66 |    70.0 | 6,06 | mscpd2.txt |6,1e+02 |
| 5 | 3000 | 5000 |   70 |       0.45 |1585372454459 |      66 |    70.0 | 6,06 | mscpd2.txt |6,2e+02 |
| 5 | 3100 | 5000 |   75 |       0.45 |1585372454459 |      66 |    70.0 | 6,06 | mscpd2.txt |6,4e+02 |
| 5 | 3200 | 5000 |   75 |       0.45 |1585372454459 |      66 |    70.0 | 6,06 | mscpd2.txt |6,6e+02 |
| 5 | 3300 | 5000 |   75 |       0.45 |1585372454459 |      66 |    70.0 | 6,06 | mscpd2.txt |6,7e+02 |
| 5 | 3400 | 5000 |   75 |       0.45 |1585372454459 |      66 |    70.0 | 6,06 | mscpd2.txt |6,8e+02 |
| 5 | 3500 | 5000 |   80 |       0.45 |1585372454459 |      66 |    70.0 | 6,06 | mscpd2.txt |7,1e+02 |
| 5 | 3600 | 5000 |   80 |       0.45 |1585372454459 |      66 |    70.0 | 6,06 | mscpd2.txt |7,2e+02 |
| 5 | 3700 | 5000 |   80 |       0.45 |1585372454459 |      66 |    70.0 | 6,06 | mscpd2.txt |7,3e+02 |
| 5 | 3800 | 5000 |   80 |       0.45 |1585372454459 |      66 |    70.0 | 6,06 | mscpd2.txt |7,4e+02 |
| 5 | 3900 | 5000 |   85 |       0.45 |1585372454459 |      66 |    70.0 | 6,06 | mscpd2.txt |7,7e+02 |
| 5 | 4000 | 5000 |   85 | 0.43529412 |1585372454459 |      66 |    70.0 | 6,06 | mscpd2.txt |7,8e+02 |
| 5 | 4100 | 5000 |   85 | 0.43529412 |1585372454459 |      66 |    70.0 | 6,06 | mscpd2.txt |7,9e+02 |
| 5 | 4200 | 5000 |   85 | 0.43529412 |1585372454459 |      66 |    70.0 | 6,06 | mscpd2.txt |8,1e+02 |
| 5 | 4300 | 5000 |   90 |       0.45 |1585372454459 |      66 |    70.0 | 6,06 | mscpd2.txt |8,3e+02 |
| 5 | 4400 | 5000 |   90 |       0.45 |1585372454459 |      66 |    70.0 | 6,06 | mscpd2.txt |8,5e+02 |
| 5 | 4500 | 5000 |   90 |       0.45 |1585372454459 |      66 |    70.0 | 6,06 | mscpd2.txt |8,8e+02 |
| 5 | 4600 | 5000 |   90 |       0.45 |1585372454459 |      66 |    70.0 | 6,06 | mscpd2.txt |9,0e+02 |
| 5 | 4700 | 5000 |   95 |       0.45 |1585372454459 |      66 |    70.0 | 6,06 | mscpd2.txt |9,4e+02 |
| 5 | 4800 | 5000 |   95 |       0.45 |1585372454459 |      66 |    70.0 | 6,06 | mscpd2.txt |9,6e+02 |
| 5 | 4900 | 5000 |   95 |       0.45 |1585372454459 |      66 |    70.0 | 6,06 | mscpd2.txt |9,8e+02 |
| 5 | 5000 | 5000 |   95 |       0.45 |1585372454459 |      66 |    70.0 | 6,06 | mscpd2.txt |1,0e+03 |
| 5 |  400 | 5000 |  100 |       0.45 |1585372454459 |      66 |    70.0 | 6,06 | mscpd2.txt |1,0e+03 |
| 6 |    1 | 5000 |   35 |       0.25 |1585373451965 |      66 |  2868.0 |4245,45 | mscpd2.txt |0,0080 |
| 6 |  100 | 5000 |   35 |       0.45 |1585373451965 |      66 |  2390.0 |3521,21 | mscpd2.txt |  1,5 |
| 6 |  200 | 5000 |   35 | 0.42857143 |1585373451965 |      66 |  2223.0 |3268,18 | mscpd2.txt |  2,3 |
| 6 |  300 | 5000 |   35 | 0.31428573 |1585373451965 |      66 |   118.0 |78,79 | mscpd2.txt |  3,5 |
| 6 |  400 | 5000 |   35 | 0.34285715 |1585373451965 |      66 |   118.0 |78,79 | mscpd2.txt |  5,4 |
| 6 |  500 | 5000 |   40 |       0.45 |1585373451965 |      66 |    70.0 | 6,06 | mscpd2.txt |   66 |
| 6 |  600 | 5000 |   40 |       0.45 |1585373451965 |      66 |    70.0 | 6,06 | mscpd2.txt |1,4e+02 |
| 6 |  700 | 5000 |   40 |       0.45 |1585373451965 |      66 |    70.0 | 6,06 | mscpd2.txt |1,9e+02 |
| 6 |  800 | 5000 |   40 |       0.45 |1585373451965 |      66 |    70.0 | 6,06 | mscpd2.txt |2,2e+02 |
| 6 |  900 | 5000 |   45 |       0.45 |1585373451965 |      66 |    70.0 | 6,06 | mscpd2.txt |2,6e+02 |
| 6 | 1000 | 5000 |   45 |       0.45 |1585373451965 |      66 |    70.0 | 6,06 | mscpd2.txt |2,8e+02 |
| 6 | 1100 | 5000 |   45 |       0.45 |1585373451965 |      66 |    70.0 | 6,06 | mscpd2.txt |3,0e+02 |
| 6 | 1200 | 5000 |   45 |       0.45 |1585373451965 |      66 |    70.0 | 6,06 | mscpd2.txt |3,2e+02 |
| 6 | 1300 | 5000 |   50 |       0.45 |1585373451965 |      66 |    70.0 | 6,06 | mscpd2.txt |3,5e+02 |
| 6 | 1400 | 5000 |   50 |       0.45 |1585373451965 |      66 |    70.0 | 6,06 | mscpd2.txt |3,7e+02 |
| 6 | 1500 | 5000 |   50 |       0.45 |1585373451965 |      66 |    70.0 | 6,06 | mscpd2.txt |3,8e+02 |
| 6 | 1600 | 5000 |   50 |       0.45 |1585373451965 |      66 |    70.0 | 6,06 | mscpd2.txt |4,0e+02 |
| 6 | 1700 | 5000 |   55 |       0.45 |1585373451965 |      66 |    70.0 | 6,06 | mscpd2.txt |4,2e+02 |
| 6 | 1800 | 5000 |   55 |       0.45 |1585373451965 |      66 |    70.0 | 6,06 | mscpd2.txt |4,5e+02 |
| 6 | 1900 | 5000 |   55 |       0.45 |1585373451965 |      66 |    70.0 | 6,06 | mscpd2.txt |4,8e+02 |
| 6 | 2000 | 5000 |   55 |       0.45 |1585373451965 |      66 |    70.0 | 6,06 | mscpd2.txt |5,0e+02 |
| 6 | 2100 | 5000 |   60 |       0.45 |1585373451965 |      66 |    70.0 | 6,06 | mscpd2.txt |5,4e+02 |
| 6 | 2200 | 5000 |   60 |       0.45 |1585373451965 |      66 |    70.0 | 6,06 | mscpd2.txt |5,6e+02 |
| 6 | 2300 | 5000 |   60 |       0.45 |1585373451965 |      66 |    70.0 | 6,06 | mscpd2.txt |5,8e+02 |
| 6 | 2400 | 5000 |   60 |       0.45 |1585373451965 |      66 |    70.0 | 6,06 | mscpd2.txt |6,0e+02 |
| 6 | 2500 | 5000 |   65 |       0.45 |1585373451965 |      66 |    70.0 | 6,06 | mscpd2.txt |6,3e+02 |
| 6 | 2600 | 5000 |   65 |       0.45 |1585373451965 |      66 |    70.0 | 6,06 | mscpd2.txt |6,7e+02 |
| 6 | 2700 | 5000 |   65 |       0.45 |1585373451965 |      66 |    70.0 | 6,06 | mscpd2.txt |7,0e+02 |
| 6 | 2800 | 5000 |   65 |       0.45 |1585373451965 |      66 |    70.0 | 6,06 | mscpd2.txt |7,3e+02 |
| 6 | 2900 | 5000 |   70 |       0.45 |1585373451965 |      66 |    70.0 | 6,06 | mscpd2.txt |7,7e+02 |
| 6 | 3000 | 5000 |   70 |       0.45 |1585373451965 |      66 |    70.0 | 6,06 | mscpd2.txt |7,9e+02 |
| 6 | 3100 | 5000 |   70 |       0.45 |1585373451965 |      66 |    70.0 | 6,06 | mscpd2.txt |8,2e+02 |
| 6 | 3200 | 5000 |   70 |       0.45 |1585373451965 |      66 |    70.0 | 6,06 | mscpd2.txt |8,4e+02 |
| 6 | 3300 | 5000 |   75 |       0.45 |1585373451965 |      66 |    70.0 | 6,06 | mscpd2.txt |8,7e+02 |
| 6 | 3400 | 5000 |   75 |       0.45 |1585373451965 |      66 |    70.0 | 6,06 | mscpd2.txt |9,0e+02 |
| 6 | 3500 | 5000 |   75 |       0.45 |1585373451965 |      66 |    70.0 | 6,06 | mscpd2.txt |9,4e+02 |
| 6 | 3600 | 5000 |   75 |       0.45 |1585373451965 |      66 |    70.0 | 6,06 | mscpd2.txt |9,7e+02 |
| 6 | 3700 | 5000 |   80 |       0.45 |1585373451965 |      66 |    70.0 | 6,06 | mscpd2.txt |1,0e+03 |
| 6 | 3800 | 5000 |   80 |       0.45 |1585373451965 |      66 |    70.0 | 6,06 | mscpd2.txt |1,0e+03 |
| 6 | 3900 | 5000 |   80 |       0.45 |1585373451965 |      66 |    70.0 | 6,06 | mscpd2.txt |1,1e+03 |
| 6 | 4000 | 5000 |   80 |       0.45 |1585373451965 |      66 |    70.0 | 6,06 | mscpd2.txt |1,1e+03 |
| 6 | 4100 | 5000 |   85 |       0.45 |1585373451965 |      66 |    70.0 | 6,06 | mscpd2.txt |1,1e+03 |
| 6 | 4200 | 5000 |   85 |       0.45 |1585373451965 |      66 |    70.0 | 6,06 | mscpd2.txt |1,2e+03 |
| 6 | 4300 | 5000 |   85 |       0.45 |1585373451965 |      66 |    70.0 | 6,06 | mscpd2.txt |1,2e+03 |
| 6 | 4400 | 5000 |   85 |       0.45 |1585373451965 |      66 |    70.0 | 6,06 | mscpd2.txt |1,2e+03 |
| 6 | 4500 | 5000 |   90 |       0.45 |1585373451965 |      66 |    70.0 | 6,06 | mscpd2.txt |1,3e+03 |
| 6 | 4600 | 5000 |   90 |       0.45 |1585373451965 |      66 |    70.0 | 6,06 | mscpd2.txt |1,3e+03 |
| 6 | 4700 | 5000 |   90 |       0.45 |1585373451965 |      66 |    70.0 | 6,06 | mscpd2.txt |1,3e+03 |
| 6 | 4800 | 5000 |   90 |       0.45 |1585373451965 |      66 |    70.0 | 6,06 | mscpd2.txt |1,3e+03 |
| 6 | 4900 | 5000 |   95 |       0.45 |1585373451965 |      66 |    70.0 | 6,06 | mscpd2.txt |1,3e+03 |
| 6 | 5000 | 5000 |   95 |       0.45 |1585373451965 |      66 |    70.0 | 6,06 | mscpd2.txt |1,4e+03 |
| 6 |  400 | 5000 |   95 |       0.45 |1585373451965 |      66 |    70.0 | 6,06 | mscpd2.txt |1,4e+03 |
| 7 |    1 | 5000 |   35 |       0.25 |1585374807871 |      66 |  2802.0 |4145,45 | mscpd2.txt |0,0080 |
| 7 |  100 | 5000 |   35 |        0.4 |1585374807871 |      66 |   120.0 |81,82 | mscpd2.txt |  1,3 |
| 7 |  200 | 5000 |   35 | 0.42857143 |1585374807871 |      66 |   120.0 |81,82 | mscpd2.txt |  4,4 |
| 7 |  300 | 5000 |   40 |       0.45 |1585374807871 |      66 |    70.0 | 6,06 | mscpd2.txt |   57 |
| 7 |  400 | 5000 |   40 |       0.45 |1585374807871 |      66 |    70.0 | 6,06 | mscpd2.txt |1,2e+02 |
| 7 |  500 | 5000 |   40 |       0.45 |1585374807871 |      66 |    70.0 | 6,06 | mscpd2.txt |1,7e+02 |
| 7 |  600 | 5000 |   40 |       0.45 |1585374807871 |      66 |    70.0 | 6,06 | mscpd2.txt |2,2e+02 |
| 7 |  700 | 5000 |   45 |       0.45 |1585374807871 |      66 |    70.0 | 6,06 | mscpd2.txt |2,8e+02 |
| 7 |  800 | 5000 |   45 | 0.33333334 |1585374807871 |      66 |    70.0 | 6,06 | mscpd2.txt |3,2e+02 |
| 7 |  900 | 5000 |   45 | 0.37777779 |1585374807871 |      66 |    70.0 | 6,06 | mscpd2.txt |3,6e+02 |
| 7 | 1000 | 5000 |   45 |        0.4 |1585374807871 |      66 |    70.0 | 6,06 | mscpd2.txt |4,1e+02 |
| 7 | 1100 | 5000 |   50 |       0.45 |1585374807871 |      66 |    70.0 | 6,06 | mscpd2.txt |4,6e+02 |
| 7 | 1200 | 5000 |   50 |       0.45 |1585374807871 |      66 |    70.0 | 6,06 | mscpd2.txt |5,0e+02 |
| 7 | 1300 | 5000 |   50 |       0.44 |1585374807871 |      66 |    70.0 | 6,06 | mscpd2.txt |5,4e+02 |
| 7 | 1400 | 5000 |   50 |       0.44 |1585374807871 |      66 |    70.0 | 6,06 | mscpd2.txt |5,8e+02 |
| 7 | 1500 | 5000 |   55 |       0.45 |1585374807871 |      66 |    70.0 | 6,06 | mscpd2.txt |6,3e+02 |
| 7 | 1600 | 5000 |   55 |       0.45 |1585374807871 |      66 |    70.0 | 6,06 | mscpd2.txt |6,8e+02 |
| 7 | 1700 | 5000 |   55 |       0.45 |1585374807871 |      66 |    70.0 | 6,06 | mscpd2.txt |7,3e+02 |
| 7 | 1800 | 5000 |   55 |       0.45 |1585374807871 |      66 |    70.0 | 6,06 | mscpd2.txt |7,8e+02 |
| 7 | 1900 | 5000 |   60 |       0.45 |1585374807871 |      66 |    70.0 | 6,06 | mscpd2.txt |8,4e+02 |
| 7 | 2000 | 5000 |   60 |       0.45 |1585374807871 |      66 |    70.0 | 6,06 | mscpd2.txt |8,8e+02 |
| 7 | 2100 | 5000 |   60 |       0.45 |1585374807871 |      66 |    70.0 | 6,06 | mscpd2.txt |9,0e+02 |
| 7 | 2200 | 5000 |   60 |       0.45 |1585374807871 |      66 |    70.0 | 6,06 | mscpd2.txt |9,2e+02 |
| 7 | 2300 | 5000 |   65 |       0.45 |1585374807871 |      66 |    70.0 | 6,06 | mscpd2.txt |9,5e+02 |
| 7 | 2400 | 5000 |   65 |       0.45 |1585374807871 |      66 |    70.0 | 6,06 | mscpd2.txt |9,6e+02 |
| 7 | 2500 | 5000 |   65 |       0.45 |1585374807871 |      66 |    70.0 | 6,06 | mscpd2.txt |9,8e+02 |
| 7 | 2600 | 5000 |   65 |       0.45 |1585374807871 |      66 |    70.0 | 6,06 | mscpd2.txt |9,9e+02 |
| 7 | 2700 | 5000 |   70 |       0.45 |1585374807871 |      66 |    70.0 | 6,06 | mscpd2.txt |1,0e+03 |
| 7 | 2800 | 5000 |   70 | 0.22857143 |1585374807871 |      66 |    70.0 | 6,06 | mscpd2.txt |1,0e+03 |
| 7 | 2900 | 5000 |   70 |       0.45 |1585374807871 |      66 |    70.0 | 6,06 | mscpd2.txt |1,0e+03 |
| 7 | 3000 | 5000 |   70 |       0.45 |1585374807871 |      66 |    70.0 | 6,06 | mscpd2.txt |1,0e+03 |
| 7 | 3100 | 5000 |   75 |       0.45 |1585374807871 |      66 |    70.0 | 6,06 | mscpd2.txt |1,1e+03 |
| 7 | 3200 | 5000 |   75 |       0.45 |1585374807871 |      66 |    70.0 | 6,06 | mscpd2.txt |1,1e+03 |
| 7 | 3300 | 5000 |   75 | 0.34666666 |1585374807871 |      66 |    70.0 | 6,06 | mscpd2.txt |1,1e+03 |
| 7 | 3400 | 5000 |   75 | 0.34666666 |1585374807871 |      66 |    70.0 | 6,06 | mscpd2.txt |1,1e+03 |
| 7 | 3500 | 5000 |   80 |       0.45 |1585374807871 |      66 |    70.0 | 6,06 | mscpd2.txt |1,1e+03 |
| 7 | 3600 | 5000 |   80 |       0.45 |1585374807871 |      66 |    70.0 | 6,06 | mscpd2.txt |1,1e+03 |
| 7 | 3700 | 5000 |   80 |     0.3875 |1585374807871 |      66 |    70.0 | 6,06 | mscpd2.txt |1,1e+03 |
| 7 | 3800 | 5000 |   80 |      0.375 |1585374807871 |      66 |    70.0 | 6,06 | mscpd2.txt |1,1e+03 |
| 7 | 3900 | 5000 |   85 |       0.45 |1585374807871 |      66 |    70.0 | 6,06 | mscpd2.txt |1,1e+03 |
| 7 | 4000 | 5000 |   85 |       0.45 |1585374807871 |      66 |    70.0 | 6,06 | mscpd2.txt |1,1e+03 |
| 7 | 4100 | 5000 |   85 |  0.3529412 |1585374807871 |      66 |    70.0 | 6,06 | mscpd2.txt |1,1e+03 |
| 7 | 4200 | 5000 |   85 |  0.3529412 |1585374807871 |      66 |    70.0 | 6,06 | mscpd2.txt |1,1e+03 |
| 7 | 4300 | 5000 |   90 |       0.45 |1585374807871 |      66 |    70.0 | 6,06 | mscpd2.txt |1,2e+03 |
| 7 | 4400 | 5000 |   90 |       0.45 |1585374807871 |      66 |    70.0 | 6,06 | mscpd2.txt |1,2e+03 |
| 7 | 4500 | 5000 |   90 | 0.36666667 |1585374807871 |      66 |    70.0 | 6,06 | mscpd2.txt |1,2e+03 |
| 7 | 4600 | 5000 |   90 | 0.36666667 |1585374807871 |      66 |    70.0 | 6,06 | mscpd2.txt |1,2e+03 |
| 7 | 4700 | 5000 |   95 |       0.45 |1585374807871 |      66 |    70.0 | 6,06 | mscpd2.txt |1,2e+03 |
| 7 | 4800 | 5000 |   95 |       0.45 |1585374807871 |      66 |    70.0 | 6,06 | mscpd2.txt |1,2e+03 |
| 7 | 4900 | 5000 |   95 | 0.33684212 |1585374807871 |      66 |    70.0 | 6,06 | mscpd2.txt |1,2e+03 |
| 7 | 5000 | 5000 |   95 | 0.33684212 |1585374807871 |      66 |    70.0 | 6,06 | mscpd2.txt |1,2e+03 |
| 7 |  400 | 5000 |  100 | 0.33684212 |1585374807871 |      66 |    70.0 | 6,06 | mscpd2.txt |1,2e+03 |
| 8 |    1 | 5000 |   35 |       0.25 |1585376030274 |      66 |  2708.0 |4003,03 | mscpd2.txt |0,0090 |
| 8 |  100 | 5000 |   35 | 0.37142858 |1585376030274 |      66 |  2322.0 |3418,18 | mscpd2.txt |  2,0 |
| 8 |  200 | 5000 |   35 |       0.45 |1585376030274 |      66 |  2198.0 |3230,30 | mscpd2.txt |  3,0 |
| 8 |  300 | 5000 |   35 |       0.45 |1585376030274 |      66 |  2137.0 |3137,88 | mscpd2.txt |  3,8 |
| 8 |  400 | 5000 |   35 |       0.45 |1585376030274 |      66 |  2098.0 |3078,79 | mscpd2.txt |  4,8 |
| 8 |  500 | 5000 |   35 | 0.37142858 |1585376030274 |      66 |  2003.0 |2934,85 | mscpd2.txt |  5,7 |
| 8 |  600 | 5000 |   40 |       0.45 |1585376030274 |      66 |    70.0 | 6,06 | mscpd2.txt |   59 |
| 8 |  700 | 5000 |   40 |       0.45 |1585376030274 |      66 |    70.0 | 6,06 | mscpd2.txt |1,2e+02 |
| 8 |  800 | 5000 |   40 |      0.375 |1585376030274 |      66 |    70.0 | 6,06 | mscpd2.txt |1,7e+02 |
| 8 |  900 | 5000 |   40 |       0.45 |1585376030274 |      66 |    70.0 | 6,06 | mscpd2.txt |2,1e+02 |
| 8 | 1000 | 5000 |   45 |       0.45 |1585376030274 |      66 |    70.0 | 6,06 | mscpd2.txt |2,7e+02 |
| 8 | 1100 | 5000 |   45 | 0.31111112 |1585376030274 |      66 |    70.0 | 6,06 | mscpd2.txt |3,2e+02 |
| 8 | 1200 | 5000 |   45 | 0.31111112 |1585376030274 |      66 |    70.0 | 6,06 | mscpd2.txt |3,6e+02 |
| 8 | 1300 | 5000 |   45 | 0.33333334 |1585376030274 |      66 |    70.0 | 6,06 | mscpd2.txt |4,0e+02 |
| 8 | 1400 | 5000 |   50 |       0.45 |1585376030274 |      66 |    70.0 | 6,06 | mscpd2.txt |4,6e+02 |
| 8 | 1500 | 5000 |   50 |       0.45 |1585376030274 |      66 |    70.0 | 6,06 | mscpd2.txt |5,0e+02 |
| 8 | 1600 | 5000 |   50 |       0.45 |1585376030274 |      66 |    70.0 | 6,06 | mscpd2.txt |5,3e+02 |
| 8 | 1700 | 5000 |   50 |       0.45 |1585376030274 |      66 |    70.0 | 6,06 | mscpd2.txt |5,7e+02 |
| 8 | 1800 | 5000 |   55 |       0.45 |1585376030274 |      66 |    70.0 | 6,06 | mscpd2.txt |6,2e+02 |
| 8 | 1900 | 5000 |   55 |       0.45 |1585376030274 |      66 |    70.0 | 6,06 | mscpd2.txt |6,7e+02 |
| 8 | 2000 | 5000 |   55 |       0.45 |1585376030274 |      66 |    70.0 | 6,06 | mscpd2.txt |7,2e+02 |
| 8 | 2100 | 5000 |   55 |       0.45 |1585376030274 |      66 |    70.0 | 6,06 | mscpd2.txt |7,7e+02 |
| 8 | 2200 | 5000 |   60 |       0.45 |1585376030274 |      66 |    70.0 | 6,06 | mscpd2.txt |8,3e+02 |
| 8 | 2300 | 5000 |   60 |       0.45 |1585376030274 |      66 |    70.0 | 6,06 | mscpd2.txt |9,0e+02 |
| 8 | 2400 | 5000 |   60 |       0.45 |1585376030274 |      66 |    70.0 | 6,06 | mscpd2.txt |9,6e+02 |
| 8 | 2500 | 5000 |   60 |       0.45 |1585376030274 |      66 |    70.0 | 6,06 | mscpd2.txt |1,0e+03 |
| 8 | 2600 | 5000 |   65 |       0.45 |1585376030274 |      66 |    70.0 | 6,06 | mscpd2.txt |1,1e+03 |
| 8 | 2700 | 5000 |   65 |       0.45 |1585376030274 |      66 |    70.0 | 6,06 | mscpd2.txt |1,1e+03 |
| 8 | 2800 | 5000 |   65 |       0.45 |1585376030274 |      66 |    70.0 | 6,06 | mscpd2.txt |1,2e+03 |
| 8 | 2900 | 5000 |   65 |       0.45 |1585376030274 |      66 |    70.0 | 6,06 | mscpd2.txt |1,2e+03 |
| 8 | 3000 | 5000 |   70 |       0.45 |1585376030274 |      66 |    70.0 | 6,06 | mscpd2.txt |1,3e+03 |
| 8 | 3100 | 5000 |   70 |       0.45 |1585376030274 |      66 |    70.0 | 6,06 | mscpd2.txt |1,4e+03 |
| 8 | 3200 | 5000 |   70 |       0.45 |1585376030274 |      66 |    70.0 | 6,06 | mscpd2.txt |1,4e+03 |
| 8 | 3300 | 5000 |   70 |       0.45 |1585376030274 |      66 |    70.0 | 6,06 | mscpd2.txt |1,5e+03 |
| 8 | 3400 | 5000 |   75 |       0.45 |1585376030274 |      66 |    70.0 | 6,06 | mscpd2.txt |1,6e+03 |
| 8 | 3500 | 5000 |   75 |       0.45 |1585376030274 |      66 |    70.0 | 6,06 | mscpd2.txt |1,7e+03 |
| 8 | 3600 | 5000 |   75 |       0.45 |1585376030274 |      66 |    70.0 | 6,06 | mscpd2.txt |1,7e+03 |
| 8 | 3700 | 5000 |   75 |       0.45 |1585376030274 |      66 |    70.0 | 6,06 | mscpd2.txt |1,8e+03 |
| 8 | 3800 | 5000 |   80 |       0.45 |1585376030274 |      66 |    70.0 | 6,06 | mscpd2.txt |1,9e+03 |
| 8 | 3900 | 5000 |   80 |       0.45 |1585376030274 |      66 |    70.0 | 6,06 | mscpd2.txt |1,9e+03 |
| 8 | 4000 | 5000 |   80 |       0.45 |1585376030274 |      66 |    70.0 | 6,06 | mscpd2.txt |2,0e+03 |
| 8 | 4100 | 5000 |   80 |       0.45 |1585376030274 |      66 |    70.0 | 6,06 | mscpd2.txt |2,1e+03 |
| 8 | 4200 | 5000 |   85 |       0.45 |1585376030274 |      66 |    70.0 | 6,06 | mscpd2.txt |2,1e+03 |
| 8 | 4300 | 5000 |   85 |       0.45 |1585376030274 |      66 |    70.0 | 6,06 | mscpd2.txt |2,2e+03 |
| 8 | 4400 | 5000 |   85 |       0.45 |1585376030274 |      66 |    70.0 | 6,06 | mscpd2.txt |2,3e+03 |
| 8 | 4500 | 5000 |   85 |       0.45 |1585376030274 |      66 |    70.0 | 6,06 | mscpd2.txt |2,3e+03 |
| 8 | 4600 | 5000 |   90 |       0.45 |1585376030274 |      66 |    70.0 | 6,06 | mscpd2.txt |2,4e+03 |
| 8 | 4700 | 5000 |   90 |       0.45 |1585376030274 |      66 |    70.0 | 6,06 | mscpd2.txt |2,5e+03 |
| 8 | 4800 | 5000 |   90 |       0.45 |1585376030274 |      66 |    70.0 | 6,06 | mscpd2.txt |2,6e+03 |
| 8 | 4900 | 5000 |   90 |       0.45 |1585376030274 |      66 |    70.0 | 6,06 | mscpd2.txt |2,6e+03 |
| 8 | 5000 | 5000 |   95 |       0.45 |1585376030274 |      66 |    70.0 | 6,06 | mscpd2.txt |2,7e+03 |
| 8 |  400 | 5000 |   95 |       0.45 |1585376030274 |      66 |    70.0 | 6,06 | mscpd2.txt |2,7e+03 |
| 9 |    1 | 5000 |   35 |       0.25 |1585378770696 |      66 |  2767.0 |4092,42 | mscpd2.txt | 0,24 |
| 9 |  100 | 5000 |   35 | 0.34285715 |1585378770696 |      66 |  2268.0 |3336,36 | mscpd2.txt |  1,4 |
| 9 |  200 | 5000 |   35 |       0.45 |1585378770696 |      66 |  2110.0 |3096,97 | mscpd2.txt |  2,3 |
| 9 |  300 | 5000 |   35 |       0.45 |1585378770696 |      66 |  2073.0 |3040,91 | mscpd2.txt |  3,4 |
| 9 |  400 | 5000 |   35 |       0.45 |1585378770696 |      66 |  1945.0 |2846,97 | mscpd2.txt |  4,3 |
| 9 |  500 | 5000 |   40 |       0.45 |1585378770696 |      66 |    71.0 | 7,58 | mscpd2.txt |   59 |
| 9 |  600 | 5000 |   40 |       0.45 |1585378770696 |      66 |    70.0 | 6,06 | mscpd2.txt |1,3e+02 |
| 9 |  700 | 5000 |   40 |        0.4 |1585378770696 |      66 |    70.0 | 6,06 | mscpd2.txt |1,8e+02 |
| 9 |  800 | 5000 |   40 |       0.45 |1585378770696 |      66 |    70.0 | 6,06 | mscpd2.txt |2,2e+02 |
| 9 |  900 | 5000 |   45 | 0.42222223 |1585378770696 |      66 |    70.0 | 6,06 | mscpd2.txt |2,7e+02 |
| 9 | 1000 | 5000 |   45 | 0.42222223 |1585378770696 |      66 |    70.0 | 6,06 | mscpd2.txt |3,1e+02 |
| 9 | 1100 | 5000 |   45 | 0.42222223 |1585378770696 |      66 |    70.0 | 6,06 | mscpd2.txt |3,5e+02 |
| 9 | 1200 | 5000 |   45 | 0.42222223 |1585378770696 |      66 |    70.0 | 6,06 | mscpd2.txt |3,9e+02 |
| 9 | 1300 | 5000 |   50 |       0.45 |1585378770696 |      66 |    70.0 | 6,06 | mscpd2.txt |4,5e+02 |
| 9 | 1400 | 5000 |   50 |       0.45 |1585378770696 |      66 |    70.0 | 6,06 | mscpd2.txt |4,8e+02 |
| 9 | 1500 | 5000 |   50 |       0.45 |1585378770696 |      66 |    70.0 | 6,06 | mscpd2.txt |5,2e+02 |
| 9 | 1600 | 5000 |   50 |       0.45 |1585378770696 |      66 |    70.0 | 6,06 | mscpd2.txt |5,5e+02 |
| 9 | 1700 | 5000 |   55 |       0.45 |1585378770696 |      66 |    70.0 | 6,06 | mscpd2.txt |6,0e+02 |
| 9 | 1800 | 5000 |   55 |       0.45 |1585378770696 |      66 |    70.0 | 6,06 | mscpd2.txt |6,4e+02 |
| 9 | 1900 | 5000 |   55 |       0.45 |1585378770696 |      66 |    70.0 | 6,06 | mscpd2.txt |6,9e+02 |
| 9 | 2000 | 5000 |   55 |       0.45 |1585378770696 |      66 |    70.0 | 6,06 | mscpd2.txt |7,4e+02 |
| 9 | 2100 | 5000 |   60 |       0.45 |1585378770696 |      66 |    70.0 | 6,06 | mscpd2.txt |8,0e+02 |
| 9 | 2200 | 5000 |   60 |       0.45 |1585378770696 |      66 |    70.0 | 6,06 | mscpd2.txt |8,3e+02 |
| 9 | 2300 | 5000 |   60 |       0.45 |1585378770696 |      66 |    70.0 | 6,06 | mscpd2.txt |8,7e+02 |
| 9 | 2400 | 5000 |   60 |       0.45 |1585378770696 |      66 |    70.0 | 6,06 | mscpd2.txt |9,0e+02 |
| 9 | 2500 | 5000 |   65 |       0.45 |1585378770696 |      66 |    70.0 | 6,06 | mscpd2.txt |9,5e+02 |
| 9 | 2600 | 5000 |   65 |       0.45 |1585378770696 |      66 |    70.0 | 6,06 | mscpd2.txt |9,7e+02 |
| 9 | 2700 | 5000 |   65 |       0.45 |1585378770696 |      66 |    70.0 | 6,06 | mscpd2.txt |9,9e+02 |
| 9 | 2800 | 5000 |   65 |       0.45 |1585378770696 |      66 |    70.0 | 6,06 | mscpd2.txt |1,0e+03 |
| 9 | 2900 | 5000 |   70 |       0.45 |1585378770696 |      66 |    70.0 | 6,06 | mscpd2.txt |1,1e+03 |
| 9 | 3000 | 5000 |   70 |       0.45 |1585378770696 |      66 |    70.0 | 6,06 | mscpd2.txt |1,1e+03 |
| 9 | 3100 | 5000 |   70 |       0.45 |1585378770696 |      66 |    70.0 | 6,06 | mscpd2.txt |1,1e+03 |
| 9 | 3200 | 5000 |   70 |       0.45 |1585378770696 |      66 |    70.0 | 6,06 | mscpd2.txt |1,2e+03 |
| 9 | 3300 | 5000 |   75 |       0.45 |1585378770696 |      66 |    70.0 | 6,06 | mscpd2.txt |1,2e+03 |
| 9 | 3400 | 5000 |   75 |       0.45 |1585378770696 |      66 |    70.0 | 6,06 | mscpd2.txt |1,2e+03 |
| 9 | 3500 | 5000 |   75 |       0.45 |1585378770696 |      66 |    70.0 | 6,06 | mscpd2.txt |1,3e+03 |
| 9 | 3600 | 5000 |   75 |       0.45 |1585378770696 |      66 |    70.0 | 6,06 | mscpd2.txt |1,3e+03 |
| 9 | 3700 | 5000 |   80 |       0.45 |1585378770696 |      66 |    70.0 | 6,06 | mscpd2.txt |1,3e+03 |
| 9 | 3800 | 5000 |   80 |       0.45 |1585378770696 |      66 |    70.0 | 6,06 | mscpd2.txt |1,3e+03 |
| 9 | 3900 | 5000 |   80 |       0.45 |1585378770696 |      66 |    70.0 | 6,06 | mscpd2.txt |1,4e+03 |
| 9 | 4000 | 5000 |   80 |       0.45 |1585378770696 |      66 |    70.0 | 6,06 | mscpd2.txt |1,4e+03 |
| 9 | 4100 | 5000 |   85 |       0.45 |1585378770696 |      66 |    70.0 | 6,06 | mscpd2.txt |1,5e+03 |
| 9 | 4200 | 5000 |   85 |       0.45 |1585378770696 |      66 |    70.0 | 6,06 | mscpd2.txt |1,5e+03 |
| 9 | 4300 | 5000 |   85 |       0.45 |1585378770696 |      66 |    70.0 | 6,06 | mscpd2.txt |1,6e+03 |
| 9 | 4400 | 5000 |   85 |       0.45 |1585378770696 |      66 |    70.0 | 6,06 | mscpd2.txt |1,6e+03 |
| 9 | 4500 | 5000 |   90 |       0.45 |1585378770696 |      66 |    70.0 | 6,06 | mscpd2.txt |1,7e+03 |
| 9 | 4600 | 5000 |   90 |       0.45 |1585378770696 |      66 |    70.0 | 6,06 | mscpd2.txt |1,7e+03 |
| 9 | 4700 | 5000 |   90 |       0.45 |1585378770696 |      66 |    70.0 | 6,06 | mscpd2.txt |1,7e+03 |
| 9 | 4800 | 5000 |   90 |       0.45 |1585378770696 |      66 |    70.0 | 6,06 | mscpd2.txt |1,8e+03 |
| 9 | 4900 | 5000 |   95 |       0.45 |1585378770696 |      66 |    70.0 | 6,06 | mscpd2.txt |1,8e+03 |
| 9 | 5000 | 5000 |   95 |       0.45 |1585378770696 |      66 |    70.0 | 6,06 | mscpd2.txt |1,9e+03 |
| 9 |  400 | 5000 |   95 |       0.45 |1585378770696 |      66 |    70.0 | 6,06 | mscpd2.txt |1,9e+03 |
|10 |    1 | 5000 |   35 |       0.25 |1585380627288 |      66 |  2839.0 |4201,52 | mscpd2.txt |0,010 |
|10 |  100 | 5000 |   35 | 0.37142858 |1585380627288 |      66 |  2442.0 |3600,00 | mscpd2.txt | 0,86 |
|10 |  200 | 5000 |   35 |        0.4 |1585380627288 |      66 |  2295.0 |3377,27 | mscpd2.txt |  1,8 |
|10 |  300 | 5000 |   35 |       0.45 |1585380627288 |      66 |  2084.0 |3057,58 | mscpd2.txt |  3,6 |
|10 |  400 | 5000 |   40 |       0.45 |1585380627288 |      66 |    70.0 | 6,06 | mscpd2.txt |   60 |
|10 |  500 | 5000 |   40 |       0.45 |1585380627288 |      66 |    70.0 | 6,06 | mscpd2.txt |1,3e+02 |
|10 |  600 | 5000 |   40 |       0.45 |1585380627288 |      66 |    70.0 | 6,06 | mscpd2.txt |1,8e+02 |
|10 |  700 | 5000 |   40 |      0.425 |1585380627288 |      66 |    70.0 | 6,06 | mscpd2.txt |2,1e+02 |
|10 |  800 | 5000 |   45 | 0.42222223 |1585380627288 |      66 |    70.0 | 6,06 | mscpd2.txt |2,5e+02 |
|10 |  900 | 5000 |   45 | 0.42222223 |1585380627288 |      66 |    70.0 | 6,06 | mscpd2.txt |3,0e+02 |
|10 | 1000 | 5000 |   45 | 0.42222223 |1585380627288 |      66 |    70.0 | 6,06 | mscpd2.txt |3,4e+02 |
|10 | 1100 | 5000 |   45 | 0.42222223 |1585380627288 |      66 |    70.0 | 6,06 | mscpd2.txt |3,9e+02 |
|10 | 1200 | 5000 |   50 |       0.45 |1585380627288 |      66 |    70.0 | 6,06 | mscpd2.txt |4,4e+02 |
|10 | 1300 | 5000 |   50 |       0.45 |1585380627288 |      66 |    70.0 | 6,06 | mscpd2.txt |4,8e+02 |
|10 | 1400 | 5000 |   50 |       0.45 |1585380627288 |      66 |    70.0 | 6,06 | mscpd2.txt |5,1e+02 |
|10 | 1500 | 5000 |   50 |       0.45 |1585380627288 |      66 |    70.0 | 6,06 | mscpd2.txt |5,5e+02 |
|10 | 1600 | 5000 |   55 |       0.45 |1585380627288 |      66 |    70.0 | 6,06 | mscpd2.txt |6,0e+02 |
|10 | 1700 | 5000 |   55 |       0.45 |1585380627288 |      66 |    70.0 | 6,06 | mscpd2.txt |6,4e+02 |
|10 | 1800 | 5000 |   55 |       0.45 |1585380627288 |      66 |    70.0 | 6,06 | mscpd2.txt |6,9e+02 |
|10 | 1900 | 5000 |   55 |       0.45 |1585380627288 |      66 |    70.0 | 6,06 | mscpd2.txt |7,4e+02 |
|10 | 2000 | 5000 |   60 |       0.45 |1585380627288 |      66 |    70.0 | 6,06 | mscpd2.txt |8,0e+02 |
|10 | 2100 | 5000 |   60 |       0.45 |1585380627288 |      66 |    70.0 | 6,06 | mscpd2.txt |8,3e+02 |
|10 | 2200 | 5000 |   60 |       0.45 |1585380627288 |      66 |    70.0 | 6,06 | mscpd2.txt |8,6e+02 |
|10 | 2300 | 5000 |   60 |       0.45 |1585380627288 |      66 |    70.0 | 6,06 | mscpd2.txt |9,0e+02 |
|10 | 2400 | 5000 |   65 |       0.45 |1585380627288 |      66 |    70.0 | 6,06 | mscpd2.txt |9,4e+02 |
|10 | 2500 | 5000 |   65 |       0.45 |1585380627288 |      66 |    70.0 | 6,06 | mscpd2.txt |9,7e+02 |
|10 | 2600 | 5000 |   65 |       0.45 |1585380627288 |      66 |    70.0 | 6,06 | mscpd2.txt |9,9e+02 |
|10 | 2700 | 5000 |   65 |       0.45 |1585380627288 |      66 |    70.0 | 6,06 | mscpd2.txt |1,0e+03 |
|10 | 2800 | 5000 |   70 |       0.45 |1585380627288 |      66 |    70.0 | 6,06 | mscpd2.txt |1,0e+03 |
|10 | 2900 | 5000 |   70 |       0.45 |1585380627288 |      66 |    70.0 | 6,06 | mscpd2.txt |1,1e+03 |
|10 | 3000 | 5000 |   70 |       0.45 |1585380627288 |      66 |    70.0 | 6,06 | mscpd2.txt |1,1e+03 |
|10 | 3100 | 5000 |   70 |       0.45 |1585380627288 |      66 |    70.0 | 6,06 | mscpd2.txt |1,1e+03 |
|10 | 3200 | 5000 |   75 |       0.45 |1585380627288 |      66 |    70.0 | 6,06 | mscpd2.txt |1,2e+03 |
|10 | 3300 | 5000 |   75 |       0.45 |1585380627288 |      66 |    70.0 | 6,06 | mscpd2.txt |1,2e+03 |
|10 | 3400 | 5000 |   75 |       0.45 |1585380627288 |      66 |    70.0 | 6,06 | mscpd2.txt |1,3e+03 |
|10 | 3500 | 5000 |   75 |       0.45 |1585380627288 |      66 |    70.0 | 6,06 | mscpd2.txt |1,3e+03 |
|10 | 3600 | 5000 |   80 |       0.45 |1585380627288 |      66 |    70.0 | 6,06 | mscpd2.txt |1,4e+03 |
|10 | 3700 | 5000 |   80 |       0.45 |1585380627288 |      66 |    70.0 | 6,06 | mscpd2.txt |1,4e+03 |
|10 | 3800 | 5000 |   80 |       0.45 |1585380627288 |      66 |    70.0 | 6,06 | mscpd2.txt |1,5e+03 |
|10 | 3900 | 5000 |   80 |       0.45 |1585380627288 |      66 |    70.0 | 6,06 | mscpd2.txt |1,5e+03 |
|10 | 4000 | 5000 |   85 |       0.45 |1585380627288 |      66 |    70.0 | 6,06 | mscpd2.txt |1,5e+03 |
|10 | 4100 | 5000 |   85 |       0.45 |1585380627288 |      66 |    70.0 | 6,06 | mscpd2.txt |1,6e+03 |
|10 | 4200 | 5000 |   85 |       0.45 |1585380627288 |      66 |    70.0 | 6,06 | mscpd2.txt |1,6e+03 |
|10 | 4300 | 5000 |   85 |       0.45 |1585380627288 |      66 |    70.0 | 6,06 | mscpd2.txt |1,7e+03 |
|10 | 4400 | 5000 |   90 |       0.45 |1585380627288 |      66 |    70.0 | 6,06 | mscpd2.txt |1,7e+03 |
|10 | 4500 | 5000 |   90 |       0.45 |1585380627288 |      66 |    70.0 | 6,06 | mscpd2.txt |1,8e+03 |
|10 | 4600 | 5000 |   90 |       0.45 |1585380627288 |      66 |    70.0 | 6,06 | mscpd2.txt |1,8e+03 |
|10 | 4700 | 5000 |   90 |       0.45 |1585380627288 |      66 |    70.0 | 6,06 | mscpd2.txt |1,9e+03 |
|10 | 4800 | 5000 |   95 |       0.45 |1585380627288 |      66 |    70.0 | 6,06 | mscpd2.txt |1,9e+03 |
|10 | 4900 | 5000 |   95 |       0.45 |1585380627288 |      66 |    70.0 | 6,06 | mscpd2.txt |2,0e+03 |
|10 | 5000 | 5000 |   95 |       0.45 |1585380627288 |      66 |    70.0 | 6,06 | mscpd2.txt |2,0e+03 |
|10 |  400 | 5000 |   95 |       0.45 |1585380627288 |      66 |    70.0 | 6,06 | mscpd2.txt |2,0e+03 |
|11 |    1 | 5000 |   35 |       0.25 |1585382636498 |      66 |  2832.0 |4190,91 | mscpd2.txt |0,0070 |
|11 |  100 | 5000 |   35 | 0.34285715 |1585382636498 |      66 |  2340.0 |3445,45 | mscpd2.txt |  1,8 |
|11 |  200 | 5000 |   40 |       0.45 |1585382636498 |      66 |    71.0 | 7,58 | mscpd2.txt |   49 |
|11 |  300 | 5000 |   40 |       0.45 |1585382636498 |      66 |    70.0 | 6,06 | mscpd2.txt |1,1e+02 |
|11 |  400 | 5000 |   40 |       0.45 |1585382636498 |      66 |    70.0 | 6,06 | mscpd2.txt |1,7e+02 |
|11 |  500 | 5000 |   40 |       0.45 |1585382636498 |      66 |    70.0 | 6,06 | mscpd2.txt |2,2e+02 |
|11 |  600 | 5000 |   45 |       0.45 |1585382636498 |      66 |    70.0 | 6,06 | mscpd2.txt |2,6e+02 |
|11 |  700 | 5000 |   45 |       0.45 |1585382636498 |      66 |    70.0 | 6,06 | mscpd2.txt |3,1e+02 |
|11 |  800 | 5000 |   45 |       0.45 |1585382636498 |      66 |    70.0 | 6,06 | mscpd2.txt |3,5e+02 |
|11 |  900 | 5000 |   45 |       0.45 |1585382636498 |      66 |    70.0 | 6,06 | mscpd2.txt |4,0e+02 |
|11 | 1000 | 5000 |   50 |       0.45 |1585382636498 |      66 |    70.0 | 6,06 | mscpd2.txt |4,5e+02 |
|11 | 1100 | 5000 |   50 |       0.45 |1585382636498 |      66 |    70.0 | 6,06 | mscpd2.txt |4,9e+02 |
|11 | 1200 | 5000 |   50 |       0.45 |1585382636498 |      66 |    70.0 | 6,06 | mscpd2.txt |5,3e+02 |
|11 | 1300 | 5000 |   50 |       0.45 |1585382636498 |      66 |    70.0 | 6,06 | mscpd2.txt |5,7e+02 |
|11 | 1400 | 5000 |   55 |       0.45 |1585382636498 |      66 |    70.0 | 6,06 | mscpd2.txt |6,3e+02 |
|11 | 1500 | 5000 |   55 |       0.45 |1585382636498 |      66 |    70.0 | 6,06 | mscpd2.txt |6,8e+02 |
|11 | 1600 | 5000 |   55 |       0.45 |1585382636498 |      66 |    70.0 | 6,06 | mscpd2.txt |7,3e+02 |
|11 | 1700 | 5000 |   55 |       0.45 |1585382636498 |      66 |    70.0 | 6,06 | mscpd2.txt |7,9e+02 |
|11 | 1800 | 5000 |   60 |       0.45 |1585382636498 |      66 |    70.0 | 6,06 | mscpd2.txt |8,5e+02 |
|11 | 1900 | 5000 |   60 |       0.45 |1585382636498 |      66 |    70.0 | 6,06 | mscpd2.txt |9,0e+02 |
|11 | 2000 | 5000 |   60 |       0.45 |1585382636498 |      66 |    70.0 | 6,06 | mscpd2.txt |9,4e+02 |
|11 | 2100 | 5000 |   60 |       0.45 |1585382636498 |      66 |    70.0 | 6,06 | mscpd2.txt |9,9e+02 |
|11 | 2200 | 5000 |   65 |       0.45 |1585382636498 |      66 |    70.0 | 6,06 | mscpd2.txt |1,0e+03 |
|11 | 2300 | 5000 |   65 |       0.45 |1585382636498 |      66 |    70.0 | 6,06 | mscpd2.txt |1,1e+03 |
|11 | 2400 | 5000 |   65 |       0.45 |1585382636498 |      66 |    70.0 | 6,06 | mscpd2.txt |1,2e+03 |
|11 | 2500 | 5000 |   65 |       0.45 |1585382636498 |      66 |    70.0 | 6,06 | mscpd2.txt |1,2e+03 |
|11 | 2600 | 5000 |   70 |       0.45 |1585382636498 |      66 |    70.0 | 6,06 | mscpd2.txt |1,3e+03 |
|11 | 2700 | 5000 |   70 |       0.45 |1585382636498 |      66 |    70.0 | 6,06 | mscpd2.txt |1,3e+03 |
|11 | 2800 | 5000 |   70 |       0.45 |1585382636498 |      66 |    70.0 | 6,06 | mscpd2.txt |1,4e+03 |
|11 | 2900 | 5000 |   70 |       0.45 |1585382636498 |      66 |    70.0 | 6,06 | mscpd2.txt |1,4e+03 |
|11 | 3000 | 5000 |   75 |       0.45 |1585382636498 |      66 |    70.0 | 6,06 | mscpd2.txt |1,5e+03 |
|11 | 3100 | 5000 |   75 |       0.45 |1585382636498 |      66 |    70.0 | 6,06 | mscpd2.txt |1,5e+03 |
|11 | 3200 | 5000 |   75 |       0.45 |1585382636498 |      66 |    70.0 | 6,06 | mscpd2.txt |1,6e+03 |
|11 | 3300 | 5000 |   75 |       0.45 |1585382636498 |      66 |    70.0 | 6,06 | mscpd2.txt |1,7e+03 |
|11 | 3400 | 5000 |   80 |       0.45 |1585382636498 |      66 |    70.0 | 6,06 | mscpd2.txt |1,7e+03 |
|11 | 3500 | 5000 |   80 |       0.45 |1585382636498 |      66 |    70.0 | 6,06 | mscpd2.txt |1,8e+03 |
|11 | 3600 | 5000 |   80 |       0.45 |1585382636498 |      66 |    70.0 | 6,06 | mscpd2.txt |1,9e+03 |
|11 | 3700 | 5000 |   80 |       0.45 |1585382636498 |      66 |    70.0 | 6,06 | mscpd2.txt |1,9e+03 |
|11 | 3800 | 5000 |   85 |       0.45 |1585382636498 |      66 |    70.0 | 6,06 | mscpd2.txt |2,0e+03 |
|11 | 3900 | 5000 |   85 |       0.45 |1585382636498 |      66 |    70.0 | 6,06 | mscpd2.txt |2,1e+03 |
|11 | 4000 | 5000 |   85 |       0.45 |1585382636498 |      66 |    70.0 | 6,06 | mscpd2.txt |2,1e+03 |
|11 | 4100 | 5000 |   85 |       0.45 |1585382636498 |      66 |    70.0 | 6,06 | mscpd2.txt |2,2e+03 |
|11 | 4200 | 5000 |   90 |       0.45 |1585382636498 |      66 |    70.0 | 6,06 | mscpd2.txt |2,2e+03 |
|11 | 4300 | 5000 |   90 |       0.45 |1585382636498 |      66 |    70.0 | 6,06 | mscpd2.txt |2,3e+03 |
|11 | 4400 | 5000 |   90 |       0.45 |1585382636498 |      66 |    70.0 | 6,06 | mscpd2.txt |2,4e+03 |
|11 | 4500 | 5000 |   90 |       0.45 |1585382636498 |      66 |    70.0 | 6,06 | mscpd2.txt |2,4e+03 |
|11 | 4600 | 5000 |   95 |       0.45 |1585382636498 |      66 |    70.0 | 6,06 | mscpd2.txt |2,5e+03 |
|11 | 4700 | 5000 |   95 |       0.45 |1585382636498 |      66 |    70.0 | 6,06 | mscpd2.txt |2,6e+03 |
|11 | 4800 | 5000 |   95 |       0.45 |1585382636498 |      66 |    70.0 | 6,06 | mscpd2.txt |2,7e+03 |
|11 | 4900 | 5000 |   95 |       0.45 |1585382636498 |      66 |    70.0 | 6,06 | mscpd2.txt |2,8e+03 |
|11 | 5000 | 5000 |  100 |       0.45 |1585382636498 |      66 |    70.0 | 6,06 | mscpd2.txt |2,8e+03 |
|11 |  400 | 5000 |  100 |       0.45 |1585382636498 |      66 |    70.0 | 6,06 | mscpd2.txt |2,8e+03 |
|12 |    1 | 5000 |   35 |       0.25 |1585385482018 |      66 |  2834.0 |4193,94 | mscpd2.txt |0,0080 |
|12 |  100 | 5000 |   35 |       0.45 |1585385482018 |      66 |  2308.0 |3396,97 | mscpd2.txt |  1,2 |
|12 |  200 | 5000 |   35 | 0.31428573 |1585385482018 |      66 |  2209.0 |3246,97 | mscpd2.txt |  2,1 |
|12 |  300 | 5000 |   35 |  0.2857143 |1585385482018 |      66 |  2055.0 |3013,64 | mscpd2.txt |  3,0 |
|12 |  400 | 5000 |   40 |       0.45 |1585385482018 |      66 |    70.0 | 6,06 | mscpd2.txt |   63 |
|12 |  500 | 5000 |   40 |       0.45 |1585385482018 |      66 |    70.0 | 6,06 | mscpd2.txt |1,3e+02 |
|12 |  600 | 5000 |   40 |       0.45 |1585385482018 |      66 |    70.0 | 6,06 | mscpd2.txt |2,1e+02 |
|12 |  700 | 5000 |   40 |       0.45 |1585385482018 |      66 |    70.0 | 6,06 | mscpd2.txt |2,6e+02 |
|12 |  800 | 5000 |   45 | 0.44444445 |1585385482018 |      66 |    70.0 | 6,06 | mscpd2.txt |3,0e+02 |
|12 |  900 | 5000 |   45 | 0.44444445 |1585385482018 |      66 |    70.0 | 6,06 | mscpd2.txt |3,4e+02 |
|12 | 1000 | 5000 |   45 | 0.44444445 |1585385482018 |      66 |    70.0 | 6,06 | mscpd2.txt |3,9e+02 |
|12 | 1100 | 5000 |   45 |       0.45 |1585385482018 |      66 |    70.0 | 6,06 | mscpd2.txt |4,3e+02 |
|12 | 1200 | 5000 |   50 |       0.45 |1585385482018 |      66 |    70.0 | 6,06 | mscpd2.txt |4,9e+02 |
|12 | 1300 | 5000 |   50 |       0.45 |1585385482018 |      66 |    70.0 | 6,06 | mscpd2.txt |5,2e+02 |
|12 | 1400 | 5000 |   50 |       0.45 |1585385482018 |      66 |    70.0 | 6,06 | mscpd2.txt |5,6e+02 |
|12 | 1500 | 5000 |   50 |       0.45 |1585385482018 |      66 |    70.0 | 6,06 | mscpd2.txt |6,0e+02 |
|12 | 1600 | 5000 |   55 |       0.45 |1585385482018 |      66 |    70.0 | 6,06 | mscpd2.txt |6,5e+02 |
|12 | 1700 | 5000 |   55 |       0.45 |1585385482018 |      66 |    70.0 | 6,06 | mscpd2.txt |7,0e+02 |
|12 | 1800 | 5000 |   55 |       0.45 |1585385482018 |      66 |    70.0 | 6,06 | mscpd2.txt |7,5e+02 |
|12 | 1900 | 5000 |   55 |       0.45 |1585385482018 |      66 |    70.0 | 6,06 | mscpd2.txt |8,0e+02 |
|12 | 2000 | 5000 |   60 |       0.45 |1585385482018 |      66 |    70.0 | 6,06 | mscpd2.txt |8,6e+02 |
|12 | 2100 | 5000 |   60 |       0.45 |1585385482018 |      66 |    70.0 | 6,06 | mscpd2.txt |9,2e+02 |
|12 | 2200 | 5000 |   60 |       0.45 |1585385482018 |      66 |    70.0 | 6,06 | mscpd2.txt |9,8e+02 |
|12 | 2300 | 5000 |   60 |       0.45 |1585385482018 |      66 |    70.0 | 6,06 | mscpd2.txt |1,0e+03 |
|12 | 2400 | 5000 |   65 |       0.45 |1585385482018 |      66 |    70.0 | 6,06 | mscpd2.txt |1,1e+03 |
|12 | 2500 | 5000 |   65 |       0.45 |1585385482018 |      66 |    70.0 | 6,06 | mscpd2.txt |1,2e+03 |
|12 | 2600 | 5000 |   65 |       0.45 |1585385482018 |      66 |    70.0 | 6,06 | mscpd2.txt |1,2e+03 |
|12 | 2700 | 5000 |   65 |       0.45 |1585385482018 |      66 |    70.0 | 6,06 | mscpd2.txt |1,3e+03 |
|12 | 2800 | 5000 |   70 |       0.45 |1585385482018 |      66 |    70.0 | 6,06 | mscpd2.txt |1,3e+03 |
|12 | 2900 | 5000 |   70 |       0.45 |1585385482018 |      66 |    70.0 | 6,06 | mscpd2.txt |1,4e+03 |
|12 | 3000 | 5000 |   70 |       0.45 |1585385482018 |      66 |    70.0 | 6,06 | mscpd2.txt |1,4e+03 |
|12 | 3100 | 5000 |   70 |       0.45 |1585385482018 |      66 |    70.0 | 6,06 | mscpd2.txt |1,5e+03 |
|12 | 3200 | 5000 |   75 |       0.45 |1585385482018 |      66 |    70.0 | 6,06 | mscpd2.txt |1,6e+03 |
|12 | 3300 | 5000 |   75 |       0.45 |1585385482018 |      66 |    70.0 | 6,06 | mscpd2.txt |1,6e+03 |
|12 | 3400 | 5000 |   75 |       0.45 |1585385482018 |      66 |    70.0 | 6,06 | mscpd2.txt |1,7e+03 |
|12 | 3500 | 5000 |   75 |       0.45 |1585385482018 |      66 |    70.0 | 6,06 | mscpd2.txt |1,7e+03 |
|12 | 3600 | 5000 |   80 |       0.45 |1585385482018 |      66 |    70.0 | 6,06 | mscpd2.txt |1,8e+03 |
|12 | 3700 | 5000 |   80 |       0.45 |1585385482018 |      66 |    70.0 | 6,06 | mscpd2.txt |1,8e+03 |
|12 | 3800 | 5000 |   80 |       0.45 |1585385482018 |      66 |    70.0 | 6,06 | mscpd2.txt |1,9e+03 |
|12 | 3900 | 5000 |   80 |       0.45 |1585385482018 |      66 |    70.0 | 6,06 | mscpd2.txt |1,9e+03 |
|12 | 4000 | 5000 |   85 |       0.45 |1585385482018 |      66 |    70.0 | 6,06 | mscpd2.txt |2,0e+03 |
|12 | 4100 | 5000 |   85 |       0.45 |1585385482018 |      66 |    70.0 | 6,06 | mscpd2.txt |2,0e+03 |
|12 | 4200 | 5000 |   85 |       0.45 |1585385482018 |      66 |    70.0 | 6,06 | mscpd2.txt |2,1e+03 |
|12 | 4300 | 5000 |   85 |       0.45 |1585385482018 |      66 |    70.0 | 6,06 | mscpd2.txt |2,1e+03 |
|12 | 4400 | 5000 |   90 |       0.45 |1585385482018 |      66 |    70.0 | 6,06 | mscpd2.txt |2,1e+03 |
|12 | 4500 | 5000 |   90 |       0.45 |1585385482018 |      66 |    70.0 | 6,06 | mscpd2.txt |2,2e+03 |
|12 | 4600 | 5000 |   90 |       0.45 |1585385482018 |      66 |    70.0 | 6,06 | mscpd2.txt |2,2e+03 |
|12 | 4700 | 5000 |   90 |       0.45 |1585385482018 |      66 |    70.0 | 6,06 | mscpd2.txt |2,2e+03 |
|12 | 4800 | 5000 |   95 |       0.45 |1585385482018 |      66 |    70.0 | 6,06 | mscpd2.txt |2,2e+03 |
|12 | 4900 | 5000 |   95 |       0.45 |1585385482018 |      66 |    70.0 | 6,06 | mscpd2.txt |2,3e+03 |
|12 | 5000 | 5000 |   95 |       0.45 |1585385482018 |      66 |    70.0 | 6,06 | mscpd2.txt |2,3e+03 |
|12 |  400 | 5000 |   95 |       0.45 |1585385482018 |      66 |    70.0 | 6,06 | mscpd2.txt |2,3e+03 |
|13 |    1 | 5000 |   35 |       0.25 |1585387803614 |      66 |  2872.0 |4251,52 | mscpd2.txt |0,0080 |
|13 |  100 | 5000 |   35 | 0.31428573 |1585387803614 |      66 |  2408.0 |3548,48 | mscpd2.txt |  1,0 |
|13 |  200 | 5000 |   40 |       0.45 |1585387803614 |      66 |    71.0 | 7,58 | mscpd2.txt |   52 |
|13 |  300 | 5000 |   40 |       0.45 |1585387803614 |      66 |    71.0 | 7,58 | mscpd2.txt |1,2e+02 |
|13 |  400 | 5000 |   40 |       0.45 |1585387803614 |      66 |    70.0 | 6,06 | mscpd2.txt |1,8e+02 |
|13 |  500 | 5000 |   40 |       0.45 |1585387803614 |      66 |    70.0 | 6,06 | mscpd2.txt |2,3e+02 |
|13 |  600 | 5000 |   45 |       0.45 |1585387803614 |      66 |    70.0 | 6,06 | mscpd2.txt |2,8e+02 |
|13 |  700 | 5000 |   45 |       0.45 |1585387803614 |      66 |    70.0 | 6,06 | mscpd2.txt |3,3e+02 |
|13 |  800 | 5000 |   45 |       0.45 |1585387803614 |      66 |    70.0 | 6,06 | mscpd2.txt |3,5e+02 |
|13 |  900 | 5000 |   45 |       0.45 |1585387803614 |      66 |    70.0 | 6,06 | mscpd2.txt |3,8e+02 |
|13 | 1000 | 5000 |   50 |       0.45 |1585387803614 |      66 |    70.0 | 6,06 | mscpd2.txt |4,2e+02 |
|13 | 1100 | 5000 |   50 |       0.45 |1585387803614 |      66 |    70.0 | 6,06 | mscpd2.txt |4,5e+02 |
|13 | 1200 | 5000 |   50 |       0.45 |1585387803614 |      66 |    70.0 | 6,06 | mscpd2.txt |4,7e+02 |
|13 | 1300 | 5000 |   50 |       0.45 |1585387803614 |      66 |    70.0 | 6,06 | mscpd2.txt |4,9e+02 |
|13 | 1400 | 5000 |   55 |       0.45 |1585387803614 |      66 |    70.0 | 6,06 | mscpd2.txt |5,3e+02 |
|13 | 1500 | 5000 |   55 |       0.45 |1585387803614 |      66 |    70.0 | 6,06 | mscpd2.txt |5,4e+02 |
|13 | 1600 | 5000 |   55 |       0.45 |1585387803614 |      66 |    70.0 | 6,06 | mscpd2.txt |5,6e+02 |
|13 | 1700 | 5000 |   55 |       0.45 |1585387803614 |      66 |    70.0 | 6,06 | mscpd2.txt |5,8e+02 |
|13 | 1800 | 5000 |   60 |       0.45 |1585387803614 |      66 |    70.0 | 6,06 | mscpd2.txt |6,1e+02 |
|13 | 1900 | 5000 |   60 |       0.45 |1585387803614 |      66 |    70.0 | 6,06 | mscpd2.txt |6,4e+02 |
|13 | 2000 | 5000 |   60 |       0.45 |1585387803614 |      66 |    70.0 | 6,06 | mscpd2.txt |6,7e+02 |
|13 | 2100 | 5000 |   60 |       0.45 |1585387803614 |      66 |    70.0 | 6,06 | mscpd2.txt |7,0e+02 |
|13 | 2200 | 5000 |   65 |       0.45 |1585387803614 |      66 |    70.0 | 6,06 | mscpd2.txt |7,4e+02 |
|13 | 2300 | 5000 |   65 |       0.45 |1585387803614 |      66 |    70.0 | 6,06 | mscpd2.txt |7,7e+02 |
|13 | 2400 | 5000 |   65 |       0.45 |1585387803614 |      66 |    70.0 | 6,06 | mscpd2.txt |7,9e+02 |
|13 | 2500 | 5000 |   65 |       0.45 |1585387803614 |      66 |    70.0 | 6,06 | mscpd2.txt |8,2e+02 |
|13 | 2600 | 5000 |   70 |       0.45 |1585387803614 |      66 |    70.0 | 6,06 | mscpd2.txt |8,5e+02 |
|13 | 2700 | 5000 |   70 |       0.45 |1585387803614 |      66 |    70.0 | 6,06 | mscpd2.txt |8,8e+02 |
|13 | 2800 | 5000 |   70 |       0.45 |1585387803614 |      66 |    70.0 | 6,06 | mscpd2.txt |9,0e+02 |
|13 | 2900 | 5000 |   70 | 0.21428572 |1585387803614 |      66 |    70.0 | 6,06 | mscpd2.txt |9,1e+02 |
|13 | 3000 | 5000 |   75 |       0.45 |1585387803614 |      66 |    70.0 | 6,06 | mscpd2.txt |9,3e+02 |
|13 | 3100 | 5000 |   75 |       0.45 |1585387803614 |      66 |    70.0 | 6,06 | mscpd2.txt |9,4e+02 |
|13 | 3200 | 5000 |   75 |       0.45 |1585387803614 |      66 |    70.0 | 6,06 | mscpd2.txt |9,4e+02 |
|13 | 3300 | 5000 |   75 |       0.32 |1585387803614 |      66 |    70.0 | 6,06 | mscpd2.txt |9,5e+02 |
|13 | 3400 | 5000 |   80 |       0.45 |1585387803614 |      66 |    70.0 | 6,06 | mscpd2.txt |9,6e+02 |
|13 | 3500 | 5000 |   80 |       0.45 |1585387803614 |      66 |    70.0 | 6,06 | mscpd2.txt |9,7e+02 |
|13 | 3600 | 5000 |   80 |      0.425 |1585387803614 |      66 |    70.0 | 6,06 | mscpd2.txt |9,7e+02 |
|13 | 3700 | 5000 |   80 |      0.425 |1585387803614 |      66 |    70.0 | 6,06 | mscpd2.txt |9,8e+02 |
|13 | 3800 | 5000 |   85 |       0.45 |1585387803614 |      66 |    70.0 | 6,06 | mscpd2.txt |9,9e+02 |
|13 | 3900 | 5000 |   85 |       0.45 |1585387803614 |      66 |    70.0 | 6,06 | mscpd2.txt |1,0e+03 |
|13 | 4000 | 5000 |   85 |  0.4117647 |1585387803614 |      66 |    70.0 | 6,06 | mscpd2.txt |1,0e+03 |
|13 | 4100 | 5000 |   85 |  0.4117647 |1585387803614 |      66 |    70.0 | 6,06 | mscpd2.txt |1,0e+03 |
|13 | 4200 | 5000 |   90 |       0.45 |1585387803614 |      66 |    70.0 | 6,06 | mscpd2.txt |1,0e+03 |
|13 | 4300 | 5000 |   90 |       0.45 |1585387803614 |      66 |    70.0 | 6,06 | mscpd2.txt |1,0e+03 |
|13 | 4400 | 5000 |   90 | 0.41111112 |1585387803614 |      66 |    70.0 | 6,06 | mscpd2.txt |1,0e+03 |
|13 | 4500 | 5000 |   90 | 0.41111112 |1585387803614 |      66 |    70.0 | 6,06 | mscpd2.txt |1,0e+03 |
|13 | 4600 | 5000 |   95 |       0.45 |1585387803614 |      66 |    70.0 | 6,06 | mscpd2.txt |1,1e+03 |
|13 | 4700 | 5000 |   95 |       0.45 |1585387803614 |      66 |    70.0 | 6,06 | mscpd2.txt |1,1e+03 |
|13 | 4800 | 5000 |   95 |       0.45 |1585387803614 |      66 |    70.0 | 6,06 | mscpd2.txt |1,1e+03 |
|13 | 4900 | 5000 |   95 |       0.45 |1585387803614 |      66 |    70.0 | 6,06 | mscpd2.txt |1,1e+03 |
|13 | 5000 | 5000 |  100 |       0.45 |1585387803614 |      66 |    70.0 | 6,06 | mscpd2.txt |1,1e+03 |
|13 |  400 | 5000 |  100 |       0.45 |1585387803614 |      66 |    70.0 | 6,06 | mscpd2.txt |1,1e+03 |
|14 |    1 | 5000 |   35 |       0.25 |1585388905619 |      66 |  2823.0 |4177,27 | mscpd2.txt |0,0090 |
|14 |  100 | 5000 |   35 | 0.42857143 |1585388905619 |      66 |  2360.0 |3475,76 | mscpd2.txt | 0,85 |
|14 |  200 | 5000 |   35 | 0.31428573 |1585388905619 |      66 |  2161.0 |3174,24 | mscpd2.txt |  1,9 |
|14 |  300 | 5000 |   35 | 0.34285715 |1585388905619 |      66 |  2055.0 |3013,64 | mscpd2.txt |  2,8 |
|14 |  400 | 5000 |   40 |       0.45 |1585388905619 |      66 |    71.0 | 7,58 | mscpd2.txt |   60 |
|14 |  500 | 5000 |   40 |       0.45 |1585388905619 |      66 |    70.0 | 6,06 | mscpd2.txt |1,3e+02 |
|14 |  600 | 5000 |   40 |       0.45 |1585388905619 |      66 |    70.0 | 6,06 | mscpd2.txt |1,8e+02 |
|14 |  700 | 5000 |   40 |       0.45 |1585388905619 |      66 |    70.0 | 6,06 | mscpd2.txt |2,1e+02 |
|14 |  800 | 5000 |   45 |       0.45 |1585388905619 |      66 |    70.0 | 6,06 | mscpd2.txt |2,5e+02 |
|14 |  900 | 5000 |   45 |       0.45 |1585388905619 |      66 |    70.0 | 6,06 | mscpd2.txt |2,9e+02 |
|14 | 1000 | 5000 |   45 |       0.45 |1585388905619 |      66 |    70.0 | 6,06 | mscpd2.txt |3,4e+02 |
|14 | 1100 | 5000 |   45 |       0.45 |1585388905619 |      66 |    70.0 | 6,06 | mscpd2.txt |3,8e+02 |
|14 | 1200 | 5000 |   50 |       0.45 |1585388905619 |      66 |    70.0 | 6,06 | mscpd2.txt |4,3e+02 |
|14 | 1300 | 5000 |   50 |       0.45 |1585388905619 |      66 |    70.0 | 6,06 | mscpd2.txt |4,9e+02 |
|14 | 1400 | 5000 |   50 |       0.45 |1585388905619 |      66 |    70.0 | 6,06 | mscpd2.txt |5,4e+02 |
|14 | 1500 | 5000 |   50 |       0.45 |1585388905619 |      66 |    70.0 | 6,06 | mscpd2.txt |6,0e+02 |
|14 | 1600 | 5000 |   55 |       0.45 |1585388905619 |      66 |    70.0 | 6,06 | mscpd2.txt |6,4e+02 |
|14 | 1700 | 5000 |   55 |       0.45 |1585388905619 |      66 |    70.0 | 6,06 | mscpd2.txt |6,9e+02 |
|14 | 1800 | 5000 |   55 |       0.45 |1585388905619 |      66 |    70.0 | 6,06 | mscpd2.txt |7,4e+02 |
|14 | 1900 | 5000 |   55 |       0.45 |1585388905619 |      66 |    70.0 | 6,06 | mscpd2.txt |7,8e+02 |
|14 | 2000 | 5000 |   60 |       0.45 |1585388905619 |      66 |    70.0 | 6,06 | mscpd2.txt |8,4e+02 |
|14 | 2100 | 5000 |   60 |       0.45 |1585388905619 |      66 |    70.0 | 6,06 | mscpd2.txt |9,0e+02 |
|14 | 2200 | 5000 |   60 |       0.45 |1585388905619 |      66 |    70.0 | 6,06 | mscpd2.txt |9,5e+02 |
|14 | 2300 | 5000 |   60 |       0.45 |1585388905619 |      66 |    70.0 | 6,06 | mscpd2.txt |1,0e+03 |
|14 | 2400 | 5000 |   65 |       0.45 |1585388905619 |      66 |    70.0 | 6,06 | mscpd2.txt |1,1e+03 |
|14 | 2500 | 5000 |   65 |       0.45 |1585388905619 |      66 |    70.0 | 6,06 | mscpd2.txt |1,1e+03 |
|14 | 2600 | 5000 |   65 |       0.45 |1585388905619 |      66 |    70.0 | 6,06 | mscpd2.txt |1,2e+03 |
|14 | 2700 | 5000 |   65 |       0.45 |1585388905619 |      66 |    70.0 | 6,06 | mscpd2.txt |1,2e+03 |
|14 | 2800 | 5000 |   70 |       0.45 |1585388905619 |      66 |    70.0 | 6,06 | mscpd2.txt |1,3e+03 |
|14 | 2900 | 5000 |   70 |       0.45 |1585388905619 |      66 |    70.0 | 6,06 | mscpd2.txt |1,3e+03 |
|14 | 3000 | 5000 |   70 |       0.45 |1585388905619 |      66 |    70.0 | 6,06 | mscpd2.txt |1,4e+03 |
|14 | 3100 | 5000 |   70 |       0.45 |1585388905619 |      66 |    70.0 | 6,06 | mscpd2.txt |1,4e+03 |
|14 | 3200 | 5000 |   75 |       0.45 |1585388905619 |      66 |    70.0 | 6,06 | mscpd2.txt |1,5e+03 |
|14 | 3300 | 5000 |   75 |       0.45 |1585388905619 |      66 |    70.0 | 6,06 | mscpd2.txt |1,6e+03 |
|14 | 3400 | 5000 |   75 |       0.45 |1585388905619 |      66 |    70.0 | 6,06 | mscpd2.txt |1,6e+03 |
|14 | 3500 | 5000 |   75 |       0.45 |1585388905619 |      66 |    70.0 | 6,06 | mscpd2.txt |1,7e+03 |
|14 | 3600 | 5000 |   80 |       0.45 |1585388905619 |      66 |    70.0 | 6,06 | mscpd2.txt |1,8e+03 |
|14 | 3700 | 5000 |   80 |       0.45 |1585388905619 |      66 |    70.0 | 6,06 | mscpd2.txt |1,8e+03 |
|14 | 3800 | 5000 |   80 |       0.45 |1585388905619 |      66 |    70.0 | 6,06 | mscpd2.txt |1,9e+03 |
|14 | 3900 | 5000 |   80 |       0.45 |1585388905619 |      66 |    70.0 | 6,06 | mscpd2.txt |2,0e+03 |
|14 | 4000 | 5000 |   85 |       0.45 |1585388905619 |      66 |    70.0 | 6,06 | mscpd2.txt |2,0e+03 |
|14 | 4100 | 5000 |   85 |       0.45 |1585388905619 |      66 |    70.0 | 6,06 | mscpd2.txt |2,1e+03 |
|14 | 4200 | 5000 |   85 |       0.45 |1585388905619 |      66 |    70.0 | 6,06 | mscpd2.txt |2,2e+03 |
|14 | 4300 | 5000 |   85 |       0.45 |1585388905619 |      66 |    70.0 | 6,06 | mscpd2.txt |2,2e+03 |
|14 | 4400 | 5000 |   90 |       0.45 |1585388905619 |      66 |    70.0 | 6,06 | mscpd2.txt |2,3e+03 |
|14 | 4500 | 5000 |   90 |       0.45 |1585388905619 |      66 |    70.0 | 6,06 | mscpd2.txt |2,3e+03 |
|14 | 4600 | 5000 |   90 |       0.45 |1585388905619 |      66 |    70.0 | 6,06 | mscpd2.txt |2,4e+03 |
|14 | 4700 | 5000 |   90 |       0.45 |1585388905619 |      66 |    70.0 | 6,06 | mscpd2.txt |2,5e+03 |
|14 | 4800 | 5000 |   95 |       0.45 |1585388905619 |      66 |    70.0 | 6,06 | mscpd2.txt |2,6e+03 |
|14 | 4900 | 5000 |   95 |       0.45 |1585388905619 |      66 |    70.0 | 6,06 | mscpd2.txt |2,6e+03 |
|14 | 5000 | 5000 |   95 |       0.45 |1585388905619 |      66 |    70.0 | 6,06 | mscpd2.txt |2,7e+03 |
|14 |  400 | 5000 |   95 |       0.45 |1585388905619 |      66 |    70.0 | 6,06 | mscpd2.txt |2,7e+03 |
|15 |    1 | 5000 |   35 |       0.25 |1585391630913 |      66 |  2863.0 |4237,88 | mscpd2.txt |0,0090 |
|15 |  100 | 5000 |   35 | 0.37142858 |1585391630913 |      66 |  2408.0 |3548,48 | mscpd2.txt | 0,80 |
|15 |  200 | 5000 |   40 |       0.45 |1585391630913 |      66 |    71.0 | 7,58 | mscpd2.txt |   45 |
|15 |  300 | 5000 |   40 |       0.45 |1585391630913 |      66 |    70.0 | 6,06 | mscpd2.txt |1,0e+02 |
|15 |  400 | 5000 |   40 |       0.45 |1585391630913 |      66 |    70.0 | 6,06 | mscpd2.txt |1,6e+02 |
|15 |  500 | 5000 |   40 |       0.45 |1585391630913 |      66 |    70.0 | 6,06 | mscpd2.txt |2,1e+02 |
|15 |  600 | 5000 |   45 |       0.45 |1585391630913 |      66 |    70.0 | 6,06 | mscpd2.txt |2,6e+02 |
|15 |  700 | 5000 |   45 | 0.31111112 |1585391630913 |      66 |    70.0 | 6,06 | mscpd2.txt |3,1e+02 |
|15 |  800 | 5000 |   45 | 0.35555556 |1585391630913 |      66 |    70.0 | 6,06 | mscpd2.txt |3,5e+02 |
|15 |  900 | 5000 |   45 |       0.45 |1585391630913 |      66 |    70.0 | 6,06 | mscpd2.txt |3,7e+02 |
|15 | 1000 | 5000 |   50 |       0.45 |1585391630913 |      66 |    70.0 | 6,06 | mscpd2.txt |4,1e+02 |
|15 | 1100 | 5000 |   50 |       0.45 |1585391630913 |      66 |    70.0 | 6,06 | mscpd2.txt |4,4e+02 |
|15 | 1200 | 5000 |   50 |       0.45 |1585391630913 |      66 |    70.0 | 6,06 | mscpd2.txt |4,8e+02 |
|15 | 1300 | 5000 |   50 |       0.45 |1585391630913 |      66 |    70.0 | 6,06 | mscpd2.txt |5,1e+02 |
|15 | 1400 | 5000 |   55 |       0.45 |1585391630913 |      66 |    70.0 | 6,06 | mscpd2.txt |5,6e+02 |
|15 | 1500 | 5000 |   55 |       0.45 |1585391630913 |      66 |    70.0 | 6,06 | mscpd2.txt |5,9e+02 |
|15 | 1600 | 5000 |   55 |       0.45 |1585391630913 |      66 |    70.0 | 6,06 | mscpd2.txt |6,2e+02 |
|15 | 1700 | 5000 |   55 |       0.45 |1585391630913 |      66 |    70.0 | 6,06 | mscpd2.txt |6,4e+02 |
|15 | 1800 | 5000 |   60 |       0.45 |1585391630913 |      66 |    70.0 | 6,06 | mscpd2.txt |6,8e+02 |
|15 | 1900 | 5000 |   60 |       0.45 |1585391630913 |      66 |    70.0 | 6,06 | mscpd2.txt |7,2e+02 |
|15 | 2000 | 5000 |   60 |       0.45 |1585391630913 |      66 |    70.0 | 6,06 | mscpd2.txt |7,6e+02 |
|15 | 2100 | 5000 |   60 |       0.45 |1585391630913 |      66 |    70.0 | 6,06 | mscpd2.txt |8,0e+02 |
|15 | 2200 | 5000 |   65 |       0.45 |1585391630913 |      66 |    70.0 | 6,06 | mscpd2.txt |8,5e+02 |
|15 | 2300 | 5000 |   65 |       0.45 |1585391630913 |      66 |    70.0 | 6,06 | mscpd2.txt |8,8e+02 |
|15 | 2400 | 5000 |   65 |       0.45 |1585391630913 |      66 |    70.0 | 6,06 | mscpd2.txt |9,1e+02 |
|15 | 2500 | 5000 |   65 |       0.45 |1585391630913 |      66 |    70.0 | 6,06 | mscpd2.txt |9,4e+02 |
|15 | 2600 | 5000 |   70 |       0.45 |1585391630913 |      66 |    70.0 | 6,06 | mscpd2.txt |9,8e+02 |
|15 | 2700 | 5000 |   70 |       0.45 |1585391630913 |      66 |    70.0 | 6,06 | mscpd2.txt |1,0e+03 |
|15 | 2800 | 5000 |   70 |       0.45 |1585391630913 |      66 |    70.0 | 6,06 | mscpd2.txt |1,1e+03 |
|15 | 2900 | 5000 |   70 |       0.45 |1585391630913 |      66 |    70.0 | 6,06 | mscpd2.txt |1,1e+03 |
|15 | 3000 | 5000 |   75 |       0.45 |1585391630913 |      66 |    70.0 | 6,06 | mscpd2.txt |1,2e+03 |
|15 | 3100 | 5000 |   75 |       0.45 |1585391630913 |      66 |    70.0 | 6,06 | mscpd2.txt |1,2e+03 |
|15 | 3200 | 5000 |   75 |       0.45 |1585391630913 |      66 |    70.0 | 6,06 | mscpd2.txt |1,3e+03 |
|15 | 3300 | 5000 |   75 |       0.45 |1585391630913 |      66 |    70.0 | 6,06 | mscpd2.txt |1,3e+03 |
|15 | 3400 | 5000 |   80 |       0.45 |1585391630913 |      66 |    70.0 | 6,06 | mscpd2.txt |1,4e+03 |
|15 | 3500 | 5000 |   80 |       0.45 |1585391630913 |      66 |    70.0 | 6,06 | mscpd2.txt |1,4e+03 |
|15 | 3600 | 5000 |   80 |       0.45 |1585391630913 |      66 |    70.0 | 6,06 | mscpd2.txt |1,4e+03 |
|15 | 3700 | 5000 |   80 |       0.45 |1585391630913 |      66 |    70.0 | 6,06 | mscpd2.txt |1,5e+03 |
|15 | 3800 | 5000 |   85 |       0.45 |1585391630913 |      66 |    70.0 | 6,06 | mscpd2.txt |1,5e+03 |
|15 | 3900 | 5000 |   85 |       0.45 |1585391630913 |      66 |    70.0 | 6,06 | mscpd2.txt |1,6e+03 |
|15 | 4000 | 5000 |   85 |       0.45 |1585391630913 |      66 |    70.0 | 6,06 | mscpd2.txt |1,6e+03 |
|15 | 4100 | 5000 |   85 |       0.45 |1585391630913 |      66 |    70.0 | 6,06 | mscpd2.txt |1,7e+03 |
|15 | 4200 | 5000 |   90 |       0.45 |1585391630913 |      66 |    70.0 | 6,06 | mscpd2.txt |1,7e+03 |
|15 | 4300 | 5000 |   90 |       0.45 |1585391630913 |      66 |    70.0 | 6,06 | mscpd2.txt |1,8e+03 |
|15 | 4400 | 5000 |   90 |       0.45 |1585391630913 |      66 |    70.0 | 6,06 | mscpd2.txt |1,9e+03 |
|15 | 4500 | 5000 |   90 |       0.45 |1585391630913 |      66 |    70.0 | 6,06 | mscpd2.txt |1,9e+03 |
|15 | 4600 | 5000 |   95 |       0.45 |1585391630913 |      66 |    70.0 | 6,06 | mscpd2.txt |2,0e+03 |
|15 | 4700 | 5000 |   95 |       0.45 |1585391630913 |      66 |    70.0 | 6,06 | mscpd2.txt |2,0e+03 |
|15 | 4800 | 5000 |   95 |       0.45 |1585391630913 |      66 |    70.0 | 6,06 | mscpd2.txt |2,1e+03 |
|15 | 4900 | 5000 |   95 |       0.45 |1585391630913 |      66 |    70.0 | 6,06 | mscpd2.txt |2,1e+03 |
|15 | 5000 | 5000 |  100 |       0.45 |1585391630913 |      66 |    70.0 | 6,06 | mscpd2.txt |2,2e+03 |
|15 |  400 | 5000 |  100 |       0.45 |1585391630913 |      66 |    70.0 | 6,06 | mscpd2.txt |2,2e+03 |
