| # |    #ITER | #IterMAX | Nest |      %Desc |      semilla | BestFit |GottedFit |  RDP |  instancia | time |
-------------------------------------------------------------------------------------------------
| 1 |    1 | 5000 |   35 |     0,2500 |1585830076224 |     168 | 10411.0 |6097,02 |mscpnrg4.txt | 0,12 |
| 1 |  100 | 5000 |   35 |     0,4500 |1585830076224 |     168 |  9528.0 |5571,43 |mscpnrg4.txt |  5,6 |
| 1 |  200 | 5000 |   35 |     0,3429 |1585830076224 |     168 |  9180.0 |5364,29 |mscpnrg4.txt |   11 |
| 1 |  300 | 5000 |   35 |     0,2571 |1585830076224 |     168 |  8923.0 |5211,31 |mscpnrg4.txt |   17 |
| 1 |  400 | 5000 |   35 |     0,4286 |1585830076224 |     168 |  8661.0 |5055,36 |mscpnrg4.txt |   24 |
| 1 |  500 | 5000 |   40 |     0,4500 |1585830076224 |     168 |   184.0 | 9,52 |mscpnrg4.txt |6,3e+02 |
| 1 |  600 | 5000 |   40 |     0,4500 |1585830076224 |     168 |   184.0 | 9,52 |mscpnrg4.txt |1,3e+03 |
| 1 |  700 | 5000 |   40 |     0,4500 |1585830076224 |     168 |   182.0 | 8,33 |mscpnrg4.txt |1,8e+03 |
| 1 |  800 | 5000 |   40 |     0,3750 |1585830076224 |     168 |   182.0 | 8,33 |mscpnrg4.txt |2,1e+03 |
| 1 |  900 | 5000 |   45 |     0,3778 |1585830076224 |     168 |   182.0 | 8,33 |mscpnrg4.txt |2,6e+03 |
| 1 | 1000 | 5000 |   45 |     0,4000 |1585830076224 |     168 |   182.0 | 8,33 |mscpnrg4.txt |3,2e+03 |
| 1 | 1100 | 5000 |   45 |     0,4444 |1585830076224 |     168 |   182.0 | 8,33 |mscpnrg4.txt |3,7e+03 |
| 1 | 1200 | 5000 |   45 |     0,4444 |1585830076224 |     168 |   182.0 | 8,33 |mscpnrg4.txt |4,3e+03 |
| 1 | 1300 | 5000 |   50 |     0,4500 |1585830076224 |     168 |   182.0 | 8,33 |mscpnrg4.txt |5,1e+03 |
| 1 | 1400 | 5000 |   50 |     0,4500 |1585830076224 |     168 |   182.0 | 8,33 |mscpnrg4.txt |5,6e+03 |
| 1 | 1500 | 5000 |   50 |     0,4500 |1585830076224 |     168 |   182.0 | 8,33 |mscpnrg4.txt |6,1e+03 |
| 1 | 1600 | 5000 |   50 |     0,4500 |1585830076224 |     168 |   182.0 | 8,33 |mscpnrg4.txt |6,5e+03 |
| 1 | 1700 | 5000 |   55 |     0,4500 |1585830076224 |     168 |   182.0 | 8,33 |mscpnrg4.txt |7,3e+03 |
| 1 | 1800 | 5000 |   55 |     0,4500 |1585830076224 |     168 |   182.0 | 8,33 |mscpnrg4.txt |8,0e+03 |
| 1 | 1900 | 5000 |   55 |     0,4500 |1585830076224 |     168 |   182.0 | 8,33 |mscpnrg4.txt |8,7e+03 |
| 1 | 2000 | 5000 |   55 |     0,4500 |1585830076224 |     168 |   182.0 | 8,33 |mscpnrg4.txt |9,4e+03 |
| 1 | 2100 | 5000 |   60 |     0,4500 |1585830076224 |     168 |   182.0 | 8,33 |mscpnrg4.txt |1,0e+04 |
| 1 | 2200 | 5000 |   60 |     0,4500 |1585830076224 |     168 |   182.0 | 8,33 |mscpnrg4.txt |1,1e+04 |
| 1 | 2300 | 5000 |   60 |     0,4500 |1585830076224 |     168 |   182.0 | 8,33 |mscpnrg4.txt |1,2e+04 |
| 1 | 2400 | 5000 |   60 |     0,4500 |1585830076224 |     168 |   182.0 | 8,33 |mscpnrg4.txt |1,3e+04 |
| 1 | 2500 | 5000 |   65 |     0,4500 |1585830076224 |     168 |   182.0 | 8,33 |mscpnrg4.txt |1,4e+04 |
| 1 | 2600 | 5000 |   65 |     0,4500 |1585830076224 |     168 |   182.0 | 8,33 |mscpnrg4.txt |1,5e+04 |
| 1 | 2700 | 5000 |   65 |     0,4500 |1585830076224 |     168 |   182.0 | 8,33 |mscpnrg4.txt |1,5e+04 |
| 1 | 2800 | 5000 |   65 |     0,4500 |1585830076224 |     168 |   182.0 | 8,33 |mscpnrg4.txt |1,6e+04 |
| 1 | 2900 | 5000 |   70 |     0,4500 |1585830076224 |     168 |   182.0 | 8,33 |mscpnrg4.txt |1,7e+04 |
| 1 | 3000 | 5000 |   70 |     0,4500 |1585830076224 |     168 |   182.0 | 8,33 |mscpnrg4.txt |1,7e+04 |
| 1 | 3100 | 5000 |   70 |     0,4500 |1585830076224 |     168 |   182.0 | 8,33 |mscpnrg4.txt |1,8e+04 |
| 1 | 3200 | 5000 |   70 |     0,4500 |1585830076224 |     168 |   182.0 | 8,33 |mscpnrg4.txt |1,9e+04 |
| 1 | 3300 | 5000 |   75 |     0,4500 |1585830076224 |     168 |   182.0 | 8,33 |mscpnrg4.txt |2,0e+04 |
| 1 | 3400 | 5000 |   75 |     0,4500 |1585830076224 |     168 |   182.0 | 8,33 |mscpnrg4.txt |2,1e+04 |
| 1 | 3500 | 5000 |   75 |     0,4500 |1585830076224 |     168 |   182.0 | 8,33 |mscpnrg4.txt |2,2e+04 |
| 1 | 3600 | 5000 |   75 |     0,4500 |1585830076224 |     168 |   182.0 | 8,33 |mscpnrg4.txt |2,3e+04 |
| 1 | 3700 | 5000 |   80 |     0,4500 |1585830076224 |     168 |   182.0 | 8,33 |mscpnrg4.txt |2,5e+04 |
| 1 | 3800 | 5000 |   80 |     0,4500 |1585830076224 |     168 |   182.0 | 8,33 |mscpnrg4.txt |2,6e+04 |
| 1 | 3900 | 5000 |   80 |     0,4500 |1585830076224 |     168 |   182.0 | 8,33 |mscpnrg4.txt |2,7e+04 |
| 1 | 4000 | 5000 |   80 |     0,4500 |1585830076224 |     168 |   182.0 | 8,33 |mscpnrg4.txt |2,8e+04 |
| 1 | 4100 | 5000 |   85 |     0,4500 |1585830076224 |     168 |   182.0 | 8,33 |mscpnrg4.txt |3,0e+04 |
| 1 | 4200 | 5000 |   85 |     0,4500 |1585830076224 |     168 |   182.0 | 8,33 |mscpnrg4.txt |3,0e+04 |
| 1 | 4300 | 5000 |   85 |     0,4500 |1585830076224 |     168 |   182.0 | 8,33 |mscpnrg4.txt |3,1e+04 |
| 1 | 4400 | 5000 |   85 |     0,4500 |1585830076224 |     168 |   182.0 | 8,33 |mscpnrg4.txt |3,2e+04 |
| 1 | 4500 | 5000 |   90 |     0,4500 |1585830076224 |     168 |   182.0 | 8,33 |mscpnrg4.txt |3,3e+04 |
| 1 | 4600 | 5000 |   90 |     0,4500 |1585830076224 |     168 |   182.0 | 8,33 |mscpnrg4.txt |3,3e+04 |
| 1 | 4700 | 5000 |   90 |     0,4500 |1585830076224 |     168 |   182.0 | 8,33 |mscpnrg4.txt |3,4e+04 |
| 1 | 4800 | 5000 |   90 |     0,4500 |1585830076224 |     168 |   182.0 | 8,33 |mscpnrg4.txt |3,5e+04 |
| 1 | 4900 | 5000 |   95 |     0,4500 |1585830076224 |     168 |   182.0 | 8,33 |mscpnrg4.txt |3,6e+04 |
| 1 | 5000 | 5000 |   95 |     0,4500 |1585830076224 |     168 |   182.0 | 8,33 |mscpnrg4.txt |3,8e+04 |
| 1 | 1000 | 5000 |   95 |     0,4500 |1585830076224 |     168 |   182.0 | 8,33 |mscpnrg4.txt |3,8e+04 |
| 2 |    1 | 5000 |   35 |     0,2500 |1585867593460 |     168 | 10093.0 |5907,74 |mscpnrg4.txt |0,058 |
| 2 |  100 | 5000 |   35 |     0,4500 |1585867593460 |     168 |  9389.0 |5488,69 |mscpnrg4.txt |  4,6 |
| 2 |  200 | 5000 |   35 |     0,3714 |1585867593460 |     168 |  9063.0 |5294,64 |mscpnrg4.txt |  9,1 |
| 2 |  300 | 5000 |   40 |     0,4500 |1585867593460 |     168 |   186.0 |10,71 |mscpnrg4.txt |5,0e+02 |
| 2 |  400 | 5000 |   40 |     0,4500 |1585867593460 |     168 |   186.0 |10,71 |mscpnrg4.txt |1,1e+03 |
| 2 |  500 | 5000 |   40 |     0,3750 |1585867593460 |     168 |   186.0 |10,71 |mscpnrg4.txt |1,7e+03 |
| 2 |  600 | 5000 |   40 |     0,4500 |1585867593460 |     168 |   186.0 |10,71 |mscpnrg4.txt |1,9e+03 |
| 2 |  700 | 5000 |   45 |     0,4500 |1585867593460 |     168 |   186.0 |10,71 |mscpnrg4.txt |2,4e+03 |
| 2 |  800 | 5000 |   45 |     0,4500 |1585867593460 |     168 |   186.0 |10,71 |mscpnrg4.txt |2,9e+03 |
| 2 |  900 | 5000 |   45 |     0,4500 |1585867593460 |     168 |   186.0 |10,71 |mscpnrg4.txt |3,3e+03 |
| 2 | 1000 | 5000 |   45 |     0,4500 |1585867593460 |     168 |   186.0 |10,71 |mscpnrg4.txt |3,8e+03 |
| 2 | 1100 | 5000 |   50 |     0,4500 |1585867593460 |     168 |   186.0 |10,71 |mscpnrg4.txt |4,4e+03 |
| 2 | 1200 | 5000 |   50 |     0,4500 |1585867593460 |     168 |   186.0 |10,71 |mscpnrg4.txt |4,8e+03 |
| 2 | 1300 | 5000 |   50 |     0,4500 |1585867593460 |     168 |   186.0 |10,71 |mscpnrg4.txt |5,1e+03 |
| 2 | 1400 | 5000 |   50 |     0,4500 |1585867593460 |     168 |   186.0 |10,71 |mscpnrg4.txt |5,5e+03 |
| 2 | 1500 | 5000 |   55 |     0,4500 |1585867593460 |     168 |   186.0 |10,71 |mscpnrg4.txt |6,0e+03 |
| 2 | 1600 | 5000 |   55 |     0,4500 |1585867593460 |     168 |   186.0 |10,71 |mscpnrg4.txt |6,3e+03 |
| 2 | 1700 | 5000 |   55 |     0,4500 |1585867593460 |     168 |   186.0 |10,71 |mscpnrg4.txt |6,6e+03 |
| 2 | 1800 | 5000 |   55 |     0,4500 |1585867593460 |     168 |   186.0 |10,71 |mscpnrg4.txt |6,9e+03 |
| 2 | 1900 | 5000 |   60 |     0,4500 |1585867593460 |     168 |   186.0 |10,71 |mscpnrg4.txt |7,4e+03 |
| 2 | 2000 | 5000 |   60 |     0,4500 |1585867593460 |     168 |   186.0 |10,71 |mscpnrg4.txt |7,9e+03 |
| 2 | 2100 | 5000 |   60 |     0,4500 |1585867593460 |     168 |   186.0 |10,71 |mscpnrg4.txt |8,4e+03 |
| 2 | 2200 | 5000 |   60 |     0,4500 |1585867593460 |     168 |   186.0 |10,71 |mscpnrg4.txt |9,0e+03 |
| 2 | 2300 | 5000 |   65 |     0,4500 |1585867593460 |     168 |   186.0 |10,71 |mscpnrg4.txt |9,8e+03 |
| 2 | 2400 | 5000 |   65 |     0,4500 |1585867593460 |     168 |   184.0 | 9,52 |mscpnrg4.txt |1,0e+04 |
| 2 | 2500 | 5000 |   65 |     0,4500 |1585867593460 |     168 |   184.0 | 9,52 |mscpnrg4.txt |1,1e+04 |
| 2 | 2600 | 5000 |   65 |     0,4500 |1585867593460 |     168 |   184.0 | 9,52 |mscpnrg4.txt |1,2e+04 |
| 2 | 2700 | 5000 |   70 |     0,4500 |1585867593460 |     168 |   184.0 | 9,52 |mscpnrg4.txt |1,3e+04 |
| 2 | 2800 | 5000 |   70 |     0,4500 |1585867593460 |     168 |   184.0 | 9,52 |mscpnrg4.txt |1,3e+04 |
| 2 | 2900 | 5000 |   70 |     0,4500 |1585867593460 |     168 |   184.0 | 9,52 |mscpnrg4.txt |1,4e+04 |
| 2 | 3000 | 5000 |   70 |     0,4500 |1585867593460 |     168 |   184.0 | 9,52 |mscpnrg4.txt |1,5e+04 |
| 2 | 3100 | 5000 |   75 |     0,4500 |1585867593460 |     168 |   184.0 | 9,52 |mscpnrg4.txt |1,6e+04 |
| 2 | 3200 | 5000 |   75 |     0,4500 |1585867593460 |     168 |   184.0 | 9,52 |mscpnrg4.txt |1,7e+04 |
| 2 | 3300 | 5000 |   75 |     0,4500 |1585867593460 |     168 |   184.0 | 9,52 |mscpnrg4.txt |1,8e+04 |
| 2 | 3400 | 5000 |   75 |     0,4500 |1585867593460 |     168 |   184.0 | 9,52 |mscpnrg4.txt |1,9e+04 |
| 2 | 3500 | 5000 |   80 |     0,4500 |1585867593460 |     168 |   184.0 | 9,52 |mscpnrg4.txt |2,0e+04 |
| 2 | 3600 | 5000 |   80 |     0,4500 |1585867593460 |     168 |   184.0 | 9,52 |mscpnrg4.txt |2,2e+04 |
| 2 | 3700 | 5000 |   80 |     0,4500 |1585867593460 |     168 |   184.0 | 9,52 |mscpnrg4.txt |2,3e+04 |
| 2 | 3800 | 5000 |   80 |     0,4500 |1585867593460 |     168 |   184.0 | 9,52 |mscpnrg4.txt |2,4e+04 |
| 2 | 3900 | 5000 |   85 |     0,4500 |1585867593460 |     168 |   184.0 | 9,52 |mscpnrg4.txt |2,6e+04 |
| 2 | 4000 | 5000 |   85 |     0,4500 |1585867593460 |     168 |   184.0 | 9,52 |mscpnrg4.txt |2,7e+04 |
| 2 | 4100 | 5000 |   85 |     0,4500 |1585867593460 |     168 |   184.0 | 9,52 |mscpnrg4.txt |2,9e+04 |
| 2 | 4200 | 5000 |   85 |     0,4500 |1585867593460 |     168 |   184.0 | 9,52 |mscpnrg4.txt |2,9e+04 |
| 2 | 4300 | 5000 |   90 |     0,4500 |1585867593460 |     168 |   184.0 | 9,52 |mscpnrg4.txt |3,0e+04 |
| 2 | 4400 | 5000 |   90 |     0,4500 |1585867593460 |     168 |   184.0 | 9,52 |mscpnrg4.txt |3,1e+04 |
| 2 | 4500 | 5000 |   90 |     0,4500 |1585867593460 |     168 |   184.0 | 9,52 |mscpnrg4.txt |3,1e+04 |
| 2 | 4600 | 5000 |   90 |     0,4500 |1585867593460 |     168 |   184.0 | 9,52 |mscpnrg4.txt |3,2e+04 |
| 2 | 4700 | 5000 |   95 |     0,4500 |1585867593460 |     168 |   184.0 | 9,52 |mscpnrg4.txt |3,3e+04 |
| 2 | 4800 | 5000 |   95 |     0,4500 |1585867593460 |     168 |   184.0 | 9,52 |mscpnrg4.txt |3,3e+04 |
| 2 | 4900 | 5000 |   95 |     0,4500 |1585867593460 |     168 |   184.0 | 9,52 |mscpnrg4.txt |3,3e+04 |
| 2 | 5000 | 5000 |   95 |     0,4500 |1585867593460 |     168 |   184.0 | 9,52 |mscpnrg4.txt |3,4e+04 |
| 2 | 1000 | 5000 |  100 |     0,4500 |1585867593460 |     168 |   184.0 | 9,52 |mscpnrg4.txt |3,4e+04 |
| 3 |    1 | 5000 |   35 |     0,2500 |1585901342552 |     168 | 10312.0 |6038,10 |mscpnrg4.txt |0,063 |
| 3 |  100 | 5000 |   35 |     0,4500 |1585901342552 |     168 |  9423.0 |5508,93 |mscpnrg4.txt |  5,8 |
| 3 |  200 | 5000 |   35 |     0,3143 |1585901342552 |     168 |  9100.0 |5316,67 |mscpnrg4.txt |   12 |
| 3 |  300 | 5000 |   35 |     0,4500 |1585901342552 |     168 |  8778.0 |5125,00 |mscpnrg4.txt |   18 |
| 3 |  400 | 5000 |   35 |     0,3143 |1585901342552 |     168 |  8616.0 |5028,57 |mscpnrg4.txt |   24 |
| 3 |  500 | 5000 |   35 |     0,4500 |1585901342552 |     168 |  8363.0 |4877,98 |mscpnrg4.txt |   30 |
| 3 |  600 | 5000 |   40 |     0,4500 |1585901342552 |     168 |   186.0 |10,71 |mscpnrg4.txt |7,3e+02 |
| 3 |  700 | 5000 |   40 |     0,4500 |1585901342552 |     168 |   186.0 |10,71 |mscpnrg4.txt |1,6e+03 |
| 3 |  800 | 5000 |   40 |     0,2750 |1585901342552 |     168 |   186.0 |10,71 |mscpnrg4.txt |2,2e+03 |
| 3 |  900 | 5000 |   40 |     0,3750 |1585901342552 |     168 |   186.0 |10,71 |mscpnrg4.txt |2,7e+03 |
| 3 | 1000 | 5000 |   45 |     0,4500 |1585901342552 |     168 |   186.0 |10,71 |mscpnrg4.txt |3,6e+03 |
| 3 | 1100 | 5000 |   45 |     0,2889 |1585901342552 |     168 |   186.0 |10,71 |mscpnrg4.txt |4,2e+03 |
| 3 | 1200 | 5000 |   45 |     0,2889 |1585901342552 |     168 |   186.0 |10,71 |mscpnrg4.txt |4,7e+03 |
| 3 | 1300 | 5000 |   45 |     0,2889 |1585901342552 |     168 |   186.0 |10,71 |mscpnrg4.txt |5,3e+03 |
| 3 | 1400 | 5000 |   50 |     0,4500 |1585901342552 |     168 |   186.0 |10,71 |mscpnrg4.txt |6,4e+03 |
| 3 | 1500 | 5000 |   50 |     0,4500 |1585901342552 |     168 |   186.0 |10,71 |mscpnrg4.txt |7,1e+03 |
| 3 | 1600 | 5000 |   50 |     0,4500 |1585901342552 |     168 |   186.0 |10,71 |mscpnrg4.txt |7,7e+03 |
| 3 | 1700 | 5000 |   50 |     0,4500 |1585901342552 |     168 |   186.0 |10,71 |mscpnrg4.txt |8,5e+03 |
| 3 | 1800 | 5000 |   55 |     0,4500 |1585901342552 |     168 |   186.0 |10,71 |mscpnrg4.txt |9,5e+03 |
| 3 | 1900 | 5000 |   55 |     0,4500 |1585901342552 |     168 |   186.0 |10,71 |mscpnrg4.txt |1,0e+04 |
| 3 | 2000 | 5000 |   55 |     0,4500 |1585901342552 |     168 |   186.0 |10,71 |mscpnrg4.txt |1,1e+04 |
| 3 | 2100 | 5000 |   55 |     0,4500 |1585901342552 |     168 |   186.0 |10,71 |mscpnrg4.txt |1,2e+04 |
| 3 | 2200 | 5000 |   60 |     0,4500 |1585901342552 |     168 |   186.0 |10,71 |mscpnrg4.txt |1,3e+04 |
| 3 | 2300 | 5000 |   60 |     0,4500 |1585901342552 |     168 |   186.0 |10,71 |mscpnrg4.txt |1,4e+04 |
| 3 | 2400 | 5000 |   60 |     0,4500 |1585901342552 |     168 |   186.0 |10,71 |mscpnrg4.txt |1,4e+04 |
| 3 | 2500 | 5000 |   60 |     0,4500 |1585901342552 |     168 |   186.0 |10,71 |mscpnrg4.txt |1,5e+04 |
| 3 | 2600 | 5000 |   65 |     0,4500 |1585901342552 |     168 |   186.0 |10,71 |mscpnrg4.txt |1,5e+04 |
| 3 | 2700 | 5000 |   65 |     0,4500 |1585901342552 |     168 |   186.0 |10,71 |mscpnrg4.txt |1,6e+04 |
| 3 | 2800 | 5000 |   65 |     0,4500 |1585901342552 |     168 |   186.0 |10,71 |mscpnrg4.txt |1,7e+04 |
| 3 | 2900 | 5000 |   65 |     0,4500 |1585901342552 |     168 |   186.0 |10,71 |mscpnrg4.txt |1,8e+04 |
| 3 | 3000 | 5000 |   70 |     0,4500 |1585901342552 |     168 |   186.0 |10,71 |mscpnrg4.txt |1,9e+04 |
| 3 | 3100 | 5000 |   70 |     0,4500 |1585901342552 |     168 |   186.0 |10,71 |mscpnrg4.txt |1,9e+04 |
| 3 | 3200 | 5000 |   70 |     0,4500 |1585901342552 |     168 |   186.0 |10,71 |mscpnrg4.txt |1,9e+04 |
| 3 | 3300 | 5000 |   70 |     0,4500 |1585901342552 |     168 |   186.0 |10,71 |mscpnrg4.txt |2,0e+04 |
| 3 | 3400 | 5000 |   75 |     0,4500 |1585901342552 |     168 |   186.0 |10,71 |mscpnrg4.txt |2,1e+04 |
| 3 | 3500 | 5000 |   75 |     0,4500 |1585901342552 |     168 |   186.0 |10,71 |mscpnrg4.txt |2,1e+04 |
| 3 | 3600 | 5000 |   75 |     0,4500 |1585901342552 |     168 |   186.0 |10,71 |mscpnrg4.txt |2,2e+04 |
| 3 | 3700 | 5000 |   75 |     0,4500 |1585901342552 |     168 |   186.0 |10,71 |mscpnrg4.txt |2,3e+04 |
| 3 | 3800 | 5000 |   80 |     0,4500 |1585901342552 |     168 |   186.0 |10,71 |mscpnrg4.txt |2,4e+04 |
| 3 | 3900 | 5000 |   80 |     0,4500 |1585901342552 |     168 |   186.0 |10,71 |mscpnrg4.txt |2,5e+04 |
| 3 | 4000 | 5000 |   80 |     0,4500 |1585901342552 |     168 |   186.0 |10,71 |mscpnrg4.txt |2,6e+04 |
| 3 | 4100 | 5000 |   80 |     0,4500 |1585901342552 |     168 |   186.0 |10,71 |mscpnrg4.txt |2,8e+04 |
| 3 | 4200 | 5000 |   85 |     0,4500 |1585901342552 |     168 |   186.0 |10,71 |mscpnrg4.txt |2,9e+04 |
| 3 | 4300 | 5000 |   85 |     0,4500 |1585901342552 |     168 |   186.0 |10,71 |mscpnrg4.txt |3,0e+04 |
| 3 | 4400 | 5000 |   85 |     0,4500 |1585901342552 |     168 |   186.0 |10,71 |mscpnrg4.txt |3,0e+04 |
| 3 | 4500 | 5000 |   85 |     0,4500 |1585901342552 |     168 |   186.0 |10,71 |mscpnrg4.txt |3,1e+04 |
| 3 | 4600 | 5000 |   90 |     0,4500 |1585901342552 |     168 |   186.0 |10,71 |mscpnrg4.txt |3,2e+04 |
| 3 | 4700 | 5000 |   90 |     0,4500 |1585901342552 |     168 |   186.0 |10,71 |mscpnrg4.txt |3,3e+04 |
| 3 | 4800 | 5000 |   90 |     0,4500 |1585901342552 |     168 |   186.0 |10,71 |mscpnrg4.txt |3,4e+04 |
| 3 | 4900 | 5000 |   90 |     0,4500 |1585901342552 |     168 |   186.0 |10,71 |mscpnrg4.txt |3,5e+04 |
| 3 | 5000 | 5000 |   95 |     0,4500 |1585901342552 |     168 |   186.0 |10,71 |mscpnrg4.txt |3,6e+04 |
| 3 | 1000 | 5000 |   95 |     0,4500 |1585901342552 |     168 |   186.0 |10,71 |mscpnrg4.txt |3,6e+04 |
| 4 |    1 | 5000 |   35 |     0,2500 |1585937235373 |     168 | 10398.0 |6089,29 |mscpnrg4.txt |0,042 |
| 4 |  100 | 5000 |   35 |     0,4000 |1585937235373 |     168 |  9379.0 |5482,74 |mscpnrg4.txt |  5,9 |
| 4 |  200 | 5000 |   35 |     0,3714 |1585937235373 |     168 |  9065.0 |5295,83 |mscpnrg4.txt |   11 |
| 4 |  300 | 5000 |   35 |     0,4000 |1585937235373 |     168 |  8828.0 |5154,76 |mscpnrg4.txt |   17 |
| 4 |  400 | 5000 |   35 |     0,4500 |1585937235373 |     168 |  8550.0 |4989,29 |mscpnrg4.txt |   22 |
| 4 |  500 | 5000 |   40 |     0,4500 |1585937235373 |     168 |   186.0 |10,71 |mscpnrg4.txt |6,5e+02 |
| 4 |  600 | 5000 |   40 |     0,4500 |1585937235373 |     168 |   186.0 |10,71 |mscpnrg4.txt |1,4e+03 |
| 4 |  700 | 5000 |   40 |     0,4500 |1585937235373 |     168 |   186.0 |10,71 |mscpnrg4.txt |2,1e+03 |
| 4 |  800 | 5000 |   40 |     0,3000 |1585937235373 |     168 |   186.0 |10,71 |mscpnrg4.txt |2,7e+03 |
| 4 |  900 | 5000 |   45 |     0,4500 |1585937235373 |     168 |   186.0 |10,71 |mscpnrg4.txt |3,2e+03 |
| 4 | 1000 | 5000 |   45 |     0,4500 |1585937235373 |     168 |   186.0 |10,71 |mscpnrg4.txt |3,5e+03 |
| 4 | 1100 | 5000 |   45 |     0,4500 |1585937235373 |     168 |   186.0 |10,71 |mscpnrg4.txt |3,7e+03 |
| 4 | 1200 | 5000 |   45 |     0,4500 |1585937235373 |     168 |   186.0 |10,71 |mscpnrg4.txt |4,0e+03 |
| 4 | 1300 | 5000 |   50 |     0,4500 |1585937235373 |     168 |   186.0 |10,71 |mscpnrg4.txt |4,6e+03 |
| 4 | 1400 | 5000 |   50 |     0,4500 |1585937235373 |     168 |   186.0 |10,71 |mscpnrg4.txt |5,1e+03 |
| 4 | 1500 | 5000 |   50 |     0,4500 |1585937235373 |     168 |   186.0 |10,71 |mscpnrg4.txt |5,6e+03 |
| 4 | 1600 | 5000 |   50 |     0,4500 |1585937235373 |     168 |   186.0 |10,71 |mscpnrg4.txt |6,1e+03 |
| 4 | 1700 | 5000 |   55 |     0,4500 |1585937235373 |     168 |   186.0 |10,71 |mscpnrg4.txt |6,9e+03 |
| 4 | 1800 | 5000 |   55 |     0,4500 |1585937235373 |     168 |   186.0 |10,71 |mscpnrg4.txt |7,3e+03 |
| 4 | 1900 | 5000 |   55 |     0,4500 |1585937235373 |     168 |   186.0 |10,71 |mscpnrg4.txt |7,7e+03 |
| 4 | 2000 | 5000 |   55 |     0,4500 |1585937235373 |     168 |   186.0 |10,71 |mscpnrg4.txt |8,1e+03 |
| 4 | 2100 | 5000 |   60 |     0,4500 |1585937235373 |     168 |   186.0 |10,71 |mscpnrg4.txt |8,8e+03 |
| 4 | 2200 | 5000 |   60 |     0,4500 |1585937235373 |     168 |   186.0 |10,71 |mscpnrg4.txt |9,4e+03 |
| 4 | 2300 | 5000 |   60 |     0,4500 |1585937235373 |     168 |   186.0 |10,71 |mscpnrg4.txt |1,0e+04 |
| 4 | 2400 | 5000 |   60 |     0,4500 |1585937235373 |     168 |   186.0 |10,71 |mscpnrg4.txt |1,1e+04 |
| 4 | 2500 | 5000 |   65 |     0,4500 |1585937235373 |     168 |   186.0 |10,71 |mscpnrg4.txt |1,2e+04 |
| 4 | 2600 | 5000 |   65 |     0,4500 |1585937235373 |     168 |   186.0 |10,71 |mscpnrg4.txt |1,2e+04 |
| 4 | 2700 | 5000 |   65 |     0,4500 |1585937235373 |     168 |   186.0 |10,71 |mscpnrg4.txt |1,3e+04 |
| 4 | 2800 | 5000 |   65 |     0,4500 |1585937235373 |     168 |   186.0 |10,71 |mscpnrg4.txt |1,3e+04 |
| 4 | 2900 | 5000 |   70 |     0,4500 |1585937235373 |     168 |   186.0 |10,71 |mscpnrg4.txt |1,4e+04 |
| 4 | 3000 | 5000 |   70 |     0,4500 |1585937235373 |     168 |   186.0 |10,71 |mscpnrg4.txt |1,5e+04 |
| 4 | 3100 | 5000 |   70 |     0,4500 |1585937235373 |     168 |   186.0 |10,71 |mscpnrg4.txt |1,6e+04 |
| 4 | 3200 | 5000 |   70 |     0,4500 |1585937235373 |     168 |   186.0 |10,71 |mscpnrg4.txt |1,6e+04 |
| 4 | 3300 | 5000 |   75 |     0,4500 |1585937235373 |     168 |   186.0 |10,71 |mscpnrg4.txt |1,7e+04 |
| 4 | 3400 | 5000 |   75 |     0,4500 |1585937235373 |     168 |   186.0 |10,71 |mscpnrg4.txt |1,8e+04 |
| 4 | 3500 | 5000 |   75 |     0,4500 |1585937235373 |     168 |   186.0 |10,71 |mscpnrg4.txt |1,9e+04 |
| 4 | 3600 | 5000 |   75 |     0,4500 |1585937235373 |     168 |   185.0 |10,12 |mscpnrg4.txt |1,9e+04 |
| 4 | 3700 | 5000 |   80 |     0,4500 |1585937235373 |     168 |   185.0 |10,12 |mscpnrg4.txt |2,0e+04 |
| 4 | 3800 | 5000 |   80 |     0,4500 |1585937235373 |     168 |   185.0 |10,12 |mscpnrg4.txt |2,1e+04 |
| 4 | 3900 | 5000 |   80 |     0,4500 |1585937235373 |     168 |   185.0 |10,12 |mscpnrg4.txt |2,2e+04 |
| 4 | 4000 | 5000 |   80 |     0,4500 |1585937235373 |     168 |   185.0 |10,12 |mscpnrg4.txt |2,2e+04 |
| 4 | 4100 | 5000 |   85 |     0,4500 |1585937235373 |     168 |   185.0 |10,12 |mscpnrg4.txt |2,3e+04 |
| 4 | 4200 | 5000 |   85 |     0,4500 |1585937235373 |     168 |   185.0 |10,12 |mscpnrg4.txt |2,4e+04 |
| 4 | 4300 | 5000 |   85 |     0,4500 |1585937235373 |     168 |   185.0 |10,12 |mscpnrg4.txt |2,4e+04 |
| 4 | 4400 | 5000 |   85 |     0,4500 |1585937235373 |     168 |   185.0 |10,12 |mscpnrg4.txt |2,4e+04 |
| 4 | 4500 | 5000 |   90 |     0,4500 |1585937235373 |     168 |   185.0 |10,12 |mscpnrg4.txt |2,5e+04 |
| 4 | 4600 | 5000 |   90 |     0,1000 |1585937235373 |     168 |   185.0 |10,12 |mscpnrg4.txt |2,5e+04 |
| 4 | 4700 | 5000 |   90 |     0,4500 |1585937235373 |     168 |   185.0 |10,12 |mscpnrg4.txt |2,5e+04 |
| 4 | 4800 | 5000 |   90 |     0,4500 |1585937235373 |     168 |   185.0 |10,12 |mscpnrg4.txt |2,5e+04 |
| 4 | 4900 | 5000 |   95 |     0,4500 |1585937235373 |     168 |   185.0 |10,12 |mscpnrg4.txt |2,6e+04 |
| 4 | 5000 | 5000 |   95 |     0,4500 |1585937235373 |     168 |   185.0 |10,12 |mscpnrg4.txt |2,6e+04 |
| 4 | 1000 | 5000 |   95 |     0,4500 |1585937235373 |     168 |   185.0 |10,12 |mscpnrg4.txt |2,6e+04 |
| 5 |    1 | 5000 |   35 |     0,2500 |1585963348066 |     168 | 10235.0 |5992,26 |mscpnrg4.txt |0,085 |
| 5 |  100 | 5000 |   35 |     0,4500 |1585963348066 |     168 |  9649.0 |5643,45 |mscpnrg4.txt |  9,4 |
| 5 |  200 | 5000 |   35 |     0,4500 |1585963348066 |     168 |  9300.0 |5435,71 |mscpnrg4.txt |   17 |
| 5 |  300 | 5000 |   35 |     0,4500 |1585963348066 |     168 |  9040.0 |5280,95 |mscpnrg4.txt |   24 |
| 5 |  400 | 5000 |   40 |     0,4500 |1585963348066 |     168 |   186.0 |10,71 |mscpnrg4.txt |8,0e+02 |
| 5 |  500 | 5000 |   40 |     0,2250 |1585963348066 |     168 |   186.0 |10,71 |mscpnrg4.txt |1,5e+03 |
| 5 |  600 | 5000 |   40 |     0,2750 |1585963348066 |     168 |   186.0 |10,71 |mscpnrg4.txt |2,0e+03 |
| 5 |  700 | 5000 |   40 |     0,3000 |1585963348066 |     168 |   186.0 |10,71 |mscpnrg4.txt |2,7e+03 |
| 5 |  800 | 5000 |   45 |     0,4500 |1585963348066 |     168 |   186.0 |10,71 |mscpnrg4.txt |3,5e+03 |
| 5 |  900 | 5000 |   45 |     0,2889 |1585963348066 |     168 |   186.0 |10,71 |mscpnrg4.txt |4,1e+03 |
| 5 | 1000 | 5000 |   45 |     0,3556 |1585963348066 |     168 |   186.0 |10,71 |mscpnrg4.txt |4,6e+03 |
| 5 | 1100 | 5000 |   45 |     0,4500 |1585963348066 |     168 |   186.0 |10,71 |mscpnrg4.txt |5,1e+03 |
| 5 | 1200 | 5000 |   50 |     0,4500 |1585963348066 |     168 |   183.0 | 8,93 |mscpnrg4.txt |5,7e+03 |
| 5 | 1300 | 5000 |   50 |     0,4500 |1585963348066 |     168 |   182.0 | 8,33 |mscpnrg4.txt |6,3e+03 |
| 5 | 1400 | 5000 |   50 |     0,4500 |1585963348066 |     168 |   182.0 | 8,33 |mscpnrg4.txt |6,8e+03 |
| 5 | 1500 | 5000 |   50 |     0,4500 |1585963348066 |     168 |   182.0 | 8,33 |mscpnrg4.txt |7,4e+03 |
| 5 | 1600 | 5000 |   55 |     0,4500 |1585963348066 |     168 |   182.0 | 8,33 |mscpnrg4.txt |8,2e+03 |
| 5 | 1700 | 5000 |   55 |     0,4500 |1585963348066 |     168 |   182.0 | 8,33 |mscpnrg4.txt |9,0e+03 |
| 5 | 1800 | 5000 |   55 |     0,4500 |1585963348066 |     168 |   182.0 | 8,33 |mscpnrg4.txt |9,5e+03 |
| 5 | 1900 | 5000 |   55 |     0,4500 |1585963348066 |     168 |   182.0 | 8,33 |mscpnrg4.txt |9,9e+03 |
| 5 | 2000 | 5000 |   60 |     0,4500 |1585963348066 |     168 |   182.0 | 8,33 |mscpnrg4.txt |1,1e+04 |
| 5 | 2100 | 5000 |   60 |     0,4500 |1585963348066 |     168 |   182.0 | 8,33 |mscpnrg4.txt |1,1e+04 |
| 5 | 2200 | 5000 |   60 |     0,4500 |1585963348066 |     168 |   182.0 | 8,33 |mscpnrg4.txt |1,2e+04 |
| 5 | 2300 | 5000 |   60 |     0,4500 |1585963348066 |     168 |   178.0 | 5,95 |mscpnrg4.txt |1,3e+04 |
| 5 | 2400 | 5000 |   65 |     0,4500 |1585963348066 |     168 |   178.0 | 5,95 |mscpnrg4.txt |1,4e+04 |
| 5 | 2500 | 5000 |   65 |     0,4500 |1585963348066 |     168 |   178.0 | 5,95 |mscpnrg4.txt |1,5e+04 |
| 5 | 2600 | 5000 |   65 |     0,4500 |1585963348066 |     168 |   178.0 | 5,95 |mscpnrg4.txt |1,5e+04 |
| 5 | 2700 | 5000 |   65 |     0,4500 |1585963348066 |     168 |   178.0 | 5,95 |mscpnrg4.txt |1,5e+04 |
| 5 | 2800 | 5000 |   70 |     0,4500 |1585963348066 |     168 |   178.0 | 5,95 |mscpnrg4.txt |1,6e+04 |
| 5 | 2900 | 5000 |   70 |     0,4500 |1585963348066 |     168 |   178.0 | 5,95 |mscpnrg4.txt |1,7e+04 |
| 5 | 3000 | 5000 |   70 |     0,4500 |1585963348066 |     168 |   178.0 | 5,95 |mscpnrg4.txt |1,8e+04 |
| 5 | 3100 | 5000 |   70 |     0,4500 |1585963348066 |     168 |   178.0 | 5,95 |mscpnrg4.txt |1,8e+04 |
| 5 | 3200 | 5000 |   75 |     0,4500 |1585963348066 |     168 |   178.0 | 5,95 |mscpnrg4.txt |1,9e+04 |
| 5 | 3300 | 5000 |   75 |     0,4500 |1585963348066 |     168 |   178.0 | 5,95 |mscpnrg4.txt |2,0e+04 |
| 5 | 3400 | 5000 |   75 |     0,4500 |1585963348066 |     168 |   178.0 | 5,95 |mscpnrg4.txt |2,0e+04 |
| 5 | 3500 | 5000 |   75 |     0,4500 |1585963348066 |     168 |   178.0 | 5,95 |mscpnrg4.txt |2,1e+04 |
| 5 | 3600 | 5000 |   80 |     0,4500 |1585963348066 |     168 |   178.0 | 5,95 |mscpnrg4.txt |2,2e+04 |
| 5 | 3700 | 5000 |   80 |     0,4500 |1585963348066 |     168 |   178.0 | 5,95 |mscpnrg4.txt |2,3e+04 |
| 5 | 3800 | 5000 |   80 |     0,4500 |1585963348066 |     168 |   178.0 | 5,95 |mscpnrg4.txt |2,4e+04 |
| 5 | 3900 | 5000 |   80 |     0,4500 |1585963348066 |     168 |   178.0 | 5,95 |mscpnrg4.txt |2,4e+04 |
| 5 | 4000 | 5000 |   85 |     0,4500 |1585963348066 |     168 |   178.0 | 5,95 |mscpnrg4.txt |2,6e+04 |
| 5 | 4100 | 5000 |   85 |     0,4500 |1585963348066 |     168 |   178.0 | 5,95 |mscpnrg4.txt |2,6e+04 |
| 5 | 4200 | 5000 |   85 |     0,4500 |1585963348066 |     168 |   178.0 | 5,95 |mscpnrg4.txt |2,7e+04 |
| 5 | 4300 | 5000 |   85 |     0,4500 |1585963348066 |     168 |   178.0 | 5,95 |mscpnrg4.txt |2,7e+04 |
| 5 | 4400 | 5000 |   90 |     0,4500 |1585963348066 |     168 |   178.0 | 5,95 |mscpnrg4.txt |2,8e+04 |
| 5 | 4500 | 5000 |   90 |     0,4500 |1585963348066 |     168 |   178.0 | 5,95 |mscpnrg4.txt |2,8e+04 |
| 5 | 4600 | 5000 |   90 |     0,4500 |1585963348066 |     168 |   178.0 | 5,95 |mscpnrg4.txt |2,9e+04 |
| 5 | 4700 | 5000 |   90 |     0,4500 |1585963348066 |     168 |   178.0 | 5,95 |mscpnrg4.txt |3,0e+04 |
| 5 | 4800 | 5000 |   95 |     0,4500 |1585963348066 |     168 |   178.0 | 5,95 |mscpnrg4.txt |3,1e+04 |
| 5 | 4900 | 5000 |   95 |     0,4500 |1585963348066 |     168 |   178.0 | 5,95 |mscpnrg4.txt |3,1e+04 |
| 5 | 5000 | 5000 |   95 |     0,4500 |1585963348066 |     168 |   178.0 | 5,95 |mscpnrg4.txt |3,2e+04 |
| 5 | 1000 | 5000 |   95 |     0,4500 |1585963348066 |     168 |   178.0 | 5,95 |mscpnrg4.txt |3,2e+04 |
| 6 |    1 | 5000 |   35 |     0,2500 |1585994933958 |     168 | 10514.0 |6158,33 |mscpnrg4.txt |0,043 |
| 6 |  100 | 5000 |   35 |     0,4500 |1585994933958 |     168 |  9633.0 |5633,93 |mscpnrg4.txt |  5,1 |
| 6 |  200 | 5000 |   40 |     0,4500 |1585994933958 |     168 |   186.0 |10,71 |mscpnrg4.txt |5,3e+02 |
| 6 |  300 | 5000 |   40 |     0,2250 |1585994933958 |     168 |   186.0 |10,71 |mscpnrg4.txt |9,6e+02 |
| 6 |  400 | 5000 |   40 |     0,1750 |1585994933958 |     168 |   186.0 |10,71 |mscpnrg4.txt |1,4e+03 |
| 6 |  500 | 5000 |   40 |     0,1750 |1585994933958 |     168 |   186.0 |10,71 |mscpnrg4.txt |1,8e+03 |
| 6 |  600 | 5000 |   45 |     0,4500 |1585994933958 |     168 |   186.0 |10,71 |mscpnrg4.txt |2,4e+03 |
| 6 |  700 | 5000 |   45 |     0,2889 |1585994933958 |     168 |   186.0 |10,71 |mscpnrg4.txt |2,9e+03 |
| 6 |  800 | 5000 |   45 |     0,2889 |1585994933958 |     168 |   186.0 |10,71 |mscpnrg4.txt |3,3e+03 |
| 6 |  900 | 5000 |   45 |     0,2889 |1585994933958 |     168 |   186.0 |10,71 |mscpnrg4.txt |3,7e+03 |
| 6 | 1000 | 5000 |   50 |     0,4500 |1585994933958 |     168 |   186.0 |10,71 |mscpnrg4.txt |4,4e+03 |
| 6 | 1100 | 5000 |   50 |     0,4400 |1585994933958 |     168 |   186.0 |10,71 |mscpnrg4.txt |4,8e+03 |
| 6 | 1200 | 5000 |   50 |     0,4400 |1585994933958 |     168 |   186.0 |10,71 |mscpnrg4.txt |5,2e+03 |
| 6 | 1300 | 5000 |   50 |     0,4400 |1585994933958 |     168 |   186.0 |10,71 |mscpnrg4.txt |5,7e+03 |
| 6 | 1400 | 5000 |   55 |     0,4500 |1585994933958 |     168 |   186.0 |10,71 |mscpnrg4.txt |6,3e+03 |
| 6 | 1500 | 5000 |   55 |     0,4500 |1585994933958 |     168 |   186.0 |10,71 |mscpnrg4.txt |6,7e+03 |
| 6 | 1600 | 5000 |   55 |     0,4500 |1585994933958 |     168 |   186.0 |10,71 |mscpnrg4.txt |7,0e+03 |
| 6 | 1700 | 5000 |   55 |     0,4500 |1585994933958 |     168 |   186.0 |10,71 |mscpnrg4.txt |7,4e+03 |
| 6 | 1800 | 5000 |   60 |     0,4500 |1585994933958 |     168 |   186.0 |10,71 |mscpnrg4.txt |8,0e+03 |
| 6 | 1900 | 5000 |   60 |     0,4500 |1585994933958 |     168 |   186.0 |10,71 |mscpnrg4.txt |8,2e+03 |
| 6 | 2000 | 5000 |   60 |     0,4500 |1585994933958 |     168 |   186.0 |10,71 |mscpnrg4.txt |8,5e+03 |
| 6 | 2100 | 5000 |   60 |     0,4500 |1585994933958 |     168 |   186.0 |10,71 |mscpnrg4.txt |8,9e+03 |
| 6 | 2200 | 5000 |   65 |     0,4500 |1585994933958 |     168 |   186.0 |10,71 |mscpnrg4.txt |9,7e+03 |
| 6 | 2300 | 5000 |   65 |     0,4500 |1585994933958 |     168 |   186.0 |10,71 |mscpnrg4.txt |1,0e+04 |
| 6 | 2400 | 5000 |   65 |     0,4500 |1585994933958 |     168 |   186.0 |10,71 |mscpnrg4.txt |1,0e+04 |
| 6 | 2500 | 5000 |   65 |     0,4500 |1585994933958 |     168 |   186.0 |10,71 |mscpnrg4.txt |1,1e+04 |
| 6 | 2600 | 5000 |   70 |     0,4500 |1585994933958 |     168 |   186.0 |10,71 |mscpnrg4.txt |1,1e+04 |
| 6 | 2700 | 5000 |   70 |     0,4500 |1585994933958 |     168 |   186.0 |10,71 |mscpnrg4.txt |1,1e+04 |
| 6 | 2800 | 5000 |   70 |     0,4500 |1585994933958 |     168 |   186.0 |10,71 |mscpnrg4.txt |1,2e+04 |
| 6 | 2900 | 5000 |   70 |     0,4500 |1585994933958 |     168 |   186.0 |10,71 |mscpnrg4.txt |1,2e+04 |
| 6 | 3000 | 5000 |   75 |     0,4500 |1585994933958 |     168 |   186.0 |10,71 |mscpnrg4.txt |1,2e+04 |
| 6 | 3100 | 5000 |   75 |     0,4500 |1585994933958 |     168 |   186.0 |10,71 |mscpnrg4.txt |1,3e+04 |
| 6 | 3200 | 5000 |   75 |     0,4500 |1585994933958 |     168 |   186.0 |10,71 |mscpnrg4.txt |1,4e+04 |
| 6 | 3300 | 5000 |   75 |     0,4500 |1585994933958 |     168 |   186.0 |10,71 |mscpnrg4.txt |1,4e+04 |
| 6 | 3400 | 5000 |   80 |     0,4500 |1585994933958 |     168 |   186.0 |10,71 |mscpnrg4.txt |1,5e+04 |
| 6 | 3500 | 5000 |   80 |     0,4500 |1585994933958 |     168 |   186.0 |10,71 |mscpnrg4.txt |1,5e+04 |
| 6 | 3600 | 5000 |   80 |     0,4500 |1585994933958 |     168 |   186.0 |10,71 |mscpnrg4.txt |1,6e+04 |
| 6 | 3700 | 5000 |   80 |     0,4500 |1585994933958 |     168 |   186.0 |10,71 |mscpnrg4.txt |1,6e+04 |
| 6 | 3800 | 5000 |   85 |     0,4500 |1585994933958 |     168 |   186.0 |10,71 |mscpnrg4.txt |1,7e+04 |
| 6 | 3900 | 5000 |   85 |     0,4500 |1585994933958 |     168 |   184.0 | 9,52 |mscpnrg4.txt |1,7e+04 |
| 6 | 4000 | 5000 |   85 |     0,4500 |1585994933958 |     168 |   184.0 | 9,52 |mscpnrg4.txt |1,8e+04 |
| 6 | 4100 | 5000 |   85 |     0,4500 |1585994933958 |     168 |   184.0 | 9,52 |mscpnrg4.txt |1,9e+04 |
| 6 | 4200 | 5000 |   90 |     0,4500 |1585994933958 |     168 |   184.0 | 9,52 |mscpnrg4.txt |2,0e+04 |
| 6 | 4300 | 5000 |   90 |     0,4500 |1585994933958 |     168 |   184.0 | 9,52 |mscpnrg4.txt |2,1e+04 |
| 6 | 4400 | 5000 |   90 |     0,4500 |1585994933958 |     168 |   184.0 | 9,52 |mscpnrg4.txt |2,1e+04 |
| 6 | 4500 | 5000 |   90 |     0,4500 |1585994933958 |     168 |   184.0 | 9,52 |mscpnrg4.txt |2,2e+04 |
| 6 | 4600 | 5000 |   95 |     0,4500 |1585994933958 |     168 |   184.0 | 9,52 |mscpnrg4.txt |2,4e+04 |
| 6 | 4700 | 5000 |   95 |     0,4500 |1585994933958 |     168 |   182.0 | 8,33 |mscpnrg4.txt |2,5e+04 |
| 6 | 4800 | 5000 |   95 |     0,4500 |1585994933958 |     168 |   182.0 | 8,33 |mscpnrg4.txt |2,6e+04 |
| 6 | 4900 | 5000 |   95 |     0,4500 |1585994933958 |     168 |   182.0 | 8,33 |mscpnrg4.txt |2,8e+04 |
| 6 | 5000 | 5000 |  100 |     0,4500 |1585994933958 |     168 |   182.0 | 8,33 |mscpnrg4.txt |2,9e+04 |
| 6 | 1000 | 5000 |  100 |     0,4500 |1585994933958 |     168 |   182.0 | 8,33 |mscpnrg4.txt |2,9e+04 |
| 7 |    1 | 5000 |   35 |     0,2500 |1586024015339 |     168 | 10436.0 |6111,90 |mscpnrg4.txt |0,053 |
| 7 |  100 | 5000 |   35 |     0,4500 |1586024015339 |     168 |  9525.0 |5569,64 |mscpnrg4.txt |   17 |
| 7 |  200 | 5000 |   35 |     0,3714 |1586024015339 |     168 |  9193.0 |5372,02 |mscpnrg4.txt |   27 |
| 7 |  300 | 5000 |   35 |     0,4286 |1586024015339 |     168 |  8890.0 |5191,67 |mscpnrg4.txt |   34 |
| 7 |  400 | 5000 |   35 |     0,4500 |1586024015339 |     168 |  8572.0 |5002,38 |mscpnrg4.txt |   42 |
| 7 |  500 | 5000 |   35 |     0,4000 |1586024015339 |     168 |  8440.0 |4923,81 |mscpnrg4.txt |   49 |
| 7 |  600 | 5000 |   35 |     0,4500 |1586024015339 |     168 |  8305.0 |4843,45 |mscpnrg4.txt |   55 |
| 7 |  700 | 5000 |   40 |     0,4500 |1586024015339 |     168 |   186.0 |10,71 |mscpnrg4.txt |9,6e+02 |
| 7 |  800 | 5000 |   40 |     0,4500 |1586024015339 |     168 |   184.0 | 9,52 |mscpnrg4.txt |2,0e+03 |
| 7 |  900 | 5000 |   40 |     0,4500 |1586024015339 |     168 |   184.0 | 9,52 |mscpnrg4.txt |3,0e+03 |
| 7 | 1000 | 5000 |   40 |     0,4500 |1586024015339 |     168 |   184.0 | 9,52 |mscpnrg4.txt |4,0e+03 |
| 7 | 1100 | 5000 |   45 |     0,4500 |1586024015339 |     168 |   184.0 | 9,52 |mscpnrg4.txt |5,4e+03 |
| 7 | 1200 | 5000 |   45 |     0,4500 |1586024015339 |     168 |   184.0 | 9,52 |mscpnrg4.txt |6,8e+03 |
| 7 | 1300 | 5000 |   45 |     0,4500 |1586024015339 |     168 |   184.0 | 9,52 |mscpnrg4.txt |7,7e+03 |
| 7 | 1400 | 5000 |   45 |     0,4222 |1586024015339 |     168 |   184.0 | 9,52 |mscpnrg4.txt |8,2e+03 |
| 7 | 1500 | 5000 |   50 |     0,4200 |1586024015339 |     168 |   184.0 | 9,52 |mscpnrg4.txt |9,0e+03 |
| 7 | 1600 | 5000 |   50 |     0,4500 |1586024015339 |     168 |   184.0 | 9,52 |mscpnrg4.txt |9,7e+03 |
| 7 | 1700 | 5000 |   50 |     0,4500 |1586024015339 |     168 |   184.0 | 9,52 |mscpnrg4.txt |1,0e+04 |
| 7 | 1800 | 5000 |   50 |     0,4500 |1586024015339 |     168 |   184.0 | 9,52 |mscpnrg4.txt |1,1e+04 |
| 7 | 1900 | 5000 |   55 |     0,4500 |1586024015339 |     168 |   184.0 | 9,52 |mscpnrg4.txt |1,2e+04 |
| 7 | 2000 | 5000 |   55 |     0,4500 |1586024015339 |     168 |   184.0 | 9,52 |mscpnrg4.txt |1,3e+04 |
| 7 | 2100 | 5000 |   55 |     0,4500 |1586024015339 |     168 |   184.0 | 9,52 |mscpnrg4.txt |1,4e+04 |
| 7 | 2200 | 5000 |   55 |     0,4500 |1586024015339 |     168 |   184.0 | 9,52 |mscpnrg4.txt |1,5e+04 |
| 7 | 2300 | 5000 |   60 |     0,4500 |1586024015339 |     168 |   184.0 | 9,52 |mscpnrg4.txt |1,6e+04 |
| 7 | 2400 | 5000 |   60 |     0,4500 |1586024015339 |     168 |   184.0 | 9,52 |mscpnrg4.txt |1,7e+04 |
| 7 | 2500 | 5000 |   60 |     0,4500 |1586024015339 |     168 |   184.0 | 9,52 |mscpnrg4.txt |1,8e+04 |
| 7 | 2600 | 5000 |   60 |     0,4500 |1586024015339 |     168 |   184.0 | 9,52 |mscpnrg4.txt |1,9e+04 |
| 7 | 2700 | 5000 |   65 |     0,4500 |1586024015339 |     168 |   184.0 | 9,52 |mscpnrg4.txt |2,0e+04 |
| 7 | 2800 | 5000 |   65 |     0,4500 |1586024015339 |     168 |   184.0 | 9,52 |mscpnrg4.txt |2,1e+04 |
| 7 | 2900 | 5000 |   65 |     0,4500 |1586024015339 |     168 |   184.0 | 9,52 |mscpnrg4.txt |2,2e+04 |
| 7 | 3000 | 5000 |   65 |     0,4500 |1586024015339 |     168 |   184.0 | 9,52 |mscpnrg4.txt |2,3e+04 |
| 7 | 3100 | 5000 |   70 |     0,4500 |1586024015339 |     168 |   184.0 | 9,52 |mscpnrg4.txt |2,4e+04 |
| 7 | 3200 | 5000 |   70 |     0,4500 |1586024015339 |     168 |   184.0 | 9,52 |mscpnrg4.txt |2,5e+04 |
| 7 | 3300 | 5000 |   70 |     0,4500 |1586024015339 |     168 |   184.0 | 9,52 |mscpnrg4.txt |2,6e+04 |
| 7 | 3400 | 5000 |   70 |     0,4500 |1586024015339 |     168 |   184.0 | 9,52 |mscpnrg4.txt |2,7e+04 |
| 7 | 3500 | 5000 |   75 |     0,4500 |1586024015339 |     168 |   184.0 | 9,52 |mscpnrg4.txt |2,8e+04 |
| 7 | 3600 | 5000 |   75 |     0,4500 |1586024015339 |     168 |   184.0 | 9,52 |mscpnrg4.txt |3,0e+04 |
| 7 | 3700 | 5000 |   75 |     0,4500 |1586024015339 |     168 |   184.0 | 9,52 |mscpnrg4.txt |3,1e+04 |
| 7 | 3800 | 5000 |   75 |     0,4500 |1586024015339 |     168 |   184.0 | 9,52 |mscpnrg4.txt |3,1e+04 |
| 7 | 3900 | 5000 |   80 |     0,4500 |1586024015339 |     168 |   184.0 | 9,52 |mscpnrg4.txt |3,2e+04 |
| 7 | 4000 | 5000 |   80 |     0,4500 |1586024015339 |     168 |   184.0 | 9,52 |mscpnrg4.txt |3,3e+04 |
| 7 | 4100 | 5000 |   80 |     0,4500 |1586024015339 |     168 |   184.0 | 9,52 |mscpnrg4.txt |3,4e+04 |
| 7 | 4200 | 5000 |   80 |     0,4500 |1586024015339 |     168 |   184.0 | 9,52 |mscpnrg4.txt |3,5e+04 |
| 7 | 4300 | 5000 |   85 |     0,4500 |1586024015339 |     168 |   184.0 | 9,52 |mscpnrg4.txt |3,6e+04 |
| 7 | 4400 | 5000 |   85 |     0,4500 |1586024015339 |     168 |   184.0 | 9,52 |mscpnrg4.txt |3,7e+04 |
| 7 | 4500 | 5000 |   85 |     0,4500 |1586024015339 |     168 |   184.0 | 9,52 |mscpnrg4.txt |3,8e+04 |
| 7 | 4600 | 5000 |   85 |     0,4500 |1586024015339 |     168 |   184.0 | 9,52 |mscpnrg4.txt |3,9e+04 |
| 7 | 4700 | 5000 |   90 |     0,4500 |1586024015339 |     168 |   184.0 | 9,52 |mscpnrg4.txt |4,0e+04 |
| 7 | 4800 | 5000 |   90 |     0,4500 |1586024015339 |     168 |   184.0 | 9,52 |mscpnrg4.txt |4,1e+04 |
| 7 | 4900 | 5000 |   90 |     0,4500 |1586024015339 |     168 |   184.0 | 9,52 |mscpnrg4.txt |4,3e+04 |
| 7 | 5000 | 5000 |   90 |     0,4500 |1586024015339 |     168 |   184.0 | 9,52 |mscpnrg4.txt |4,4e+04 |
| 7 | 1000 | 5000 |   95 |     0,4500 |1586024015339 |     168 |   184.0 | 9,52 |mscpnrg4.txt |4,4e+04 |
| 8 |    1 | 5000 |   35 |     0,2500 |1586067890755 |     168 | 10488.0 |6142,86 |mscpnrg4.txt |0,082 |
| 8 |  100 | 5000 |   35 |     0,4500 |1586067890755 |     168 |  9673.0 |5657,74 |mscpnrg4.txt |  4,8 |
| 8 |  200 | 5000 |   35 |     0,4000 |1586067890755 |     168 |  8876.0 |5183,33 |mscpnrg4.txt |  9,6 |
| 8 |  300 | 5000 |   35 |     0,4286 |1586067890755 |     168 |  8742.0 |5103,57 |mscpnrg4.txt |   14 |
| 8 |  400 | 5000 |   35 |     0,4286 |1586067890755 |     168 |  8672.0 |5061,90 |mscpnrg4.txt |   19 |
| 8 |  500 | 5000 |   35 |     0,4000 |1586067890755 |     168 |  8375.0 |4885,12 |mscpnrg4.txt |   24 |
| 8 |  600 | 5000 |   40 |     0,4500 |1586067890755 |     168 |   186.0 |10,71 |mscpnrg4.txt |5,7e+02 |
| 8 |  700 | 5000 |   40 |     0,4500 |1586067890755 |     168 |   186.0 |10,71 |mscpnrg4.txt |1,2e+03 |
| 8 |  800 | 5000 |   40 |     0,4500 |1586067890755 |     168 |   186.0 |10,71 |mscpnrg4.txt |1,9e+03 |
| 8 |  900 | 5000 |   40 |     0,4500 |1586067890755 |     168 |   186.0 |10,71 |mscpnrg4.txt |2,6e+03 |
| 8 | 1000 | 5000 |   45 |     0,4500 |1586067890755 |     168 |   186.0 |10,71 |mscpnrg4.txt |3,3e+03 |
| 8 | 1100 | 5000 |   45 |     0,3333 |1586067890755 |     168 |   186.0 |10,71 |mscpnrg4.txt |3,8e+03 |
| 8 | 1200 | 5000 |   45 |     0,3333 |1586067890755 |     168 |   186.0 |10,71 |mscpnrg4.txt |4,2e+03 |
| 8 | 1300 | 5000 |   45 |     0,3333 |1586067890755 |     168 |   186.0 |10,71 |mscpnrg4.txt |4,7e+03 |
| 8 | 1400 | 5000 |   50 |     0,4500 |1586067890755 |     168 |   186.0 |10,71 |mscpnrg4.txt |5,4e+03 |
| 8 | 1500 | 5000 |   50 |     0,4500 |1586067890755 |     168 |   186.0 |10,71 |mscpnrg4.txt |5,8e+03 |
| 8 | 1600 | 5000 |   50 |     0,4500 |1586067890755 |     168 |   186.0 |10,71 |mscpnrg4.txt |6,1e+03 |
| 8 | 1700 | 5000 |   50 |     0,4500 |1586067890755 |     168 |   186.0 |10,71 |mscpnrg4.txt |6,5e+03 |
| 8 | 1800 | 5000 |   55 |     0,4500 |1586067890755 |     168 |   186.0 |10,71 |mscpnrg4.txt |7,1e+03 |
| 8 | 1900 | 5000 |   55 |     0,4500 |1586067890755 |     168 |   186.0 |10,71 |mscpnrg4.txt |7,7e+03 |
| 8 | 2000 | 5000 |   55 |     0,4500 |1586067890755 |     168 |   186.0 |10,71 |mscpnrg4.txt |8,3e+03 |
| 8 | 2100 | 5000 |   55 |     0,4500 |1586067890755 |     168 |   186.0 |10,71 |mscpnrg4.txt |8,9e+03 |
| 8 | 2200 | 5000 |   60 |     0,4500 |1586067890755 |     168 |   186.0 |10,71 |mscpnrg4.txt |9,7e+03 |
| 8 | 2300 | 5000 |   60 |     0,4500 |1586067890755 |     168 |   186.0 |10,71 |mscpnrg4.txt |1,0e+04 |
| 8 | 2400 | 5000 |   60 |     0,4500 |1586067890755 |     168 |   186.0 |10,71 |mscpnrg4.txt |1,1e+04 |
| 8 | 2500 | 5000 |   60 |     0,4500 |1586067890755 |     168 |   186.0 |10,71 |mscpnrg4.txt |1,1e+04 |
| 8 | 2600 | 5000 |   65 |     0,4500 |1586067890755 |     168 |   186.0 |10,71 |mscpnrg4.txt |1,2e+04 |
| 8 | 2700 | 5000 |   65 |     0,4500 |1586067890755 |     168 |   186.0 |10,71 |mscpnrg4.txt |1,2e+04 |
| 8 | 2800 | 5000 |   65 |     0,4500 |1586067890755 |     168 |   186.0 |10,71 |mscpnrg4.txt |1,3e+04 |
| 8 | 2900 | 5000 |   65 |     0,4500 |1586067890755 |     168 |   186.0 |10,71 |mscpnrg4.txt |1,4e+04 |
| 8 | 3000 | 5000 |   70 |     0,4500 |1586067890755 |     168 |   186.0 |10,71 |mscpnrg4.txt |1,5e+04 |
| 8 | 3100 | 5000 |   70 |     0,4500 |1586067890755 |     168 |   186.0 |10,71 |mscpnrg4.txt |1,5e+04 |
| 8 | 3200 | 5000 |   70 |     0,4500 |1586067890755 |     168 |   186.0 |10,71 |mscpnrg4.txt |1,6e+04 |
| 8 | 3300 | 5000 |   70 |     0,4500 |1586067890755 |     168 |   186.0 |10,71 |mscpnrg4.txt |1,6e+04 |
| 8 | 3400 | 5000 |   75 |     0,4500 |1586067890755 |     168 |   186.0 |10,71 |mscpnrg4.txt |1,7e+04 |
| 8 | 3500 | 5000 |   75 |     0,4500 |1586067890755 |     168 |   186.0 |10,71 |mscpnrg4.txt |1,8e+04 |
| 8 | 3600 | 5000 |   75 |     0,4500 |1586067890755 |     168 |   186.0 |10,71 |mscpnrg4.txt |1,8e+04 |
| 8 | 3700 | 5000 |   75 |     0,4500 |1586067890755 |     168 |   186.0 |10,71 |mscpnrg4.txt |1,9e+04 |
| 8 | 3800 | 5000 |   80 |     0,4500 |1586067890755 |     168 |   185.0 |10,12 |mscpnrg4.txt |2,0e+04 |
| 8 | 3900 | 5000 |   80 |     0,4500 |1586067890755 |     168 |   185.0 |10,12 |mscpnrg4.txt |2,1e+04 |
| 8 | 4000 | 5000 |   80 |     0,4500 |1586067890755 |     168 |   185.0 |10,12 |mscpnrg4.txt |2,2e+04 |
| 8 | 4100 | 5000 |   80 |     0,4500 |1586067890755 |     168 |   185.0 |10,12 |mscpnrg4.txt |2,3e+04 |
| 8 | 4200 | 5000 |   85 |     0,4500 |1586067890755 |     168 |   185.0 |10,12 |mscpnrg4.txt |2,4e+04 |
| 8 | 4300 | 5000 |   85 |     0,4500 |1586067890755 |     168 |   185.0 |10,12 |mscpnrg4.txt |2,5e+04 |
| 8 | 4400 | 5000 |   85 |     0,4500 |1586067890755 |     168 |   185.0 |10,12 |mscpnrg4.txt |2,5e+04 |
| 8 | 4500 | 5000 |   85 |     0,4500 |1586067890755 |     168 |   185.0 |10,12 |mscpnrg4.txt |2,6e+04 |
| 8 | 4600 | 5000 |   90 |     0,4500 |1586067890755 |     168 |   185.0 |10,12 |mscpnrg4.txt |2,7e+04 |
| 8 | 4700 | 5000 |   90 |     0,4500 |1586067890755 |     168 |   185.0 |10,12 |mscpnrg4.txt |2,8e+04 |
| 8 | 4800 | 5000 |   90 |     0,4500 |1586067890755 |     168 |   185.0 |10,12 |mscpnrg4.txt |2,8e+04 |
| 8 | 4900 | 5000 |   90 |     0,4500 |1586067890755 |     168 |   185.0 |10,12 |mscpnrg4.txt |2,9e+04 |
| 8 | 5000 | 5000 |   95 |     0,4500 |1586067890755 |     168 |   185.0 |10,12 |mscpnrg4.txt |3,0e+04 |
| 8 | 1000 | 5000 |   95 |     0,4500 |1586067890755 |     168 |   185.0 |10,12 |mscpnrg4.txt |3,0e+04 |
| 9 |    1 | 5000 |   35 |     0,2500 |1586098360747 |     168 | 10400.0 |6090,48 |mscpnrg4.txt |0,054 |
| 9 |  100 | 5000 |   35 |     0,4286 |1586098360747 |     168 |  9472.0 |5538,10 |mscpnrg4.txt |  5,4 |
| 9 |  200 | 5000 |   35 |     0,4500 |1586098360747 |     168 |  8989.0 |5250,60 |mscpnrg4.txt |   11 |
| 9 |  300 | 5000 |   35 |     0,3429 |1586098360747 |     168 |   357.0 |112,50 |mscpnrg4.txt |   20 |
| 9 |  400 | 5000 |   35 |     0,2857 |1586098360747 |     168 |   357.0 |112,50 |mscpnrg4.txt |   40 |
| 9 |  500 | 5000 |   40 |     0,4500 |1586098360747 |     168 |   186.0 |10,71 |mscpnrg4.txt |7,5e+02 |
| 9 |  600 | 5000 |   40 |     0,4500 |1586098360747 |     168 |   186.0 |10,71 |mscpnrg4.txt |1,6e+03 |
| 9 |  700 | 5000 |   40 |     0,4500 |1586098360747 |     168 |   186.0 |10,71 |mscpnrg4.txt |2,4e+03 |
| 9 |  800 | 5000 |   40 |     0,4500 |1586098360747 |     168 |   186.0 |10,71 |mscpnrg4.txt |3,0e+03 |
| 9 |  900 | 5000 |   45 |     0,4444 |1586098360747 |     168 |   186.0 |10,71 |mscpnrg4.txt |3,7e+03 |
| 9 | 1000 | 5000 |   45 |     0,4500 |1586098360747 |     168 |   186.0 |10,71 |mscpnrg4.txt |4,4e+03 |
| 9 | 1100 | 5000 |   45 |     0,4500 |1586098360747 |     168 |   186.0 |10,71 |mscpnrg4.txt |5,1e+03 |
| 9 | 1200 | 5000 |   45 |     0,4500 |1586098360747 |     168 |   186.0 |10,71 |mscpnrg4.txt |5,9e+03 |
| 9 | 1300 | 5000 |   50 |     0,4500 |1586098360747 |     168 |   186.0 |10,71 |mscpnrg4.txt |6,8e+03 |
| 9 | 1400 | 5000 |   50 |     0,4400 |1586098360747 |     168 |   186.0 |10,71 |mscpnrg4.txt |7,3e+03 |
| 9 | 1500 | 5000 |   50 |     0,4400 |1586098360747 |     168 |   186.0 |10,71 |mscpnrg4.txt |7,9e+03 |
| 9 | 1600 | 5000 |   50 |     0,4400 |1586098360747 |     168 |   186.0 |10,71 |mscpnrg4.txt |8,4e+03 |
| 9 | 1700 | 5000 |   55 |     0,4500 |1586098360747 |     168 |   186.0 |10,71 |mscpnrg4.txt |9,1e+03 |
| 9 | 1800 | 5000 |   55 |     0,4500 |1586098360747 |     168 |   185.0 |10,12 |mscpnrg4.txt |9,8e+03 |
| 9 | 1900 | 5000 |   55 |     0,4500 |1586098360747 |     168 |   185.0 |10,12 |mscpnrg4.txt |1,1e+04 |
| 9 | 2000 | 5000 |   55 |     0,4500 |1586098360747 |     168 |   185.0 |10,12 |mscpnrg4.txt |1,1e+04 |
| 9 | 2100 | 5000 |   60 |     0,4500 |1586098360747 |     168 |   185.0 |10,12 |mscpnrg4.txt |1,2e+04 |
| 9 | 2200 | 5000 |   60 |     0,4500 |1586098360747 |     168 |   185.0 |10,12 |mscpnrg4.txt |1,3e+04 |
| 9 | 2300 | 5000 |   60 |     0,4500 |1586098360747 |     168 |   185.0 |10,12 |mscpnrg4.txt |1,3e+04 |
| 9 | 2400 | 5000 |   60 |     0,4500 |1586098360747 |     168 |   185.0 |10,12 |mscpnrg4.txt |1,4e+04 |
| 9 | 2500 | 5000 |   65 |     0,4500 |1586098360747 |     168 |   185.0 |10,12 |mscpnrg4.txt |1,5e+04 |
| 9 | 2600 | 5000 |   65 |     0,4500 |1586098360747 |     168 |   185.0 |10,12 |mscpnrg4.txt |1,6e+04 |
| 9 | 2700 | 5000 |   65 |     0,4500 |1586098360747 |     168 |   185.0 |10,12 |mscpnrg4.txt |1,7e+04 |
| 9 | 2800 | 5000 |   65 |     0,4500 |1586098360747 |     168 |   185.0 |10,12 |mscpnrg4.txt |1,9e+04 |
| 9 | 2900 | 5000 |   70 |     0,4500 |1586098360747 |     168 |   185.0 |10,12 |mscpnrg4.txt |2,1e+04 |
| 9 | 3000 | 5000 |   70 |     0,4500 |1586098360747 |     168 |   185.0 |10,12 |mscpnrg4.txt |2,1e+04 |
| 9 | 3100 | 5000 |   70 |     0,4500 |1586098360747 |     168 |   185.0 |10,12 |mscpnrg4.txt |2,2e+04 |
| 9 | 3200 | 5000 |   70 |     0,4500 |1586098360747 |     168 |   185.0 |10,12 |mscpnrg4.txt |2,3e+04 |
| 9 | 3300 | 5000 |   75 |     0,4500 |1586098360747 |     168 |   185.0 |10,12 |mscpnrg4.txt |2,5e+04 |
| 9 | 3400 | 5000 |   75 |     0,4500 |1586098360747 |     168 |   185.0 |10,12 |mscpnrg4.txt |2,6e+04 |
| 9 | 3500 | 5000 |   75 |     0,4500 |1586098360747 |     168 |   185.0 |10,12 |mscpnrg4.txt |2,8e+04 |
| 9 | 3600 | 5000 |   75 |     0,4500 |1586098360747 |     168 |   185.0 |10,12 |mscpnrg4.txt |2,9e+04 |
| 9 | 3700 | 5000 |   80 |     0,4500 |1586098360747 |     168 |   185.0 |10,12 |mscpnrg4.txt |3,0e+04 |
| 9 | 3800 | 5000 |   80 |     0,4500 |1586098360747 |     168 |   185.0 |10,12 |mscpnrg4.txt |3,2e+04 |
| 9 | 3900 | 5000 |   80 |     0,4500 |1586098360747 |     168 |   185.0 |10,12 |mscpnrg4.txt |3,3e+04 |
| 9 | 4000 | 5000 |   80 |     0,4500 |1586098360747 |     168 |   185.0 |10,12 |mscpnrg4.txt |3,5e+04 |
| 9 | 4100 | 5000 |   85 |     0,4500 |1586098360747 |     168 |   185.0 |10,12 |mscpnrg4.txt |3,6e+04 |
| 9 | 4200 | 5000 |   85 |     0,4500 |1586098360747 |     168 |   185.0 |10,12 |mscpnrg4.txt |3,8e+04 |
| 9 | 4300 | 5000 |   85 |     0,4500 |1586098360747 |     168 |   185.0 |10,12 |mscpnrg4.txt |3,9e+04 |
| 9 | 4400 | 5000 |   85 |     0,4500 |1586098360747 |     168 |   185.0 |10,12 |mscpnrg4.txt |4,0e+04 |
| 9 | 4500 | 5000 |   90 |     0,4500 |1586098360747 |     168 |   185.0 |10,12 |mscpnrg4.txt |4,1e+04 |
| 9 | 4600 | 5000 |   90 |     0,4500 |1586098360747 |     168 |   185.0 |10,12 |mscpnrg4.txt |4,3e+04 |
| 9 | 4700 | 5000 |   90 |     0,4500 |1586098360747 |     168 |   185.0 |10,12 |mscpnrg4.txt |4,4e+04 |
| 9 | 4800 | 5000 |   90 |     0,4500 |1586098360747 |     168 |   185.0 |10,12 |mscpnrg4.txt |4,5e+04 |
| 9 | 4900 | 5000 |   95 |     0,4500 |1586098360747 |     168 |   185.0 |10,12 |mscpnrg4.txt |4,6e+04 |
| 9 | 5000 | 5000 |   95 |     0,4500 |1586098360747 |     168 |   185.0 |10,12 |mscpnrg4.txt |4,7e+04 |
| 9 | 1000 | 5000 |   95 |     0,4500 |1586098360747 |     168 |   185.0 |10,12 |mscpnrg4.txt |4,7e+04 |
|10 |    1 | 5000 |   35 |     0,2500 |1586145587446 |     168 | 10664.0 |6247,62 |mscpnrg4.txt |0,062 |
|10 |  100 | 5000 |   35 |     0,4000 |1586145587446 |     168 |  9532.0 |5573,81 |mscpnrg4.txt |  4,5 |
|10 |  200 | 5000 |   35 |     0,4500 |1586145587446 |     168 |  9136.0 |5338,10 |mscpnrg4.txt |  9,2 |
|10 |  300 | 5000 |   40 |     0,4500 |1586145587446 |     168 |   183.0 | 8,93 |mscpnrg4.txt |6,1e+02 |
|10 |  400 | 5000 |   40 |     0,4500 |1586145587446 |     168 |   183.0 | 8,93 |mscpnrg4.txt |1,3e+03 |
|10 |  500 | 5000 |   40 |     0,4500 |1586145587446 |     168 |   183.0 | 8,93 |mscpnrg4.txt |1,9e+03 |
|10 |  600 | 5000 |   40 |     0,2750 |1586145587446 |     168 |   183.0 | 8,93 |mscpnrg4.txt |2,4e+03 |
|10 |  700 | 5000 |   45 |     0,4500 |1586145587446 |     168 |   183.0 | 8,93 |mscpnrg4.txt |2,8e+03 |
|10 |  800 | 5000 |   45 |     0,4500 |1586145587446 |     168 |   183.0 | 8,93 |mscpnrg4.txt |3,2e+03 |
|10 |  900 | 5000 |   45 |     0,4500 |1586145587446 |     168 |   183.0 | 8,93 |mscpnrg4.txt |3,7e+03 |
|10 | 1000 | 5000 |   45 |     0,4500 |1586145587446 |     168 |   183.0 | 8,93 |mscpnrg4.txt |4,1e+03 |
|10 | 1100 | 5000 |   50 |     0,4500 |1586145587446 |     168 |   183.0 | 8,93 |mscpnrg4.txt |4,7e+03 |
|10 | 1200 | 5000 |   50 |     0,4500 |1586145587446 |     168 |   183.0 | 8,93 |mscpnrg4.txt |5,1e+03 |
|10 | 1300 | 5000 |   50 |     0,4500 |1586145587446 |     168 |   183.0 | 8,93 |mscpnrg4.txt |5,4e+03 |
|10 | 1400 | 5000 |   50 |     0,4500 |1586145587446 |     168 |   183.0 | 8,93 |mscpnrg4.txt |5,7e+03 |
|10 | 1500 | 5000 |   55 |     0,4500 |1586145587446 |     168 |   183.0 | 8,93 |mscpnrg4.txt |6,2e+03 |
|10 | 1600 | 5000 |   55 |     0,4500 |1586145587446 |     168 |   183.0 | 8,93 |mscpnrg4.txt |6,8e+03 |
|10 | 1700 | 5000 |   55 |     0,4500 |1586145587446 |     168 |   183.0 | 8,93 |mscpnrg4.txt |7,3e+03 |
|10 | 1800 | 5000 |   55 |     0,4500 |1586145587446 |     168 |   183.0 | 8,93 |mscpnrg4.txt |7,9e+03 |
|10 | 1900 | 5000 |   60 |     0,4500 |1586145587446 |     168 |   183.0 | 8,93 |mscpnrg4.txt |8,7e+03 |
|10 | 2000 | 5000 |   60 |     0,4500 |1586145587446 |     168 |   183.0 | 8,93 |mscpnrg4.txt |9,4e+03 |
|10 | 2100 | 5000 |   60 |     0,4500 |1586145587446 |     168 |   183.0 | 8,93 |mscpnrg4.txt |1,0e+04 |
|10 | 2200 | 5000 |   60 |     0,4500 |1586145587446 |     168 |   183.0 | 8,93 |mscpnrg4.txt |1,1e+04 |
|10 | 2300 | 5000 |   65 |     0,4500 |1586145587446 |     168 |   183.0 | 8,93 |mscpnrg4.txt |1,2e+04 |
|10 | 2400 | 5000 |   65 |     0,4500 |1586145587446 |     168 |   183.0 | 8,93 |mscpnrg4.txt |1,2e+04 |
|10 | 2500 | 5000 |   65 |     0,4500 |1586145587446 |     168 |   183.0 | 8,93 |mscpnrg4.txt |1,3e+04 |
|10 | 2600 | 5000 |   65 |     0,4500 |1586145587446 |     168 |   183.0 | 8,93 |mscpnrg4.txt |1,3e+04 |
|10 | 2700 | 5000 |   70 |     0,4500 |1586145587446 |     168 |   183.0 | 8,93 |mscpnrg4.txt |1,4e+04 |
|10 | 2800 | 5000 |   70 |     0,4500 |1586145587446 |     168 |   183.0 | 8,93 |mscpnrg4.txt |1,5e+04 |
|10 | 2900 | 5000 |   70 |     0,4500 |1586145587446 |     168 |   183.0 | 8,93 |mscpnrg4.txt |1,5e+04 |
|10 | 3000 | 5000 |   70 |     0,4500 |1586145587446 |     168 |   183.0 | 8,93 |mscpnrg4.txt |1,6e+04 |
|10 | 3100 | 5000 |   75 |     0,4500 |1586145587446 |     168 |   183.0 | 8,93 |mscpnrg4.txt |1,7e+04 |
|10 | 3200 | 5000 |   75 |     0,4500 |1586145587446 |     168 |   183.0 | 8,93 |mscpnrg4.txt |1,8e+04 |
|10 | 3300 | 5000 |   75 |     0,4500 |1586145587446 |     168 |   183.0 | 8,93 |mscpnrg4.txt |1,9e+04 |
|10 | 3400 | 5000 |   75 |     0,4500 |1586145587446 |     168 |   183.0 | 8,93 |mscpnrg4.txt |2,0e+04 |
|10 | 3500 | 5000 |   80 |     0,4500 |1586145587446 |     168 |   182.0 | 8,33 |mscpnrg4.txt |2,1e+04 |
|10 | 3600 | 5000 |   80 |     0,4500 |1586145587446 |     168 |   182.0 | 8,33 |mscpnrg4.txt |2,2e+04 |
|10 | 3700 | 5000 |   80 |     0,4500 |1586145587446 |     168 |   182.0 | 8,33 |mscpnrg4.txt |2,3e+04 |
|10 | 3800 | 5000 |   80 |     0,4500 |1586145587446 |     168 |   182.0 | 8,33 |mscpnrg4.txt |2,3e+04 |
|10 | 3900 | 5000 |   85 |     0,4500 |1586145587446 |     168 |   182.0 | 8,33 |mscpnrg4.txt |2,4e+04 |
|10 | 4000 | 5000 |   85 |     0,4500 |1586145587446 |     168 |   182.0 | 8,33 |mscpnrg4.txt |2,5e+04 |
|10 | 4100 | 5000 |   85 |     0,4500 |1586145587446 |     168 |   182.0 | 8,33 |mscpnrg4.txt |2,6e+04 |
|10 | 4200 | 5000 |   85 |     0,4500 |1586145587446 |     168 |   182.0 | 8,33 |mscpnrg4.txt |2,7e+04 |
|10 | 4300 | 5000 |   90 |     0,4500 |1586145587446 |     168 |   182.0 | 8,33 |mscpnrg4.txt |2,8e+04 |
|10 | 4400 | 5000 |   90 |     0,4500 |1586145587446 |     168 |   182.0 | 8,33 |mscpnrg4.txt |2,9e+04 |
|10 | 4500 | 5000 |   90 |     0,4500 |1586145587446 |     168 |   182.0 | 8,33 |mscpnrg4.txt |3,0e+04 |
|10 | 4600 | 5000 |   90 |     0,4500 |1586145587446 |     168 |   182.0 | 8,33 |mscpnrg4.txt |3,2e+04 |
|10 | 4700 | 5000 |   95 |     0,4500 |1586145587446 |     168 |   182.0 | 8,33 |mscpnrg4.txt |3,3e+04 |
|10 | 4800 | 5000 |   95 |     0,4500 |1586145587446 |     168 |   182.0 | 8,33 |mscpnrg4.txt |3,4e+04 |
|10 | 4900 | 5000 |   95 |     0,4500 |1586145587446 |     168 |   182.0 | 8,33 |mscpnrg4.txt |3,6e+04 |
|10 | 5000 | 5000 |   95 |     0,4500 |1586145587446 |     168 |   182.0 | 8,33 |mscpnrg4.txt |3,7e+04 |
|10 | 1000 | 5000 |  100 |     0,4500 |1586145587446 |     168 |   182.0 | 8,33 |mscpnrg4.txt |3,7e+04 |
|11 |    1 | 5000 |   35 |     0,2500 |1586182540554 |     168 | 10447.0 |6118,45 |mscpnrg4.txt |0,056 |
|11 |  100 | 5000 |   35 |     0,4000 |1586182540554 |     168 |  9468.0 |5535,71 |mscpnrg4.txt |  4,7 |
|11 |  200 | 5000 |   35 |     0,4500 |1586182540554 |     168 |  9100.0 |5316,67 |mscpnrg4.txt |  9,5 |
|11 |  300 | 5000 |   35 |     0,4500 |1586182540554 |     168 |  8879.0 |5185,12 |mscpnrg4.txt |   14 |
|11 |  400 | 5000 |   35 |     0,4000 |1586182540554 |     168 |  8689.0 |5072,02 |mscpnrg4.txt |   19 |
|11 |  500 | 5000 |   40 |     0,4500 |1586182540554 |     168 |   186.0 |10,71 |mscpnrg4.txt |5,9e+02 |
|11 |  600 | 5000 |   40 |     0,4500 |1586182540554 |     168 |   186.0 |10,71 |mscpnrg4.txt |1,4e+03 |
|11 |  700 | 5000 |   40 |     0,4500 |1586182540554 |     168 |   186.0 |10,71 |mscpnrg4.txt |2,2e+03 |
|11 |  800 | 5000 |   40 |     0,3250 |1586182540554 |     168 |   186.0 |10,71 |mscpnrg4.txt |2,7e+03 |
|11 |  900 | 5000 |   45 |     0,4500 |1586182540554 |     168 |   186.0 |10,71 |mscpnrg4.txt |3,2e+03 |
|11 | 1000 | 5000 |   45 |     0,4500 |1586182540554 |     168 |   186.0 |10,71 |mscpnrg4.txt |3,8e+03 |
|11 | 1100 | 5000 |   45 |     0,4500 |1586182540554 |     168 |   186.0 |10,71 |mscpnrg4.txt |4,3e+03 |
|11 | 1200 | 5000 |   45 |     0,4500 |1586182540554 |     168 |   186.0 |10,71 |mscpnrg4.txt |4,9e+03 |
|11 | 1300 | 5000 |   50 |     0,4500 |1586182540554 |     168 |   186.0 |10,71 |mscpnrg4.txt |5,7e+03 |
|11 | 1400 | 5000 |   50 |     0,4500 |1586182540554 |     168 |   186.0 |10,71 |mscpnrg4.txt |6,1e+03 |
|11 | 1500 | 5000 |   50 |     0,4500 |1586182540554 |     168 |   186.0 |10,71 |mscpnrg4.txt |6,6e+03 |
|11 | 1600 | 5000 |   50 |     0,4500 |1586182540554 |     168 |   186.0 |10,71 |mscpnrg4.txt |7,1e+03 |
|11 | 1700 | 5000 |   55 |     0,4500 |1586182540554 |     168 |   186.0 |10,71 |mscpnrg4.txt |7,9e+03 |
|11 | 1800 | 5000 |   55 |     0,4500 |1586182540554 |     168 |   186.0 |10,71 |mscpnrg4.txt |8,7e+03 |
|11 | 1900 | 5000 |   55 |     0,4500 |1586182540554 |     168 |   186.0 |10,71 |mscpnrg4.txt |9,5e+03 |
|11 | 2000 | 5000 |   55 |     0,4500 |1586182540554 |     168 |   186.0 |10,71 |mscpnrg4.txt |1,0e+04 |
|11 | 2100 | 5000 |   60 |     0,4500 |1586182540554 |     168 |   186.0 |10,71 |mscpnrg4.txt |1,1e+04 |
|11 | 2200 | 5000 |   60 |     0,4500 |1586182540554 |     168 |   186.0 |10,71 |mscpnrg4.txt |1,2e+04 |
|11 | 2300 | 5000 |   60 |     0,4500 |1586182540554 |     168 |   186.0 |10,71 |mscpnrg4.txt |1,2e+04 |
|11 | 2400 | 5000 |   60 |     0,4500 |1586182540554 |     168 |   186.0 |10,71 |mscpnrg4.txt |1,3e+04 |
|11 | 2500 | 5000 |   65 |     0,4500 |1586182540554 |     168 |   186.0 |10,71 |mscpnrg4.txt |1,3e+04 |
|11 | 2600 | 5000 |   65 |     0,4500 |1586182540554 |     168 |   186.0 |10,71 |mscpnrg4.txt |1,4e+04 |
|11 | 2700 | 5000 |   65 |     0,4500 |1586182540554 |     168 |   186.0 |10,71 |mscpnrg4.txt |1,5e+04 |
|11 | 2800 | 5000 |   65 |     0,4500 |1586182540554 |     168 |   186.0 |10,71 |mscpnrg4.txt |1,6e+04 |
|11 | 2900 | 5000 |   70 |     0,4500 |1586182540554 |     168 |   186.0 |10,71 |mscpnrg4.txt |1,6e+04 |
|11 | 3000 | 5000 |   70 |     0,4500 |1586182540554 |     168 |   186.0 |10,71 |mscpnrg4.txt |1,7e+04 |
|11 | 3100 | 5000 |   70 |     0,4500 |1586182540554 |     168 |   186.0 |10,71 |mscpnrg4.txt |1,8e+04 |
|11 | 3200 | 5000 |   70 |     0,4500 |1586182540554 |     168 |   186.0 |10,71 |mscpnrg4.txt |1,9e+04 |
|11 | 3300 | 5000 |   75 |     0,4500 |1586182540554 |     168 |   186.0 |10,71 |mscpnrg4.txt |2,0e+04 |
|11 | 3400 | 5000 |   75 |     0,4500 |1586182540554 |     168 |   186.0 |10,71 |mscpnrg4.txt |2,1e+04 |
|11 | 3500 | 5000 |   75 |     0,4500 |1586182540554 |     168 |   186.0 |10,71 |mscpnrg4.txt |2,2e+04 |
|11 | 3600 | 5000 |   75 |     0,4500 |1586182540554 |     168 |   186.0 |10,71 |mscpnrg4.txt |2,2e+04 |
|11 | 3700 | 5000 |   80 |     0,4500 |1586182540554 |     168 |   186.0 |10,71 |mscpnrg4.txt |2,3e+04 |
|11 | 3800 | 5000 |   80 |     0,4500 |1586182540554 |     168 |   186.0 |10,71 |mscpnrg4.txt |2,4e+04 |
|11 | 3900 | 5000 |   80 |     0,4500 |1586182540554 |     168 |   186.0 |10,71 |mscpnrg4.txt |2,5e+04 |
|11 | 4000 | 5000 |   80 |     0,4500 |1586182540554 |     168 |   186.0 |10,71 |mscpnrg4.txt |2,5e+04 |
|11 | 4100 | 5000 |   85 |     0,4500 |1586182540554 |     168 |   186.0 |10,71 |mscpnrg4.txt |2,6e+04 |
|11 | 4200 | 5000 |   85 |     0,4500 |1586182540554 |     168 |   186.0 |10,71 |mscpnrg4.txt |2,8e+04 |
|11 | 4300 | 5000 |   85 |     0,4500 |1586182540554 |     168 |   186.0 |10,71 |mscpnrg4.txt |2,9e+04 |
|11 | 4400 | 5000 |   85 |     0,4500 |1586182540554 |     168 |   186.0 |10,71 |mscpnrg4.txt |3,0e+04 |
|11 | 4500 | 5000 |   90 |     0,4500 |1586182540554 |     168 |   186.0 |10,71 |mscpnrg4.txt |3,1e+04 |
|11 | 4600 | 5000 |   90 |     0,4500 |1586182540554 |     168 |   186.0 |10,71 |mscpnrg4.txt |3,2e+04 |
|11 | 4700 | 5000 |   90 |     0,4500 |1586182540554 |     168 |   186.0 |10,71 |mscpnrg4.txt |3,2e+04 |
|11 | 4800 | 5000 |   90 |     0,4500 |1586182540554 |     168 |   186.0 |10,71 |mscpnrg4.txt |3,3e+04 |
|11 | 4900 | 5000 |   95 |     0,4500 |1586182540554 |     168 |   186.0 |10,71 |mscpnrg4.txt |3,4e+04 |
|11 | 5000 | 5000 |   95 |     0,4500 |1586182540554 |     168 |   186.0 |10,71 |mscpnrg4.txt |3,5e+04 |
|11 | 1000 | 5000 |   95 |     0,4500 |1586182540554 |     168 |   186.0 |10,71 |mscpnrg4.txt |3,5e+04 |
|12 |    1 | 5000 |   35 |     0,2500 |1586217147818 |     168 | 10418.0 |6101,19 |mscpnrg4.txt |0,064 |
|12 |  100 | 5000 |   35 |     0,3429 |1586217147818 |     168 |  9263.0 |5413,69 |mscpnrg4.txt |  4,5 |
|12 |  200 | 5000 |   35 |     0,2857 |1586217147818 |     168 |  8882.0 |5186,90 |mscpnrg4.txt |  9,1 |
|12 |  300 | 5000 |   35 |     0,4000 |1586217147818 |     168 |  8531.0 |4977,98 |mscpnrg4.txt |   14 |
|12 |  400 | 5000 |   40 |     0,4500 |1586217147818 |     168 |   182.0 | 8,33 |mscpnrg4.txt |6,1e+02 |
|12 |  500 | 5000 |   40 |     0,4500 |1586217147818 |     168 |   182.0 | 8,33 |mscpnrg4.txt |1,3e+03 |
|12 |  600 | 5000 |   40 |     0,4500 |1586217147818 |     168 |   182.0 | 8,33 |mscpnrg4.txt |2,0e+03 |
|12 |  700 | 5000 |   40 |     0,4500 |1586217147818 |     168 |   182.0 | 8,33 |mscpnrg4.txt |2,7e+03 |
|12 |  800 | 5000 |   45 |     0,4500 |1586217147818 |     168 |   182.0 | 8,33 |mscpnrg4.txt |3,7e+03 |
|12 |  900 | 5000 |   45 |     0,4500 |1586217147818 |     168 |   182.0 | 8,33 |mscpnrg4.txt |4,7e+03 |
|12 | 1000 | 5000 |   45 |     0,4500 |1586217147818 |     168 |   182.0 | 8,33 |mscpnrg4.txt |5,4e+03 |
|12 | 1100 | 5000 |   45 |     0,3778 |1586217147818 |     168 |   182.0 | 8,33 |mscpnrg4.txt |5,8e+03 |
|12 | 1200 | 5000 |   50 |     0,4500 |1586217147818 |     168 |   182.0 | 8,33 |mscpnrg4.txt |6,5e+03 |
|12 | 1300 | 5000 |   50 |     0,4500 |1586217147818 |     168 |   182.0 | 8,33 |mscpnrg4.txt |7,2e+03 |
|12 | 1400 | 5000 |   50 |     0,4500 |1586217147818 |     168 |   182.0 | 8,33 |mscpnrg4.txt |7,9e+03 |
|12 | 1500 | 5000 |   50 |     0,4500 |1586217147818 |     168 |   182.0 | 8,33 |mscpnrg4.txt |8,5e+03 |
|12 | 1600 | 5000 |   55 |     0,4500 |1586217147818 |     168 |   182.0 | 8,33 |mscpnrg4.txt |9,3e+03 |
|12 | 1700 | 5000 |   55 |     0,4500 |1586217147818 |     168 |   182.0 | 8,33 |mscpnrg4.txt |9,8e+03 |
|12 | 1800 | 5000 |   55 |     0,4500 |1586217147818 |     168 |   182.0 | 8,33 |mscpnrg4.txt |1,0e+04 |
|12 | 1900 | 5000 |   55 |     0,4500 |1586217147818 |     168 |   182.0 | 8,33 |mscpnrg4.txt |1,1e+04 |
|12 | 2000 | 5000 |   60 |     0,4500 |1586217147818 |     168 |   182.0 | 8,33 |mscpnrg4.txt |1,1e+04 |
|12 | 2100 | 5000 |   60 |     0,4500 |1586217147818 |     168 |   182.0 | 8,33 |mscpnrg4.txt |1,2e+04 |
|12 | 2200 | 5000 |   60 |     0,4500 |1586217147818 |     168 |   182.0 | 8,33 |mscpnrg4.txt |1,3e+04 |
|12 | 2300 | 5000 |   60 |     0,4500 |1586217147818 |     168 |   182.0 | 8,33 |mscpnrg4.txt |1,3e+04 |
|12 | 2400 | 5000 |   65 |     0,4500 |1586217147818 |     168 |   182.0 | 8,33 |mscpnrg4.txt |1,4e+04 |
|12 | 2500 | 5000 |   65 |     0,4500 |1586217147818 |     168 |   182.0 | 8,33 |mscpnrg4.txt |1,5e+04 |
|12 | 2600 | 5000 |   65 |     0,4500 |1586217147818 |     168 |   182.0 | 8,33 |mscpnrg4.txt |1,5e+04 |
|12 | 2700 | 5000 |   65 |     0,4500 |1586217147818 |     168 |   182.0 | 8,33 |mscpnrg4.txt |1,6e+04 |
|12 | 2800 | 5000 |   70 |     0,4500 |1586217147818 |     168 |   182.0 | 8,33 |mscpnrg4.txt |1,7e+04 |
|12 | 2900 | 5000 |   70 |     0,4500 |1586217147818 |     168 |   182.0 | 8,33 |mscpnrg4.txt |1,8e+04 |
|12 | 3000 | 5000 |   70 |     0,4500 |1586217147818 |     168 |   182.0 | 8,33 |mscpnrg4.txt |1,8e+04 |
|12 | 3100 | 5000 |   70 |     0,4500 |1586217147818 |     168 |   182.0 | 8,33 |mscpnrg4.txt |1,9e+04 |
|12 | 3200 | 5000 |   75 |     0,4500 |1586217147818 |     168 |   182.0 | 8,33 |mscpnrg4.txt |2,0e+04 |
|12 | 3300 | 5000 |   75 |     0,4500 |1586217147818 |     168 |   182.0 | 8,33 |mscpnrg4.txt |2,1e+04 |
|12 | 3400 | 5000 |   75 |     0,4500 |1586217147818 |     168 |   182.0 | 8,33 |mscpnrg4.txt |2,1e+04 |
|12 | 3500 | 5000 |   75 |     0,4500 |1586217147818 |     168 |   182.0 | 8,33 |mscpnrg4.txt |2,2e+04 |
|12 | 3600 | 5000 |   80 |     0,4500 |1586217147818 |     168 |   182.0 | 8,33 |mscpnrg4.txt |2,2e+04 |
|12 | 3700 | 5000 |   80 |     0,4500 |1586217147818 |     168 |   182.0 | 8,33 |mscpnrg4.txt |2,3e+04 |
|12 | 3800 | 5000 |   80 |     0,4500 |1586217147818 |     168 |   182.0 | 8,33 |mscpnrg4.txt |2,4e+04 |
|12 | 3900 | 5000 |   80 |     0,4500 |1586217147818 |     168 |   182.0 | 8,33 |mscpnrg4.txt |2,5e+04 |
|12 | 4000 | 5000 |   85 |     0,4500 |1586217147818 |     168 |   182.0 | 8,33 |mscpnrg4.txt |2,6e+04 |
|12 | 4100 | 5000 |   85 |     0,4500 |1586217147818 |     168 |   182.0 | 8,33 |mscpnrg4.txt |2,7e+04 |
|12 | 4200 | 5000 |   85 |     0,4500 |1586217147818 |     168 |   182.0 | 8,33 |mscpnrg4.txt |2,8e+04 |
|12 | 4300 | 5000 |   85 |     0,4500 |1586217147818 |     168 |   182.0 | 8,33 |mscpnrg4.txt |2,9e+04 |
|12 | 4400 | 5000 |   90 |     0,4500 |1586217147818 |     168 |   182.0 | 8,33 |mscpnrg4.txt |3,0e+04 |
|12 | 4500 | 5000 |   90 |     0,4500 |1586217147818 |     168 |   182.0 | 8,33 |mscpnrg4.txt |3,0e+04 |
|12 | 4600 | 5000 |   90 |     0,4500 |1586217147818 |     168 |   182.0 | 8,33 |mscpnrg4.txt |3,1e+04 |
|12 | 4700 | 5000 |   90 |     0,4500 |1586217147818 |     168 |   182.0 | 8,33 |mscpnrg4.txt |3,2e+04 |
|12 | 4800 | 5000 |   95 |     0,4500 |1586217147818 |     168 |   182.0 | 8,33 |mscpnrg4.txt |3,3e+04 |
|12 | 4900 | 5000 |   95 |     0,4500 |1586217147818 |     168 |   182.0 | 8,33 |mscpnrg4.txt |3,3e+04 |
|12 | 5000 | 5000 |   95 |     0,4500 |1586217147818 |     168 |   182.0 | 8,33 |mscpnrg4.txt |3,4e+04 |
|12 | 1000 | 5000 |   95 |     0,4500 |1586217147818 |     168 |   182.0 | 8,33 |mscpnrg4.txt |3,4e+04 |
|13 |    1 | 5000 |   35 |     0,2500 |1586251271153 |     168 | 10272.0 |6014,29 |mscpnrg4.txt |0,050 |
|13 |  100 | 5000 |   35 |     0,4286 |1586251271153 |     168 |  9388.0 |5488,10 |mscpnrg4.txt |  3,4 |
|13 |  200 | 5000 |   40 |     0,4500 |1586251271153 |     168 |   186.0 |10,71 |mscpnrg4.txt |4,7e+02 |
|13 |  300 | 5000 |   40 |     0,4500 |1586251271153 |     168 |   186.0 |10,71 |mscpnrg4.txt |1,0e+03 |
|13 |  400 | 5000 |   40 |     0,4500 |1586251271153 |     168 |   186.0 |10,71 |mscpnrg4.txt |1,5e+03 |
|13 |  500 | 5000 |   40 |     0,3250 |1586251271153 |     168 |   186.0 |10,71 |mscpnrg4.txt |1,8e+03 |
|13 |  600 | 5000 |   45 |     0,4222 |1586251271153 |     168 |   186.0 |10,71 |mscpnrg4.txt |2,3e+03 |
|13 |  700 | 5000 |   45 |     0,4500 |1586251271153 |     168 |   186.0 |10,71 |mscpnrg4.txt |2,8e+03 |
|13 |  800 | 5000 |   45 |     0,4500 |1586251271153 |     168 |   186.0 |10,71 |mscpnrg4.txt |3,1e+03 |
|13 |  900 | 5000 |   45 |     0,4500 |1586251271153 |     168 |   186.0 |10,71 |mscpnrg4.txt |3,4e+03 |
|13 | 1000 | 5000 |   50 |     0,4500 |1586251271153 |     168 |   186.0 |10,71 |mscpnrg4.txt |3,8e+03 |
|13 | 1100 | 5000 |   50 |     0,4500 |1586251271153 |     168 |   186.0 |10,71 |mscpnrg4.txt |4,1e+03 |
|13 | 1200 | 5000 |   50 |     0,4500 |1586251271153 |     168 |   186.0 |10,71 |mscpnrg4.txt |4,3e+03 |
|13 | 1300 | 5000 |   50 |     0,4500 |1586251271153 |     168 |   186.0 |10,71 |mscpnrg4.txt |4,5e+03 |
|13 | 1400 | 5000 |   55 |     0,4500 |1586251271153 |     168 |   186.0 |10,71 |mscpnrg4.txt |4,8e+03 |
|13 | 1500 | 5000 |   55 |     0,4500 |1586251271153 |     168 |   186.0 |10,71 |mscpnrg4.txt |5,2e+03 |
|13 | 1600 | 5000 |   55 |     0,4500 |1586251271153 |     168 |   186.0 |10,71 |mscpnrg4.txt |5,6e+03 |
|13 | 1700 | 5000 |   55 |     0,4500 |1586251271153 |     168 |   186.0 |10,71 |mscpnrg4.txt |5,9e+03 |
|13 | 1800 | 5000 |   60 |     0,4500 |1586251271153 |     168 |   186.0 |10,71 |mscpnrg4.txt |6,4e+03 |
|13 | 1900 | 5000 |   60 |     0,4500 |1586251271153 |     168 |   186.0 |10,71 |mscpnrg4.txt |6,6e+03 |
|13 | 2000 | 5000 |   60 |     0,4500 |1586251271153 |     168 |   186.0 |10,71 |mscpnrg4.txt |6,9e+03 |
|13 | 2100 | 5000 |   60 |     0,4500 |1586251271153 |     168 |   186.0 |10,71 |mscpnrg4.txt |7,2e+03 |
|13 | 2200 | 5000 |   65 |     0,4500 |1586251271153 |     168 |   186.0 |10,71 |mscpnrg4.txt |7,6e+03 |
|13 | 2300 | 5000 |   65 |     0,4500 |1586251271153 |     168 |   186.0 |10,71 |mscpnrg4.txt |8,1e+03 |
|13 | 2400 | 5000 |   65 |     0,4500 |1586251271153 |     168 |   186.0 |10,71 |mscpnrg4.txt |8,6e+03 |
|13 | 2500 | 5000 |   65 |     0,4500 |1586251271153 |     168 |   186.0 |10,71 |mscpnrg4.txt |9,0e+03 |
|13 | 2600 | 5000 |   70 |     0,4500 |1586251271153 |     168 |   186.0 |10,71 |mscpnrg4.txt |9,7e+03 |
|13 | 2700 | 5000 |   70 |     0,4500 |1586251271153 |     168 |   186.0 |10,71 |mscpnrg4.txt |1,0e+04 |
|13 | 2800 | 5000 |   70 |     0,4500 |1586251271153 |     168 |   186.0 |10,71 |mscpnrg4.txt |1,0e+04 |
|13 | 2900 | 5000 |   70 |     0,4500 |1586251271153 |     168 |   186.0 |10,71 |mscpnrg4.txt |1,1e+04 |
|13 | 3000 | 5000 |   75 |     0,4500 |1586251271153 |     168 |   186.0 |10,71 |mscpnrg4.txt |1,1e+04 |
|13 | 3100 | 5000 |   75 |     0,4500 |1586251271153 |     168 |   186.0 |10,71 |mscpnrg4.txt |1,1e+04 |
|13 | 3200 | 5000 |   75 |     0,4500 |1586251271153 |     168 |   186.0 |10,71 |mscpnrg4.txt |1,2e+04 |
|13 | 3300 | 5000 |   75 |     0,4500 |1586251271153 |     168 |   186.0 |10,71 |mscpnrg4.txt |1,2e+04 |
|13 | 3400 | 5000 |   80 |     0,4500 |1586251271153 |     168 |   186.0 |10,71 |mscpnrg4.txt |1,2e+04 |
|13 | 3500 | 5000 |   80 |     0,2500 |1586251271153 |     168 |   186.0 |10,71 |mscpnrg4.txt |1,2e+04 |
|13 | 3600 | 5000 |   80 |     0,2500 |1586251271153 |     168 |   186.0 |10,71 |mscpnrg4.txt |1,2e+04 |
|13 | 3700 | 5000 |   80 |     0,2500 |1586251271153 |     168 |   186.0 |10,71 |mscpnrg4.txt |1,3e+04 |
|13 | 3800 | 5000 |   85 |     0,4500 |1586251271153 |     168 |   186.0 |10,71 |mscpnrg4.txt |1,3e+04 |
|13 | 3900 | 5000 |   85 |     0,4500 |1586251271153 |     168 |   186.0 |10,71 |mscpnrg4.txt |1,3e+04 |
|13 | 4000 | 5000 |   85 |     0,4500 |1586251271153 |     168 |   186.0 |10,71 |mscpnrg4.txt |1,4e+04 |
|13 | 4100 | 5000 |   85 |     0,4500 |1586251271153 |     168 |   186.0 |10,71 |mscpnrg4.txt |1,4e+04 |
|13 | 4200 | 5000 |   90 |     0,4500 |1586251271153 |     168 |   186.0 |10,71 |mscpnrg4.txt |1,4e+04 |
|13 | 4300 | 5000 |   90 |     0,1333 |1586251271153 |     168 |   186.0 |10,71 |mscpnrg4.txt |1,5e+04 |
|13 | 4400 | 5000 |   90 |     0,2444 |1586251271153 |     168 |   186.0 |10,71 |mscpnrg4.txt |1,5e+04 |
|13 | 4500 | 5000 |   90 |     0,2444 |1586251271153 |     168 |   186.0 |10,71 |mscpnrg4.txt |1,5e+04 |
|13 | 4600 | 5000 |   95 |     0,4500 |1586251271153 |     168 |   186.0 |10,71 |mscpnrg4.txt |1,5e+04 |
|13 | 4700 | 5000 |   95 |     0,4500 |1586251271153 |     168 |   186.0 |10,71 |mscpnrg4.txt |1,5e+04 |
|13 | 4800 | 5000 |   95 |     0,4500 |1586251271153 |     168 |   186.0 |10,71 |mscpnrg4.txt |1,6e+04 |
|13 | 4900 | 5000 |   95 |     0,4000 |1586251271153 |     168 |   186.0 |10,71 |mscpnrg4.txt |1,6e+04 |
|13 | 5000 | 5000 |  100 |     0,4500 |1586251271153 |     168 |   186.0 |10,71 |mscpnrg4.txt |1,6e+04 |
|13 | 1000 | 5000 |  100 |     0,4500 |1586251271153 |     168 |   186.0 |10,71 |mscpnrg4.txt |1,6e+04 |
|14 |    1 | 5000 |   35 |     0,2500 |1586267034005 |     168 | 10423.0 |6104,17 |mscpnrg4.txt |0,038 |
|14 |  100 | 5000 |   35 |     0,4286 |1586267034005 |     168 |  9438.0 |5517,86 |mscpnrg4.txt |  2,7 |
|14 |  200 | 5000 |   35 |     0,3714 |1586267034005 |     168 |  9040.0 |5280,95 |mscpnrg4.txt |  5,3 |
|14 |  300 | 5000 |   35 |     0,4000 |1586267034005 |     168 |  8831.0 |5156,55 |mscpnrg4.txt |  7,9 |
|14 |  400 | 5000 |   40 |     0,4500 |1586267034005 |     168 |   186.0 |10,71 |mscpnrg4.txt |3,4e+02 |
|14 |  500 | 5000 |   40 |     0,4500 |1586267034005 |     168 |   186.0 |10,71 |mscpnrg4.txt |7,2e+02 |
|14 |  600 | 5000 |   40 |     0,2250 |1586267034005 |     168 |   186.0 |10,71 |mscpnrg4.txt |1,0e+03 |
|14 |  700 | 5000 |   40 |     0,2250 |1586267034005 |     168 |   186.0 |10,71 |mscpnrg4.txt |1,4e+03 |
|14 |  800 | 5000 |   45 |     0,4500 |1586267034005 |     168 |   186.0 |10,71 |mscpnrg4.txt |1,9e+03 |
|14 |  900 | 5000 |   45 |     0,2444 |1586267034005 |     168 |   186.0 |10,71 |mscpnrg4.txt |2,3e+03 |
|14 | 1000 | 5000 |   45 |     0,2667 |1586267034005 |     168 |   186.0 |10,71 |mscpnrg4.txt |2,6e+03 |
|14 | 1100 | 5000 |   45 |     0,2444 |1586267034005 |     168 |   186.0 |10,71 |mscpnrg4.txt |3,0e+03 |
|14 | 1200 | 5000 |   50 |     0,4500 |1586267034005 |     168 |   186.0 |10,71 |mscpnrg4.txt |3,5e+03 |
|14 | 1300 | 5000 |   50 |     0,4200 |1586267034005 |     168 |   186.0 |10,71 |mscpnrg4.txt |3,8e+03 |
|14 | 1400 | 5000 |   50 |     0,4200 |1586267034005 |     168 |   186.0 |10,71 |mscpnrg4.txt |4,2e+03 |
|14 | 1500 | 5000 |   50 |     0,4200 |1586267034005 |     168 |   186.0 |10,71 |mscpnrg4.txt |4,5e+03 |
|14 | 1600 | 5000 |   55 |     0,4500 |1586267034005 |     168 |   186.0 |10,71 |mscpnrg4.txt |5,0e+03 |
|14 | 1700 | 5000 |   55 |     0,4500 |1586267034005 |     168 |   186.0 |10,71 |mscpnrg4.txt |5,3e+03 |
|14 | 1800 | 5000 |   55 |     0,4500 |1586267034005 |     168 |   186.0 |10,71 |mscpnrg4.txt |5,6e+03 |
|14 | 1900 | 5000 |   55 |     0,4500 |1586267034005 |     168 |   186.0 |10,71 |mscpnrg4.txt |5,9e+03 |
|14 | 2000 | 5000 |   60 |     0,4500 |1586267034005 |     168 |   186.0 |10,71 |mscpnrg4.txt |6,3e+03 |
|14 | 2100 | 5000 |   60 |     0,4500 |1586267034005 |     168 |   186.0 |10,71 |mscpnrg4.txt |6,7e+03 |
|14 | 2200 | 5000 |   60 |     0,4500 |1586267034005 |     168 |   186.0 |10,71 |mscpnrg4.txt |7,2e+03 |
|14 | 2300 | 5000 |   60 |     0,4500 |1586267034005 |     168 |   186.0 |10,71 |mscpnrg4.txt |7,6e+03 |
|14 | 2400 | 5000 |   65 |     0,4500 |1586267034005 |     168 |   186.0 |10,71 |mscpnrg4.txt |8,2e+03 |
|14 | 2500 | 5000 |   65 |     0,4500 |1586267034005 |     168 |   186.0 |10,71 |mscpnrg4.txt |8,5e+03 |
|14 | 2600 | 5000 |   65 |     0,4500 |1586267034005 |     168 |   186.0 |10,71 |mscpnrg4.txt |8,8e+03 |
|14 | 2700 | 5000 |   65 |     0,4500 |1586267034005 |     168 |   186.0 |10,71 |mscpnrg4.txt |9,1e+03 |
|14 | 2800 | 5000 |   70 |     0,4500 |1586267034005 |     168 |   186.0 |10,71 |mscpnrg4.txt |9,5e+03 |
|14 | 2900 | 5000 |   70 |     0,4500 |1586267034005 |     168 |   186.0 |10,71 |mscpnrg4.txt |9,9e+03 |
|14 | 3000 | 5000 |   70 |     0,4500 |1586267034005 |     168 |   186.0 |10,71 |mscpnrg4.txt |1,0e+04 |
|14 | 3100 | 5000 |   70 |     0,4500 |1586267034005 |     168 |   186.0 |10,71 |mscpnrg4.txt |1,1e+04 |
|14 | 3200 | 5000 |   75 |     0,4500 |1586267034005 |     168 |   186.0 |10,71 |mscpnrg4.txt |1,1e+04 |
|14 | 3300 | 5000 |   75 |     0,4500 |1586267034005 |     168 |   186.0 |10,71 |mscpnrg4.txt |1,2e+04 |
|14 | 3400 | 5000 |   75 |     0,4500 |1586267034005 |     168 |   186.0 |10,71 |mscpnrg4.txt |1,2e+04 |
|14 | 3500 | 5000 |   75 |     0,4500 |1586267034005 |     168 |   186.0 |10,71 |mscpnrg4.txt |1,2e+04 |
|14 | 3600 | 5000 |   80 |     0,4500 |1586267034005 |     168 |   186.0 |10,71 |mscpnrg4.txt |1,3e+04 |
|14 | 3700 | 5000 |   80 |     0,4500 |1586267034005 |     168 |   186.0 |10,71 |mscpnrg4.txt |1,3e+04 |
|14 | 3800 | 5000 |   80 |     0,4500 |1586267034005 |     168 |   186.0 |10,71 |mscpnrg4.txt |1,3e+04 |
|14 | 3900 | 5000 |   80 |     0,4500 |1586267034005 |     168 |   186.0 |10,71 |mscpnrg4.txt |1,4e+04 |
|14 | 4000 | 5000 |   85 |     0,4500 |1586267034005 |     168 |   186.0 |10,71 |mscpnrg4.txt |1,4e+04 |
|14 | 4100 | 5000 |   85 |     0,4500 |1586267034005 |     168 |   186.0 |10,71 |mscpnrg4.txt |1,4e+04 |
|14 | 4200 | 5000 |   85 |     0,4500 |1586267034005 |     168 |   186.0 |10,71 |mscpnrg4.txt |1,5e+04 |
|14 | 4300 | 5000 |   85 |     0,4500 |1586267034005 |     168 |   186.0 |10,71 |mscpnrg4.txt |1,5e+04 |
|14 | 4400 | 5000 |   90 |     0,4500 |1586267034005 |     168 |   186.0 |10,71 |mscpnrg4.txt |1,5e+04 |
|14 | 4500 | 5000 |   90 |     0,4500 |1586267034005 |     168 |   185.0 |10,12 |mscpnrg4.txt |1,6e+04 |
|14 | 4600 | 5000 |   90 |     0,4500 |1586267034005 |     168 |   185.0 |10,12 |mscpnrg4.txt |1,6e+04 |
|14 | 4700 | 5000 |   90 |     0,4500 |1586267034005 |     168 |   185.0 |10,12 |mscpnrg4.txt |1,6e+04 |
|14 | 4800 | 5000 |   95 |     0,4500 |1586267034005 |     168 |   185.0 |10,12 |mscpnrg4.txt |1,7e+04 |
|14 | 4900 | 5000 |   95 |     0,4500 |1586267034005 |     168 |   185.0 |10,12 |mscpnrg4.txt |1,7e+04 |
|14 | 5000 | 5000 |   95 |     0,4500 |1586267034005 |     168 |   185.0 |10,12 |mscpnrg4.txt |1,7e+04 |
|14 | 1000 | 5000 |   95 |     0,4500 |1586267034005 |     168 |   185.0 |10,12 |mscpnrg4.txt |1,7e+04 |
|15 |    1 | 5000 |   35 |     0,2500 |1586283991238 |     168 | 10411.0 |6097,02 |mscpnrg4.txt |0,047 |
|15 |  100 | 5000 |   35 |     0,3714 |1586283991238 |     168 |  9245.0 |5402,98 |mscpnrg4.txt |  3,6 |
|15 |  200 | 5000 |   40 |     0,4500 |1586283991238 |     168 |   186.0 |10,71 |mscpnrg4.txt |3,8e+02 |
|15 |  300 | 5000 |   40 |     0,4500 |1586283991238 |     168 |   184.0 | 9,52 |mscpnrg4.txt |8,4e+02 |
|15 |  400 | 5000 |   40 |     0,4500 |1586283991238 |     168 |   184.0 | 9,52 |mscpnrg4.txt |1,3e+03 |
|15 |  500 | 5000 |   40 |     0,4500 |1586283991238 |     168 |   184.0 | 9,52 |mscpnrg4.txt |1,9e+03 |
|15 |  600 | 5000 |   45 |     0,4500 |1586283991238 |     168 |   182.0 | 8,33 |mscpnrg4.txt |2,6e+03 |
|15 |  700 | 5000 |   45 |     0,4500 |1586283991238 |     168 |   182.0 | 8,33 |mscpnrg4.txt |3,3e+03 |
|15 |  800 | 5000 |   45 |     0,4500 |1586283991238 |     168 |   182.0 | 8,33 |mscpnrg4.txt |4,0e+03 |
|15 |  900 | 5000 |   45 |     0,4500 |1586283991238 |     168 |   182.0 | 8,33 |mscpnrg4.txt |4,5e+03 |
|15 | 1000 | 5000 |   50 |     0,4500 |1586283991238 |     168 |   181.0 | 7,74 |mscpnrg4.txt |5,1e+03 |
|15 | 1100 | 5000 |   50 |     0,4500 |1586283991238 |     168 |   181.0 | 7,74 |mscpnrg4.txt |5,8e+03 |
|15 | 1200 | 5000 |   50 |     0,4500 |1586283991238 |     168 |   181.0 | 7,74 |mscpnrg4.txt |6,3e+03 |
|15 | 1300 | 5000 |   50 |     0,4500 |1586283991238 |     168 |   181.0 | 7,74 |mscpnrg4.txt |6,6e+03 |
|15 | 1400 | 5000 |   55 |     0,4500 |1586283991238 |     168 |   181.0 | 7,74 |mscpnrg4.txt |7,0e+03 |
|15 | 1500 | 5000 |   55 |     0,4500 |1586283991238 |     168 |   181.0 | 7,74 |mscpnrg4.txt |7,5e+03 |
|15 | 1600 | 5000 |   55 |     0,4500 |1586283991238 |     168 |   181.0 | 7,74 |mscpnrg4.txt |7,9e+03 |
|15 | 1700 | 5000 |   55 |     0,4500 |1586283991238 |     168 |   181.0 | 7,74 |mscpnrg4.txt |8,4e+03 |
|15 | 1800 | 5000 |   60 |     0,4500 |1586283991238 |     168 |   181.0 | 7,74 |mscpnrg4.txt |9,0e+03 |
|15 | 1900 | 5000 |   60 |     0,4500 |1586283991238 |     168 |   181.0 | 7,74 |mscpnrg4.txt |9,3e+03 |
|15 | 2000 | 5000 |   60 |     0,4500 |1586283991238 |     168 |   181.0 | 7,74 |mscpnrg4.txt |9,5e+03 |
|15 | 2100 | 5000 |   60 |     0,4500 |1586283991238 |     168 |   181.0 | 7,74 |mscpnrg4.txt |9,7e+03 |
|15 | 2200 | 5000 |   65 |     0,4500 |1586283991238 |     168 |   181.0 | 7,74 |mscpnrg4.txt |1,0e+04 |
|15 | 2300 | 5000 |   65 |     0,4500 |1586283991238 |     168 |   181.0 | 7,74 |mscpnrg4.txt |1,0e+04 |
|15 | 2400 | 5000 |   65 |     0,4500 |1586283991238 |     168 |   181.0 | 7,74 |mscpnrg4.txt |1,1e+04 |
|15 | 2500 | 5000 |   65 |     0,4500 |1586283991238 |     168 |   181.0 | 7,74 |mscpnrg4.txt |1,1e+04 |
|15 | 2600 | 5000 |   70 |     0,4500 |1586283991238 |     168 |   181.0 | 7,74 |mscpnrg4.txt |1,1e+04 |
|15 | 2700 | 5000 |   70 |     0,4500 |1586283991238 |     168 |   181.0 | 7,74 |mscpnrg4.txt |1,2e+04 |
|15 | 2800 | 5000 |   70 |     0,4500 |1586283991238 |     168 |   181.0 | 7,74 |mscpnrg4.txt |1,2e+04 |
|15 | 2900 | 5000 |   70 |     0,4500 |1586283991238 |     168 |   181.0 | 7,74 |mscpnrg4.txt |1,3e+04 |
|15 | 3000 | 5000 |   75 |     0,4500 |1586283991238 |     168 |   181.0 | 7,74 |mscpnrg4.txt |1,3e+04 |
|15 | 3100 | 5000 |   75 |     0,4500 |1586283991238 |     168 |   181.0 | 7,74 |mscpnrg4.txt |1,4e+04 |
|15 | 3200 | 5000 |   75 |     0,4500 |1586283991238 |     168 |   181.0 | 7,74 |mscpnrg4.txt |1,4e+04 |
|15 | 3300 | 5000 |   75 |     0,4500 |1586283991238 |     168 |   181.0 | 7,74 |mscpnrg4.txt |1,4e+04 |
|15 | 3400 | 5000 |   80 |     0,4500 |1586283991238 |     168 |   181.0 | 7,74 |mscpnrg4.txt |1,5e+04 |
|15 | 3500 | 5000 |   80 |     0,4500 |1586283991238 |     168 |   181.0 | 7,74 |mscpnrg4.txt |1,5e+04 |
|15 | 3600 | 5000 |   80 |     0,4500 |1586283991238 |     168 |   181.0 | 7,74 |mscpnrg4.txt |1,5e+04 |
|15 | 3700 | 5000 |   80 |     0,4500 |1586283991238 |     168 |   181.0 | 7,74 |mscpnrg4.txt |1,6e+04 |
|15 | 3800 | 5000 |   85 |     0,4500 |1586283991238 |     168 |   181.0 | 7,74 |mscpnrg4.txt |1,6e+04 |
|15 | 3900 | 5000 |   85 |     0,4500 |1586283991238 |     168 |   181.0 | 7,74 |mscpnrg4.txt |1,6e+04 |
|15 | 4000 | 5000 |   85 |     0,4500 |1586283991238 |     168 |   181.0 | 7,74 |mscpnrg4.txt |1,6e+04 |
|15 | 4100 | 5000 |   85 |     0,4500 |1586283991238 |     168 |   181.0 | 7,74 |mscpnrg4.txt |1,6e+04 |
|15 | 4200 | 5000 |   90 |     0,4500 |1586283991238 |     168 |   181.0 | 7,74 |mscpnrg4.txt |1,7e+04 |
|15 | 4300 | 5000 |   90 |     0,4500 |1586283991238 |     168 |   181.0 | 7,74 |mscpnrg4.txt |1,7e+04 |
|15 | 4400 | 5000 |   90 |     0,4500 |1586283991238 |     168 |   181.0 | 7,74 |mscpnrg4.txt |1,7e+04 |
|15 | 4500 | 5000 |   90 |     0,4500 |1586283991238 |     168 |   181.0 | 7,74 |mscpnrg4.txt |1,7e+04 |
|15 | 4600 | 5000 |   95 |     0,4500 |1586283991238 |     168 |   181.0 | 7,74 |mscpnrg4.txt |1,7e+04 |
|15 | 4700 | 5000 |   95 |     0,4500 |1586283991238 |     168 |   181.0 | 7,74 |mscpnrg4.txt |1,8e+04 |
|15 | 4800 | 5000 |   95 |     0,4500 |1586283991238 |     168 |   181.0 | 7,74 |mscpnrg4.txt |1,8e+04 |
|15 | 4900 | 5000 |   95 |     0,4500 |1586283991238 |     168 |   181.0 | 7,74 |mscpnrg4.txt |1,8e+04 |
|15 | 5000 | 5000 |  100 |     0,4500 |1586283991238 |     168 |   181.0 | 7,74 |mscpnrg4.txt |1,8e+04 |
|15 | 1000 | 5000 |  100 |     0,4500 |1586283991238 |     168 |   181.0 | 7,74 |mscpnrg4.txt |1,8e+04 |
