| # |    #ITER | #IterMAX | Nest |      %Desc |      semilla | BestFit |GottedFit |  RDP |  instancia | time |
-------------------------------------------------------------------------------------------------
| 1 | 1100 | 3000 |   45 | 0.29384017 |1578697217042 |     161 |   166.0 | 3,11 | mscp65.txt |   57 |
| 1 | 1200 | 3000 |   45 |  0.2995527 |1578697217042 |     161 |   166.0 | 3,11 | mscp65.txt |   65 |
| 1 | 1300 | 3000 |   45 |  0.2981894 |1578697217042 |     161 |   166.0 | 3,11 | mscp65.txt |   72 |
| 1 | 1400 | 3000 |   45 | 0.22249602 |1578697217042 |     161 |   166.0 | 3,11 | mscp65.txt |   79 |
| 2 | 1300 | 3000 |   45 | 0.25599778 |1578697581308 |     161 |   166.0 | 3,11 | mscp65.txt |   61 |
| 2 | 1400 | 3000 |   45 | 0.25385657 |1578697581308 |     161 |   166.0 | 3,11 | mscp65.txt |   68 |
| 2 | 1500 | 3000 |   45 | 0.22882393 |1578697581308 |     161 |   166.0 | 3,11 | mscp65.txt |   74 |
| 2 | 1600 | 3000 |   45 |  0.2109624 |1578697581308 |     161 |   165.0 | 2,48 | mscp65.txt |   81 |
| 3 | 1100 | 3000 |   45 |  0.2725241 |1578697822827 |     161 |   163.0 | 1,24 | mscp65.txt |   51 |
| 3 | 1200 | 3000 |   45 | 0.27252716 |1578697822827 |     161 |   163.0 | 1,24 | mscp65.txt |   58 |
| 3 |  200 | 3000 |   45 | 0.27252716 |1578697822827 |     161 |   161.0 | 0,00 | mscp65.txt |   62 |
| 4 | 1100 | 3000 |   45 | 0.23199083 |1578697884440 |     161 |   166.0 | 3,11 | mscp65.txt |   52 |
| 4 | 1200 | 3000 |   45 | 0.24393864 |1578697884440 |     161 |   166.0 | 3,11 | mscp65.txt |   58 |
| 4 | 1300 | 3000 |   45 | 0.22280967 |1578697884440 |     161 |   165.0 | 2,48 | mscp65.txt |   64 |
| 4 | 1400 | 3000 |   45 | 0.21348965 |1578697884440 |     161 |   165.0 | 2,48 | mscp65.txt |   71 |
| 7 | 1200 | 3000 |   45 | 0.25999212 |1578698161503 |     161 |   164.0 | 1,86 | mscp65.txt |   61 |
| 7 | 1300 | 3000 |   45 |  0.2491021 |1578698161503 |     161 |   164.0 | 1,86 | mscp65.txt |   69 |
| 7 | 1400 | 3000 |   45 | 0.23551543 |1578698161503 |     161 |   164.0 | 1,86 | mscp65.txt |   76 |
| 7 | 1500 | 3000 |   45 | 0.31580257 |1578698161503 |     161 |   164.0 | 1,86 | mscp65.txt |   83 |
| 9 | 1000 | 3000 |   45 |  0.2762901 |1578698440060 |     161 |   164.0 | 1,86 | mscp65.txt |   54 |
| 9 | 1100 | 3000 |   45 | 0.26933333 |1578698440060 |     161 |   164.0 | 1,86 | mscp65.txt |   62 |
| 9 | 1200 | 3000 |   45 | 0.24434274 |1578698440060 |     161 |   164.0 | 1,86 | mscp65.txt |   71 |
| 9 | 1300 | 3000 |   45 |   0.313772 |1578698440060 |     161 |   164.0 | 1,86 | mscp65.txt |   80 |
|10 | 1300 | 3000 |   45 | 0.25018954 |1578698973041 |     161 |   167.0 | 3,73 | mscp65.txt |   60 |
|10 | 1400 | 3000 |   45 | 0.23978202 |1578698973041 |     161 |   167.0 | 3,73 | mscp65.txt |   67 |
|10 | 1500 | 3000 |   45 | 0.22591607 |1578698973041 |     161 |   164.0 | 1,86 | mscp65.txt |   74 |
|10 | 1600 | 3000 |   45 | 0.22444741 |1578698973041 |     161 |   164.0 | 1,86 | mscp65.txt |   81 |
|12 | 1300 | 3000 |   45 | 0.20481582 |1578699312235 |     161 |   164.0 | 1,86 | mscp65.txt |   60 |
|12 | 1400 | 3000 |   45 | 0.20202886 |1578699312235 |     161 |   164.0 | 1,86 | mscp65.txt |   66 |
|12 | 1500 | 3000 |   45 | 0.28210944 |1578699312235 |     161 |   164.0 | 1,86 | mscp65.txt |   73 |
|12 | 1600 | 3000 |   45 | 0.27968118 |1578699312235 |     161 |   164.0 | 1,86 | mscp65.txt |   80 |
|13 | 1100 | 3000 |   45 | 0.23179565 |1578699560747 |     161 |   164.0 | 1,86 | mscp65.txt |   62 |
|13 | 1200 | 3000 |   45 | 0.24248315 |1578699560747 |     161 |   164.0 | 1,86 | mscp65.txt |   69 |
|13 | 1300 | 3000 |   45 | 0.23611645 |1578699560747 |     161 |   164.0 | 1,86 | mscp65.txt |   76 |
|13 | 1400 | 3000 |   45 |  0.3004992 |1578699560747 |     161 |   164.0 | 1,86 | mscp65.txt |   84 |
|14 | 1400 | 3000 |   45 |   0.266805 |1578699843743 |     161 |   164.0 | 1,86 | mscp65.txt |   64 |
|14 | 1500 | 3000 |   45 | 0.24996671 |1578699843743 |     161 |   164.0 | 1,86 | mscp65.txt |   71 |
|14 | 1600 | 3000 |   45 |  0.2585016 |1578699843743 |     161 |   164.0 | 1,86 | mscp65.txt |   78 |
|14 | 1700 | 3000 |   45 |  0.2530848 |1578699843743 |     161 |   164.0 | 1,86 | mscp65.txt |   85 |
|15 | 1200 | 3000 |   45 | 0.29201332 |1578700836266 |     161 |   166.0 | 3,11 | mscp65.txt |   57 |
|15 | 1300 | 3000 |   45 |  0.2612041 |1578700836266 |     161 |   166.0 | 3,11 | mscp65.txt |   64 |
|15 | 1400 | 3000 |   45 |  0.2612041 |1578700836266 |     161 |   166.0 | 3,11 | mscp65.txt |   70 |
|15 | 1500 | 3000 |   45 | 0.24142933 |1578700836266 |     161 |   166.0 | 3,11 | mscp65.txt |   77 |
|16 | 1000 | 3000 |   45 | 0.21214058 |1578701073202 |     161 |   163.0 | 1,24 | mscp65.txt |   49 |
|16 | 1100 | 3000 |   45 | 0.27483964 |1578701073202 |     161 |   163.0 | 1,24 | mscp65.txt |   56 |
|16 |  200 | 3000 |   45 | 0.27483964 |1578701073202 |     161 |   161.0 | 0,00 | mscp65.txt |   58 |
|17 | 1100 | 3000 |   45 | 0.19679715 |1578701131203 |     161 |   165.0 | 2,48 | mscp65.txt |   53 |
|17 | 1200 | 3000 |   45 | 0.18615592 |1578701131203 |     161 |   165.0 | 2,48 | mscp65.txt |   59 |
|17 | 1300 | 3000 |   45 |  0.2578973 |1578701131203 |     161 |   165.0 | 2,48 | mscp65.txt |   65 |
|17 | 1400 | 3000 |   45 |   0.260665 |1578701131203 |     161 |   164.0 | 1,86 | mscp65.txt |   72 |
|19 | 1200 | 3000 |   45 | 0.23763978 |1578701427080 |     161 |   165.0 | 2,48 | mscp65.txt |   57 |
|19 | 1300 | 3000 |   45 | 0.22557597 |1578701427080 |     161 |   165.0 | 2,48 | mscp65.txt |   64 |
|19 | 1400 | 3000 |   45 | 0.21735358 |1578701427080 |     161 |   165.0 | 2,48 | mscp65.txt |   70 |
|19 | 1500 | 3000 |   45 | 0.21599652 |1578701427080 |     161 |   164.0 | 1,86 | mscp65.txt |   76 |
|20 | 1000 | 3000 |   45 | 0.28875294 |1578701695546 |     161 |   164.0 | 1,86 | mscp65.txt |   51 |
|20 | 1100 | 3000 |   45 | 0.28993154 |1578701695546 |     161 |   164.0 | 1,86 | mscp65.txt |   57 |
|20 | 1200 | 3000 |   45 | 0.22047244 |1578701695546 |     161 |   164.0 | 1,86 | mscp65.txt |   64 |
|20 | 1300 | 3000 |   45 | 0.22047244 |1578701695546 |     161 |   164.0 | 1,86 | mscp65.txt |   71 |
|21 | 1200 | 3000 |   45 | 0.21129677 |1578701973349 |     161 |   166.0 | 3,11 | mscp65.txt |   53 |
|21 | 1300 | 3000 |   45 | 0.20972057 |1578701973349 |     161 |   165.0 | 2,48 | mscp65.txt |   59 |
|21 | 1400 | 3000 |   45 | 0.19552432 |1578701973349 |     161 |   165.0 | 2,48 | mscp65.txt |   66 |
|21 | 1500 | 3000 |   45 | 0.27291813 |1578701973349 |     161 |   165.0 | 2,48 | mscp65.txt |   72 |
|23 | 1000 | 3000 |   45 | 0.28494623 |1578702222044 |     161 |   165.0 | 2,48 | mscp65.txt |   50 |
|23 | 1100 | 3000 |   45 | 0.22228739 |1578702222044 |     161 |   165.0 | 2,48 | mscp65.txt |   56 |
|23 | 1200 | 3000 |   45 | 0.21458484 |1578702222044 |     161 |   165.0 | 2,48 | mscp65.txt |   63 |
|23 | 1300 | 3000 |   45 | 0.28094497 |1578702222044 |     161 |   165.0 | 2,48 | mscp65.txt |   70 |
|25 | 1200 | 3000 |   45 | 0.27122322 |1578702576852 |     161 |   165.0 | 2,48 | mscp65.txt |   55 |
|25 | 1300 | 3000 |   45 |  0.2511737 |1578702576852 |     161 |   165.0 | 2,48 | mscp65.txt |   62 |
|25 | 1400 | 3000 |   45 |  0.2450955 |1578702576852 |     161 |   165.0 | 2,48 | mscp65.txt |   70 |
|25 | 1500 | 3000 |   45 | 0.23853678 |1578702576852 |     161 |   165.0 | 2,48 | mscp65.txt |   77 |
|26 | 1000 | 3000 |   45 | 0.29228613 |1578702837977 |     161 |   165.0 | 2,48 | mscp65.txt |   48 |
|26 | 1100 | 3000 |   45 | 0.27890155 |1578702837977 |     161 |   165.0 | 2,48 | mscp65.txt |   56 |
|26 | 1200 | 3000 |   45 |  0.2690914 |1578702837977 |     161 |   165.0 | 2,48 | mscp65.txt |   63 |
|26 | 1300 | 3000 |   45 |  0.2609795 |1578702837977 |     161 |   165.0 | 2,48 | mscp65.txt |   70 |
|27 | 1300 | 3000 |   45 | 0.18701634 |1578703167727 |     161 |   168.0 | 4,35 | mscp65.txt |   55 |
|27 | 1400 | 3000 |   45 | 0.19317856 |1578703167727 |     161 |   168.0 | 4,35 | mscp65.txt |   61 |
|27 | 1500 | 3000 |   45 | 0.19493487 |1578703167727 |     161 |   168.0 | 4,35 | mscp65.txt |   67 |
|27 | 1600 | 3000 |   45 | 0.19365944 |1578703167727 |     161 |   168.0 | 4,35 | mscp65.txt |   73 |
|28 | 1200 | 3000 |   45 |  0.2860989 |1578703389542 |     161 |   164.0 | 1,86 | mscp65.txt |   53 |
|28 | 1300 | 3000 |   45 | 0.28659058 |1578703389542 |     161 |   164.0 | 1,86 | mscp65.txt |   60 |
|28 | 1400 | 3000 |   45 |  0.2758669 |1578703389542 |     161 |   164.0 | 1,86 | mscp65.txt |   66 |
|28 | 1500 | 3000 |   45 |  0.2639167 |1578703389542 |     161 |   164.0 | 1,86 | mscp65.txt |   72 |
|29 | 1000 | 3000 |   45 | 0.26626977 |1578703630878 |     161 |   166.0 | 3,11 | mscp65.txt |   50 |
|29 | 1100 | 3000 |   45 | 0.26872307 |1578703630878 |     161 |   166.0 | 3,11 | mscp65.txt |   57 |
|29 | 1200 | 3000 |   45 | 0.24885696 |1578703630878 |     161 |   166.0 | 3,11 | mscp65.txt |   64 |
|29 | 1300 | 3000 |   45 | 0.24942055 |1578703630878 |     161 |   166.0 | 3,11 | mscp65.txt |   71 |
|30 | 1300 | 3000 |   45 |   0.227253 |1578703902228 |     161 |   164.0 | 1,86 | mscp65.txt |   64 |
|30 | 1400 | 3000 |   45 |  0.2261991 |1578703902228 |     161 |   164.0 | 1,86 | mscp65.txt |   72 |
|30 | 1500 | 3000 |   45 | 0.22712888 |1578703902228 |     161 |   164.0 | 1,86 | mscp65.txt |   80 |
|30 | 1600 | 3000 |   45 | 0.21583763 |1578703902228 |     161 |   164.0 | 1,86 | mscp65.txt |   88 |
|31 | 1100 | 3000 |   45 | 0.25496355 |1578704212148 |     161 |   164.0 | 1,86 | mscp65.txt |   55 |
|31 | 1200 | 3000 |   45 | 0.25975516 |1578704212148 |     161 |   164.0 | 1,86 | mscp65.txt |   61 |
|31 | 1300 | 3000 |   45 | 0.25684842 |1578704212148 |     161 |   164.0 | 1,86 | mscp65.txt |   68 |
|31 | 1400 | 3000 |   45 | 0.25698027 |1578704212148 |     161 |   164.0 | 1,86 | mscp65.txt |   74 |
