| # |    #ITER | #IterMAX | Nest |      %Desc |      semilla | BestFit |GottedFit |  RDP |  instancia | time |
-------------------------------------------------------------------------------------------------
| 1 |    1 | 5000 |   35 |       0.25 |1585278836936 |      28 |  4214.0 |14950,00 |mscpnre4.txt |0,0080 |
| 1 |  100 | 5000 |   35 | 0.42857143 |1585278836936 |      28 |  3526.0 |12492,86 |mscpnre4.txt | 0,51 |
| 1 |  200 | 5000 |   35 |       0.45 |1585278836936 |      28 |  3364.0 |11914,29 |mscpnre4.txt |  1,0 |
| 1 |  300 | 5000 |   35 | 0.42857143 |1585278836936 |      28 |  3112.0 |11014,29 |mscpnre4.txt |  1,5 |
| 1 |  400 | 5000 |   40 |       0.45 |1585278836936 |      28 |    33.0 |17,86 |mscpnre4.txt |   47 |
| 1 |  500 | 5000 |   40 |       0.45 |1585278836936 |      28 |    33.0 |17,86 |mscpnre4.txt |1,2e+02 |
| 1 |  600 | 5000 |   40 |       0.45 |1585278836936 |      28 |    33.0 |17,86 |mscpnre4.txt |1,8e+02 |
| 1 |  700 | 5000 |   40 |       0.45 |1585278836936 |      28 |    33.0 |17,86 |mscpnre4.txt |2,5e+02 |
| 1 |  800 | 5000 |   45 |       0.45 |1585278836936 |      28 |    33.0 |17,86 |mscpnre4.txt |3,0e+02 |
| 1 |  900 | 5000 |   45 |       0.45 |1585278836936 |      28 |    33.0 |17,86 |mscpnre4.txt |3,6e+02 |
| 1 | 1000 | 5000 |   45 |       0.45 |1585278836936 |      28 |    33.0 |17,86 |mscpnre4.txt |4,1e+02 |
| 1 | 1100 | 5000 |   45 |       0.45 |1585278836936 |      28 |    33.0 |17,86 |mscpnre4.txt |4,6e+02 |
| 1 | 1200 | 5000 |   50 |       0.45 |1585278836936 |      28 |    33.0 |17,86 |mscpnre4.txt |5,3e+02 |
| 1 | 1300 | 5000 |   50 |       0.45 |1585278836936 |      28 |    33.0 |17,86 |mscpnre4.txt |5,7e+02 |
| 1 | 1400 | 5000 |   50 |       0.45 |1585278836936 |      28 |    33.0 |17,86 |mscpnre4.txt |6,0e+02 |
| 1 | 1500 | 5000 |   50 |       0.45 |1585278836936 |      28 |    33.0 |17,86 |mscpnre4.txt |6,4e+02 |
| 1 | 1600 | 5000 |   55 |  0.4181818 |1585278836936 |      28 |    33.0 |17,86 |mscpnre4.txt |6,9e+02 |
| 1 | 1700 | 5000 |   55 |  0.4181818 |1585278836936 |      28 |    33.0 |17,86 |mscpnre4.txt |7,3e+02 |
| 1 | 1800 | 5000 |   55 |  0.4181818 |1585278836936 |      28 |    33.0 |17,86 |mscpnre4.txt |7,8e+02 |
| 1 | 1900 | 5000 |   55 |  0.4181818 |1585278836936 |      28 |    33.0 |17,86 |mscpnre4.txt |8,3e+02 |
| 1 | 2000 | 5000 |   60 | 0.38333333 |1585278836936 |      28 |    33.0 |17,86 |mscpnre4.txt |8,9e+02 |
| 1 | 2100 | 5000 |   60 | 0.38333333 |1585278836936 |      28 |    33.0 |17,86 |mscpnre4.txt |9,5e+02 |
| 1 | 2200 | 5000 |   60 | 0.38333333 |1585278836936 |      28 |    33.0 |17,86 |mscpnre4.txt |1,0e+03 |
| 1 | 2300 | 5000 |   60 | 0.38333333 |1585278836936 |      28 |    33.0 |17,86 |mscpnre4.txt |1,1e+03 |
| 1 | 2400 | 5000 |   65 | 0.36923078 |1585278836936 |      28 |    33.0 |17,86 |mscpnre4.txt |1,1e+03 |
| 1 | 2500 | 5000 |   65 |  0.3846154 |1585278836936 |      28 |    33.0 |17,86 |mscpnre4.txt |1,2e+03 |
| 1 | 2600 | 5000 |   65 |  0.3846154 |1585278836936 |      28 |    33.0 |17,86 |mscpnre4.txt |1,3e+03 |
| 1 | 2700 | 5000 |   65 |  0.3846154 |1585278836936 |      28 |    33.0 |17,86 |mscpnre4.txt |1,3e+03 |
| 1 | 2800 | 5000 |   70 |       0.45 |1585278836936 |      28 |    33.0 |17,86 |mscpnre4.txt |1,4e+03 |
| 1 | 2900 | 5000 |   70 |       0.45 |1585278836936 |      28 |    33.0 |17,86 |mscpnre4.txt |1,5e+03 |
| 1 | 3000 | 5000 |   70 |       0.45 |1585278836936 |      28 |    33.0 |17,86 |mscpnre4.txt |1,6e+03 |
| 1 | 3100 | 5000 |   70 |       0.45 |1585278836936 |      28 |    33.0 |17,86 |mscpnre4.txt |1,7e+03 |
| 1 | 3200 | 5000 |   75 |       0.45 |1585278836936 |      28 |    33.0 |17,86 |mscpnre4.txt |1,8e+03 |
| 1 | 3300 | 5000 |   75 |       0.45 |1585278836936 |      28 |    33.0 |17,86 |mscpnre4.txt |1,9e+03 |
| 1 | 3400 | 5000 |   75 |       0.45 |1585278836936 |      28 |    33.0 |17,86 |mscpnre4.txt |1,9e+03 |
| 1 | 3500 | 5000 |   75 |       0.45 |1585278836936 |      28 |    33.0 |17,86 |mscpnre4.txt |2,0e+03 |
| 1 | 3600 | 5000 |   80 |       0.45 |1585278836936 |      28 |    33.0 |17,86 |mscpnre4.txt |2,1e+03 |
| 1 | 3700 | 5000 |   80 |       0.45 |1585278836936 |      28 |    33.0 |17,86 |mscpnre4.txt |2,2e+03 |
| 1 | 3800 | 5000 |   80 |       0.45 |1585278836936 |      28 |    33.0 |17,86 |mscpnre4.txt |2,3e+03 |
| 1 | 3900 | 5000 |   80 |       0.45 |1585278836936 |      28 |    33.0 |17,86 |mscpnre4.txt |2,3e+03 |
| 1 | 4000 | 5000 |   85 |       0.45 |1585278836936 |      28 |    33.0 |17,86 |mscpnre4.txt |2,4e+03 |
| 1 | 4100 | 5000 |   85 |       0.45 |1585278836936 |      28 |    33.0 |17,86 |mscpnre4.txt |2,4e+03 |
| 1 | 4200 | 5000 |   85 |       0.45 |1585278836936 |      28 |    33.0 |17,86 |mscpnre4.txt |2,5e+03 |
| 1 | 4300 | 5000 |   85 |       0.45 |1585278836936 |      28 |    33.0 |17,86 |mscpnre4.txt |2,6e+03 |
| 1 | 4400 | 5000 |   90 |       0.45 |1585278836936 |      28 |    33.0 |17,86 |mscpnre4.txt |2,7e+03 |
| 1 | 4500 | 5000 |   90 |       0.45 |1585278836936 |      28 |    33.0 |17,86 |mscpnre4.txt |2,7e+03 |
| 1 | 4600 | 5000 |   90 |       0.45 |1585278836936 |      28 |    32.0 |14,29 |mscpnre4.txt |2,8e+03 |
| 1 | 4700 | 5000 |   90 |       0.45 |1585278836936 |      28 |    32.0 |14,29 |mscpnre4.txt |2,9e+03 |
| 1 | 4800 | 5000 |   95 |       0.45 |1585278836936 |      28 |    32.0 |14,29 |mscpnre4.txt |3,0e+03 |
| 1 | 4900 | 5000 |   95 |       0.45 |1585278836936 |      28 |    32.0 |14,29 |mscpnre4.txt |3,1e+03 |
| 1 | 5000 | 5000 |   95 |       0.45 |1585278836936 |      28 |    32.0 |14,29 |mscpnre4.txt |3,2e+03 |
| 1 |  500 | 5000 |   95 |       0.45 |1585278836936 |      28 |    32.0 |14,29 |mscpnre4.txt |3,2e+03 |
| 2 |    1 | 5000 |   35 |       0.25 |1585281987230 |      28 |  4169.0 |14789,29 |mscpnre4.txt |0,0060 |
| 2 |  100 | 5000 |   35 |       0.45 |1585281987230 |      28 |  3654.0 |12950,00 |mscpnre4.txt | 0,46 |
| 2 |  200 | 5000 |   40 |       0.45 |1585281987230 |      28 |    33.0 |17,86 |mscpnre4.txt |   25 |
| 2 |  300 | 5000 |   40 |      0.425 |1585281987230 |      28 |    33.0 |17,86 |mscpnre4.txt |   83 |
| 2 |  400 | 5000 |   40 |      0.375 |1585281987230 |      28 |    32.0 |14,29 |mscpnre4.txt |1,5e+02 |
| 2 |  500 | 5000 |   40 |       0.35 |1585281987230 |      28 |    32.0 |14,29 |mscpnre4.txt |2,2e+02 |
| 2 |  600 | 5000 |   45 | 0.31111112 |1585281987230 |      28 |    32.0 |14,29 |mscpnre4.txt |3,1e+02 |
| 2 |  700 | 5000 |   45 | 0.31111112 |1585281987230 |      28 |    32.0 |14,29 |mscpnre4.txt |3,9e+02 |
| 2 |  800 | 5000 |   45 | 0.31111112 |1585281987230 |      28 |    32.0 |14,29 |mscpnre4.txt |4,7e+02 |
| 2 |  900 | 5000 |   45 |  0.2888889 |1585281987230 |      28 |    32.0 |14,29 |mscpnre4.txt |5,6e+02 |
| 2 | 1000 | 5000 |   50 |       0.45 |1585281987230 |      28 |    32.0 |14,29 |mscpnre4.txt |6,1e+02 |
| 2 | 1100 | 5000 |   50 |       0.45 |1585281987230 |      28 |    32.0 |14,29 |mscpnre4.txt |6,7e+02 |
| 2 | 1200 | 5000 |   50 |       0.45 |1585281987230 |      28 |    32.0 |14,29 |mscpnre4.txt |7,2e+02 |
| 2 | 1300 | 5000 |   50 |       0.45 |1585281987230 |      28 |    32.0 |14,29 |mscpnre4.txt |7,8e+02 |
| 2 | 1400 | 5000 |   55 |       0.45 |1585281987230 |      28 |    32.0 |14,29 |mscpnre4.txt |8,5e+02 |
| 2 | 1500 | 5000 |   55 |       0.45 |1585281987230 |      28 |    32.0 |14,29 |mscpnre4.txt |8,8e+02 |
| 2 | 1600 | 5000 |   55 |       0.45 |1585281987230 |      28 |    32.0 |14,29 |mscpnre4.txt |9,2e+02 |
| 2 | 1700 | 5000 |   55 |       0.45 |1585281987230 |      28 |    32.0 |14,29 |mscpnre4.txt |9,5e+02 |
| 2 | 1800 | 5000 |   60 |       0.45 |1585281987230 |      28 |    32.0 |14,29 |mscpnre4.txt |1,0e+03 |
| 2 | 1900 | 5000 |   60 |       0.45 |1585281987230 |      28 |    32.0 |14,29 |mscpnre4.txt |1,0e+03 |
| 2 | 2000 | 5000 |   60 |       0.45 |1585281987230 |      28 |    32.0 |14,29 |mscpnre4.txt |1,1e+03 |
| 2 | 2100 | 5000 |   60 |       0.45 |1585281987230 |      28 |    32.0 |14,29 |mscpnre4.txt |1,1e+03 |
| 2 | 2200 | 5000 |   65 |       0.45 |1585281987230 |      28 |    32.0 |14,29 |mscpnre4.txt |1,2e+03 |
| 2 | 2300 | 5000 |   65 |       0.45 |1585281987230 |      28 |    32.0 |14,29 |mscpnre4.txt |1,3e+03 |
| 2 | 2400 | 5000 |   65 |       0.45 |1585281987230 |      28 |    32.0 |14,29 |mscpnre4.txt |1,3e+03 |
| 2 | 2500 | 5000 |   65 |       0.45 |1585281987230 |      28 |    32.0 |14,29 |mscpnre4.txt |1,4e+03 |
| 2 | 2600 | 5000 |   70 | 0.42857143 |1585281987230 |      28 |    32.0 |14,29 |mscpnre4.txt |1,4e+03 |
| 2 | 2700 | 5000 |   70 | 0.42857143 |1585281987230 |      28 |    32.0 |14,29 |mscpnre4.txt |1,5e+03 |
| 2 | 2800 | 5000 |   70 | 0.42857143 |1585281987230 |      28 |    32.0 |14,29 |mscpnre4.txt |1,6e+03 |
| 2 | 2900 | 5000 |   70 | 0.42857143 |1585281987230 |      28 |    32.0 |14,29 |mscpnre4.txt |1,6e+03 |
| 2 | 3000 | 5000 |   75 | 0.42666668 |1585281987230 |      28 |    32.0 |14,29 |mscpnre4.txt |1,7e+03 |
| 2 | 3100 | 5000 |   75 | 0.42666668 |1585281987230 |      28 |    32.0 |14,29 |mscpnre4.txt |1,8e+03 |
| 2 | 3200 | 5000 |   75 | 0.42666668 |1585281987230 |      28 |    32.0 |14,29 |mscpnre4.txt |1,9e+03 |
| 2 | 3300 | 5000 |   75 | 0.42666668 |1585281987230 |      28 |    32.0 |14,29 |mscpnre4.txt |1,9e+03 |
| 2 | 3400 | 5000 |   80 |       0.45 |1585281987230 |      28 |    32.0 |14,29 |mscpnre4.txt |2,0e+03 |
| 2 | 3500 | 5000 |   80 |       0.45 |1585281987230 |      28 |    32.0 |14,29 |mscpnre4.txt |2,1e+03 |
| 2 | 3600 | 5000 |   80 |       0.45 |1585281987230 |      28 |    32.0 |14,29 |mscpnre4.txt |2,2e+03 |
| 2 | 3700 | 5000 |   80 |       0.45 |1585281987230 |      28 |    32.0 |14,29 |mscpnre4.txt |2,3e+03 |
| 2 | 3800 | 5000 |   85 |       0.45 |1585281987230 |      28 |    32.0 |14,29 |mscpnre4.txt |2,4e+03 |
| 2 | 3900 | 5000 |   85 |       0.45 |1585281987230 |      28 |    32.0 |14,29 |mscpnre4.txt |2,5e+03 |
| 2 | 4000 | 5000 |   85 |       0.45 |1585281987230 |      28 |    32.0 |14,29 |mscpnre4.txt |2,5e+03 |
| 2 | 4100 | 5000 |   85 |       0.45 |1585281987230 |      28 |    32.0 |14,29 |mscpnre4.txt |2,6e+03 |
| 2 | 4200 | 5000 |   90 |       0.45 |1585281987230 |      28 |    32.0 |14,29 |mscpnre4.txt |2,6e+03 |
| 2 | 4300 | 5000 |   90 |       0.45 |1585281987230 |      28 |    32.0 |14,29 |mscpnre4.txt |2,7e+03 |
| 2 | 4400 | 5000 |   90 |       0.45 |1585281987230 |      28 |    32.0 |14,29 |mscpnre4.txt |2,7e+03 |
| 2 | 4500 | 5000 |   90 |       0.45 |1585281987230 |      28 |    32.0 |14,29 |mscpnre4.txt |2,8e+03 |
| 2 | 4600 | 5000 |   95 |       0.45 |1585281987230 |      28 |    32.0 |14,29 |mscpnre4.txt |2,9e+03 |
| 2 | 4700 | 5000 |   95 |       0.45 |1585281987230 |      28 |    32.0 |14,29 |mscpnre4.txt |2,9e+03 |
| 2 | 4800 | 5000 |   95 |       0.45 |1585281987230 |      28 |    32.0 |14,29 |mscpnre4.txt |3,0e+03 |
| 2 | 4900 | 5000 |   95 |       0.45 |1585281987230 |      28 |    32.0 |14,29 |mscpnre4.txt |3,1e+03 |
| 2 | 5000 | 5000 |  100 |       0.45 |1585281987230 |      28 |    32.0 |14,29 |mscpnre4.txt |3,2e+03 |
| 2 |  500 | 5000 |  100 |       0.45 |1585281987230 |      28 |    32.0 |14,29 |mscpnre4.txt |3,2e+03 |
| 3 |    1 | 5000 |   35 |       0.25 |1585285151588 |      28 |  4181.0 |14832,14 |mscpnre4.txt |0,0060 |
| 3 |  100 | 5000 |   35 |       0.45 |1585285151588 |      28 |  3534.0 |12521,43 |mscpnre4.txt | 0,45 |
| 3 |  200 | 5000 |   35 |        0.4 |1585285151588 |      28 |  3325.0 |11775,00 |mscpnre4.txt | 0,88 |
| 3 |  300 | 5000 |   35 | 0.42857143 |1585285151588 |      28 |  3217.0 |11389,29 |mscpnre4.txt |  1,3 |
| 3 |  400 | 5000 |   35 | 0.25714287 |1585285151588 |      28 |  3074.0 |10878,57 |mscpnre4.txt |  1,7 |
| 3 |  500 | 5000 |   40 |       0.45 |1585285151588 |      28 |    32.0 |14,29 |mscpnre4.txt |   40 |
| 3 |  600 | 5000 |   40 |      0.375 |1585285151588 |      28 |    31.0 |10,71 |mscpnre4.txt |1,1e+02 |
| 3 |  700 | 5000 |   40 |      0.375 |1585285151588 |      28 |    31.0 |10,71 |mscpnre4.txt |1,7e+02 |
| 3 |  800 | 5000 |   40 |      0.375 |1585285151588 |      28 |    31.0 |10,71 |mscpnre4.txt |2,4e+02 |
| 3 |  900 | 5000 |   45 | 0.37777779 |1585285151588 |      28 |    31.0 |10,71 |mscpnre4.txt |2,9e+02 |
| 3 | 1000 | 5000 |   45 | 0.37777779 |1585285151588 |      28 |    31.0 |10,71 |mscpnre4.txt |3,4e+02 |
| 3 | 1100 | 5000 |   45 | 0.37777779 |1585285151588 |      28 |    31.0 |10,71 |mscpnre4.txt |3,9e+02 |
| 3 | 1200 | 5000 |   45 | 0.42222223 |1585285151588 |      28 |    31.0 |10,71 |mscpnre4.txt |4,3e+02 |
| 3 | 1300 | 5000 |   50 |       0.45 |1585285151588 |      28 |    31.0 |10,71 |mscpnre4.txt |5,0e+02 |
| 3 | 1400 | 5000 |   50 |       0.45 |1585285151588 |      28 |    31.0 |10,71 |mscpnre4.txt |5,6e+02 |
| 3 | 1500 | 5000 |   50 |       0.45 |1585285151588 |      28 |    31.0 |10,71 |mscpnre4.txt |6,2e+02 |
| 3 | 1600 | 5000 |   50 |       0.45 |1585285151588 |      28 |    31.0 |10,71 |mscpnre4.txt |6,9e+02 |
| 3 | 1700 | 5000 |   55 |       0.45 |1585285151588 |      28 |    31.0 |10,71 |mscpnre4.txt |7,6e+02 |
| 3 | 1800 | 5000 |   55 |       0.45 |1585285151588 |      28 |    31.0 |10,71 |mscpnre4.txt |8,4e+02 |
| 3 | 1900 | 5000 |   55 |       0.45 |1585285151588 |      28 |    31.0 |10,71 |mscpnre4.txt |9,1e+02 |
| 3 | 2000 | 5000 |   55 |       0.45 |1585285151588 |      28 |    31.0 |10,71 |mscpnre4.txt |9,9e+02 |
| 3 | 2100 | 5000 |   60 | 0.43333334 |1585285151588 |      28 |    31.0 |10,71 |mscpnre4.txt |1,1e+03 |
| 3 | 2200 | 5000 |   60 |       0.45 |1585285151588 |      28 |    31.0 |10,71 |mscpnre4.txt |1,1e+03 |
| 3 | 2300 | 5000 |   60 |       0.45 |1585285151588 |      28 |    31.0 |10,71 |mscpnre4.txt |1,2e+03 |
| 3 | 2400 | 5000 |   60 |       0.45 |1585285151588 |      28 |    31.0 |10,71 |mscpnre4.txt |1,2e+03 |
| 3 | 2500 | 5000 |   65 |       0.45 |1585285151588 |      28 |    31.0 |10,71 |mscpnre4.txt |1,3e+03 |
| 3 | 2600 | 5000 |   65 |       0.45 |1585285151588 |      28 |    31.0 |10,71 |mscpnre4.txt |1,3e+03 |
| 3 | 2700 | 5000 |   65 |       0.45 |1585285151588 |      28 |    31.0 |10,71 |mscpnre4.txt |1,4e+03 |
| 3 | 2800 | 5000 |   65 |       0.45 |1585285151588 |      28 |    31.0 |10,71 |mscpnre4.txt |1,4e+03 |
| 3 | 2900 | 5000 |   70 | 0.42857143 |1585285151588 |      28 |    31.0 |10,71 |mscpnre4.txt |1,5e+03 |
| 3 | 3000 | 5000 |   70 | 0.42857143 |1585285151588 |      28 |    31.0 |10,71 |mscpnre4.txt |1,6e+03 |
| 3 | 3100 | 5000 |   70 | 0.42857143 |1585285151588 |      28 |    31.0 |10,71 |mscpnre4.txt |1,6e+03 |
| 3 | 3200 | 5000 |   70 | 0.42857143 |1585285151588 |      28 |    31.0 |10,71 |mscpnre4.txt |1,7e+03 |
| 3 | 3300 | 5000 |   75 |       0.44 |1585285151588 |      28 |    31.0 |10,71 |mscpnre4.txt |1,8e+03 |
| 3 | 3400 | 5000 |   75 |       0.44 |1585285151588 |      28 |    31.0 |10,71 |mscpnre4.txt |1,9e+03 |
| 3 | 3500 | 5000 |   75 |       0.44 |1585285151588 |      28 |    31.0 |10,71 |mscpnre4.txt |1,9e+03 |
| 3 | 3600 | 5000 |   75 |       0.44 |1585285151588 |      28 |    31.0 |10,71 |mscpnre4.txt |2,0e+03 |
| 3 | 3700 | 5000 |   80 |       0.45 |1585285151588 |      28 |    31.0 |10,71 |mscpnre4.txt |2,1e+03 |
| 3 | 3800 | 5000 |   80 |       0.45 |1585285151588 |      28 |    31.0 |10,71 |mscpnre4.txt |2,2e+03 |
| 3 | 3900 | 5000 |   80 |       0.45 |1585285151588 |      28 |    31.0 |10,71 |mscpnre4.txt |2,3e+03 |
| 3 | 4000 | 5000 |   80 |       0.45 |1585285151588 |      28 |    31.0 |10,71 |mscpnre4.txt |2,4e+03 |
| 3 | 4100 | 5000 |   85 |       0.45 |1585285151588 |      28 |    31.0 |10,71 |mscpnre4.txt |2,5e+03 |
| 3 | 4200 | 5000 |   85 |       0.45 |1585285151588 |      28 |    31.0 |10,71 |mscpnre4.txt |2,5e+03 |
| 3 | 4300 | 5000 |   85 |       0.45 |1585285151588 |      28 |    31.0 |10,71 |mscpnre4.txt |2,6e+03 |
| 3 | 4400 | 5000 |   85 |       0.45 |1585285151588 |      28 |    31.0 |10,71 |mscpnre4.txt |2,6e+03 |
| 3 | 4500 | 5000 |   90 |       0.45 |1585285151588 |      28 |    31.0 |10,71 |mscpnre4.txt |2,7e+03 |
| 3 | 4600 | 5000 |   90 |       0.45 |1585285151588 |      28 |    31.0 |10,71 |mscpnre4.txt |2,8e+03 |
| 3 | 4700 | 5000 |   90 |       0.45 |1585285151588 |      28 |    31.0 |10,71 |mscpnre4.txt |2,8e+03 |
| 3 | 4800 | 5000 |   90 |       0.45 |1585285151588 |      28 |    31.0 |10,71 |mscpnre4.txt |2,9e+03 |
| 3 | 4900 | 5000 |   95 |       0.45 |1585285151588 |      28 |    31.0 |10,71 |mscpnre4.txt |3,0e+03 |
| 3 | 5000 | 5000 |   95 |       0.45 |1585285151588 |      28 |    31.0 |10,71 |mscpnre4.txt |3,0e+03 |
| 3 |  500 | 5000 |   95 |       0.45 |1585285151588 |      28 |    31.0 |10,71 |mscpnre4.txt |3,0e+03 |
| 4 |    1 | 5000 |   35 |       0.25 |1585288191008 |      28 |  4154.0 |14735,71 |mscpnre4.txt |0,0080 |
| 4 |  100 | 5000 |   35 | 0.37142858 |1585288191008 |      28 |  3378.0 |11964,29 |mscpnre4.txt | 0,50 |
| 4 |  200 | 5000 |   35 | 0.42857143 |1585288191008 |      28 |  3198.0 |11321,43 |mscpnre4.txt | 0,94 |
| 4 |  300 | 5000 |   40 |       0.45 |1585288191008 |      28 |    33.0 |17,86 |mscpnre4.txt |   37 |
| 4 |  400 | 5000 |   40 |      0.425 |1585288191008 |      28 |    32.0 |14,29 |mscpnre4.txt |1,0e+02 |
| 4 |  500 | 5000 |   40 |      0.425 |1585288191008 |      28 |    32.0 |14,29 |mscpnre4.txt |1,7e+02 |
| 4 |  600 | 5000 |   40 |        0.4 |1585288191008 |      28 |    32.0 |14,29 |mscpnre4.txt |2,4e+02 |
| 4 |  700 | 5000 |   45 | 0.33333334 |1585288191008 |      28 |    32.0 |14,29 |mscpnre4.txt |3,2e+02 |
| 4 |  800 | 5000 |   45 | 0.33333334 |1585288191008 |      28 |    31.0 |10,71 |mscpnre4.txt |3,6e+02 |
| 4 |  900 | 5000 |   45 | 0.33333334 |1585288191008 |      28 |    31.0 |10,71 |mscpnre4.txt |4,1e+02 |
| 4 | 1000 | 5000 |   45 | 0.33333334 |1585288191008 |      28 |    31.0 |10,71 |mscpnre4.txt |4,5e+02 |
| 4 | 1100 | 5000 |   50 |       0.36 |1585288191008 |      28 |    31.0 |10,71 |mscpnre4.txt |5,1e+02 |
| 4 | 1200 | 5000 |   50 |       0.36 |1585288191008 |      28 |    31.0 |10,71 |mscpnre4.txt |5,6e+02 |
| 4 | 1300 | 5000 |   50 |       0.36 |1585288191008 |      28 |    31.0 |10,71 |mscpnre4.txt |6,2e+02 |
| 4 | 1400 | 5000 |   50 |       0.36 |1585288191008 |      28 |    31.0 |10,71 |mscpnre4.txt |6,8e+02 |
| 4 | 1500 | 5000 |   55 |       0.45 |1585288191008 |      28 |    31.0 |10,71 |mscpnre4.txt |7,4e+02 |
| 4 | 1600 | 5000 |   55 |       0.45 |1585288191008 |      28 |    31.0 |10,71 |mscpnre4.txt |8,1e+02 |
| 4 | 1700 | 5000 |   55 |       0.45 |1585288191008 |      28 |    31.0 |10,71 |mscpnre4.txt |8,8e+02 |
| 4 | 1800 | 5000 |   55 |       0.45 |1585288191008 |      28 |    31.0 |10,71 |mscpnre4.txt |9,5e+02 |
| 4 | 1900 | 5000 |   60 |       0.45 |1585288191008 |      28 |    31.0 |10,71 |mscpnre4.txt |1,0e+03 |
| 4 | 2000 | 5000 |   60 |       0.45 |1585288191008 |      28 |    31.0 |10,71 |mscpnre4.txt |1,1e+03 |
| 4 | 2100 | 5000 |   60 |       0.45 |1585288191008 |      28 |    31.0 |10,71 |mscpnre4.txt |1,1e+03 |
| 4 | 2200 | 5000 |   60 |       0.45 |1585288191008 |      28 |    31.0 |10,71 |mscpnre4.txt |1,2e+03 |
| 4 | 2300 | 5000 |   65 |       0.45 |1585288191008 |      28 |    31.0 |10,71 |mscpnre4.txt |1,2e+03 |
| 4 | 2400 | 5000 |   65 |       0.45 |1585288191008 |      28 |    31.0 |10,71 |mscpnre4.txt |1,3e+03 |
| 4 | 2500 | 5000 |   65 |       0.45 |1585288191008 |      28 |    31.0 |10,71 |mscpnre4.txt |1,3e+03 |
| 4 | 2600 | 5000 |   65 |       0.45 |1585288191008 |      28 |    30.0 | 7,14 |mscpnre4.txt |1,4e+03 |
| 4 | 2700 | 5000 |   70 | 0.42857143 |1585288191008 |      28 |    30.0 | 7,14 |mscpnre4.txt |1,5e+03 |
| 4 | 2800 | 5000 |   70 | 0.42857143 |1585288191008 |      28 |    30.0 | 7,14 |mscpnre4.txt |1,5e+03 |
| 4 | 2900 | 5000 |   70 | 0.42857143 |1585288191008 |      28 |    30.0 | 7,14 |mscpnre4.txt |1,6e+03 |
| 4 | 3000 | 5000 |   70 | 0.42857143 |1585288191008 |      28 |    30.0 | 7,14 |mscpnre4.txt |1,7e+03 |
| 4 | 3100 | 5000 |   75 |        0.4 |1585288191008 |      28 |    30.0 | 7,14 |mscpnre4.txt |1,7e+03 |
| 4 | 3200 | 5000 |   75 |        0.4 |1585288191008 |      28 |    30.0 | 7,14 |mscpnre4.txt |1,8e+03 |
| 4 | 3300 | 5000 |   75 |        0.4 |1585288191008 |      28 |    30.0 | 7,14 |mscpnre4.txt |1,9e+03 |
| 4 | 3400 | 5000 |   75 |        0.4 |1585288191008 |      28 |    30.0 | 7,14 |mscpnre4.txt |2,0e+03 |
| 4 | 3500 | 5000 |   80 |      0.375 |1585288191008 |      28 |    30.0 | 7,14 |mscpnre4.txt |2,0e+03 |
| 4 | 3600 | 5000 |   80 |     0.3875 |1585288191008 |      28 |    30.0 | 7,14 |mscpnre4.txt |2,1e+03 |
| 4 | 3700 | 5000 |   80 |     0.3875 |1585288191008 |      28 |    30.0 | 7,14 |mscpnre4.txt |2,2e+03 |
| 4 | 3800 | 5000 |   80 |     0.3875 |1585288191008 |      28 |    30.0 | 7,14 |mscpnre4.txt |2,3e+03 |
| 4 | 3900 | 5000 |   85 |  0.4117647 |1585288191008 |      28 |    30.0 | 7,14 |mscpnre4.txt |2,4e+03 |
| 4 | 4000 | 5000 |   85 | 0.44705883 |1585288191008 |      28 |    30.0 | 7,14 |mscpnre4.txt |2,5e+03 |
| 4 | 4100 | 5000 |   85 | 0.44705883 |1585288191008 |      28 |    30.0 | 7,14 |mscpnre4.txt |2,6e+03 |
| 4 | 4200 | 5000 |   85 | 0.44705883 |1585288191008 |      28 |    30.0 | 7,14 |mscpnre4.txt |2,7e+03 |
| 4 | 4300 | 5000 |   90 | 0.43333334 |1585288191008 |      28 |    30.0 | 7,14 |mscpnre4.txt |2,8e+03 |
| 4 | 4400 | 5000 |   90 | 0.44444445 |1585288191008 |      28 |    30.0 | 7,14 |mscpnre4.txt |2,9e+03 |
| 4 | 4500 | 5000 |   90 | 0.44444445 |1585288191008 |      28 |    30.0 | 7,14 |mscpnre4.txt |3,0e+03 |
| 4 | 4600 | 5000 |   90 | 0.44444445 |1585288191008 |      28 |    30.0 | 7,14 |mscpnre4.txt |3,1e+03 |
| 4 | 4700 | 5000 |   95 |       0.45 |1585288191008 |      28 |    30.0 | 7,14 |mscpnre4.txt |3,3e+03 |
| 4 | 4800 | 5000 |   95 |       0.45 |1585288191008 |      28 |    30.0 | 7,14 |mscpnre4.txt |3,3e+03 |
| 4 | 4900 | 5000 |   95 |       0.45 |1585288191008 |      28 |    30.0 | 7,14 |mscpnre4.txt |3,4e+03 |
| 4 | 5000 | 5000 |   95 |       0.45 |1585288191008 |      28 |    30.0 | 7,14 |mscpnre4.txt |3,4e+03 |
| 4 |  500 | 5000 |  100 |       0.45 |1585288191008 |      28 |    30.0 | 7,14 |mscpnre4.txt |3,4e+03 |
| 5 |    1 | 5000 |   35 |       0.25 |1585291639354 |      28 |  4238.0 |15035,71 |mscpnre4.txt |0,0060 |
| 5 |  100 | 5000 |   35 |       0.45 |1585291639354 |      28 |  3684.0 |13057,14 |mscpnre4.txt | 0,48 |
| 5 |  200 | 5000 |   35 |       0.45 |1585291639354 |      28 |  3482.0 |12335,71 |mscpnre4.txt | 0,92 |
| 5 |  300 | 5000 |   35 |       0.45 |1585291639354 |      28 |  3235.0 |11453,57 |mscpnre4.txt |  1,4 |
| 5 |  400 | 5000 |   35 |       0.45 |1585291639354 |      28 |  3181.0 |11260,71 |mscpnre4.txt |  1,8 |
| 5 |  500 | 5000 |   35 |       0.45 |1585291639354 |      28 |  3103.0 |10982,14 |mscpnre4.txt |  2,3 |
| 5 |  600 | 5000 |   35 |        0.4 |1585291639354 |      28 |  3019.0 |10682,14 |mscpnre4.txt |  2,7 |
| 5 |  700 | 5000 |   40 |       0.45 |1585291639354 |      28 |    33.0 |17,86 |mscpnre4.txt |   37 |
| 5 |  800 | 5000 |   40 |       0.45 |1585291639354 |      28 |    33.0 |17,86 |mscpnre4.txt |   96 |
| 5 |  900 | 5000 |   40 |       0.45 |1585291639354 |      28 |    32.0 |14,29 |mscpnre4.txt |1,6e+02 |
| 5 | 1000 | 5000 |   40 |       0.45 |1585291639354 |      28 |    32.0 |14,29 |mscpnre4.txt |2,3e+02 |
| 5 | 1100 | 5000 |   45 | 0.35555556 |1585291639354 |      28 |    32.0 |14,29 |mscpnre4.txt |2,8e+02 |
| 5 | 1200 | 5000 |   45 | 0.35555556 |1585291639354 |      28 |    32.0 |14,29 |mscpnre4.txt |3,3e+02 |
| 5 | 1300 | 5000 |   45 | 0.42222223 |1585291639354 |      28 |    32.0 |14,29 |mscpnre4.txt |3,8e+02 |
| 5 | 1400 | 5000 |   45 | 0.42222223 |1585291639354 |      28 |    32.0 |14,29 |mscpnre4.txt |4,3e+02 |
| 5 | 1500 | 5000 |   50 |       0.45 |1585291639354 |      28 |    32.0 |14,29 |mscpnre4.txt |4,9e+02 |
| 5 | 1600 | 5000 |   50 |       0.45 |1585291639354 |      28 |    32.0 |14,29 |mscpnre4.txt |5,3e+02 |
| 5 | 1700 | 5000 |   50 |       0.45 |1585291639354 |      28 |    32.0 |14,29 |mscpnre4.txt |5,6e+02 |
| 5 | 1800 | 5000 |   50 |       0.45 |1585291639354 |      28 |    32.0 |14,29 |mscpnre4.txt |6,0e+02 |
| 5 | 1900 | 5000 |   55 |  0.4181818 |1585291639354 |      28 |    32.0 |14,29 |mscpnre4.txt |6,5e+02 |
| 5 | 2000 | 5000 |   55 |  0.4181818 |1585291639354 |      28 |    32.0 |14,29 |mscpnre4.txt |6,9e+02 |
| 5 | 2100 | 5000 |   55 |  0.4181818 |1585291639354 |      28 |    32.0 |14,29 |mscpnre4.txt |7,4e+02 |
| 5 | 2200 | 5000 |   55 |  0.4181818 |1585291639354 |      28 |    32.0 |14,29 |mscpnre4.txt |7,9e+02 |
| 5 | 2300 | 5000 |   60 | 0.38333333 |1585291639354 |      28 |    32.0 |14,29 |mscpnre4.txt |8,5e+02 |
| 5 | 2400 | 5000 |   60 | 0.38333333 |1585291639354 |      28 |    32.0 |14,29 |mscpnre4.txt |9,1e+02 |
| 5 | 2500 | 5000 |   60 | 0.38333333 |1585291639354 |      28 |    32.0 |14,29 |mscpnre4.txt |9,6e+02 |
| 5 | 2600 | 5000 |   60 | 0.38333333 |1585291639354 |      28 |    32.0 |14,29 |mscpnre4.txt |1,0e+03 |
| 5 | 2700 | 5000 |   65 | 0.35384616 |1585291639354 |      28 |    32.0 |14,29 |mscpnre4.txt |1,1e+03 |
| 5 | 2800 | 5000 |   65 | 0.35384616 |1585291639354 |      28 |    32.0 |14,29 |mscpnre4.txt |1,2e+03 |
| 5 | 2900 | 5000 |   65 | 0.35384616 |1585291639354 |      28 |    32.0 |14,29 |mscpnre4.txt |1,2e+03 |
| 5 | 3000 | 5000 |   65 | 0.35384616 |1585291639354 |      28 |    32.0 |14,29 |mscpnre4.txt |1,3e+03 |
| 5 | 3100 | 5000 |   70 |       0.45 |1585291639354 |      28 |    32.0 |14,29 |mscpnre4.txt |1,4e+03 |
| 5 | 3200 | 5000 |   70 |       0.45 |1585291639354 |      28 |    32.0 |14,29 |mscpnre4.txt |1,4e+03 |
| 5 | 3300 | 5000 |   70 |       0.45 |1585291639354 |      28 |    32.0 |14,29 |mscpnre4.txt |1,5e+03 |
| 5 | 3400 | 5000 |   70 |       0.45 |1585291639354 |      28 |    32.0 |14,29 |mscpnre4.txt |1,6e+03 |
| 5 | 3500 | 5000 |   75 |       0.45 |1585291639354 |      28 |    32.0 |14,29 |mscpnre4.txt |1,7e+03 |
| 5 | 3600 | 5000 |   75 |       0.45 |1585291639354 |      28 |    32.0 |14,29 |mscpnre4.txt |1,8e+03 |
| 5 | 3700 | 5000 |   75 |       0.45 |1585291639354 |      28 |    32.0 |14,29 |mscpnre4.txt |1,8e+03 |
| 5 | 3800 | 5000 |   75 |       0.45 |1585291639354 |      28 |    32.0 |14,29 |mscpnre4.txt |1,9e+03 |
| 5 | 3900 | 5000 |   80 |       0.45 |1585291639354 |      28 |    32.0 |14,29 |mscpnre4.txt |1,9e+03 |
| 5 | 4000 | 5000 |   80 |       0.45 |1585291639354 |      28 |    32.0 |14,29 |mscpnre4.txt |2,0e+03 |
| 5 | 4100 | 5000 |   80 |       0.45 |1585291639354 |      28 |    32.0 |14,29 |mscpnre4.txt |2,0e+03 |
| 5 | 4200 | 5000 |   80 |       0.45 |1585291639354 |      28 |    32.0 |14,29 |mscpnre4.txt |2,1e+03 |
| 5 | 4300 | 5000 |   85 |       0.45 |1585291639354 |      28 |    32.0 |14,29 |mscpnre4.txt |2,2e+03 |
| 5 | 4400 | 5000 |   85 |       0.45 |1585291639354 |      28 |    32.0 |14,29 |mscpnre4.txt |2,2e+03 |
| 5 | 4500 | 5000 |   85 |       0.45 |1585291639354 |      28 |    32.0 |14,29 |mscpnre4.txt |2,3e+03 |
| 5 | 4600 | 5000 |   85 |       0.45 |1585291639354 |      28 |    32.0 |14,29 |mscpnre4.txt |2,4e+03 |
| 5 | 4700 | 5000 |   90 |       0.45 |1585291639354 |      28 |    32.0 |14,29 |mscpnre4.txt |2,5e+03 |
| 5 | 4800 | 5000 |   90 |       0.45 |1585291639354 |      28 |    32.0 |14,29 |mscpnre4.txt |2,6e+03 |
| 5 | 4900 | 5000 |   90 |       0.45 |1585291639354 |      28 |    32.0 |14,29 |mscpnre4.txt |2,6e+03 |
| 5 | 5000 | 5000 |   90 |       0.45 |1585291639354 |      28 |    32.0 |14,29 |mscpnre4.txt |2,7e+03 |
| 5 |  500 | 5000 |   95 |       0.45 |1585291639354 |      28 |    32.0 |14,29 |mscpnre4.txt |2,7e+03 |
| 6 |    1 | 5000 |   35 |       0.25 |1585294357306 |      28 |  4120.0 |14614,29 |mscpnre4.txt |0,0050 |
| 6 |  100 | 5000 |   35 | 0.34285715 |1585294357306 |      28 |  3671.0 |13010,71 |mscpnre4.txt | 0,46 |
| 6 |  200 | 5000 |   35 |        0.4 |1585294357306 |      28 |  3373.0 |11946,43 |mscpnre4.txt | 0,91 |
| 6 |  300 | 5000 |   35 |       0.45 |1585294357306 |      28 |  3279.0 |11610,71 |mscpnre4.txt |  1,4 |
| 6 |  400 | 5000 |   35 |       0.45 |1585294357306 |      28 |  3170.0 |11221,43 |mscpnre4.txt |  1,8 |
| 6 |  500 | 5000 |   35 | 0.31428573 |1585294357306 |      28 |  3038.0 |10750,00 |mscpnre4.txt |  2,3 |
| 6 |  600 | 5000 |   40 |       0.45 |1585294357306 |      28 |    33.0 |17,86 |mscpnre4.txt |   43 |
| 6 |  700 | 5000 |   40 |      0.425 |1585294357306 |      28 |    33.0 |17,86 |mscpnre4.txt |1,1e+02 |
| 6 |  800 | 5000 |   40 |      0.425 |1585294357306 |      28 |    33.0 |17,86 |mscpnre4.txt |1,8e+02 |
| 6 |  900 | 5000 |   40 |        0.4 |1585294357306 |      28 |    33.0 |17,86 |mscpnre4.txt |2,5e+02 |
| 6 | 1000 | 5000 |   45 | 0.37777779 |1585294357306 |      28 |    33.0 |17,86 |mscpnre4.txt |3,0e+02 |
| 6 | 1100 | 5000 |   45 | 0.37777779 |1585294357306 |      28 |    33.0 |17,86 |mscpnre4.txt |3,5e+02 |
| 6 | 1200 | 5000 |   45 | 0.37777779 |1585294357306 |      28 |    33.0 |17,86 |mscpnre4.txt |4,0e+02 |
| 6 | 1300 | 5000 |   45 | 0.37777779 |1585294357306 |      28 |    33.0 |17,86 |mscpnre4.txt |4,5e+02 |
| 6 | 1400 | 5000 |   50 |       0.45 |1585294357306 |      28 |    33.0 |17,86 |mscpnre4.txt |5,1e+02 |
| 6 | 1500 | 5000 |   50 |       0.45 |1585294357306 |      28 |    33.0 |17,86 |mscpnre4.txt |5,7e+02 |
| 6 | 1600 | 5000 |   50 |       0.45 |1585294357306 |      28 |    33.0 |17,86 |mscpnre4.txt |6,4e+02 |
| 6 | 1700 | 5000 |   50 |       0.45 |1585294357306 |      28 |    33.0 |17,86 |mscpnre4.txt |7,0e+02 |
| 6 | 1800 | 5000 |   55 |       0.45 |1585294357306 |      28 |    33.0 |17,86 |mscpnre4.txt |7,7e+02 |
| 6 | 1900 | 5000 |   55 |       0.45 |1585294357306 |      28 |    33.0 |17,86 |mscpnre4.txt |8,5e+02 |
| 6 | 2000 | 5000 |   55 |       0.45 |1585294357306 |      28 |    33.0 |17,86 |mscpnre4.txt |9,2e+02 |
| 6 | 2100 | 5000 |   55 |       0.45 |1585294357306 |      28 |    33.0 |17,86 |mscpnre4.txt |1,0e+03 |
| 6 | 2200 | 5000 |   60 |       0.45 |1585294357306 |      28 |    33.0 |17,86 |mscpnre4.txt |1,1e+03 |
| 6 | 2300 | 5000 |   60 |       0.45 |1585294357306 |      28 |    33.0 |17,86 |mscpnre4.txt |1,1e+03 |
| 6 | 2400 | 5000 |   60 |       0.45 |1585294357306 |      28 |    33.0 |17,86 |mscpnre4.txt |1,2e+03 |
| 6 | 2500 | 5000 |   60 |       0.45 |1585294357306 |      28 |    33.0 |17,86 |mscpnre4.txt |1,2e+03 |
| 6 | 2600 | 5000 |   65 | 0.43076923 |1585294357306 |      28 |    33.0 |17,86 |mscpnre4.txt |1,3e+03 |
| 6 | 2700 | 5000 |   65 | 0.43076923 |1585294357306 |      28 |    33.0 |17,86 |mscpnre4.txt |1,3e+03 |
| 6 | 2800 | 5000 |   65 | 0.43076923 |1585294357306 |      28 |    33.0 |17,86 |mscpnre4.txt |1,4e+03 |
| 6 | 2900 | 5000 |   65 | 0.43076923 |1585294357306 |      28 |    33.0 |17,86 |mscpnre4.txt |1,5e+03 |
| 6 | 3000 | 5000 |   70 |        0.4 |1585294357306 |      28 |    33.0 |17,86 |mscpnre4.txt |1,5e+03 |
| 6 | 3100 | 5000 |   70 |        0.4 |1585294357306 |      28 |    33.0 |17,86 |mscpnre4.txt |1,6e+03 |
| 6 | 3200 | 5000 |   70 |        0.4 |1585294357306 |      28 |    33.0 |17,86 |mscpnre4.txt |1,7e+03 |
| 6 | 3300 | 5000 |   70 |        0.4 |1585294357306 |      28 |    33.0 |17,86 |mscpnre4.txt |1,7e+03 |
| 6 | 3400 | 5000 |   75 |       0.44 |1585294357306 |      28 |    33.0 |17,86 |mscpnre4.txt |1,8e+03 |
| 6 | 3500 | 5000 |   75 | 0.42666668 |1585294357306 |      28 |    33.0 |17,86 |mscpnre4.txt |1,9e+03 |
| 6 | 3600 | 5000 |   75 | 0.42666668 |1585294357306 |      28 |    33.0 |17,86 |mscpnre4.txt |2,0e+03 |
| 6 | 3700 | 5000 |   75 | 0.42666668 |1585294357306 |      28 |    33.0 |17,86 |mscpnre4.txt |2,1e+03 |
| 6 | 3800 | 5000 |   80 |       0.45 |1585294357306 |      28 |    33.0 |17,86 |mscpnre4.txt |2,1e+03 |
| 6 | 3900 | 5000 |   80 |       0.45 |1585294357306 |      28 |    33.0 |17,86 |mscpnre4.txt |2,2e+03 |
| 6 | 4000 | 5000 |   80 |       0.45 |1585294357306 |      28 |    33.0 |17,86 |mscpnre4.txt |2,3e+03 |
| 6 | 4100 | 5000 |   80 |       0.45 |1585294357306 |      28 |    33.0 |17,86 |mscpnre4.txt |2,4e+03 |
| 6 | 4200 | 5000 |   85 |       0.45 |1585294357306 |      28 |    33.0 |17,86 |mscpnre4.txt |2,5e+03 |
| 6 | 4300 | 5000 |   85 |       0.45 |1585294357306 |      28 |    33.0 |17,86 |mscpnre4.txt |2,6e+03 |
| 6 | 4400 | 5000 |   85 |       0.45 |1585294357306 |      28 |    33.0 |17,86 |mscpnre4.txt |2,7e+03 |
| 6 | 4500 | 5000 |   85 |       0.45 |1585294357306 |      28 |    33.0 |17,86 |mscpnre4.txt |2,8e+03 |
| 6 | 4600 | 5000 |   90 |       0.45 |1585294357306 |      28 |    33.0 |17,86 |mscpnre4.txt |3,0e+03 |
| 6 | 4700 | 5000 |   90 |       0.45 |1585294357306 |      28 |    33.0 |17,86 |mscpnre4.txt |3,0e+03 |
| 6 | 4800 | 5000 |   90 |       0.45 |1585294357306 |      28 |    33.0 |17,86 |mscpnre4.txt |3,1e+03 |
| 6 | 4900 | 5000 |   90 |       0.45 |1585294357306 |      28 |    33.0 |17,86 |mscpnre4.txt |3,1e+03 |
| 6 | 5000 | 5000 |   95 |       0.45 |1585294357306 |      28 |    33.0 |17,86 |mscpnre4.txt |3,2e+03 |
| 6 |  500 | 5000 |   95 |       0.45 |1585294357306 |      28 |    33.0 |17,86 |mscpnre4.txt |3,2e+03 |
| 7 |    1 | 5000 |   35 |       0.25 |1585297569876 |      28 |  4288.0 |15214,29 |mscpnre4.txt |0,0060 |
| 7 |  100 | 5000 |   35 |  0.2857143 |1585297569876 |      28 |  3721.0 |13189,29 |mscpnre4.txt | 0,45 |
| 7 |  200 | 5000 |   35 |       0.45 |1585297569876 |      28 |  3414.0 |12092,86 |mscpnre4.txt | 0,89 |
| 7 |  300 | 5000 |   35 |        0.4 |1585297569876 |      28 |  3270.0 |11578,57 |mscpnre4.txt |  1,3 |
| 7 |  400 | 5000 |   35 |       0.45 |1585297569876 |      28 |  3062.0 |10835,71 |mscpnre4.txt |  1,8 |
| 7 |  500 | 5000 |   40 |       0.45 |1585297569876 |      28 |    33.0 |17,86 |mscpnre4.txt |   38 |
| 7 |  600 | 5000 |   40 |       0.45 |1585297569876 |      28 |    32.0 |14,29 |mscpnre4.txt |   99 |
| 7 |  700 | 5000 |   40 |       0.45 |1585297569876 |      28 |    32.0 |14,29 |mscpnre4.txt |1,6e+02 |
| 7 |  800 | 5000 |   40 |       0.45 |1585297569876 |      28 |    32.0 |14,29 |mscpnre4.txt |2,3e+02 |
| 7 |  900 | 5000 |   45 | 0.31111112 |1585297569876 |      28 |    32.0 |14,29 |mscpnre4.txt |2,8e+02 |
| 7 | 1000 | 5000 |   45 | 0.31111112 |1585297569876 |      28 |    32.0 |14,29 |mscpnre4.txt |3,3e+02 |
| 7 | 1100 | 5000 |   45 | 0.35555556 |1585297569876 |      28 |    32.0 |14,29 |mscpnre4.txt |3,8e+02 |
| 7 | 1200 | 5000 |   45 | 0.37777779 |1585297569876 |      28 |    32.0 |14,29 |mscpnre4.txt |4,3e+02 |
| 7 | 1300 | 5000 |   50 |       0.45 |1585297569876 |      28 |    32.0 |14,29 |mscpnre4.txt |4,9e+02 |
| 7 | 1400 | 5000 |   50 |       0.45 |1585297569876 |      28 |    32.0 |14,29 |mscpnre4.txt |5,5e+02 |
| 7 | 1500 | 5000 |   50 |       0.45 |1585297569876 |      28 |    32.0 |14,29 |mscpnre4.txt |6,2e+02 |
| 7 | 1600 | 5000 |   50 |       0.45 |1585297569876 |      28 |    32.0 |14,29 |mscpnre4.txt |6,8e+02 |
| 7 | 1700 | 5000 |   55 |  0.4181818 |1585297569876 |      28 |    32.0 |14,29 |mscpnre4.txt |7,3e+02 |
| 7 | 1800 | 5000 |   55 |  0.4181818 |1585297569876 |      28 |    32.0 |14,29 |mscpnre4.txt |7,8e+02 |
| 7 | 1900 | 5000 |   55 |  0.4181818 |1585297569876 |      28 |    32.0 |14,29 |mscpnre4.txt |8,2e+02 |
| 7 | 2000 | 5000 |   55 |  0.4181818 |1585297569876 |      28 |    32.0 |14,29 |mscpnre4.txt |8,7e+02 |
| 7 | 2100 | 5000 |   60 | 0.38333333 |1585297569876 |      28 |    32.0 |14,29 |mscpnre4.txt |9,3e+02 |
| 7 | 2200 | 5000 |   60 | 0.38333333 |1585297569876 |      28 |    32.0 |14,29 |mscpnre4.txt |9,8e+02 |
| 7 | 2300 | 5000 |   60 | 0.38333333 |1585297569876 |      28 |    32.0 |14,29 |mscpnre4.txt |1,0e+03 |
| 7 | 2400 | 5000 |   60 | 0.38333333 |1585297569876 |      28 |    32.0 |14,29 |mscpnre4.txt |1,1e+03 |
| 7 | 2500 | 5000 |   65 |        0.4 |1585297569876 |      28 |    32.0 |14,29 |mscpnre4.txt |1,2e+03 |
| 7 | 2600 | 5000 |   65 |        0.4 |1585297569876 |      28 |    32.0 |14,29 |mscpnre4.txt |1,2e+03 |
| 7 | 2700 | 5000 |   65 |        0.4 |1585297569876 |      28 |    32.0 |14,29 |mscpnre4.txt |1,3e+03 |
| 7 | 2800 | 5000 |   65 |        0.4 |1585297569876 |      28 |    32.0 |14,29 |mscpnre4.txt |1,4e+03 |
| 7 | 2900 | 5000 |   70 | 0.44285715 |1585297569876 |      28 |    32.0 |14,29 |mscpnre4.txt |1,4e+03 |
| 7 | 3000 | 5000 |   70 | 0.44285715 |1585297569876 |      28 |    32.0 |14,29 |mscpnre4.txt |1,5e+03 |
| 7 | 3100 | 5000 |   70 |       0.45 |1585297569876 |      28 |    32.0 |14,29 |mscpnre4.txt |1,6e+03 |
| 7 | 3200 | 5000 |   70 |       0.45 |1585297569876 |      28 |    32.0 |14,29 |mscpnre4.txt |1,7e+03 |
| 7 | 3300 | 5000 |   75 |       0.45 |1585297569876 |      28 |    32.0 |14,29 |mscpnre4.txt |1,8e+03 |
| 7 | 3400 | 5000 |   75 |       0.45 |1585297569876 |      28 |    32.0 |14,29 |mscpnre4.txt |1,9e+03 |
| 7 | 3500 | 5000 |   75 |       0.45 |1585297569876 |      28 |    32.0 |14,29 |mscpnre4.txt |2,0e+03 |
| 7 | 3600 | 5000 |   75 |       0.45 |1585297569876 |      28 |    32.0 |14,29 |mscpnre4.txt |2,1e+03 |
| 7 | 3700 | 5000 |   80 |       0.45 |1585297569876 |      28 |    32.0 |14,29 |mscpnre4.txt |2,2e+03 |
| 7 | 3800 | 5000 |   80 |       0.45 |1585297569876 |      28 |    32.0 |14,29 |mscpnre4.txt |2,2e+03 |
| 7 | 3900 | 5000 |   80 |       0.45 |1585297569876 |      28 |    32.0 |14,29 |mscpnre4.txt |2,3e+03 |
| 7 | 4000 | 5000 |   80 |       0.45 |1585297569876 |      28 |    32.0 |14,29 |mscpnre4.txt |2,3e+03 |
| 7 | 4100 | 5000 |   85 |       0.45 |1585297569876 |      28 |    32.0 |14,29 |mscpnre4.txt |2,4e+03 |
| 7 | 4200 | 5000 |   85 |       0.45 |1585297569876 |      28 |    32.0 |14,29 |mscpnre4.txt |2,5e+03 |
| 7 | 4300 | 5000 |   85 |       0.45 |1585297569876 |      28 |    32.0 |14,29 |mscpnre4.txt |2,5e+03 |
| 7 | 4400 | 5000 |   85 |       0.45 |1585297569876 |      28 |    32.0 |14,29 |mscpnre4.txt |2,6e+03 |
| 7 | 4500 | 5000 |   90 |       0.45 |1585297569876 |      28 |    32.0 |14,29 |mscpnre4.txt |2,7e+03 |
| 7 | 4600 | 5000 |   90 |       0.45 |1585297569876 |      28 |    32.0 |14,29 |mscpnre4.txt |2,7e+03 |
| 7 | 4700 | 5000 |   90 |       0.45 |1585297569876 |      28 |    32.0 |14,29 |mscpnre4.txt |2,8e+03 |
| 7 | 4800 | 5000 |   90 |       0.45 |1585297569876 |      28 |    32.0 |14,29 |mscpnre4.txt |2,9e+03 |
| 7 | 4900 | 5000 |   95 |       0.45 |1585297569876 |      28 |    32.0 |14,29 |mscpnre4.txt |3,0e+03 |
| 7 | 5000 | 5000 |   95 |       0.45 |1585297569876 |      28 |    32.0 |14,29 |mscpnre4.txt |3,1e+03 |
| 7 |  500 | 5000 |   95 |       0.45 |1585297569876 |      28 |    32.0 |14,29 |mscpnre4.txt |3,1e+03 |
| 8 |    1 | 5000 |   35 |       0.25 |1585300630840 |      28 |  4248.0 |15071,43 |mscpnre4.txt |0,0060 |
| 8 |  100 | 5000 |   35 | 0.42857143 |1585300630840 |      28 |  3520.0 |12471,43 |mscpnre4.txt | 0,46 |
| 8 |  200 | 5000 |   35 |        0.4 |1585300630840 |      28 |  3313.0 |11732,14 |mscpnre4.txt | 0,94 |
| 8 |  300 | 5000 |   40 |       0.45 |1585300630840 |      28 |    33.0 |17,86 |mscpnre4.txt |   34 |
| 8 |  400 | 5000 |   40 |       0.45 |1585300630840 |      28 |    33.0 |17,86 |mscpnre4.txt |   91 |
| 8 |  500 | 5000 |   40 |       0.45 |1585300630840 |      28 |    33.0 |17,86 |mscpnre4.txt |1,5e+02 |
| 8 |  600 | 5000 |   40 |       0.45 |1585300630840 |      28 |    33.0 |17,86 |mscpnre4.txt |2,2e+02 |
| 8 |  700 | 5000 |   45 |       0.45 |1585300630840 |      28 |    33.0 |17,86 |mscpnre4.txt |2,7e+02 |
| 8 |  800 | 5000 |   45 |       0.45 |1585300630840 |      28 |    33.0 |17,86 |mscpnre4.txt |3,2e+02 |
| 8 |  900 | 5000 |   45 |       0.45 |1585300630840 |      28 |    33.0 |17,86 |mscpnre4.txt |3,8e+02 |
| 8 | 1000 | 5000 |   45 |       0.45 |1585300630840 |      28 |    33.0 |17,86 |mscpnre4.txt |4,3e+02 |
| 8 | 1100 | 5000 |   50 |       0.45 |1585300630840 |      28 |    33.0 |17,86 |mscpnre4.txt |4,9e+02 |
| 8 | 1200 | 5000 |   50 |       0.45 |1585300630840 |      28 |    33.0 |17,86 |mscpnre4.txt |5,6e+02 |
| 8 | 1300 | 5000 |   50 |       0.45 |1585300630840 |      28 |    33.0 |17,86 |mscpnre4.txt |6,2e+02 |
| 8 | 1400 | 5000 |   50 |       0.45 |1585300630840 |      28 |    33.0 |17,86 |mscpnre4.txt |6,6e+02 |
| 8 | 1500 | 5000 |   55 |  0.4181818 |1585300630840 |      28 |    33.0 |17,86 |mscpnre4.txt |7,1e+02 |
| 8 | 1600 | 5000 |   55 |  0.4181818 |1585300630840 |      28 |    33.0 |17,86 |mscpnre4.txt |7,5e+02 |
| 8 | 1700 | 5000 |   55 |  0.4181818 |1585300630840 |      28 |    32.0 |14,29 |mscpnre4.txt |8,0e+02 |
| 8 | 1800 | 5000 |   55 |  0.4181818 |1585300630840 |      28 |    32.0 |14,29 |mscpnre4.txt |8,5e+02 |
| 8 | 1900 | 5000 |   60 | 0.38333333 |1585300630840 |      28 |    32.0 |14,29 |mscpnre4.txt |9,1e+02 |
| 8 | 2000 | 5000 |   60 | 0.38333333 |1585300630840 |      28 |    32.0 |14,29 |mscpnre4.txt |9,7e+02 |
| 8 | 2100 | 5000 |   60 | 0.38333333 |1585300630840 |      28 |    32.0 |14,29 |mscpnre4.txt |1,0e+03 |
| 8 | 2200 | 5000 |   60 | 0.38333333 |1585300630840 |      28 |    32.0 |14,29 |mscpnre4.txt |1,1e+03 |
| 8 | 2300 | 5000 |   65 | 0.35384616 |1585300630840 |      28 |    32.0 |14,29 |mscpnre4.txt |1,2e+03 |
| 8 | 2400 | 5000 |   65 | 0.35384616 |1585300630840 |      28 |    32.0 |14,29 |mscpnre4.txt |1,2e+03 |
| 8 | 2500 | 5000 |   65 | 0.35384616 |1585300630840 |      28 |    32.0 |14,29 |mscpnre4.txt |1,3e+03 |
| 8 | 2600 | 5000 |   65 | 0.35384616 |1585300630840 |      28 |    32.0 |14,29 |mscpnre4.txt |1,4e+03 |
| 8 | 2700 | 5000 |   70 |       0.45 |1585300630840 |      28 |    32.0 |14,29 |mscpnre4.txt |1,4e+03 |
| 8 | 2800 | 5000 |   70 |       0.45 |1585300630840 |      28 |    32.0 |14,29 |mscpnre4.txt |1,5e+03 |
| 8 | 2900 | 5000 |   70 |       0.45 |1585300630840 |      28 |    32.0 |14,29 |mscpnre4.txt |1,5e+03 |
| 8 | 3000 | 5000 |   70 |       0.45 |1585300630840 |      28 |    32.0 |14,29 |mscpnre4.txt |1,6e+03 |
| 8 | 3100 | 5000 |   75 |       0.45 |1585300630840 |      28 |    32.0 |14,29 |mscpnre4.txt |1,6e+03 |
| 8 | 3200 | 5000 |   75 |       0.45 |1585300630840 |      28 |    32.0 |14,29 |mscpnre4.txt |1,7e+03 |
| 8 | 3300 | 5000 |   75 |       0.45 |1585300630840 |      28 |    32.0 |14,29 |mscpnre4.txt |1,7e+03 |
| 8 | 3400 | 5000 |   75 |       0.45 |1585300630840 |      28 |    32.0 |14,29 |mscpnre4.txt |1,8e+03 |
| 8 | 3500 | 5000 |   80 |       0.45 |1585300630840 |      28 |    32.0 |14,29 |mscpnre4.txt |1,9e+03 |
| 8 | 3600 | 5000 |   80 |       0.45 |1585300630840 |      28 |    32.0 |14,29 |mscpnre4.txt |1,9e+03 |
| 8 | 3700 | 5000 |   80 |       0.45 |1585300630840 |      28 |    32.0 |14,29 |mscpnre4.txt |2,0e+03 |
| 8 | 3800 | 5000 |   80 |       0.45 |1585300630840 |      28 |    32.0 |14,29 |mscpnre4.txt |2,0e+03 |
| 8 | 3900 | 5000 |   85 |       0.45 |1585300630840 |      28 |    32.0 |14,29 |mscpnre4.txt |2,1e+03 |
| 8 | 4000 | 5000 |   85 |       0.45 |1585300630840 |      28 |    32.0 |14,29 |mscpnre4.txt |2,2e+03 |
| 8 | 4100 | 5000 |   85 |       0.45 |1585300630840 |      28 |    32.0 |14,29 |mscpnre4.txt |2,3e+03 |
| 8 | 4200 | 5000 |   85 |       0.45 |1585300630840 |      28 |    32.0 |14,29 |mscpnre4.txt |2,3e+03 |
| 8 | 4300 | 5000 |   90 |       0.45 |1585300630840 |      28 |    32.0 |14,29 |mscpnre4.txt |2,4e+03 |
| 8 | 4400 | 5000 |   90 |       0.45 |1585300630840 |      28 |    32.0 |14,29 |mscpnre4.txt |2,5e+03 |
| 8 | 4500 | 5000 |   90 |       0.45 |1585300630840 |      28 |    32.0 |14,29 |mscpnre4.txt |2,6e+03 |
| 8 | 4600 | 5000 |   90 |       0.45 |1585300630840 |      28 |    32.0 |14,29 |mscpnre4.txt |2,7e+03 |
| 8 | 4700 | 5000 |   95 | 0.44210526 |1585300630840 |      28 |    32.0 |14,29 |mscpnre4.txt |2,8e+03 |
| 8 | 4800 | 5000 |   95 | 0.44210526 |1585300630840 |      28 |    32.0 |14,29 |mscpnre4.txt |2,9e+03 |
| 8 | 4900 | 5000 |   95 | 0.44210526 |1585300630840 |      28 |    32.0 |14,29 |mscpnre4.txt |3,0e+03 |
| 8 | 5000 | 5000 |   95 | 0.44210526 |1585300630840 |      28 |    32.0 |14,29 |mscpnre4.txt |3,1e+03 |
| 8 |  500 | 5000 |  100 | 0.44210526 |1585300630840 |      28 |    32.0 |14,29 |mscpnre4.txt |3,1e+03 |
| 9 |    1 | 5000 |   35 |       0.25 |1585303722774 |      28 |  4048.0 |14357,14 |mscpnre4.txt |0,0070 |
| 9 |  100 | 5000 |   35 |       0.45 |1585303722774 |      28 |  3659.0 |12967,86 |mscpnre4.txt | 0,48 |
| 9 |  200 | 5000 |   35 | 0.34285715 |1585303722774 |      28 |  3483.0 |12339,29 |mscpnre4.txt | 0,92 |
| 9 |  300 | 5000 |   35 | 0.42857143 |1585303722774 |      28 |  3302.0 |11692,86 |mscpnre4.txt |  1,4 |
| 9 |  400 | 5000 |   35 |       0.45 |1585303722774 |      28 |  3072.0 |10871,43 |mscpnre4.txt |  1,8 |
| 9 |  500 | 5000 |   40 |       0.45 |1585303722774 |      28 |    33.0 |17,86 |mscpnre4.txt |   35 |
| 9 |  600 | 5000 |   40 |       0.45 |1585303722774 |      28 |    32.0 |14,29 |mscpnre4.txt |   91 |
| 9 |  700 | 5000 |   40 |       0.45 |1585303722774 |      28 |    32.0 |14,29 |mscpnre4.txt |1,5e+02 |
| 9 |  800 | 5000 |   40 |        0.4 |1585303722774 |      28 |    32.0 |14,29 |mscpnre4.txt |2,1e+02 |
| 9 |  900 | 5000 |   45 | 0.33333334 |1585303722774 |      28 |    32.0 |14,29 |mscpnre4.txt |2,9e+02 |
| 9 | 1000 | 5000 |   45 | 0.33333334 |1585303722774 |      28 |    32.0 |14,29 |mscpnre4.txt |3,8e+02 |
| 9 | 1100 | 5000 |   45 | 0.33333334 |1585303722774 |      28 |    32.0 |14,29 |mscpnre4.txt |4,2e+02 |
| 9 | 1200 | 5000 |   45 | 0.33333334 |1585303722774 |      28 |    32.0 |14,29 |mscpnre4.txt |4,6e+02 |
| 9 | 1300 | 5000 |   50 |       0.32 |1585303722774 |      28 |    32.0 |14,29 |mscpnre4.txt |5,1e+02 |
| 9 | 1400 | 5000 |   50 |       0.32 |1585303722774 |      28 |    32.0 |14,29 |mscpnre4.txt |5,7e+02 |
| 9 | 1500 | 5000 |   50 |       0.32 |1585303722774 |      28 |    32.0 |14,29 |mscpnre4.txt |6,2e+02 |
| 9 | 1600 | 5000 |   50 |       0.32 |1585303722774 |      28 |    32.0 |14,29 |mscpnre4.txt |6,7e+02 |
| 9 | 1700 | 5000 |   55 |  0.4181818 |1585303722774 |      28 |    32.0 |14,29 |mscpnre4.txt |7,4e+02 |
| 9 | 1800 | 5000 |   55 | 0.43636364 |1585303722774 |      28 |    32.0 |14,29 |mscpnre4.txt |8,0e+02 |
| 9 | 1900 | 5000 |   55 | 0.43636364 |1585303722774 |      28 |    32.0 |14,29 |mscpnre4.txt |8,7e+02 |
| 9 | 2000 | 5000 |   55 |  0.4181818 |1585303722774 |      28 |    32.0 |14,29 |mscpnre4.txt |9,4e+02 |
| 9 | 2100 | 5000 |   60 |       0.45 |1585303722774 |      28 |    32.0 |14,29 |mscpnre4.txt |1,0e+03 |
| 9 | 2200 | 5000 |   60 |       0.45 |1585303722774 |      28 |    32.0 |14,29 |mscpnre4.txt |1,1e+03 |
| 9 | 2300 | 5000 |   60 |       0.45 |1585303722774 |      28 |    32.0 |14,29 |mscpnre4.txt |1,1e+03 |
| 9 | 2400 | 5000 |   60 |       0.45 |1585303722774 |      28 |    32.0 |14,29 |mscpnre4.txt |1,1e+03 |
| 9 | 2500 | 5000 |   65 |       0.45 |1585303722774 |      28 |    32.0 |14,29 |mscpnre4.txt |1,2e+03 |
| 9 | 2600 | 5000 |   65 |       0.45 |1585303722774 |      28 |    32.0 |14,29 |mscpnre4.txt |1,2e+03 |
| 9 | 2700 | 5000 |   65 |       0.45 |1585303722774 |      28 |    32.0 |14,29 |mscpnre4.txt |1,3e+03 |
| 9 | 2800 | 5000 |   65 |       0.45 |1585303722774 |      28 |    32.0 |14,29 |mscpnre4.txt |1,4e+03 |
| 9 | 2900 | 5000 |   70 | 0.42857143 |1585303722774 |      28 |    32.0 |14,29 |mscpnre4.txt |1,4e+03 |
| 9 | 3000 | 5000 |   70 | 0.42857143 |1585303722774 |      28 |    32.0 |14,29 |mscpnre4.txt |1,5e+03 |
| 9 | 3100 | 5000 |   70 | 0.42857143 |1585303722774 |      28 |    32.0 |14,29 |mscpnre4.txt |1,5e+03 |
| 9 | 3200 | 5000 |   70 | 0.42857143 |1585303722774 |      28 |    32.0 |14,29 |mscpnre4.txt |1,6e+03 |
| 9 | 3300 | 5000 |   75 |        0.4 |1585303722774 |      28 |    32.0 |14,29 |mscpnre4.txt |1,7e+03 |
| 9 | 3400 | 5000 |   75 |        0.4 |1585303722774 |      28 |    32.0 |14,29 |mscpnre4.txt |1,8e+03 |
| 9 | 3500 | 5000 |   75 |        0.4 |1585303722774 |      28 |    32.0 |14,29 |mscpnre4.txt |1,8e+03 |
| 9 | 3600 | 5000 |   75 |        0.4 |1585303722774 |      28 |    32.0 |14,29 |mscpnre4.txt |1,9e+03 |
| 9 | 3700 | 5000 |   80 |     0.3875 |1585303722774 |      28 |    32.0 |14,29 |mscpnre4.txt |2,0e+03 |
| 9 | 3800 | 5000 |   80 |     0.3875 |1585303722774 |      28 |    32.0 |14,29 |mscpnre4.txt |2,1e+03 |
| 9 | 3900 | 5000 |   80 |     0.3875 |1585303722774 |      28 |    32.0 |14,29 |mscpnre4.txt |2,2e+03 |
| 9 | 4000 | 5000 |   80 |     0.3875 |1585303722774 |      28 |    32.0 |14,29 |mscpnre4.txt |2,2e+03 |
| 9 | 4100 | 5000 |   85 |  0.4117647 |1585303722774 |      28 |    32.0 |14,29 |mscpnre4.txt |2,3e+03 |
| 9 | 4200 | 5000 |   85 |  0.4117647 |1585303722774 |      28 |    32.0 |14,29 |mscpnre4.txt |2,4e+03 |
| 9 | 4300 | 5000 |   85 |  0.4117647 |1585303722774 |      28 |    32.0 |14,29 |mscpnre4.txt |2,5e+03 |
| 9 | 4400 | 5000 |   85 |  0.3882353 |1585303722774 |      28 |    32.0 |14,29 |mscpnre4.txt |2,6e+03 |
| 9 | 4500 | 5000 |   90 |       0.45 |1585303722774 |      28 |    32.0 |14,29 |mscpnre4.txt |2,7e+03 |
| 9 | 4600 | 5000 |   90 |       0.45 |1585303722774 |      28 |    32.0 |14,29 |mscpnre4.txt |2,8e+03 |
| 9 | 4700 | 5000 |   90 |       0.45 |1585303722774 |      28 |    32.0 |14,29 |mscpnre4.txt |3,0e+03 |
| 9 | 4800 | 5000 |   90 |       0.45 |1585303722774 |      28 |    32.0 |14,29 |mscpnre4.txt |3,1e+03 |
| 9 | 4900 | 5000 |   95 |       0.45 |1585303722774 |      28 |    32.0 |14,29 |mscpnre4.txt |3,2e+03 |
| 9 | 5000 | 5000 |   95 |       0.45 |1585303722774 |      28 |    32.0 |14,29 |mscpnre4.txt |3,2e+03 |
| 9 |  500 | 5000 |   95 |       0.45 |1585303722774 |      28 |    32.0 |14,29 |mscpnre4.txt |3,2e+03 |
|10 |    1 | 5000 |   35 |       0.25 |1585306968800 |      28 |  4000.0 |14185,71 |mscpnre4.txt |0,0060 |
|10 |  100 | 5000 |   35 | 0.34285715 |1585306968800 |      28 |  3648.0 |12928,57 |mscpnre4.txt | 0,44 |
|10 |  200 | 5000 |   35 | 0.25714287 |1585306968800 |      28 |  3454.0 |12235,71 |mscpnre4.txt | 0,90 |
|10 |  300 | 5000 |   40 |        0.4 |1585306968800 |      28 |    33.0 |17,86 |mscpnre4.txt |   46 |
|10 |  400 | 5000 |   40 |      0.275 |1585306968800 |      28 |    32.0 |14,29 |mscpnre4.txt |1,2e+02 |
|10 |  500 | 5000 |   40 |      0.275 |1585306968800 |      28 |    32.0 |14,29 |mscpnre4.txt |2,0e+02 |
|10 |  600 | 5000 |   40 |      0.275 |1585306968800 |      28 |    32.0 |14,29 |mscpnre4.txt |2,7e+02 |
|10 |  700 | 5000 |   45 | 0.37777779 |1585306968800 |      28 |    32.0 |14,29 |mscpnre4.txt |3,2e+02 |
|10 |  800 | 5000 |   45 | 0.37777779 |1585306968800 |      28 |    32.0 |14,29 |mscpnre4.txt |3,7e+02 |
|10 |  900 | 5000 |   45 | 0.37777779 |1585306968800 |      28 |    32.0 |14,29 |mscpnre4.txt |4,2e+02 |
|10 | 1000 | 5000 |   45 | 0.42222223 |1585306968800 |      28 |    32.0 |14,29 |mscpnre4.txt |4,7e+02 |
|10 | 1100 | 5000 |   50 |       0.45 |1585306968800 |      28 |    32.0 |14,29 |mscpnre4.txt |5,3e+02 |
|10 | 1200 | 5000 |   50 |       0.45 |1585306968800 |      28 |    32.0 |14,29 |mscpnre4.txt |5,9e+02 |
|10 | 1300 | 5000 |   50 |       0.45 |1585306968800 |      28 |    32.0 |14,29 |mscpnre4.txt |6,5e+02 |
|10 | 1400 | 5000 |   50 |       0.45 |1585306968800 |      28 |    32.0 |14,29 |mscpnre4.txt |7,1e+02 |
|10 | 1500 | 5000 |   55 |       0.45 |1585306968800 |      28 |    32.0 |14,29 |mscpnre4.txt |7,8e+02 |
|10 | 1600 | 5000 |   55 |       0.45 |1585306968800 |      28 |    32.0 |14,29 |mscpnre4.txt |8,3e+02 |
|10 | 1700 | 5000 |   55 |       0.45 |1585306968800 |      28 |    32.0 |14,29 |mscpnre4.txt |8,7e+02 |
|10 | 1800 | 5000 |   55 |       0.45 |1585306968800 |      28 |    32.0 |14,29 |mscpnre4.txt |9,1e+02 |
|10 | 1900 | 5000 |   60 |       0.45 |1585306968800 |      28 |    32.0 |14,29 |mscpnre4.txt |9,6e+02 |
|10 | 2000 | 5000 |   60 |       0.45 |1585306968800 |      28 |    32.0 |14,29 |mscpnre4.txt |1,0e+03 |
|10 | 2100 | 5000 |   60 |       0.45 |1585306968800 |      28 |    32.0 |14,29 |mscpnre4.txt |1,1e+03 |
|10 | 2200 | 5000 |   60 |       0.45 |1585306968800 |      28 |    32.0 |14,29 |mscpnre4.txt |1,1e+03 |
|10 | 2300 | 5000 |   65 |       0.45 |1585306968800 |      28 |    32.0 |14,29 |mscpnre4.txt |1,2e+03 |
|10 | 2400 | 5000 |   65 |       0.45 |1585306968800 |      28 |    32.0 |14,29 |mscpnre4.txt |1,2e+03 |
|10 | 2500 | 5000 |   65 |       0.45 |1585306968800 |      28 |    32.0 |14,29 |mscpnre4.txt |1,3e+03 |
|10 | 2600 | 5000 |   65 |       0.45 |1585306968800 |      28 |    32.0 |14,29 |mscpnre4.txt |1,4e+03 |
|10 | 2700 | 5000 |   70 | 0.42857143 |1585306968800 |      28 |    32.0 |14,29 |mscpnre4.txt |1,4e+03 |
|10 | 2800 | 5000 |   70 | 0.42857143 |1585306968800 |      28 |    32.0 |14,29 |mscpnre4.txt |1,5e+03 |
|10 | 2900 | 5000 |   70 | 0.42857143 |1585306968800 |      28 |    32.0 |14,29 |mscpnre4.txt |1,6e+03 |
|10 | 3000 | 5000 |   70 | 0.42857143 |1585306968800 |      28 |    32.0 |14,29 |mscpnre4.txt |1,7e+03 |
|10 | 3100 | 5000 |   75 | 0.42666668 |1585306968800 |      28 |    32.0 |14,29 |mscpnre4.txt |1,7e+03 |
|10 | 3200 | 5000 |   75 | 0.42666668 |1585306968800 |      28 |    32.0 |14,29 |mscpnre4.txt |1,8e+03 |
|10 | 3300 | 5000 |   75 | 0.42666668 |1585306968800 |      28 |    32.0 |14,29 |mscpnre4.txt |1,9e+03 |
|10 | 3400 | 5000 |   75 | 0.42666668 |1585306968800 |      28 |    32.0 |14,29 |mscpnre4.txt |2,0e+03 |
|10 | 3500 | 5000 |   80 |       0.45 |1585306968800 |      28 |    32.0 |14,29 |mscpnre4.txt |2,1e+03 |
|10 | 3600 | 5000 |   80 |       0.45 |1585306968800 |      28 |    32.0 |14,29 |mscpnre4.txt |2,2e+03 |
|10 | 3700 | 5000 |   80 |       0.45 |1585306968800 |      28 |    32.0 |14,29 |mscpnre4.txt |2,3e+03 |
|10 | 3800 | 5000 |   80 |       0.45 |1585306968800 |      28 |    32.0 |14,29 |mscpnre4.txt |2,4e+03 |
|10 | 3900 | 5000 |   85 |       0.45 |1585306968800 |      28 |    32.0 |14,29 |mscpnre4.txt |2,5e+03 |
|10 | 4000 | 5000 |   85 |       0.45 |1585306968800 |      28 |    32.0 |14,29 |mscpnre4.txt |2,6e+03 |
|10 | 4100 | 5000 |   85 |       0.45 |1585306968800 |      28 |    32.0 |14,29 |mscpnre4.txt |2,6e+03 |
|10 | 4200 | 5000 |   85 |       0.45 |1585306968800 |      28 |    32.0 |14,29 |mscpnre4.txt |2,7e+03 |
|10 | 4300 | 5000 |   90 |       0.45 |1585306968800 |      28 |    32.0 |14,29 |mscpnre4.txt |2,7e+03 |
|10 | 4400 | 5000 |   90 |       0.45 |1585306968800 |      28 |    32.0 |14,29 |mscpnre4.txt |2,8e+03 |
|10 | 4500 | 5000 |   90 |       0.45 |1585306968800 |      28 |    32.0 |14,29 |mscpnre4.txt |2,9e+03 |
|10 | 4600 | 5000 |   90 |       0.45 |1585306968800 |      28 |    32.0 |14,29 |mscpnre4.txt |2,9e+03 |
|10 | 4700 | 5000 |   95 |       0.45 |1585306968800 |      28 |    32.0 |14,29 |mscpnre4.txt |3,0e+03 |
|10 | 4800 | 5000 |   95 |       0.45 |1585306968800 |      28 |    32.0 |14,29 |mscpnre4.txt |3,1e+03 |
|10 | 4900 | 5000 |   95 |       0.45 |1585306968800 |      28 |    32.0 |14,29 |mscpnre4.txt |3,2e+03 |
|10 | 5000 | 5000 |   95 |       0.45 |1585306968800 |      28 |    31.0 |10,71 |mscpnre4.txt |3,3e+03 |
|10 |  500 | 5000 |  100 |       0.45 |1585306968800 |      28 |    31.0 |10,71 |mscpnre4.txt |3,3e+03 |
|11 |    1 | 5000 |   35 |       0.25 |1585310220975 |      28 |  4219.0 |14967,86 |mscpnre4.txt |0,0070 |
|11 |  100 | 5000 |   35 | 0.42857143 |1585310220975 |      28 |  3594.0 |12735,71 |mscpnre4.txt | 0,49 |
|11 |  200 | 5000 |   35 |       0.45 |1585310220975 |      28 |  3387.0 |11996,43 |mscpnre4.txt | 0,95 |
|11 |  300 | 5000 |   35 | 0.42857143 |1585310220975 |      28 |  3325.0 |11775,00 |mscpnre4.txt |  1,4 |
|11 |  400 | 5000 |   35 | 0.34285715 |1585310220975 |      28 |  3163.0 |11196,43 |mscpnre4.txt |  1,9 |
|11 |  500 | 5000 |   40 |       0.45 |1585310220975 |      28 |    33.0 |17,86 |mscpnre4.txt |   47 |
|11 |  600 | 5000 |   40 |      0.375 |1585310220975 |      28 |    33.0 |17,86 |mscpnre4.txt |1,2e+02 |
|11 |  700 | 5000 |   40 |       0.35 |1585310220975 |      28 |    32.0 |14,29 |mscpnre4.txt |2,0e+02 |
|11 |  800 | 5000 |   40 |        0.3 |1585310220975 |      28 |    31.0 |10,71 |mscpnre4.txt |2,8e+02 |
|11 |  900 | 5000 |   45 | 0.26666668 |1585310220975 |      28 |    31.0 |10,71 |mscpnre4.txt |3,7e+02 |
|11 | 1000 | 5000 |   45 | 0.26666668 |1585310220975 |      28 |    31.0 |10,71 |mscpnre4.txt |4,6e+02 |
|11 | 1100 | 5000 |   45 | 0.37777779 |1585310220975 |      28 |    31.0 |10,71 |mscpnre4.txt |5,1e+02 |
|11 | 1200 | 5000 |   45 | 0.37777779 |1585310220975 |      28 |    31.0 |10,71 |mscpnre4.txt |5,5e+02 |
|11 | 1300 | 5000 |   50 |       0.36 |1585310220975 |      28 |    31.0 |10,71 |mscpnre4.txt |6,1e+02 |
|11 | 1400 | 5000 |   50 |       0.36 |1585310220975 |      28 |    31.0 |10,71 |mscpnre4.txt |6,7e+02 |
|11 | 1500 | 5000 |   50 |       0.36 |1585310220975 |      28 |    31.0 |10,71 |mscpnre4.txt |7,2e+02 |
|11 | 1600 | 5000 |   50 |       0.36 |1585310220975 |      28 |    31.0 |10,71 |mscpnre4.txt |7,8e+02 |
|11 | 1700 | 5000 |   55 |       0.45 |1585310220975 |      28 |    31.0 |10,71 |mscpnre4.txt |8,5e+02 |
|11 | 1800 | 5000 |   55 |       0.45 |1585310220975 |      28 |    31.0 |10,71 |mscpnre4.txt |8,9e+02 |
|11 | 1900 | 5000 |   55 |       0.45 |1585310220975 |      28 |    31.0 |10,71 |mscpnre4.txt |9,2e+02 |
|11 | 2000 | 5000 |   55 |       0.45 |1585310220975 |      28 |    31.0 |10,71 |mscpnre4.txt |9,6e+02 |
|11 | 2100 | 5000 |   60 |       0.45 |1585310220975 |      28 |    31.0 |10,71 |mscpnre4.txt |1,0e+03 |
|11 | 2200 | 5000 |   60 |       0.45 |1585310220975 |      28 |    31.0 |10,71 |mscpnre4.txt |1,1e+03 |
|11 | 2300 | 5000 |   60 |       0.45 |1585310220975 |      28 |    31.0 |10,71 |mscpnre4.txt |1,1e+03 |
|11 | 2400 | 5000 |   60 |       0.45 |1585310220975 |      28 |    31.0 |10,71 |mscpnre4.txt |1,2e+03 |
|11 | 2500 | 5000 |   65 |       0.45 |1585310220975 |      28 |    31.0 |10,71 |mscpnre4.txt |1,2e+03 |
|11 | 2600 | 5000 |   65 |       0.45 |1585310220975 |      28 |    31.0 |10,71 |mscpnre4.txt |1,3e+03 |
|11 | 2700 | 5000 |   65 |       0.45 |1585310220975 |      28 |    31.0 |10,71 |mscpnre4.txt |1,3e+03 |
|11 | 2800 | 5000 |   65 |       0.45 |1585310220975 |      28 |    31.0 |10,71 |mscpnre4.txt |1,4e+03 |
|11 | 2900 | 5000 |   70 |       0.45 |1585310220975 |      28 |    31.0 |10,71 |mscpnre4.txt |1,5e+03 |
|11 | 3000 | 5000 |   70 |       0.45 |1585310220975 |      28 |    31.0 |10,71 |mscpnre4.txt |1,5e+03 |
|11 | 3100 | 5000 |   70 |       0.45 |1585310220975 |      28 |    31.0 |10,71 |mscpnre4.txt |1,6e+03 |
|11 | 3200 | 5000 |   70 |       0.45 |1585310220975 |      28 |    31.0 |10,71 |mscpnre4.txt |1,7e+03 |
|11 | 3300 | 5000 |   75 | 0.42666668 |1585310220975 |      28 |    31.0 |10,71 |mscpnre4.txt |1,8e+03 |
|11 | 3400 | 5000 |   75 | 0.42666668 |1585310220975 |      28 |    31.0 |10,71 |mscpnre4.txt |1,8e+03 |
|11 | 3500 | 5000 |   75 | 0.42666668 |1585310220975 |      28 |    31.0 |10,71 |mscpnre4.txt |1,9e+03 |
|11 | 3600 | 5000 |   75 | 0.42666668 |1585310220975 |      28 |    31.0 |10,71 |mscpnre4.txt |2,0e+03 |
|11 | 3700 | 5000 |   80 |      0.425 |1585310220975 |      28 |    31.0 |10,71 |mscpnre4.txt |2,1e+03 |
|11 | 3800 | 5000 |   80 |     0.4375 |1585310220975 |      28 |    31.0 |10,71 |mscpnre4.txt |2,2e+03 |
|11 | 3900 | 5000 |   80 |      0.425 |1585310220975 |      28 |    31.0 |10,71 |mscpnre4.txt |2,3e+03 |
|11 | 4000 | 5000 |   80 |      0.425 |1585310220975 |      28 |    31.0 |10,71 |mscpnre4.txt |2,4e+03 |
|11 | 4100 | 5000 |   85 |       0.45 |1585310220975 |      28 |    31.0 |10,71 |mscpnre4.txt |2,5e+03 |
|11 | 4200 | 5000 |   85 |       0.45 |1585310220975 |      28 |    31.0 |10,71 |mscpnre4.txt |2,5e+03 |
|11 | 4300 | 5000 |   85 |       0.45 |1585310220975 |      28 |    31.0 |10,71 |mscpnre4.txt |2,6e+03 |
|11 | 4400 | 5000 |   85 |       0.45 |1585310220975 |      28 |    31.0 |10,71 |mscpnre4.txt |2,6e+03 |
|11 | 4500 | 5000 |   90 |       0.45 |1585310220975 |      28 |    31.0 |10,71 |mscpnre4.txt |2,7e+03 |
|11 | 4600 | 5000 |   90 |       0.45 |1585310220975 |      28 |    31.0 |10,71 |mscpnre4.txt |2,8e+03 |
|11 | 4700 | 5000 |   90 |       0.45 |1585310220975 |      28 |    31.0 |10,71 |mscpnre4.txt |2,8e+03 |
|11 | 4800 | 5000 |   90 |       0.45 |1585310220975 |      28 |    31.0 |10,71 |mscpnre4.txt |2,9e+03 |
|11 | 4900 | 5000 |   95 |       0.45 |1585310220975 |      28 |    31.0 |10,71 |mscpnre4.txt |3,0e+03 |
|11 | 5000 | 5000 |   95 |       0.45 |1585310220975 |      28 |    31.0 |10,71 |mscpnre4.txt |3,1e+03 |
|11 |  500 | 5000 |   95 |       0.45 |1585310220975 |      28 |    31.0 |10,71 |mscpnre4.txt |3,1e+03 |
|12 |    1 | 5000 |   35 |       0.25 |1585313324859 |      28 |  4255.0 |15096,43 |mscpnre4.txt |0,0080 |
|12 |  100 | 5000 |   35 | 0.37142858 |1585313324859 |      28 |  3673.0 |13017,86 |mscpnre4.txt | 0,49 |
|12 |  200 | 5000 |   35 | 0.42857143 |1585313324859 |      28 |  3455.0 |12239,29 |mscpnre4.txt |  1,1 |
|12 |  300 | 5000 |   40 |       0.45 |1585313324859 |      28 |    33.0 |17,86 |mscpnre4.txt |   37 |
|12 |  400 | 5000 |   40 |       0.45 |1585313324859 |      28 |    33.0 |17,86 |mscpnre4.txt |   97 |
|12 |  500 | 5000 |   40 |        0.4 |1585313324859 |      28 |    32.0 |14,29 |mscpnre4.txt |1,6e+02 |
|12 |  600 | 5000 |   40 |        0.4 |1585313324859 |      28 |    32.0 |14,29 |mscpnre4.txt |2,3e+02 |
|12 |  700 | 5000 |   45 | 0.35555556 |1585313324859 |      28 |    32.0 |14,29 |mscpnre4.txt |3,2e+02 |
|12 |  800 | 5000 |   45 | 0.33333334 |1585313324859 |      28 |    32.0 |14,29 |mscpnre4.txt |3,6e+02 |
|12 |  900 | 5000 |   45 | 0.33333334 |1585313324859 |      28 |    32.0 |14,29 |mscpnre4.txt |4,0e+02 |
|12 | 1000 | 5000 |   45 | 0.33333334 |1585313324859 |      28 |    32.0 |14,29 |mscpnre4.txt |4,4e+02 |
|12 | 1100 | 5000 |   50 |       0.34 |1585313324859 |      28 |    32.0 |14,29 |mscpnre4.txt |5,0e+02 |
|12 | 1200 | 5000 |   50 |       0.36 |1585313324859 |      28 |    32.0 |14,29 |mscpnre4.txt |5,5e+02 |
|12 | 1300 | 5000 |   50 |       0.36 |1585313324859 |      28 |    32.0 |14,29 |mscpnre4.txt |6,1e+02 |
|12 | 1400 | 5000 |   50 |       0.36 |1585313324859 |      28 |    32.0 |14,29 |mscpnre4.txt |6,6e+02 |
|12 | 1500 | 5000 |   55 |       0.45 |1585313324859 |      28 |    32.0 |14,29 |mscpnre4.txt |7,3e+02 |
|12 | 1600 | 5000 |   55 |       0.45 |1585313324859 |      28 |    32.0 |14,29 |mscpnre4.txt |7,7e+02 |
|12 | 1700 | 5000 |   55 |       0.45 |1585313324859 |      28 |    32.0 |14,29 |mscpnre4.txt |8,1e+02 |
|12 | 1800 | 5000 |   55 |       0.45 |1585313324859 |      28 |    32.0 |14,29 |mscpnre4.txt |8,5e+02 |
|12 | 1900 | 5000 |   60 |       0.45 |1585313324859 |      28 |    32.0 |14,29 |mscpnre4.txt |9,2e+02 |
|12 | 2000 | 5000 |   60 |       0.45 |1585313324859 |      28 |    32.0 |14,29 |mscpnre4.txt |9,8e+02 |
|12 | 2100 | 5000 |   60 |       0.45 |1585313324859 |      28 |    32.0 |14,29 |mscpnre4.txt |1,0e+03 |
|12 | 2200 | 5000 |   60 |       0.45 |1585313324859 |      28 |    32.0 |14,29 |mscpnre4.txt |1,1e+03 |
|12 | 2300 | 5000 |   65 | 0.43076923 |1585313324859 |      28 |    32.0 |14,29 |mscpnre4.txt |1,1e+03 |
|12 | 2400 | 5000 |   65 | 0.43076923 |1585313324859 |      28 |    32.0 |14,29 |mscpnre4.txt |1,2e+03 |
|12 | 2500 | 5000 |   65 | 0.43076923 |1585313324859 |      28 |    32.0 |14,29 |mscpnre4.txt |1,3e+03 |
|12 | 2600 | 5000 |   65 | 0.43076923 |1585313324859 |      28 |    32.0 |14,29 |mscpnre4.txt |1,3e+03 |
|12 | 2700 | 5000 |   70 |        0.4 |1585313324859 |      28 |    32.0 |14,29 |mscpnre4.txt |1,4e+03 |
|12 | 2800 | 5000 |   70 |        0.4 |1585313324859 |      28 |    32.0 |14,29 |mscpnre4.txt |1,5e+03 |
|12 | 2900 | 5000 |   70 |        0.4 |1585313324859 |      28 |    32.0 |14,29 |mscpnre4.txt |1,5e+03 |
|12 | 3000 | 5000 |   70 |        0.4 |1585313324859 |      28 |    32.0 |14,29 |mscpnre4.txt |1,6e+03 |
|12 | 3100 | 5000 |   75 | 0.41333333 |1585313324859 |      28 |    32.0 |14,29 |mscpnre4.txt |1,7e+03 |
|12 | 3200 | 5000 |   75 |        0.4 |1585313324859 |      28 |    32.0 |14,29 |mscpnre4.txt |1,7e+03 |
|12 | 3300 | 5000 |   75 |        0.4 |1585313324859 |      28 |    32.0 |14,29 |mscpnre4.txt |1,8e+03 |
|12 | 3400 | 5000 |   75 |        0.4 |1585313324859 |      28 |    32.0 |14,29 |mscpnre4.txt |1,9e+03 |
|12 | 3500 | 5000 |   80 |       0.45 |1585313324859 |      28 |    32.0 |14,29 |mscpnre4.txt |2,0e+03 |
|12 | 3600 | 5000 |   80 |       0.45 |1585313324859 |      28 |    32.0 |14,29 |mscpnre4.txt |2,1e+03 |
|12 | 3700 | 5000 |   80 |       0.45 |1585313324859 |      28 |    32.0 |14,29 |mscpnre4.txt |2,2e+03 |
|12 | 3800 | 5000 |   80 |       0.45 |1585313324859 |      28 |    32.0 |14,29 |mscpnre4.txt |2,3e+03 |
|12 | 3900 | 5000 |   85 |       0.45 |1585313324859 |      28 |    32.0 |14,29 |mscpnre4.txt |2,4e+03 |
|12 | 4000 | 5000 |   85 |       0.45 |1585313324859 |      28 |    32.0 |14,29 |mscpnre4.txt |2,4e+03 |
|12 | 4100 | 5000 |   85 |       0.45 |1585313324859 |      28 |    32.0 |14,29 |mscpnre4.txt |2,5e+03 |
|12 | 4200 | 5000 |   85 |       0.45 |1585313324859 |      28 |    32.0 |14,29 |mscpnre4.txt |2,5e+03 |
|12 | 4300 | 5000 |   90 |       0.45 |1585313324859 |      28 |    32.0 |14,29 |mscpnre4.txt |2,6e+03 |
|12 | 4400 | 5000 |   90 |       0.45 |1585313324859 |      28 |    32.0 |14,29 |mscpnre4.txt |2,7e+03 |
|12 | 4500 | 5000 |   90 |       0.45 |1585313324859 |      28 |    32.0 |14,29 |mscpnre4.txt |2,7e+03 |
|12 | 4600 | 5000 |   90 |       0.45 |1585313324859 |      28 |    32.0 |14,29 |mscpnre4.txt |2,8e+03 |
|12 | 4700 | 5000 |   95 |       0.45 |1585313324859 |      28 |    32.0 |14,29 |mscpnre4.txt |2,9e+03 |
|12 | 4800 | 5000 |   95 |       0.45 |1585313324859 |      28 |    32.0 |14,29 |mscpnre4.txt |2,9e+03 |
|12 | 4900 | 5000 |   95 |       0.45 |1585313324859 |      28 |    32.0 |14,29 |mscpnre4.txt |3,0e+03 |
|12 | 5000 | 5000 |   95 |       0.45 |1585313324859 |      28 |    32.0 |14,29 |mscpnre4.txt |3,1e+03 |
|12 |  500 | 5000 |  100 |       0.45 |1585313324859 |      28 |    32.0 |14,29 |mscpnre4.txt |3,1e+03 |
|13 |    1 | 5000 |   35 |       0.25 |1585316424612 |      28 |  4151.0 |14725,00 |mscpnre4.txt |0,0060 |
|13 |  100 | 5000 |   35 |        0.4 |1585316424612 |      28 |  3618.0 |12821,43 |mscpnre4.txt | 0,48 |
|13 |  200 | 5000 |   35 |        0.4 |1585316424612 |      28 |  3374.0 |11950,00 |mscpnre4.txt | 0,93 |
|13 |  300 | 5000 |   35 | 0.37142858 |1585316424612 |      28 |  3232.0 |11442,86 |mscpnre4.txt |  1,4 |
|13 |  400 | 5000 |   35 | 0.34285715 |1585316424612 |      28 |  3066.0 |10850,00 |mscpnre4.txt |  1,8 |
|13 |  500 | 5000 |   35 | 0.42857143 |1585316424612 |      28 |  2965.0 |10489,29 |mscpnre4.txt |  2,3 |
|13 |  600 | 5000 |   40 |       0.45 |1585316424612 |      28 |    33.0 |17,86 |mscpnre4.txt |   42 |
|13 |  700 | 5000 |   40 |        0.3 |1585316424612 |      28 |    32.0 |14,29 |mscpnre4.txt |1,1e+02 |
|13 |  800 | 5000 |   40 |      0.275 |1585316424612 |      28 |    32.0 |14,29 |mscpnre4.txt |1,9e+02 |
|13 |  900 | 5000 |   40 |      0.275 |1585316424612 |      28 |    32.0 |14,29 |mscpnre4.txt |2,8e+02 |
|13 | 1000 | 5000 |   45 | 0.33333334 |1585316424612 |      28 |    32.0 |14,29 |mscpnre4.txt |3,3e+02 |
|13 | 1100 | 5000 |   45 | 0.33333334 |1585316424612 |      28 |    32.0 |14,29 |mscpnre4.txt |3,8e+02 |
|13 | 1200 | 5000 |   45 | 0.35555556 |1585316424612 |      28 |    32.0 |14,29 |mscpnre4.txt |4,3e+02 |
|13 | 1300 | 5000 |   45 | 0.37777779 |1585316424612 |      28 |    32.0 |14,29 |mscpnre4.txt |4,7e+02 |
|13 | 1400 | 5000 |   50 |       0.44 |1585316424612 |      28 |    32.0 |14,29 |mscpnre4.txt |5,3e+02 |
|13 | 1500 | 5000 |   50 |       0.44 |1585316424612 |      28 |    32.0 |14,29 |mscpnre4.txt |5,9e+02 |
|13 | 1600 | 5000 |   50 |       0.44 |1585316424612 |      28 |    32.0 |14,29 |mscpnre4.txt |6,5e+02 |
|13 | 1700 | 5000 |   50 |       0.44 |1585316424612 |      28 |    32.0 |14,29 |mscpnre4.txt |7,1e+02 |
|13 | 1800 | 5000 |   55 | 0.43636364 |1585316424612 |      28 |    32.0 |14,29 |mscpnre4.txt |7,9e+02 |
|13 | 1900 | 5000 |   55 | 0.43636364 |1585316424612 |      28 |    32.0 |14,29 |mscpnre4.txt |8,7e+02 |
|13 | 2000 | 5000 |   55 | 0.43636364 |1585316424612 |      28 |    32.0 |14,29 |mscpnre4.txt |9,5e+02 |
|13 | 2100 | 5000 |   55 | 0.43636364 |1585316424612 |      28 |    32.0 |14,29 |mscpnre4.txt |1,0e+03 |
|13 | 2200 | 5000 |   60 | 0.41666666 |1585316424612 |      28 |    32.0 |14,29 |mscpnre4.txt |1,1e+03 |
|13 | 2300 | 5000 |   60 |       0.45 |1585316424612 |      28 |    32.0 |14,29 |mscpnre4.txt |1,2e+03 |
|13 | 2400 | 5000 |   60 |       0.45 |1585316424612 |      28 |    32.0 |14,29 |mscpnre4.txt |1,2e+03 |
|13 | 2500 | 5000 |   60 |       0.45 |1585316424612 |      28 |    32.0 |14,29 |mscpnre4.txt |1,2e+03 |
|13 | 2600 | 5000 |   65 |       0.45 |1585316424612 |      28 |    32.0 |14,29 |mscpnre4.txt |1,3e+03 |
|13 | 2700 | 5000 |   65 |       0.45 |1585316424612 |      28 |    32.0 |14,29 |mscpnre4.txt |1,3e+03 |
|13 | 2800 | 5000 |   65 |       0.45 |1585316424612 |      28 |    32.0 |14,29 |mscpnre4.txt |1,4e+03 |
|13 | 2900 | 5000 |   65 |       0.45 |1585316424612 |      28 |    32.0 |14,29 |mscpnre4.txt |1,4e+03 |
|13 | 3000 | 5000 |   70 |       0.45 |1585316424612 |      28 |    32.0 |14,29 |mscpnre4.txt |1,5e+03 |
|13 | 3100 | 5000 |   70 |       0.45 |1585316424612 |      28 |    32.0 |14,29 |mscpnre4.txt |1,6e+03 |
|13 | 3200 | 5000 |   70 |       0.45 |1585316424612 |      28 |    32.0 |14,29 |mscpnre4.txt |1,7e+03 |
|13 | 3300 | 5000 |   70 |       0.45 |1585316424612 |      28 |    32.0 |14,29 |mscpnre4.txt |1,7e+03 |
|13 | 3400 | 5000 |   75 |       0.44 |1585316424612 |      28 |    31.0 |10,71 |mscpnre4.txt |1,8e+03 |
|13 | 3500 | 5000 |   75 |       0.44 |1585316424612 |      28 |    31.0 |10,71 |mscpnre4.txt |1,9e+03 |
|13 | 3600 | 5000 |   75 |       0.44 |1585316424612 |      28 |    31.0 |10,71 |mscpnre4.txt |1,9e+03 |
|13 | 3700 | 5000 |   75 |       0.44 |1585316424612 |      28 |    31.0 |10,71 |mscpnre4.txt |2,0e+03 |
|13 | 3800 | 5000 |   80 |     0.4375 |1585316424612 |      28 |    31.0 |10,71 |mscpnre4.txt |2,1e+03 |
|13 | 3900 | 5000 |   80 |     0.4375 |1585316424612 |      28 |    31.0 |10,71 |mscpnre4.txt |2,2e+03 |
|13 | 4000 | 5000 |   80 |     0.4375 |1585316424612 |      28 |    31.0 |10,71 |mscpnre4.txt |2,3e+03 |
|13 | 4100 | 5000 |   80 |     0.4375 |1585316424612 |      28 |    31.0 |10,71 |mscpnre4.txt |2,4e+03 |
|13 | 4200 | 5000 |   85 | 0.44705883 |1585316424612 |      28 |    31.0 |10,71 |mscpnre4.txt |2,5e+03 |
|13 | 4300 | 5000 |   85 | 0.44705883 |1585316424612 |      28 |    31.0 |10,71 |mscpnre4.txt |2,6e+03 |
|13 | 4400 | 5000 |   85 | 0.44705883 |1585316424612 |      28 |    31.0 |10,71 |mscpnre4.txt |2,7e+03 |
|13 | 4500 | 5000 |   85 | 0.44705883 |1585316424612 |      28 |    31.0 |10,71 |mscpnre4.txt |2,8e+03 |
|13 | 4600 | 5000 |   90 |       0.45 |1585316424612 |      28 |    31.0 |10,71 |mscpnre4.txt |2,9e+03 |
|13 | 4700 | 5000 |   90 |       0.45 |1585316424612 |      28 |    31.0 |10,71 |mscpnre4.txt |3,0e+03 |
|13 | 4800 | 5000 |   90 |       0.45 |1585316424612 |      28 |    31.0 |10,71 |mscpnre4.txt |3,1e+03 |
|13 | 4900 | 5000 |   90 |       0.45 |1585316424612 |      28 |    31.0 |10,71 |mscpnre4.txt |3,2e+03 |
|13 | 5000 | 5000 |   95 | 0.44210526 |1585316424612 |      28 |    31.0 |10,71 |mscpnre4.txt |3,3e+03 |
|13 |  500 | 5000 |   95 | 0.44210526 |1585316424612 |      28 |    31.0 |10,71 |mscpnre4.txt |3,3e+03 |
|14 |    1 | 5000 |   35 |       0.25 |1585319748858 |      28 |  4260.0 |15114,29 |mscpnre4.txt |0,0050 |
|14 |  100 | 5000 |   35 | 0.34285715 |1585319748858 |      28 |  3675.0 |13025,00 |mscpnre4.txt | 0,45 |
|14 |  200 | 5000 |   35 | 0.42857143 |1585319748858 |      28 |  3329.0 |11789,29 |mscpnre4.txt | 0,92 |
|14 |  300 | 5000 |   35 |       0.45 |1585319748858 |      28 |  3132.0 |11085,71 |mscpnre4.txt |  1,4 |
|14 |  400 | 5000 |   35 | 0.31428573 |1585319748858 |      28 |  2999.0 |10610,71 |mscpnre4.txt |  1,8 |
|14 |  500 | 5000 |   40 |        0.4 |1585319748858 |      28 |    33.0 |17,86 |mscpnre4.txt |   45 |
|14 |  600 | 5000 |   40 |        0.3 |1585319748858 |      28 |    32.0 |14,29 |mscpnre4.txt |1,2e+02 |
|14 |  700 | 5000 |   40 |       0.25 |1585319748858 |      28 |    32.0 |14,29 |mscpnre4.txt |2,0e+02 |
|14 |  800 | 5000 |   40 |      0.375 |1585319748858 |      28 |    32.0 |14,29 |mscpnre4.txt |2,4e+02 |
|14 |  900 | 5000 |   45 | 0.37777779 |1585319748858 |      28 |    32.0 |14,29 |mscpnre4.txt |2,9e+02 |
|14 | 1000 | 5000 |   45 | 0.44444445 |1585319748858 |      28 |    32.0 |14,29 |mscpnre4.txt |3,4e+02 |
|14 | 1100 | 5000 |   45 | 0.44444445 |1585319748858 |      28 |    32.0 |14,29 |mscpnre4.txt |4,0e+02 |
|14 | 1200 | 5000 |   45 | 0.44444445 |1585319748858 |      28 |    32.0 |14,29 |mscpnre4.txt |4,6e+02 |
|14 | 1300 | 5000 |   50 |       0.45 |1585319748858 |      28 |    32.0 |14,29 |mscpnre4.txt |5,4e+02 |
|14 | 1400 | 5000 |   50 |       0.45 |1585319748858 |      28 |    32.0 |14,29 |mscpnre4.txt |5,7e+02 |
|14 | 1500 | 5000 |   50 |       0.45 |1585319748858 |      28 |    32.0 |14,29 |mscpnre4.txt |6,0e+02 |
|14 | 1600 | 5000 |   50 |       0.45 |1585319748858 |      28 |    32.0 |14,29 |mscpnre4.txt |6,4e+02 |
|14 | 1700 | 5000 |   55 |       0.45 |1585319748858 |      28 |    32.0 |14,29 |mscpnre4.txt |6,8e+02 |
|14 | 1800 | 5000 |   55 |       0.45 |1585319748858 |      28 |    32.0 |14,29 |mscpnre4.txt |7,3e+02 |
|14 | 1900 | 5000 |   55 |       0.45 |1585319748858 |      28 |    32.0 |14,29 |mscpnre4.txt |7,7e+02 |
|14 | 2000 | 5000 |   55 |       0.45 |1585319748858 |      28 |    32.0 |14,29 |mscpnre4.txt |8,1e+02 |
|14 | 2100 | 5000 |   60 |       0.45 |1585319748858 |      28 |    32.0 |14,29 |mscpnre4.txt |8,7e+02 |
|14 | 2200 | 5000 |   60 |       0.45 |1585319748858 |      28 |    32.0 |14,29 |mscpnre4.txt |9,3e+02 |
|14 | 2300 | 5000 |   60 |       0.45 |1585319748858 |      28 |    32.0 |14,29 |mscpnre4.txt |9,8e+02 |
|14 | 2400 | 5000 |   60 |       0.45 |1585319748858 |      28 |    32.0 |14,29 |mscpnre4.txt |1,0e+03 |
|14 | 2500 | 5000 |   65 | 0.44615385 |1585319748858 |      28 |    32.0 |14,29 |mscpnre4.txt |1,1e+03 |
|14 | 2600 | 5000 |   65 | 0.44615385 |1585319748858 |      28 |    32.0 |14,29 |mscpnre4.txt |1,2e+03 |
|14 | 2700 | 5000 |   65 | 0.44615385 |1585319748858 |      28 |    32.0 |14,29 |mscpnre4.txt |1,2e+03 |
|14 | 2800 | 5000 |   65 | 0.44615385 |1585319748858 |      28 |    32.0 |14,29 |mscpnre4.txt |1,3e+03 |
|14 | 2900 | 5000 |   70 | 0.42857143 |1585319748858 |      28 |    32.0 |14,29 |mscpnre4.txt |1,4e+03 |
|14 | 3000 | 5000 |   70 | 0.42857143 |1585319748858 |      28 |    32.0 |14,29 |mscpnre4.txt |1,5e+03 |
|14 | 3100 | 5000 |   70 | 0.42857143 |1585319748858 |      28 |    32.0 |14,29 |mscpnre4.txt |1,5e+03 |
|14 | 3200 | 5000 |   70 | 0.42857143 |1585319748858 |      28 |    32.0 |14,29 |mscpnre4.txt |1,6e+03 |
|14 | 3300 | 5000 |   75 |       0.45 |1585319748858 |      28 |    32.0 |14,29 |mscpnre4.txt |1,7e+03 |
|14 | 3400 | 5000 |   75 |       0.45 |1585319748858 |      28 |    32.0 |14,29 |mscpnre4.txt |1,8e+03 |
|14 | 3500 | 5000 |   75 | 0.42666668 |1585319748858 |      28 |    32.0 |14,29 |mscpnre4.txt |1,9e+03 |
|14 | 3600 | 5000 |   75 | 0.42666668 |1585319748858 |      28 |    32.0 |14,29 |mscpnre4.txt |2,0e+03 |
|14 | 3700 | 5000 |   80 |       0.45 |1585319748858 |      28 |    32.0 |14,29 |mscpnre4.txt |2,1e+03 |
|14 | 3800 | 5000 |   80 |       0.45 |1585319748858 |      28 |    32.0 |14,29 |mscpnre4.txt |2,1e+03 |
|14 | 3900 | 5000 |   80 |       0.45 |1585319748858 |      28 |    32.0 |14,29 |mscpnre4.txt |2,2e+03 |
|14 | 4000 | 5000 |   80 |       0.45 |1585319748858 |      28 |    32.0 |14,29 |mscpnre4.txt |2,2e+03 |
|14 | 4100 | 5000 |   85 |       0.45 |1585319748858 |      28 |    32.0 |14,29 |mscpnre4.txt |2,3e+03 |
|14 | 4200 | 5000 |   85 |       0.45 |1585319748858 |      28 |    32.0 |14,29 |mscpnre4.txt |2,4e+03 |
|14 | 4300 | 5000 |   85 |       0.45 |1585319748858 |      28 |    32.0 |14,29 |mscpnre4.txt |2,4e+03 |
|14 | 4400 | 5000 |   85 |       0.45 |1585319748858 |      28 |    31.0 |10,71 |mscpnre4.txt |2,5e+03 |
|14 | 4500 | 5000 |   90 |       0.45 |1585319748858 |      28 |    31.0 |10,71 |mscpnre4.txt |2,6e+03 |
|14 | 4600 | 5000 |   90 |       0.45 |1585319748858 |      28 |    31.0 |10,71 |mscpnre4.txt |2,7e+03 |
|14 | 4700 | 5000 |   90 |       0.45 |1585319748858 |      28 |    31.0 |10,71 |mscpnre4.txt |2,7e+03 |
|14 | 4800 | 5000 |   90 |       0.45 |1585319748858 |      28 |    31.0 |10,71 |mscpnre4.txt |2,8e+03 |
|14 | 4900 | 5000 |   95 |       0.45 |1585319748858 |      28 |    31.0 |10,71 |mscpnre4.txt |3,0e+03 |
|14 | 5000 | 5000 |   95 |       0.45 |1585319748858 |      28 |    31.0 |10,71 |mscpnre4.txt |3,1e+03 |
|14 |  500 | 5000 |   95 |       0.45 |1585319748858 |      28 |    31.0 |10,71 |mscpnre4.txt |3,1e+03 |
|15 |    1 | 5000 |   35 |       0.25 |1585322834575 |      28 |  4221.0 |14975,00 |mscpnre4.txt |0,0070 |
|15 |  100 | 5000 |   35 |  0.2857143 |1585322834575 |      28 |  3529.0 |12503,57 |mscpnre4.txt | 0,53 |
|15 |  200 | 5000 |   35 | 0.34285715 |1585322834575 |      28 |  3297.0 |11675,00 |mscpnre4.txt |  1,0 |
|15 |  300 | 5000 |   40 |       0.45 |1585322834575 |      28 |    32.0 |14,29 |mscpnre4.txt |   39 |
|15 |  400 | 5000 |   40 |       0.45 |1585322834575 |      28 |    32.0 |14,29 |mscpnre4.txt |   95 |
|15 |  500 | 5000 |   40 |       0.45 |1585322834575 |      28 |    32.0 |14,29 |mscpnre4.txt |1,6e+02 |
|15 |  600 | 5000 |   40 |       0.45 |1585322834575 |      28 |    32.0 |14,29 |mscpnre4.txt |2,2e+02 |
|15 |  700 | 5000 |   45 | 0.42222223 |1585322834575 |      28 |    32.0 |14,29 |mscpnre4.txt |3,1e+02 |
|15 |  800 | 5000 |   45 |  0.2888889 |1585322834575 |      28 |    32.0 |14,29 |mscpnre4.txt |3,5e+02 |
|15 |  900 | 5000 |   45 |  0.2888889 |1585322834575 |      28 |    31.0 |10,71 |mscpnre4.txt |3,9e+02 |
|15 | 1000 | 5000 |   45 |  0.2888889 |1585322834575 |      28 |    31.0 |10,71 |mscpnre4.txt |4,3e+02 |
|15 | 1100 | 5000 |   50 |       0.34 |1585322834575 |      28 |    31.0 |10,71 |mscpnre4.txt |4,9e+02 |
|15 | 1200 | 5000 |   50 |       0.36 |1585322834575 |      28 |    31.0 |10,71 |mscpnre4.txt |5,4e+02 |
|15 | 1300 | 5000 |   50 |       0.36 |1585322834575 |      28 |    31.0 |10,71 |mscpnre4.txt |5,9e+02 |
|15 | 1400 | 5000 |   50 |       0.36 |1585322834575 |      28 |    31.0 |10,71 |mscpnre4.txt |6,4e+02 |
|15 | 1500 | 5000 |   55 |       0.45 |1585322834575 |      28 |    31.0 |10,71 |mscpnre4.txt |7,3e+02 |
|15 | 1600 | 5000 |   55 |       0.45 |1585322834575 |      28 |    31.0 |10,71 |mscpnre4.txt |8,0e+02 |
|15 | 1700 | 5000 |   55 |       0.45 |1585322834575 |      28 |    31.0 |10,71 |mscpnre4.txt |8,7e+02 |
|15 | 1800 | 5000 |   55 |        0.4 |1585322834575 |      28 |    31.0 |10,71 |mscpnre4.txt |9,4e+02 |
|15 | 1900 | 5000 |   60 |       0.45 |1585322834575 |      28 |    31.0 |10,71 |mscpnre4.txt |1,0e+03 |
|15 | 2000 | 5000 |   60 |       0.45 |1585322834575 |      28 |    31.0 |10,71 |mscpnre4.txt |1,1e+03 |
|15 | 2100 | 5000 |   60 |       0.45 |1585322834575 |      28 |    31.0 |10,71 |mscpnre4.txt |1,2e+03 |
|15 | 2200 | 5000 |   60 |       0.45 |1585322834575 |      28 |    31.0 |10,71 |mscpnre4.txt |1,2e+03 |
|15 | 2300 | 5000 |   65 |       0.45 |1585322834575 |      28 |    31.0 |10,71 |mscpnre4.txt |1,3e+03 |
|15 | 2400 | 5000 |   65 |       0.45 |1585322834575 |      28 |    31.0 |10,71 |mscpnre4.txt |1,4e+03 |
|15 | 2500 | 5000 |   65 |       0.45 |1585322834575 |      28 |    31.0 |10,71 |mscpnre4.txt |1,4e+03 |
|15 | 2600 | 5000 |   65 |       0.45 |1585322834575 |      28 |    31.0 |10,71 |mscpnre4.txt |1,5e+03 |
|15 | 2700 | 5000 |   70 | 0.44285715 |1585322834575 |      28 |    31.0 |10,71 |mscpnre4.txt |1,5e+03 |
|15 | 2800 | 5000 |   70 | 0.44285715 |1585322834575 |      28 |    31.0 |10,71 |mscpnre4.txt |1,6e+03 |
|15 | 2900 | 5000 |   70 | 0.44285715 |1585322834575 |      28 |    31.0 |10,71 |mscpnre4.txt |1,7e+03 |
|15 | 3000 | 5000 |   70 | 0.44285715 |1585322834575 |      28 |    31.0 |10,71 |mscpnre4.txt |1,7e+03 |
|15 | 3100 | 5000 |   75 | 0.41333333 |1585322834575 |      28 |    31.0 |10,71 |mscpnre4.txt |1,9e+03 |
|15 | 3200 | 5000 |   75 | 0.41333333 |1585322834575 |      28 |    31.0 |10,71 |mscpnre4.txt |2,0e+03 |
|15 | 3300 | 5000 |   75 | 0.41333333 |1585322834575 |      28 |    31.0 |10,71 |mscpnre4.txt |2,1e+03 |
|15 | 3400 | 5000 |   75 | 0.41333333 |1585322834575 |      28 |    31.0 |10,71 |mscpnre4.txt |2,3e+03 |
|15 | 3500 | 5000 |   80 |        0.4 |1585322834575 |      28 |    31.0 |10,71 |mscpnre4.txt |2,6e+03 |
|15 | 3600 | 5000 |   80 |        0.4 |1585322834575 |      28 |    31.0 |10,71 |mscpnre4.txt |2,9e+03 |
|15 | 3700 | 5000 |   80 |        0.4 |1585322834575 |      28 |    31.0 |10,71 |mscpnre4.txt |3,2e+03 |
|15 | 3800 | 5000 |   80 |        0.4 |1585322834575 |      28 |    31.0 |10,71 |mscpnre4.txt |3,5e+03 |
|15 | 3900 | 5000 |   85 | 0.44705883 |1585322834575 |      28 |    31.0 |10,71 |mscpnre4.txt |3,8e+03 |
|15 | 4000 | 5000 |   85 | 0.44705883 |1585322834575 |      28 |    31.0 |10,71 |mscpnre4.txt |4,1e+03 |
|15 | 4100 | 5000 |   85 | 0.44705883 |1585322834575 |      28 |    31.0 |10,71 |mscpnre4.txt |4,3e+03 |
|15 | 4200 | 5000 |   85 | 0.44705883 |1585322834575 |      28 |    31.0 |10,71 |mscpnre4.txt |4,6e+03 |
|15 | 4300 | 5000 |   90 | 0.43333334 |1585322834575 |      28 |    31.0 |10,71 |mscpnre4.txt |4,9e+03 |
|15 | 4400 | 5000 |   90 | 0.43333334 |1585322834575 |      28 |    31.0 |10,71 |mscpnre4.txt |5,2e+03 |
|15 | 4500 | 5000 |   90 | 0.43333334 |1585322834575 |      28 |    30.0 | 7,14 |mscpnre4.txt |5,5e+03 |
|15 | 4600 | 5000 |   90 | 0.42222223 |1585322834575 |      28 |    30.0 | 7,14 |mscpnre4.txt |5,8e+03 |
|15 | 4700 | 5000 |   95 | 0.42105263 |1585322834575 |      28 |    30.0 | 7,14 |mscpnre4.txt |6,1e+03 |
|15 | 4800 | 5000 |   95 | 0.42105263 |1585322834575 |      28 |    30.0 | 7,14 |mscpnre4.txt |6,4e+03 |
|15 | 4900 | 5000 |   95 | 0.42105263 |1585322834575 |      28 |    30.0 | 7,14 |mscpnre4.txt |6,7e+03 |
|15 | 5000 | 5000 |   95 | 0.42105263 |1585322834575 |      28 |    30.0 | 7,14 |mscpnre4.txt |7,1e+03 |
|15 |  500 | 5000 |  100 | 0.42105263 |1585322834575 |      28 |    30.0 | 7,14 |mscpnre4.txt |7,1e+03 |
