| # |    #ITER | #IterMAX | Nest |      %Desc |      semilla | BestFit |GottedFit |  RDP |  instancia | time |
-------------------------------------------------------------------------------------------------
| 1 |    1 | 5000 |   35 |     0,2500 |1585876594889 |     252 |   395.0 |56,75 | mscpa2.txt | 0,98 |
| 1 |  200 | 5000 |   35 |     0,4286 |1585876594889 |     252 |   313.0 |24,21 | mscpa2.txt |   49 |
| 1 |  400 | 5000 |   35 |     0,3429 |1585876594889 |     252 |   308.0 |22,22 | mscpa2.txt |   96 |
| 1 |  600 | 5000 |   35 |     0,4500 |1585876594889 |     252 |   300.0 |19,05 | mscpa2.txt |1,5e+02 |
| 1 |  800 | 5000 |   40 |     0,3500 |1585876594889 |     252 |   265.0 | 5,16 | mscpa2.txt |2,1e+02 |
| 1 | 1000 | 5000 |   40 |     0,3250 |1585876594889 |     252 |   260.0 | 3,17 | mscpa2.txt |2,8e+02 |
| 1 | 1200 | 5000 |   40 |     0,2750 |1585876594889 |     252 |   260.0 | 3,17 | mscpa2.txt |3,4e+02 |
| 1 | 1400 | 5000 |   40 |     0,4500 |1585876594889 |     252 |   259.0 | 2,78 | mscpa2.txt |3,8e+02 |
| 1 | 1600 | 5000 |   45 |     0,3778 |1585876594889 |     252 |   259.0 | 2,78 | mscpa2.txt |4,5e+02 |
| 1 | 1800 | 5000 |   45 |     0,3778 |1585876594889 |     252 |   258.0 | 2,38 | mscpa2.txt |5,1e+02 |
| 1 | 2000 | 5000 |   45 |     0,3778 |1585876594889 |     252 |   256.0 | 1,59 | mscpa2.txt |5,8e+02 |
| 1 | 2200 | 5000 |   45 |     0,3778 |1585876594889 |     252 |   256.0 | 1,59 | mscpa2.txt |6,5e+02 |
| 1 | 2400 | 5000 |   50 |     0,3400 |1585876594889 |     252 |   256.0 | 1,59 | mscpa2.txt |7,3e+02 |
| 1 | 2600 | 5000 |   50 |     0,3400 |1585876594889 |     252 |   256.0 | 1,59 | mscpa2.txt |8,3e+02 |
| 1 | 2800 | 5000 |   50 |     0,3400 |1585876594889 |     252 |   256.0 | 1,59 | mscpa2.txt |9,5e+02 |
| 1 | 3000 | 5000 |   50 |     0,3400 |1585876594889 |     252 |   256.0 | 1,59 | mscpa2.txt |1,1e+03 |
| 1 | 3200 | 5000 |   55 |     0,3091 |1585876594889 |     252 |   256.0 | 1,59 | mscpa2.txt |1,2e+03 |
| 1 | 3400 | 5000 |   55 |     0,3091 |1585876594889 |     252 |   256.0 | 1,59 | mscpa2.txt |1,3e+03 |
| 1 | 3600 | 5000 |   55 |     0,3091 |1585876594889 |     252 |   256.0 | 1,59 | mscpa2.txt |1,5e+03 |
| 1 | 3800 | 5000 |   55 |     0,4500 |1585876594889 |     252 |   256.0 | 1,59 | mscpa2.txt |1,6e+03 |
| 1 | 4000 | 5000 |   60 |     0,4500 |1585876594889 |     252 |   256.0 | 1,59 | mscpa2.txt |1,7e+03 |
| 1 | 4200 | 5000 |   60 |     0,4500 |1585876594889 |     252 |   256.0 | 1,59 | mscpa2.txt |1,8e+03 |
| 1 | 4400 | 5000 |   60 |     0,4500 |1585876594889 |     252 |   256.0 | 1,59 | mscpa2.txt |1,9e+03 |
| 1 | 4600 | 5000 |   60 |     0,4500 |1585876594889 |     252 |   256.0 | 1,59 | mscpa2.txt |2,1e+03 |
| 1 | 4800 | 5000 |   65 |     0,4500 |1585876594889 |     252 |   256.0 | 1,59 | mscpa2.txt |2,2e+03 |
| 1 | 5000 | 5000 |   65 |     0,4500 |1585876594889 |     252 |   256.0 | 1,59 | mscpa2.txt |2,4e+03 |
| 1 |  300 | 5000 |   65 |     0,4500 |1585876594889 |     252 |   256.0 | 1,59 | mscpa2.txt |2,4e+03 |
| 2 |    1 | 5000 |   35 |     0,2500 |1585878954100 |     252 |   367.0 |45,63 | mscpa2.txt | 0,75 |
| 2 |  200 | 5000 |   35 |     0,2857 |1585878954100 |     252 |   313.0 |24,21 | mscpa2.txt |   75 |
| 2 |  400 | 5000 |   35 |     0,4286 |1585878954100 |     252 |   306.0 |21,43 | mscpa2.txt |1,5e+02 |
| 2 |  600 | 5000 |   40 |     0,3500 |1585878954100 |     252 |   265.0 | 5,16 | mscpa2.txt |2,5e+02 |
| 2 |  800 | 5000 |   40 |     0,3500 |1585878954100 |     252 |   256.0 | 1,59 | mscpa2.txt |3,5e+02 |
| 2 | 1000 | 5000 |   40 |     0,3500 |1585878954100 |     252 |   256.0 | 1,59 | mscpa2.txt |4,4e+02 |
| 2 | 1200 | 5000 |   40 |     0,4000 |1585878954100 |     252 |   256.0 | 1,59 | mscpa2.txt |5,3e+02 |
| 2 | 1400 | 5000 |   45 |     0,4500 |1585878954100 |     252 |   256.0 | 1,59 | mscpa2.txt |6,2e+02 |
| 2 | 1600 | 5000 |   45 |     0,4500 |1585878954100 |     252 |   256.0 | 1,59 | mscpa2.txt |7,0e+02 |
| 2 | 1800 | 5000 |   45 |     0,4500 |1585878954100 |     252 |   256.0 | 1,59 | mscpa2.txt |8,0e+02 |
| 2 | 2000 | 5000 |   45 |     0,4500 |1585878954100 |     252 |   256.0 | 1,59 | mscpa2.txt |9,0e+02 |
| 2 | 2200 | 5000 |   50 |     0,4500 |1585878954100 |     252 |   256.0 | 1,59 | mscpa2.txt |1,0e+03 |
| 2 | 2400 | 5000 |   50 |     0,4500 |1585878954100 |     252 |   256.0 | 1,59 | mscpa2.txt |1,1e+03 |
| 2 | 2600 | 5000 |   50 |     0,4500 |1585878954100 |     252 |   256.0 | 1,59 | mscpa2.txt |1,2e+03 |
| 2 | 2800 | 5000 |   50 |     0,4500 |1585878954100 |     252 |   256.0 | 1,59 | mscpa2.txt |1,3e+03 |
| 2 | 3000 | 5000 |   55 |     0,4500 |1585878954100 |     252 |   256.0 | 1,59 | mscpa2.txt |1,4e+03 |
| 2 | 3200 | 5000 |   55 |     0,4500 |1585878954100 |     252 |   256.0 | 1,59 | mscpa2.txt |1,5e+03 |
| 2 | 3400 | 5000 |   55 |     0,4500 |1585878954100 |     252 |   256.0 | 1,59 | mscpa2.txt |1,6e+03 |
| 2 | 3600 | 5000 |   55 |     0,4500 |1585878954100 |     252 |   256.0 | 1,59 | mscpa2.txt |1,8e+03 |
| 2 | 3800 | 5000 |   60 |     0,4500 |1585878954100 |     252 |   256.0 | 1,59 | mscpa2.txt |1,9e+03 |
| 2 | 4000 | 5000 |   60 |     0,4500 |1585878954100 |     252 |   256.0 | 1,59 | mscpa2.txt |2,0e+03 |
| 2 | 4200 | 5000 |   60 |     0,4500 |1585878954100 |     252 |   256.0 | 1,59 | mscpa2.txt |2,1e+03 |
| 2 | 4400 | 5000 |   60 |     0,4500 |1585878954100 |     252 |   256.0 | 1,59 | mscpa2.txt |2,2e+03 |
| 2 | 4600 | 5000 |   65 |     0,4500 |1585878954100 |     252 |   256.0 | 1,59 | mscpa2.txt |2,3e+03 |
| 2 | 4800 | 5000 |   65 |     0,4500 |1585878954100 |     252 |   256.0 | 1,59 | mscpa2.txt |2,5e+03 |
| 2 | 5000 | 5000 |   65 |     0,4500 |1585878954100 |     252 |   256.0 | 1,59 | mscpa2.txt |2,6e+03 |
| 2 |  300 | 5000 |   65 |     0,4500 |1585878954100 |     252 |   256.0 | 1,59 | mscpa2.txt |2,6e+03 |
| 3 |    1 | 5000 |   35 |     0,2500 |1585881536880 |     252 |   389.0 |54,37 | mscpa2.txt | 0,48 |
| 3 |  200 | 5000 |   35 |     0,3143 |1585881536880 |     252 |   306.0 |21,43 | mscpa2.txt |   55 |
| 3 |  400 | 5000 |   40 |     0,4250 |1585881536880 |     252 |   262.0 | 3,97 | mscpa2.txt |1,2e+02 |
| 3 |  600 | 5000 |   40 |     0,2750 |1585881536880 |     252 |   260.0 | 3,17 | mscpa2.txt |1,9e+02 |
| 3 |  800 | 5000 |   40 |     0,4500 |1585881536880 |     252 |   260.0 | 3,17 | mscpa2.txt |2,5e+02 |
| 3 | 1000 | 5000 |   40 |     0,4500 |1585881536880 |     252 |   260.0 | 3,17 | mscpa2.txt |3,1e+02 |
| 3 | 1200 | 5000 |   45 |     0,4000 |1585881536880 |     252 |   260.0 | 3,17 | mscpa2.txt |3,9e+02 |
| 3 | 1400 | 5000 |   45 |     0,4000 |1585881536880 |     252 |   259.0 | 2,78 | mscpa2.txt |4,7e+02 |
| 3 | 1600 | 5000 |   45 |     0,4000 |1585881536880 |     252 |   259.0 | 2,78 | mscpa2.txt |5,5e+02 |
| 3 | 1800 | 5000 |   45 |     0,4000 |1585881536880 |     252 |   259.0 | 2,78 | mscpa2.txt |6,4e+02 |
| 3 | 2000 | 5000 |   50 |     0,3600 |1585881536880 |     252 |   259.0 | 2,78 | mscpa2.txt |7,3e+02 |
| 3 | 2200 | 5000 |   50 |     0,3600 |1585881536880 |     252 |   259.0 | 2,78 | mscpa2.txt |8,2e+02 |
| 3 | 2400 | 5000 |   50 |     0,3600 |1585881536880 |     252 |   259.0 | 2,78 | mscpa2.txt |8,9e+02 |
| 3 | 2600 | 5000 |   50 |     0,3400 |1585881536880 |     252 |   258.0 | 2,38 | mscpa2.txt |9,9e+02 |
| 3 | 2800 | 5000 |   55 |     0,3636 |1585881536880 |     252 |   258.0 | 2,38 | mscpa2.txt |1,1e+03 |
| 3 | 3000 | 5000 |   55 |     0,3636 |1585881536880 |     252 |   258.0 | 2,38 | mscpa2.txt |1,2e+03 |
| 3 | 3200 | 5000 |   55 |     0,3273 |1585881536880 |     252 |   258.0 | 2,38 | mscpa2.txt |1,3e+03 |
| 3 | 3400 | 5000 |   55 |     0,3273 |1585881536880 |     252 |   258.0 | 2,38 | mscpa2.txt |1,4e+03 |
| 3 | 3600 | 5000 |   60 |     0,3000 |1585881536880 |     252 |   258.0 | 2,38 | mscpa2.txt |1,5e+03 |
| 3 | 3800 | 5000 |   60 |     0,3000 |1585881536880 |     252 |   258.0 | 2,38 | mscpa2.txt |1,6e+03 |
| 3 | 4000 | 5000 |   60 |     0,3000 |1585881536880 |     252 |   257.0 | 1,98 | mscpa2.txt |1,8e+03 |
| 3 | 4200 | 5000 |   60 |     0,3000 |1585881536880 |     252 |   257.0 | 1,98 | mscpa2.txt |1,9e+03 |
| 3 | 4400 | 5000 |   65 |     0,2923 |1585881536880 |     252 |   257.0 | 1,98 | mscpa2.txt |2,0e+03 |
| 3 | 4600 | 5000 |   65 |     0,2923 |1585881536880 |     252 |   257.0 | 1,98 | mscpa2.txt |2,1e+03 |
| 3 | 4800 | 5000 |   65 |     0,2923 |1585881536880 |     252 |   257.0 | 1,98 | mscpa2.txt |2,2e+03 |
| 3 | 5000 | 5000 |   65 |     0,4500 |1585881536880 |     252 |   257.0 | 1,98 | mscpa2.txt |2,3e+03 |
| 3 |  300 | 5000 |   70 |     0,4500 |1585881536880 |     252 |   257.0 | 1,98 | mscpa2.txt |2,3e+03 |
| 4 |    1 | 5000 |   35 |     0,2500 |1585883879645 |     252 |   386.0 |53,17 | mscpa2.txt | 0,65 |
| 4 |  200 | 5000 |   35 |     0,4500 |1585883879645 |     252 |   304.0 |20,63 | mscpa2.txt |   63 |
| 4 |  400 | 5000 |   35 |     0,4500 |1585883879645 |     252 |   291.0 |15,48 | mscpa2.txt |1,1e+02 |
| 4 |  600 | 5000 |   35 |     0,4286 |1585883879645 |     252 |   288.0 |14,29 | mscpa2.txt |1,7e+02 |
| 4 |  800 | 5000 |   35 |     0,3714 |1585883879645 |     252 |   282.0 |11,90 | mscpa2.txt |2,2e+02 |
| 4 | 1000 | 5000 |   40 |     0,4000 |1585883879645 |     252 |   260.0 | 3,17 | mscpa2.txt |2,9e+02 |
| 4 | 1200 | 5000 |   40 |     0,3750 |1585883879645 |     252 |   259.0 | 2,78 | mscpa2.txt |3,7e+02 |
| 4 | 1400 | 5000 |   40 |     0,4500 |1585883879645 |     252 |   258.0 | 2,38 | mscpa2.txt |4,4e+02 |
| 4 | 1600 | 5000 |   40 |     0,4500 |1585883879645 |     252 |   258.0 | 2,38 | mscpa2.txt |5,1e+02 |
| 4 | 1800 | 5000 |   45 |     0,3111 |1585883879645 |     252 |   258.0 | 2,38 | mscpa2.txt |5,9e+02 |
| 4 | 2000 | 5000 |   45 |     0,2889 |1585883879645 |     252 |   257.0 | 1,98 | mscpa2.txt |6,7e+02 |
| 4 | 2200 | 5000 |   45 |     0,2889 |1585883879645 |     252 |   257.0 | 1,98 | mscpa2.txt |7,6e+02 |
| 4 | 2400 | 5000 |   45 |     0,3111 |1585883879645 |     252 |   257.0 | 1,98 | mscpa2.txt |8,3e+02 |
| 4 | 2600 | 5000 |   50 |     0,2800 |1585883879645 |     252 |   257.0 | 1,98 | mscpa2.txt |9,3e+02 |
| 4 | 2800 | 5000 |   50 |     0,2800 |1585883879645 |     252 |   257.0 | 1,98 | mscpa2.txt |1,0e+03 |
| 4 | 3000 | 5000 |   50 |     0,2800 |1585883879645 |     252 |   257.0 | 1,98 | mscpa2.txt |1,1e+03 |
| 4 | 3200 | 5000 |   50 |     0,2800 |1585883879645 |     252 |   257.0 | 1,98 | mscpa2.txt |1,2e+03 |
| 4 | 3400 | 5000 |   55 |     0,2909 |1585883879645 |     252 |   256.0 | 1,59 | mscpa2.txt |1,3e+03 |
| 4 | 3600 | 5000 |   55 |     0,2909 |1585883879645 |     252 |   256.0 | 1,59 | mscpa2.txt |1,4e+03 |
| 4 | 3800 | 5000 |   55 |     0,2909 |1585883879645 |     252 |   256.0 | 1,59 | mscpa2.txt |1,5e+03 |
| 4 | 4000 | 5000 |   55 |     0,2909 |1585883879645 |     252 |   256.0 | 1,59 | mscpa2.txt |1,6e+03 |
| 4 | 4200 | 5000 |   60 |     0,2667 |1585883879645 |     252 |   256.0 | 1,59 | mscpa2.txt |1,7e+03 |
| 4 | 4400 | 5000 |   60 |     0,2500 |1585883879645 |     252 |   256.0 | 1,59 | mscpa2.txt |1,8e+03 |
| 4 | 4600 | 5000 |   60 |     0,2500 |1585883879645 |     252 |   256.0 | 1,59 | mscpa2.txt |1,9e+03 |
| 4 | 4800 | 5000 |   60 |     0,2500 |1585883879645 |     252 |   256.0 | 1,59 | mscpa2.txt |2,1e+03 |
| 4 | 5000 | 5000 |   65 |     0,2923 |1585883879645 |     252 |   256.0 | 1,59 | mscpa2.txt |2,2e+03 |
| 4 |  300 | 5000 |   65 |     0,2923 |1585883879645 |     252 |   256.0 | 1,59 | mscpa2.txt |2,2e+03 |
| 5 |    1 | 5000 |   35 |     0,2500 |1585886059239 |     252 |   378.0 |50,00 | mscpa2.txt | 0,57 |
| 5 |  200 | 5000 |   35 |     0,4500 |1585886059239 |     252 |   308.0 |22,22 | mscpa2.txt |   59 |
| 5 |  400 | 5000 |   35 |     0,4000 |1585886059239 |     252 |   295.0 |17,06 | mscpa2.txt |1,1e+02 |
| 5 |  600 | 5000 |   35 |     0,4500 |1585886059239 |     252 |   287.0 |13,89 | mscpa2.txt |1,6e+02 |
| 5 |  800 | 5000 |   40 |     0,4500 |1585886059239 |     252 |   261.0 | 3,57 | mscpa2.txt |2,3e+02 |
| 5 | 1000 | 5000 |   40 |     0,4250 |1585886059239 |     252 |   257.0 | 1,98 | mscpa2.txt |3,0e+02 |
| 5 | 1200 | 5000 |   40 |     0,4500 |1585886059239 |     252 |   256.0 | 1,59 | mscpa2.txt |3,6e+02 |
| 5 | 1400 | 5000 |   40 |     0,3500 |1585886059239 |     252 |   256.0 | 1,59 | mscpa2.txt |4,2e+02 |
| 5 | 1600 | 5000 |   45 |     0,3111 |1585886059239 |     252 |   256.0 | 1,59 | mscpa2.txt |5,0e+02 |
| 5 | 1800 | 5000 |   45 |     0,2889 |1585886059239 |     252 |   256.0 | 1,59 | mscpa2.txt |5,8e+02 |
| 5 | 2000 | 5000 |   45 |     0,2889 |1585886059239 |     252 |   256.0 | 1,59 | mscpa2.txt |6,7e+02 |
| 5 | 2200 | 5000 |   45 |     0,3111 |1585886059239 |     252 |   256.0 | 1,59 | mscpa2.txt |7,5e+02 |
| 5 | 2400 | 5000 |   50 |     0,2800 |1585886059239 |     252 |   256.0 | 1,59 | mscpa2.txt |8,5e+02 |
| 5 | 2600 | 5000 |   50 |     0,4500 |1585886059239 |     252 |   256.0 | 1,59 | mscpa2.txt |9,2e+02 |
| 5 | 2800 | 5000 |   50 |     0,4500 |1585886059239 |     252 |   256.0 | 1,59 | mscpa2.txt |1,0e+03 |
| 5 | 3000 | 5000 |   50 |     0,4500 |1585886059239 |     252 |   256.0 | 1,59 | mscpa2.txt |1,1e+03 |
| 5 | 3200 | 5000 |   55 |     0,4500 |1585886059239 |     252 |   256.0 | 1,59 | mscpa2.txt |1,2e+03 |
| 5 | 3400 | 5000 |   55 |     0,4500 |1585886059239 |     252 |   256.0 | 1,59 | mscpa2.txt |1,3e+03 |
| 5 | 3600 | 5000 |   55 |     0,4500 |1585886059239 |     252 |   256.0 | 1,59 | mscpa2.txt |1,3e+03 |
| 5 | 3800 | 5000 |   55 |     0,4500 |1585886059239 |     252 |   256.0 | 1,59 | mscpa2.txt |1,4e+03 |
| 5 | 4000 | 5000 |   60 |     0,4500 |1585886059239 |     252 |   256.0 | 1,59 | mscpa2.txt |1,5e+03 |
| 5 | 4200 | 5000 |   60 |     0,4500 |1585886059239 |     252 |   256.0 | 1,59 | mscpa2.txt |1,6e+03 |
| 5 | 4400 | 5000 |   60 |     0,4500 |1585886059239 |     252 |   256.0 | 1,59 | mscpa2.txt |1,7e+03 |
| 5 | 4600 | 5000 |   60 |     0,4500 |1585886059239 |     252 |   256.0 | 1,59 | mscpa2.txt |1,8e+03 |
| 5 | 4800 | 5000 |   65 |     0,4500 |1585886059239 |     252 |   256.0 | 1,59 | mscpa2.txt |2,0e+03 |
| 5 | 5000 | 5000 |   65 |     0,4500 |1585886059239 |     252 |   256.0 | 1,59 | mscpa2.txt |2,1e+03 |
| 5 |  300 | 5000 |   65 |     0,4500 |1585886059239 |     252 |   256.0 | 1,59 | mscpa2.txt |2,1e+03 |
| 6 |    1 | 5000 |   35 |     0,2500 |1585888130795 |     252 |   403.0 |59,92 | mscpa2.txt | 0,49 |
| 6 |  200 | 5000 |   35 |     0,2571 |1585888130795 |     252 |   310.0 |23,02 | mscpa2.txt |   51 |
| 6 |  400 | 5000 |   35 |     0,3714 |1585888130795 |     252 |   298.0 |18,25 | mscpa2.txt |1,1e+02 |
| 6 |  600 | 5000 |   40 |     0,4500 |1585888130795 |     252 |   263.0 | 4,37 | mscpa2.txt |1,7e+02 |
| 6 |  800 | 5000 |   40 |     0,4500 |1585888130795 |     252 |   260.0 | 3,17 | mscpa2.txt |2,2e+02 |
| 6 | 1000 | 5000 |   40 |     0,4500 |1585888130795 |     252 |   259.0 | 2,78 | mscpa2.txt |2,9e+02 |
| 6 | 1200 | 5000 |   40 |     0,4000 |1585888130795 |     252 |   258.0 | 2,38 | mscpa2.txt |3,6e+02 |
| 6 | 1400 | 5000 |   45 |     0,4500 |1585888130795 |     252 |   258.0 | 2,38 | mscpa2.txt |4,3e+02 |
| 6 | 1600 | 5000 |   45 |     0,2889 |1585888130795 |     252 |   256.0 | 1,59 | mscpa2.txt |5,1e+02 |
| 6 | 1800 | 5000 |   45 |     0,2889 |1585888130795 |     252 |   256.0 | 1,59 | mscpa2.txt |5,8e+02 |
| 6 | 2000 | 5000 |   45 |     0,2889 |1585888130795 |     252 |   256.0 | 1,59 | mscpa2.txt |6,5e+02 |
| 6 | 2200 | 5000 |   50 |     0,3200 |1585888130795 |     252 |   256.0 | 1,59 | mscpa2.txt |7,4e+02 |
| 6 | 2400 | 5000 |   50 |     0,3200 |1585888130795 |     252 |   256.0 | 1,59 | mscpa2.txt |8,3e+02 |
| 6 | 2600 | 5000 |   50 |     0,3200 |1585888130795 |     252 |   256.0 | 1,59 | mscpa2.txt |9,1e+02 |
| 6 | 2800 | 5000 |   50 |     0,3200 |1585888130795 |     252 |   256.0 | 1,59 | mscpa2.txt |1,0e+03 |
| 6 | 3000 | 5000 |   55 |     0,4500 |1585888130795 |     252 |   256.0 | 1,59 | mscpa2.txt |1,1e+03 |
| 6 | 3200 | 5000 |   55 |     0,4500 |1585888130795 |     252 |   256.0 | 1,59 | mscpa2.txt |1,2e+03 |
| 6 | 3400 | 5000 |   55 |     0,4500 |1585888130795 |     252 |   256.0 | 1,59 | mscpa2.txt |1,3e+03 |
| 6 | 3600 | 5000 |   55 |     0,4500 |1585888130795 |     252 |   256.0 | 1,59 | mscpa2.txt |1,4e+03 |
| 6 | 3800 | 5000 |   60 |     0,4500 |1585888130795 |     252 |   256.0 | 1,59 | mscpa2.txt |1,5e+03 |
| 6 | 4000 | 5000 |   60 |     0,4500 |1585888130795 |     252 |   255.0 | 1,19 | mscpa2.txt |1,6e+03 |
| 6 | 4200 | 5000 |   60 |     0,4500 |1585888130795 |     252 |   255.0 | 1,19 | mscpa2.txt |1,7e+03 |
| 6 | 4400 | 5000 |   60 |     0,4500 |1585888130795 |     252 |   255.0 | 1,19 | mscpa2.txt |1,8e+03 |
| 6 | 4600 | 5000 |   65 |     0,4500 |1585888130795 |     252 |   255.0 | 1,19 | mscpa2.txt |1,9e+03 |
| 6 | 4800 | 5000 |   65 |     0,4500 |1585888130795 |     252 |   255.0 | 1,19 | mscpa2.txt |2,0e+03 |
| 6 | 5000 | 5000 |   65 |     0,4500 |1585888130795 |     252 |   255.0 | 1,19 | mscpa2.txt |2,1e+03 |
| 6 |  300 | 5000 |   65 |     0,4500 |1585888130795 |     252 |   255.0 | 1,19 | mscpa2.txt |2,1e+03 |
| 7 |    1 | 5000 |   35 |     0,2500 |1585890250963 |     252 |   378.0 |50,00 | mscpa2.txt | 0,46 |
| 7 |  200 | 5000 |   35 |     0,4500 |1585890250963 |     252 |   306.0 |21,43 | mscpa2.txt |   56 |
| 7 |  400 | 5000 |   40 |     0,4500 |1585890250963 |     252 |   265.0 | 5,16 | mscpa2.txt |1,3e+02 |
| 7 |  600 | 5000 |   40 |     0,4500 |1585890250963 |     252 |   261.0 | 3,57 | mscpa2.txt |1,9e+02 |
| 7 |  800 | 5000 |   40 |     0,4500 |1585890250963 |     252 |   260.0 | 3,17 | mscpa2.txt |2,6e+02 |
| 7 | 1000 | 5000 |   40 |     0,4500 |1585890250963 |     252 |   260.0 | 3,17 | mscpa2.txt |3,4e+02 |
| 7 | 1200 | 5000 |   45 |     0,4500 |1585890250963 |     252 |   259.0 | 2,78 | mscpa2.txt |4,3e+02 |
| 7 | 1400 | 5000 |   45 |     0,4500 |1585890250963 |     252 |   259.0 | 2,78 | mscpa2.txt |5,0e+02 |
| 7 | 1600 | 5000 |   45 |     0,4500 |1585890250963 |     252 |   259.0 | 2,78 | mscpa2.txt |5,9e+02 |
| 7 | 1800 | 5000 |   45 |     0,4500 |1585890250963 |     252 |   257.0 | 1,98 | mscpa2.txt |6,8e+02 |
| 7 | 2000 | 5000 |   50 |     0,4500 |1585890250963 |     252 |   257.0 | 1,98 | mscpa2.txt |7,6e+02 |
| 7 | 2200 | 5000 |   50 |     0,4500 |1585890250963 |     252 |   257.0 | 1,98 | mscpa2.txt |8,4e+02 |
| 7 | 2400 | 5000 |   50 |     0,4500 |1585890250963 |     252 |   257.0 | 1,98 | mscpa2.txt |9,3e+02 |
| 7 | 2600 | 5000 |   50 |     0,4500 |1585890250963 |     252 |   257.0 | 1,98 | mscpa2.txt |1,0e+03 |
| 7 | 2800 | 5000 |   55 |     0,4500 |1585890250963 |     252 |   257.0 | 1,98 | mscpa2.txt |1,1e+03 |
| 7 | 3000 | 5000 |   55 |     0,4500 |1585890250963 |     252 |   257.0 | 1,98 | mscpa2.txt |1,2e+03 |
| 7 | 3200 | 5000 |   55 |     0,4500 |1585890250963 |     252 |   257.0 | 1,98 | mscpa2.txt |1,3e+03 |
| 7 | 3400 | 5000 |   55 |     0,4500 |1585890250963 |     252 |   256.0 | 1,59 | mscpa2.txt |1,4e+03 |
| 7 | 3600 | 5000 |   60 |     0,4500 |1585890250963 |     252 |   256.0 | 1,59 | mscpa2.txt |1,6e+03 |
| 7 | 3800 | 5000 |   60 |     0,4500 |1585890250963 |     252 |   256.0 | 1,59 | mscpa2.txt |1,7e+03 |
| 7 | 4000 | 5000 |   60 |     0,4500 |1585890250963 |     252 |   256.0 | 1,59 | mscpa2.txt |1,8e+03 |
| 7 | 4200 | 5000 |   60 |     0,4500 |1585890250963 |     252 |   256.0 | 1,59 | mscpa2.txt |1,9e+03 |
| 7 | 4400 | 5000 |   65 |     0,4500 |1585890250963 |     252 |   256.0 | 1,59 | mscpa2.txt |2,0e+03 |
| 7 | 4600 | 5000 |   65 |     0,4500 |1585890250963 |     252 |   256.0 | 1,59 | mscpa2.txt |2,1e+03 |
| 7 | 4800 | 5000 |   65 |     0,4500 |1585890250963 |     252 |   256.0 | 1,59 | mscpa2.txt |2,2e+03 |
| 7 | 5000 | 5000 |   65 |     0,4500 |1585890250963 |     252 |   256.0 | 1,59 | mscpa2.txt |2,3e+03 |
| 7 |  300 | 5000 |   70 |     0,4500 |1585890250963 |     252 |   256.0 | 1,59 | mscpa2.txt |2,3e+03 |
| 8 |    1 | 5000 |   35 |     0,2500 |1585892600110 |     252 |   378.0 |50,00 | mscpa2.txt | 0,63 |
| 8 |  200 | 5000 |   35 |     0,4286 |1585892600110 |     252 |   303.0 |20,24 | mscpa2.txt |   55 |
| 8 |  400 | 5000 |   35 |     0,4500 |1585892600110 |     252 |   291.0 |15,48 | mscpa2.txt |1,1e+02 |
| 8 |  600 | 5000 |   35 |     0,4500 |1585892600110 |     252 |   281.0 |11,51 | mscpa2.txt |1,8e+02 |
| 8 |  800 | 5000 |   35 |     0,4500 |1585892600110 |     252 |   277.0 | 9,92 | mscpa2.txt |2,4e+02 |
| 8 | 1000 | 5000 |   40 |     0,4500 |1585892600110 |     252 |   268.0 | 6,35 | mscpa2.txt |3,2e+02 |
| 8 | 1200 | 5000 |   40 |     0,4500 |1585892600110 |     252 |   260.0 | 3,17 | mscpa2.txt |3,8e+02 |
| 8 | 1400 | 5000 |   40 |     0,4500 |1585892600110 |     252 |   258.0 | 2,38 | mscpa2.txt |4,5e+02 |
| 8 | 1600 | 5000 |   40 |     0,4500 |1585892600110 |     252 |   258.0 | 2,38 | mscpa2.txt |5,2e+02 |
| 8 | 1800 | 5000 |   45 |     0,4500 |1585892600110 |     252 |   257.0 | 1,98 | mscpa2.txt |6,1e+02 |
| 8 | 2000 | 5000 |   45 |     0,4500 |1585892600110 |     252 |   256.0 | 1,59 | mscpa2.txt |6,9e+02 |
| 8 | 2200 | 5000 |   45 |     0,4500 |1585892600110 |     252 |   256.0 | 1,59 | mscpa2.txt |7,7e+02 |
| 8 | 2400 | 5000 |   45 |     0,4500 |1585892600110 |     252 |   256.0 | 1,59 | mscpa2.txt |8,5e+02 |
| 8 | 2600 | 5000 |   50 |     0,4500 |1585892600110 |     252 |   256.0 | 1,59 | mscpa2.txt |9,4e+02 |
| 8 | 2800 | 5000 |   50 |     0,4500 |1585892600110 |     252 |   256.0 | 1,59 | mscpa2.txt |1,0e+03 |
| 8 | 3000 | 5000 |   50 |     0,4500 |1585892600110 |     252 |   256.0 | 1,59 | mscpa2.txt |1,1e+03 |
| 8 | 3200 | 5000 |   50 |     0,4500 |1585892600110 |     252 |   256.0 | 1,59 | mscpa2.txt |1,2e+03 |
| 8 | 3400 | 5000 |   55 |     0,4500 |1585892600110 |     252 |   256.0 | 1,59 | mscpa2.txt |1,3e+03 |
| 8 | 3600 | 5000 |   55 |     0,4500 |1585892600110 |     252 |   256.0 | 1,59 | mscpa2.txt |1,4e+03 |
| 8 | 3800 | 5000 |   55 |     0,4500 |1585892600110 |     252 |   256.0 | 1,59 | mscpa2.txt |1,5e+03 |
| 8 | 4000 | 5000 |   55 |     0,4500 |1585892600110 |     252 |   256.0 | 1,59 | mscpa2.txt |1,6e+03 |
| 8 | 4200 | 5000 |   60 |     0,4500 |1585892600110 |     252 |   256.0 | 1,59 | mscpa2.txt |1,7e+03 |
| 8 | 4400 | 5000 |   60 |     0,4500 |1585892600110 |     252 |   254.0 | 0,79 | mscpa2.txt |1,8e+03 |
| 8 | 4600 | 5000 |   60 |     0,4500 |1585892600110 |     252 |   254.0 | 0,79 | mscpa2.txt |1,9e+03 |
| 8 | 4800 | 5000 |   60 |     0,4500 |1585892600110 |     252 |   254.0 | 0,79 | mscpa2.txt |2,0e+03 |
| 8 | 5000 | 5000 |   65 |     0,4500 |1585892600110 |     252 |   254.0 | 0,79 | mscpa2.txt |2,1e+03 |
| 8 |  300 | 5000 |   65 |     0,4500 |1585892600110 |     252 |   254.0 | 0,79 | mscpa2.txt |2,1e+03 |
| 9 |    1 | 5000 |   35 |     0,2500 |1585894701809 |     252 |   398.0 |57,94 | mscpa2.txt | 0,48 |
| 9 |  200 | 5000 |   35 |     0,4286 |1585894701809 |     252 |   315.0 |25,00 | mscpa2.txt |   55 |
| 9 |  400 | 5000 |   35 |     0,3429 |1585894701809 |     252 |   308.0 |22,22 | mscpa2.txt |1,1e+02 |
| 9 |  600 | 5000 |   35 |     0,3714 |1585894701809 |     252 |   296.0 |17,46 | mscpa2.txt |1,7e+02 |
| 9 |  800 | 5000 |   40 |     0,4500 |1585894701809 |     252 |   272.0 | 7,94 | mscpa2.txt |2,3e+02 |
| 9 | 1000 | 5000 |   40 |     0,4000 |1585894701809 |     252 |   262.0 | 3,97 | mscpa2.txt |2,9e+02 |
| 9 | 1200 | 5000 |   40 |     0,4250 |1585894701809 |     252 |   260.0 | 3,17 | mscpa2.txt |3,5e+02 |
| 9 | 1400 | 5000 |   40 |     0,4000 |1585894701809 |     252 |   259.0 | 2,78 | mscpa2.txt |4,2e+02 |
| 9 | 1600 | 5000 |   45 |     0,3333 |1585894701809 |     252 |   259.0 | 2,78 | mscpa2.txt |5,0e+02 |
| 9 | 1800 | 5000 |   45 |     0,3111 |1585894701809 |     252 |   259.0 | 2,78 | mscpa2.txt |5,8e+02 |
| 9 | 2000 | 5000 |   45 |     0,4500 |1585894701809 |     252 |   258.0 | 2,38 | mscpa2.txt |6,5e+02 |
| 9 | 2200 | 5000 |   45 |     0,4500 |1585894701809 |     252 |   258.0 | 2,38 | mscpa2.txt |7,2e+02 |
| 9 | 2400 | 5000 |   50 |     0,4500 |1585894701809 |     252 |   258.0 | 2,38 | mscpa2.txt |7,9e+02 |
| 9 | 2600 | 5000 |   50 |     0,4500 |1585894701809 |     252 |   258.0 | 2,38 | mscpa2.txt |8,6e+02 |
| 9 | 2800 | 5000 |   50 |     0,4500 |1585894701809 |     252 |   258.0 | 2,38 | mscpa2.txt |9,4e+02 |
| 9 | 3000 | 5000 |   50 |     0,4500 |1585894701809 |     252 |   258.0 | 2,38 | mscpa2.txt |1,0e+03 |
| 9 | 3200 | 5000 |   55 |     0,4500 |1585894701809 |     252 |   258.0 | 2,38 | mscpa2.txt |1,1e+03 |
| 9 | 3400 | 5000 |   55 |     0,4500 |1585894701809 |     252 |   258.0 | 2,38 | mscpa2.txt |1,2e+03 |
| 9 | 3600 | 5000 |   55 |     0,4500 |1585894701809 |     252 |   258.0 | 2,38 | mscpa2.txt |1,3e+03 |
| 9 | 3800 | 5000 |   55 |     0,4500 |1585894701809 |     252 |   258.0 | 2,38 | mscpa2.txt |1,3e+03 |
| 9 | 4000 | 5000 |   60 |     0,4500 |1585894701809 |     252 |   258.0 | 2,38 | mscpa2.txt |1,4e+03 |
| 9 | 4200 | 5000 |   60 |     0,4500 |1585894701809 |     252 |   258.0 | 2,38 | mscpa2.txt |1,5e+03 |
| 9 | 4400 | 5000 |   60 |     0,4500 |1585894701809 |     252 |   258.0 | 2,38 | mscpa2.txt |1,6e+03 |
| 9 | 4600 | 5000 |   60 |     0,4500 |1585894701809 |     252 |   258.0 | 2,38 | mscpa2.txt |1,7e+03 |
| 9 | 4800 | 5000 |   65 |     0,4500 |1585894701809 |     252 |   258.0 | 2,38 | mscpa2.txt |1,8e+03 |
| 9 | 5000 | 5000 |   65 |     0,4500 |1585894701809 |     252 |   258.0 | 2,38 | mscpa2.txt |1,9e+03 |
| 9 |  300 | 5000 |   65 |     0,4500 |1585894701809 |     252 |   258.0 | 2,38 | mscpa2.txt |1,9e+03 |
|10 |    1 | 5000 |   35 |     0,2500 |1585896616196 |     252 |   379.0 |50,40 | mscpa2.txt | 0,38 |
|10 |  200 | 5000 |   35 |     0,2857 |1585896616196 |     252 |   300.0 |19,05 | mscpa2.txt |   51 |
|10 |  400 | 5000 |   35 |     0,4500 |1585896616196 |     252 |   285.0 |13,10 | mscpa2.txt |1,1e+02 |
|10 |  600 | 5000 |   40 |     0,4250 |1585896616196 |     252 |   266.0 | 5,56 | mscpa2.txt |1,7e+02 |
|10 |  800 | 5000 |   40 |     0,4500 |1585896616196 |     252 |   264.0 | 4,76 | mscpa2.txt |2,3e+02 |
|10 | 1000 | 5000 |   40 |     0,4500 |1585896616196 |     252 |   261.0 | 3,57 | mscpa2.txt |3,0e+02 |
|10 | 1200 | 5000 |   40 |     0,4500 |1585896616196 |     252 |   261.0 | 3,57 | mscpa2.txt |3,7e+02 |
|10 | 1400 | 5000 |   45 |     0,4500 |1585896616196 |     252 |   260.0 | 3,17 | mscpa2.txt |4,5e+02 |
|10 | 1600 | 5000 |   45 |     0,4500 |1585896616196 |     252 |   256.0 | 1,59 | mscpa2.txt |5,3e+02 |
|10 | 1800 | 5000 |   45 |     0,4500 |1585896616196 |     252 |   256.0 | 1,59 | mscpa2.txt |6,0e+02 |
|10 | 2000 | 5000 |   45 |     0,4500 |1585896616196 |     252 |   256.0 | 1,59 | mscpa2.txt |6,8e+02 |
|10 | 2200 | 5000 |   50 |     0,4500 |1585896616196 |     252 |   256.0 | 1,59 | mscpa2.txt |7,5e+02 |
|10 | 2400 | 5000 |   50 |     0,4500 |1585896616196 |     252 |   256.0 | 1,59 | mscpa2.txt |8,4e+02 |
|10 | 2600 | 5000 |   50 |     0,4500 |1585896616196 |     252 |   256.0 | 1,59 | mscpa2.txt |9,3e+02 |
|10 | 2800 | 5000 |   50 |     0,4500 |1585896616196 |     252 |   256.0 | 1,59 | mscpa2.txt |1,0e+03 |
|10 | 3000 | 5000 |   55 |     0,4500 |1585896616196 |     252 |   256.0 | 1,59 | mscpa2.txt |1,1e+03 |
|10 | 3200 | 5000 |   55 |     0,4500 |1585896616196 |     252 |   256.0 | 1,59 | mscpa2.txt |1,2e+03 |
|10 | 3400 | 5000 |   55 |     0,4500 |1585896616196 |     252 |   256.0 | 1,59 | mscpa2.txt |1,3e+03 |
|10 | 3600 | 5000 |   55 |     0,4500 |1585896616196 |     252 |   256.0 | 1,59 | mscpa2.txt |1,4e+03 |
|10 | 3800 | 5000 |   60 |     0,4500 |1585896616196 |     252 |   256.0 | 1,59 | mscpa2.txt |1,5e+03 |
|10 | 4000 | 5000 |   60 |     0,4500 |1585896616196 |     252 |   256.0 | 1,59 | mscpa2.txt |1,6e+03 |
|10 | 4200 | 5000 |   60 |     0,4500 |1585896616196 |     252 |   256.0 | 1,59 | mscpa2.txt |1,7e+03 |
|10 | 4400 | 5000 |   60 |     0,4500 |1585896616196 |     252 |   256.0 | 1,59 | mscpa2.txt |1,8e+03 |
|10 | 4600 | 5000 |   65 |     0,4500 |1585896616196 |     252 |   256.0 | 1,59 | mscpa2.txt |1,9e+03 |
|10 | 4800 | 5000 |   65 |     0,4500 |1585896616196 |     252 |   256.0 | 1,59 | mscpa2.txt |2,0e+03 |
|10 | 5000 | 5000 |   65 |     0,4500 |1585896616196 |     252 |   256.0 | 1,59 | mscpa2.txt |2,1e+03 |
|10 |  300 | 5000 |   65 |     0,4500 |1585896616196 |     252 |   256.0 | 1,59 | mscpa2.txt |2,1e+03 |
|11 |    1 | 5000 |   35 |     0,2500 |1585898736800 |     252 |   383.0 |51,98 | mscpa2.txt | 0,37 |
|11 |  200 | 5000 |   35 |     0,4286 |1585898736800 |     252 |   306.0 |21,43 | mscpa2.txt |   54 |
|11 |  400 | 5000 |   40 |     0,4500 |1585898736800 |     252 |   265.0 | 5,16 | mscpa2.txt |1,2e+02 |
|11 |  600 | 5000 |   40 |     0,4500 |1585898736800 |     252 |   258.0 | 2,38 | mscpa2.txt |1,9e+02 |
|11 |  800 | 5000 |   40 |     0,4500 |1585898736800 |     252 |   257.0 | 1,98 | mscpa2.txt |2,5e+02 |
|11 | 1000 | 5000 |   40 |     0,4500 |1585898736800 |     252 |   257.0 | 1,98 | mscpa2.txt |3,3e+02 |
|11 | 1200 | 5000 |   45 |     0,4500 |1585898736800 |     252 |   256.0 | 1,59 | mscpa2.txt |4,1e+02 |
|11 | 1400 | 5000 |   45 |     0,2667 |1585898736800 |     252 |   255.0 | 1,19 | mscpa2.txt |4,8e+02 |
|11 | 1600 | 5000 |   45 |     0,2444 |1585898736800 |     252 |   255.0 | 1,19 | mscpa2.txt |5,6e+02 |
|11 | 1800 | 5000 |   45 |     0,2444 |1585898736800 |     252 |   255.0 | 1,19 | mscpa2.txt |6,2e+02 |
|11 | 2000 | 5000 |   50 |     0,2400 |1585898736800 |     252 |   255.0 | 1,19 | mscpa2.txt |7,1e+02 |
|11 | 2200 | 5000 |   50 |     0,2400 |1585898736800 |     252 |   255.0 | 1,19 | mscpa2.txt |7,9e+02 |
|11 | 2400 | 5000 |   50 |     0,2400 |1585898736800 |     252 |   255.0 | 1,19 | mscpa2.txt |8,6e+02 |
|11 | 2600 | 5000 |   50 |     0,2200 |1585898736800 |     252 |   254.0 | 0,79 | mscpa2.txt |9,3e+02 |
|11 | 2800 | 5000 |   55 |     0,2000 |1585898736800 |     252 |   254.0 | 0,79 | mscpa2.txt |1,0e+03 |
|11 | 3000 | 5000 |   55 |     0,2000 |1585898736800 |     252 |   254.0 | 0,79 | mscpa2.txt |1,1e+03 |
|11 | 3200 | 5000 |   55 |     0,2000 |1585898736800 |     252 |   254.0 | 0,79 | mscpa2.txt |1,2e+03 |
|11 | 3400 | 5000 |   55 |     0,2000 |1585898736800 |     252 |   254.0 | 0,79 | mscpa2.txt |1,3e+03 |
|11 | 3600 | 5000 |   60 |     0,3000 |1585898736800 |     252 |   254.0 | 0,79 | mscpa2.txt |1,4e+03 |
|11 | 3800 | 5000 |   60 |     0,2667 |1585898736800 |     252 |   254.0 | 0,79 | mscpa2.txt |1,5e+03 |
|11 | 4000 | 5000 |   60 |     0,2500 |1585898736800 |     252 |   254.0 | 0,79 | mscpa2.txt |1,6e+03 |
|11 | 4200 | 5000 |   60 |     0,2500 |1585898736800 |     252 |   254.0 | 0,79 | mscpa2.txt |1,7e+03 |
|11 | 4400 | 5000 |   65 |     0,4000 |1585898736800 |     252 |   254.0 | 0,79 | mscpa2.txt |1,9e+03 |
|11 | 4600 | 5000 |   65 |     0,4500 |1585898736800 |     252 |   254.0 | 0,79 | mscpa2.txt |2,0e+03 |
|11 | 4800 | 5000 |   65 |     0,4500 |1585898736800 |     252 |   254.0 | 0,79 | mscpa2.txt |2,1e+03 |
|11 | 5000 | 5000 |   65 |     0,4500 |1585898736800 |     252 |   254.0 | 0,79 | mscpa2.txt |2,2e+03 |
|11 |  300 | 5000 |   70 |     0,4500 |1585898736800 |     252 |   254.0 | 0,79 | mscpa2.txt |2,2e+03 |
|12 |    1 | 5000 |   35 |     0,2500 |1585900921680 |     252 |   390.0 |54,76 | mscpa2.txt | 0,35 |
|12 |  200 | 5000 |   35 |     0,3143 |1585900921680 |     252 |   329.0 |30,56 | mscpa2.txt |   47 |
|12 |  400 | 5000 |   35 |     0,4000 |1585900921680 |     252 |   299.0 |18,65 | mscpa2.txt |1,0e+02 |
|12 |  600 | 5000 |   35 |     0,2857 |1585900921680 |     252 |   299.0 |18,65 | mscpa2.txt |1,6e+02 |
|12 |  800 | 5000 |   35 |     0,3143 |1585900921680 |     252 |   295.0 |17,06 | mscpa2.txt |2,1e+02 |
|12 | 1000 | 5000 |   40 |     0,3250 |1585900921680 |     252 |   261.0 | 3,57 | mscpa2.txt |2,9e+02 |
|12 | 1200 | 5000 |   40 |     0,3500 |1585900921680 |     252 |   260.0 | 3,17 | mscpa2.txt |3,5e+02 |
|12 | 1400 | 5000 |   40 |     0,4000 |1585900921680 |     252 |   260.0 | 3,17 | mscpa2.txt |4,1e+02 |
|12 | 1600 | 5000 |   40 |     0,4000 |1585900921680 |     252 |   260.0 | 3,17 | mscpa2.txt |4,8e+02 |
|12 | 1800 | 5000 |   45 |     0,4500 |1585900921680 |     252 |   260.0 | 3,17 | mscpa2.txt |5,5e+02 |
|12 | 2000 | 5000 |   45 |     0,4500 |1585900921680 |     252 |   260.0 | 3,17 | mscpa2.txt |6,1e+02 |
|12 | 2200 | 5000 |   45 |     0,4500 |1585900921680 |     252 |   260.0 | 3,17 | mscpa2.txt |6,7e+02 |
|12 | 2400 | 5000 |   45 |     0,4500 |1585900921680 |     252 |   260.0 | 3,17 | mscpa2.txt |7,4e+02 |
|12 | 2600 | 5000 |   50 |     0,4500 |1585900921680 |     252 |   260.0 | 3,17 | mscpa2.txt |8,2e+02 |
|12 | 2800 | 5000 |   50 |     0,4500 |1585900921680 |     252 |   260.0 | 3,17 | mscpa2.txt |9,0e+02 |
|12 | 3000 | 5000 |   50 |     0,4500 |1585900921680 |     252 |   260.0 | 3,17 | mscpa2.txt |9,8e+02 |
|12 | 3200 | 5000 |   50 |     0,4500 |1585900921680 |     252 |   260.0 | 3,17 | mscpa2.txt |1,1e+03 |
|12 | 3400 | 5000 |   55 |     0,4500 |1585900921680 |     252 |   260.0 | 3,17 | mscpa2.txt |1,1e+03 |
|12 | 3600 | 5000 |   55 |     0,4500 |1585900921680 |     252 |   260.0 | 3,17 | mscpa2.txt |1,2e+03 |
|12 | 3800 | 5000 |   55 |     0,4500 |1585900921680 |     252 |   260.0 | 3,17 | mscpa2.txt |1,3e+03 |
|12 | 4000 | 5000 |   55 |     0,4500 |1585900921680 |     252 |   260.0 | 3,17 | mscpa2.txt |1,4e+03 |
|12 | 4200 | 5000 |   60 |     0,4500 |1585900921680 |     252 |   260.0 | 3,17 | mscpa2.txt |1,5e+03 |
|12 | 4400 | 5000 |   60 |     0,4500 |1585900921680 |     252 |   260.0 | 3,17 | mscpa2.txt |1,6e+03 |
|12 | 4600 | 5000 |   60 |     0,4500 |1585900921680 |     252 |   260.0 | 3,17 | mscpa2.txt |1,7e+03 |
|12 | 4800 | 5000 |   60 |     0,4500 |1585900921680 |     252 |   260.0 | 3,17 | mscpa2.txt |1,8e+03 |
|12 | 5000 | 5000 |   65 |     0,4500 |1585900921680 |     252 |   260.0 | 3,17 | mscpa2.txt |1,9e+03 |
|12 |  300 | 5000 |   65 |     0,4500 |1585900921680 |     252 |   260.0 | 3,17 | mscpa2.txt |1,9e+03 |
|13 |    1 | 5000 |   35 |     0,2500 |1585902831525 |     252 |   390.0 |54,76 | mscpa2.txt | 0,51 |
|13 |  200 | 5000 |   35 |     0,3714 |1585902831525 |     252 |   303.0 |20,24 | mscpa2.txt |   55 |
|13 |  400 | 5000 |   35 |     0,3429 |1585902831525 |     252 |   295.0 |17,06 | mscpa2.txt |1,2e+02 |
|13 |  600 | 5000 |   35 |     0,4000 |1585902831525 |     252 |   284.0 |12,70 | mscpa2.txt |1,7e+02 |
|13 |  800 | 5000 |   40 |     0,4500 |1585902831525 |     252 |   265.0 | 5,16 | mscpa2.txt |2,4e+02 |
|13 | 1000 | 5000 |   40 |     0,4500 |1585902831525 |     252 |   258.0 | 2,38 | mscpa2.txt |3,0e+02 |
|13 | 1200 | 5000 |   40 |     0,4500 |1585902831525 |     252 |   257.0 | 1,98 | mscpa2.txt |3,8e+02 |
|13 | 1400 | 5000 |   40 |     0,3500 |1585902831525 |     252 |   257.0 | 1,98 | mscpa2.txt |4,4e+02 |
|13 | 1600 | 5000 |   45 |     0,4500 |1585902831525 |     252 |   257.0 | 1,98 | mscpa2.txt |5,2e+02 |
|13 | 1800 | 5000 |   45 |     0,4500 |1585902831525 |     252 |   257.0 | 1,98 | mscpa2.txt |6,1e+02 |
|13 | 2000 | 5000 |   45 |     0,2889 |1585902831525 |     252 |   257.0 | 1,98 | mscpa2.txt |6,9e+02 |
|13 | 2200 | 5000 |   45 |     0,2889 |1585902831525 |     252 |   257.0 | 1,98 | mscpa2.txt |7,7e+02 |
|13 | 2400 | 5000 |   50 |     0,2600 |1585902831525 |     252 |   257.0 | 1,98 | mscpa2.txt |8,6e+02 |
|13 | 2600 | 5000 |   50 |     0,2800 |1585902831525 |     252 |   256.0 | 1,59 | mscpa2.txt |9,4e+02 |
|13 | 2800 | 5000 |   50 |     0,3200 |1585902831525 |     252 |   256.0 | 1,59 | mscpa2.txt |1,0e+03 |
|13 | 3000 | 5000 |   50 |     0,2600 |1585902831525 |     252 |   256.0 | 1,59 | mscpa2.txt |1,1e+03 |
|13 | 3200 | 5000 |   55 |     0,3636 |1585902831525 |     252 |   256.0 | 1,59 | mscpa2.txt |1,2e+03 |
|13 | 3400 | 5000 |   55 |     0,3455 |1585902831525 |     252 |   256.0 | 1,59 | mscpa2.txt |1,3e+03 |
|13 | 3600 | 5000 |   55 |     0,3455 |1585902831525 |     252 |   256.0 | 1,59 | mscpa2.txt |1,4e+03 |
|13 | 3800 | 5000 |   55 |     0,3455 |1585902831525 |     252 |   256.0 | 1,59 | mscpa2.txt |1,5e+03 |
|13 | 4000 | 5000 |   60 |     0,3333 |1585902831525 |     252 |   255.0 | 1,19 | mscpa2.txt |1,6e+03 |
|13 | 4200 | 5000 |   60 |     0,3333 |1585902831525 |     252 |   255.0 | 1,19 | mscpa2.txt |1,7e+03 |
|13 | 4400 | 5000 |   60 |     0,3500 |1585902831525 |     252 |   255.0 | 1,19 | mscpa2.txt |1,8e+03 |
|13 | 4600 | 5000 |   60 |     0,3500 |1585902831525 |     252 |   255.0 | 1,19 | mscpa2.txt |1,9e+03 |
|13 | 4800 | 5000 |   65 |     0,3692 |1585902831525 |     252 |   255.0 | 1,19 | mscpa2.txt |2,0e+03 |
|13 | 5000 | 5000 |   65 |     0,3692 |1585902831525 |     252 |   255.0 | 1,19 | mscpa2.txt |2,2e+03 |
|13 |  300 | 5000 |   65 |     0,3692 |1585902831525 |     252 |   255.0 | 1,19 | mscpa2.txt |2,2e+03 |
|14 |    1 | 5000 |   35 |     0,2500 |1585905006330 |     252 |   384.0 |52,38 | mscpa2.txt | 0,50 |
|14 |  200 | 5000 |   35 |     0,4500 |1585905006330 |     252 |   305.0 |21,03 | mscpa2.txt |   55 |
|14 |  400 | 5000 |   35 |     0,4000 |1585905006330 |     252 |   299.0 |18,65 | mscpa2.txt |1,1e+02 |
|14 |  600 | 5000 |   40 |     0,4500 |1585905006330 |     252 |   260.0 | 3,17 | mscpa2.txt |1,7e+02 |
|14 |  800 | 5000 |   40 |     0,4250 |1585905006330 |     252 |   260.0 | 3,17 | mscpa2.txt |2,4e+02 |
|14 | 1000 | 5000 |   40 |     0,3500 |1585905006330 |     252 |   258.0 | 2,38 | mscpa2.txt |3,1e+02 |
|14 | 1200 | 5000 |   40 |     0,3500 |1585905006330 |     252 |   258.0 | 2,38 | mscpa2.txt |3,7e+02 |
|14 | 1400 | 5000 |   45 |     0,3111 |1585905006330 |     252 |   258.0 | 2,38 | mscpa2.txt |4,4e+02 |
|14 | 1600 | 5000 |   45 |     0,3111 |1585905006330 |     252 |   258.0 | 2,38 | mscpa2.txt |5,2e+02 |
|14 | 1800 | 5000 |   45 |     0,3111 |1585905006330 |     252 |   258.0 | 2,38 | mscpa2.txt |6,0e+02 |
|14 | 2000 | 5000 |   45 |     0,3111 |1585905006330 |     252 |   258.0 | 2,38 | mscpa2.txt |6,8e+02 |
|14 | 2200 | 5000 |   50 |     0,2800 |1585905006330 |     252 |   258.0 | 2,38 | mscpa2.txt |7,7e+02 |
|14 | 2400 | 5000 |   50 |     0,2800 |1585905006330 |     252 |   258.0 | 2,38 | mscpa2.txt |8,5e+02 |
|14 | 2600 | 5000 |   50 |     0,2800 |1585905006330 |     252 |   258.0 | 2,38 | mscpa2.txt |9,4e+02 |
|14 | 2800 | 5000 |   50 |     0,2800 |1585905006330 |     252 |   258.0 | 2,38 | mscpa2.txt |1,0e+03 |
|14 | 3000 | 5000 |   55 |     0,2545 |1585905006330 |     252 |   258.0 | 2,38 | mscpa2.txt |1,1e+03 |
|14 | 3200 | 5000 |   55 |     0,2545 |1585905006330 |     252 |   257.0 | 1,98 | mscpa2.txt |1,2e+03 |
|14 | 3400 | 5000 |   55 |     0,2545 |1585905006330 |     252 |   256.0 | 1,59 | mscpa2.txt |1,3e+03 |
|14 | 3600 | 5000 |   55 |     0,2545 |1585905006330 |     252 |   256.0 | 1,59 | mscpa2.txt |1,5e+03 |
|14 | 3800 | 5000 |   60 |     0,2500 |1585905006330 |     252 |   256.0 | 1,59 | mscpa2.txt |1,6e+03 |
|14 | 4000 | 5000 |   60 |     0,2333 |1585905006330 |     252 |   256.0 | 1,59 | mscpa2.txt |1,7e+03 |
|14 | 4200 | 5000 |   60 |     0,2333 |1585905006330 |     252 |   256.0 | 1,59 | mscpa2.txt |1,9e+03 |
|14 | 4400 | 5000 |   60 |     0,2333 |1585905006330 |     252 |   256.0 | 1,59 | mscpa2.txt |2,0e+03 |
|14 | 4600 | 5000 |   65 |     0,2462 |1585905006330 |     252 |   256.0 | 1,59 | mscpa2.txt |2,2e+03 |
|14 | 4800 | 5000 |   65 |     0,2462 |1585905006330 |     252 |   256.0 | 1,59 | mscpa2.txt |2,3e+03 |
|14 | 5000 | 5000 |   65 |     0,2462 |1585905006330 |     252 |   256.0 | 1,59 | mscpa2.txt |2,5e+03 |
|14 |  300 | 5000 |   65 |     0,2462 |1585905006330 |     252 |   256.0 | 1,59 | mscpa2.txt |2,5e+03 |
|15 |    1 | 5000 |   35 |     0,2500 |1585907475142 |     252 |   382.0 |51,59 | mscpa2.txt | 0,51 |
|15 |  200 | 5000 |   35 |     0,4000 |1585907475142 |     252 |   311.0 |23,41 | mscpa2.txt |   75 |
|15 |  400 | 5000 |   40 |     0,4000 |1585907475142 |     252 |   259.0 | 2,78 | mscpa2.txt |1,6e+02 |
|15 |  600 | 5000 |   40 |     0,2500 |1585907475142 |     252 |   257.0 | 1,98 | mscpa2.txt |2,6e+02 |
|15 |  800 | 5000 |   40 |     0,4250 |1585907475142 |     252 |   257.0 | 1,98 | mscpa2.txt |3,5e+02 |
|15 | 1000 | 5000 |   40 |     0,4500 |1585907475142 |     252 |   256.0 | 1,59 | mscpa2.txt |4,3e+02 |
|15 | 1200 | 5000 |   45 |     0,3111 |1585907475142 |     252 |   256.0 | 1,59 | mscpa2.txt |5,3e+02 |
|15 | 1400 | 5000 |   45 |     0,2889 |1585907475142 |     252 |   256.0 | 1,59 | mscpa2.txt |6,5e+02 |
|15 | 1600 | 5000 |   45 |     0,2889 |1585907475142 |     252 |   256.0 | 1,59 | mscpa2.txt |7,5e+02 |
|15 | 1800 | 5000 |   45 |     0,2889 |1585907475142 |     252 |   256.0 | 1,59 | mscpa2.txt |8,5e+02 |
|15 | 2000 | 5000 |   50 |     0,2600 |1585907475142 |     252 |   256.0 | 1,59 | mscpa2.txt |9,7e+02 |
|15 | 2200 | 5000 |   50 |     0,2600 |1585907475142 |     252 |   256.0 | 1,59 | mscpa2.txt |1,1e+03 |
|15 | 2400 | 5000 |   50 |     0,2600 |1585907475142 |     252 |   256.0 | 1,59 | mscpa2.txt |1,2e+03 |
|15 | 2600 | 5000 |   50 |     0,2600 |1585907475142 |     252 |   256.0 | 1,59 | mscpa2.txt |1,3e+03 |
|15 | 2800 | 5000 |   55 |     0,2545 |1585907475142 |     252 |   256.0 | 1,59 | mscpa2.txt |1,4e+03 |
|15 | 3000 | 5000 |   55 |     0,2364 |1585907475142 |     252 |   256.0 | 1,59 | mscpa2.txt |1,6e+03 |
|15 | 3200 | 5000 |   55 |     0,4500 |1585907475142 |     252 |   256.0 | 1,59 | mscpa2.txt |1,7e+03 |
|15 | 3400 | 5000 |   55 |     0,4500 |1585907475142 |     252 |   256.0 | 1,59 | mscpa2.txt |1,8e+03 |
|15 | 3600 | 5000 |   60 |     0,4500 |1585907475142 |     252 |   256.0 | 1,59 | mscpa2.txt |2,0e+03 |
|15 | 3800 | 5000 |   60 |     0,3500 |1585907475142 |     252 |   256.0 | 1,59 | mscpa2.txt |2,1e+03 |
|15 | 4000 | 5000 |   60 |     0,3500 |1585907475142 |     252 |   256.0 | 1,59 | mscpa2.txt |2,2e+03 |
|15 | 4200 | 5000 |   60 |     0,3500 |1585907475142 |     252 |   256.0 | 1,59 | mscpa2.txt |2,4e+03 |
|15 | 4400 | 5000 |   65 |     0,4500 |1585907475142 |     252 |   256.0 | 1,59 | mscpa2.txt |2,5e+03 |
|15 | 4600 | 5000 |   65 |     0,4500 |1585907475142 |     252 |   256.0 | 1,59 | mscpa2.txt |2,7e+03 |
|15 | 4800 | 5000 |   65 |     0,4500 |1585907475142 |     252 |   256.0 | 1,59 | mscpa2.txt |2,8e+03 |
|15 | 5000 | 5000 |   65 |     0,4500 |1585907475142 |     252 |   256.0 | 1,59 | mscpa2.txt |3,0e+03 |
|15 |  300 | 5000 |   70 |     0,4500 |1585907475142 |     252 |   256.0 | 1,59 | mscpa2.txt |3,0e+03 |
