| # |    #ITER | #IterMAX | Nest |      %Desc |      semilla | BestFit |GottedFit |  RDP |  instancia | time |
-------------------------------------------------------------------------------------------------
| 1 |    1 | 5000 |   35 |       0.25 |1585376808380 |      79 |   136.0 |72,15 | mscpb4.txt |0,010 |
| 1 |  100 | 5000 |   35 |        0.4 |1585376808380 |      79 |   125.0 |58,23 | mscpb4.txt |  2,1 |
| 1 |  200 | 5000 |   40 |       0.45 |1585376808380 |      79 |    89.0 |12,66 | mscpb4.txt |   32 |
| 1 |  300 | 5000 |   40 |       0.45 |1585376808380 |      79 |    89.0 |12,66 | mscpb4.txt |   66 |
| 1 |  400 | 5000 |   40 |       0.45 |1585376808380 |      79 |    87.0 |10,13 | mscpb4.txt |   92 |
| 1 |  500 | 5000 |   40 |       0.45 |1585376808380 |      79 |    85.0 | 7,59 | mscpb4.txt |1,2e+02 |
| 1 |  600 | 5000 |   45 |       0.45 |1585376808380 |      79 |    84.0 | 6,33 | mscpb4.txt |1,5e+02 |
| 1 |  700 | 5000 |   45 |       0.45 |1585376808380 |      79 |    84.0 | 6,33 | mscpb4.txt |1,9e+02 |
| 1 |  800 | 5000 |   45 |       0.45 |1585376808380 |      79 |    84.0 | 6,33 | mscpb4.txt |2,1e+02 |
| 1 |  900 | 5000 |   45 |       0.45 |1585376808380 |      79 |    84.0 | 6,33 | mscpb4.txt |2,3e+02 |
| 1 | 1000 | 5000 |   50 |       0.45 |1585376808380 |      79 |    84.0 | 6,33 | mscpb4.txt |2,4e+02 |
| 1 | 1100 | 5000 |   50 |       0.45 |1585376808380 |      79 |    84.0 | 6,33 | mscpb4.txt |2,6e+02 |
| 1 | 1200 | 5000 |   50 |       0.45 |1585376808380 |      79 |    84.0 | 6,33 | mscpb4.txt |2,8e+02 |
| 1 | 1300 | 5000 |   50 |       0.45 |1585376808380 |      79 |    84.0 | 6,33 | mscpb4.txt |2,8e+02 |
| 1 | 1400 | 5000 |   55 |       0.45 |1585376808380 |      79 |    84.0 | 6,33 | mscpb4.txt |3,0e+02 |
| 1 | 1500 | 5000 |   55 |       0.45 |1585376808380 |      79 |    84.0 | 6,33 | mscpb4.txt |3,1e+02 |
| 1 | 1600 | 5000 |   55 |       0.45 |1585376808380 |      79 |    84.0 | 6,33 | mscpb4.txt |3,2e+02 |
| 1 | 1700 | 5000 |   55 |       0.45 |1585376808380 |      79 |    84.0 | 6,33 | mscpb4.txt |3,3e+02 |
| 1 | 1800 | 5000 |   60 |       0.45 |1585376808380 |      79 |    84.0 | 6,33 | mscpb4.txt |3,5e+02 |
| 1 | 1900 | 5000 |   60 |       0.45 |1585376808380 |      79 |    84.0 | 6,33 | mscpb4.txt |3,6e+02 |
| 1 | 2000 | 5000 |   60 |       0.45 |1585376808380 |      79 |    84.0 | 6,33 | mscpb4.txt |3,8e+02 |
| 1 | 2100 | 5000 |   60 |       0.45 |1585376808380 |      79 |    84.0 | 6,33 | mscpb4.txt |3,9e+02 |
| 1 | 2200 | 5000 |   65 |       0.45 |1585376808380 |      79 |    84.0 | 6,33 | mscpb4.txt |4,0e+02 |
| 1 | 2300 | 5000 |   65 |       0.45 |1585376808380 |      79 |    84.0 | 6,33 | mscpb4.txt |4,1e+02 |
| 1 | 2400 | 5000 |   65 |       0.45 |1585376808380 |      79 |    84.0 | 6,33 | mscpb4.txt |4,3e+02 |
| 1 | 2500 | 5000 |   65 |       0.45 |1585376808380 |      79 |    84.0 | 6,33 | mscpb4.txt |4,4e+02 |
| 1 | 2600 | 5000 |   70 |       0.45 |1585376808380 |      79 |    82.0 | 3,80 | mscpb4.txt |4,6e+02 |
| 1 | 2700 | 5000 |   70 |       0.45 |1585376808380 |      79 |    82.0 | 3,80 | mscpb4.txt |4,7e+02 |
| 1 | 2800 | 5000 |   70 |       0.45 |1585376808380 |      79 |    82.0 | 3,80 | mscpb4.txt |4,9e+02 |
| 1 | 2900 | 5000 |   70 |       0.45 |1585376808380 |      79 |    82.0 | 3,80 | mscpb4.txt |5,1e+02 |
| 1 | 3000 | 5000 |   75 |       0.45 |1585376808380 |      79 |    82.0 | 3,80 | mscpb4.txt |5,4e+02 |
| 1 | 3100 | 5000 |   75 |       0.45 |1585376808380 |      79 |    82.0 | 3,80 | mscpb4.txt |5,6e+02 |
| 1 | 3200 | 5000 |   75 |       0.45 |1585376808380 |      79 |    82.0 | 3,80 | mscpb4.txt |5,7e+02 |
| 1 | 3300 | 5000 |   75 |       0.45 |1585376808380 |      79 |    82.0 | 3,80 | mscpb4.txt |5,8e+02 |
| 1 | 3400 | 5000 |   80 |       0.45 |1585376808380 |      79 |    82.0 | 3,80 | mscpb4.txt |5,9e+02 |
| 1 | 3500 | 5000 |   80 |       0.45 |1585376808380 |      79 |    82.0 | 3,80 | mscpb4.txt |6,1e+02 |
| 1 | 3600 | 5000 |   80 |       0.45 |1585376808380 |      79 |    82.0 | 3,80 | mscpb4.txt |6,2e+02 |
| 1 | 3700 | 5000 |   80 |       0.45 |1585376808380 |      79 |    82.0 | 3,80 | mscpb4.txt |6,3e+02 |
| 1 | 3800 | 5000 |   85 |       0.45 |1585376808380 |      79 |    82.0 | 3,80 | mscpb4.txt |6,5e+02 |
| 1 | 3900 | 5000 |   85 |       0.45 |1585376808380 |      79 |    82.0 | 3,80 | mscpb4.txt |6,7e+02 |
| 1 | 4000 | 5000 |   85 |       0.45 |1585376808380 |      79 |    82.0 | 3,80 | mscpb4.txt |6,9e+02 |
| 1 | 4100 | 5000 |   85 |       0.45 |1585376808380 |      79 |    82.0 | 3,80 | mscpb4.txt |7,0e+02 |
| 1 | 4200 | 5000 |   90 |       0.45 |1585376808380 |      79 |    82.0 | 3,80 | mscpb4.txt |7,1e+02 |
| 1 | 4300 | 5000 |   90 |       0.45 |1585376808380 |      79 |    82.0 | 3,80 | mscpb4.txt |7,3e+02 |
| 1 | 4400 | 5000 |   90 |       0.45 |1585376808380 |      79 |    82.0 | 3,80 | mscpb4.txt |7,4e+02 |
| 1 | 4500 | 5000 |   90 |       0.45 |1585376808380 |      79 |    82.0 | 3,80 | mscpb4.txt |7,5e+02 |
| 1 | 4600 | 5000 |   95 |       0.45 |1585376808380 |      79 |    82.0 | 3,80 | mscpb4.txt |7,8e+02 |
| 1 | 4700 | 5000 |   95 |       0.45 |1585376808380 |      79 |    82.0 | 3,80 | mscpb4.txt |8,0e+02 |
| 1 | 4800 | 5000 |   95 |       0.45 |1585376808380 |      79 |    82.0 | 3,80 | mscpb4.txt |8,1e+02 |
| 1 | 4900 | 5000 |   95 |       0.45 |1585376808380 |      79 |    82.0 | 3,80 | mscpb4.txt |8,1e+02 |
| 1 | 5000 | 5000 |  100 |       0.45 |1585376808380 |      79 |    82.0 | 3,80 | mscpb4.txt |8,2e+02 |
| 1 |  300 | 5000 |  100 |       0.45 |1585376808380 |      79 |    82.0 | 3,80 | mscpb4.txt |8,2e+02 |
| 2 |    1 | 5000 |   35 |       0.25 |1585377633145 |      79 |  2037.0 |2478,48 | mscpb4.txt |0,0050 |
| 2 |  100 | 5000 |   35 |       0.45 |1585377633145 |      79 |   117.0 |48,10 | mscpb4.txt |  4,4 |
| 2 |  200 | 5000 |   35 |       0.45 |1585377633145 |      79 |   105.0 |32,91 | mscpb4.txt |   12 |
| 2 |  300 | 5000 |   35 |       0.45 |1585377633145 |      79 |   100.0 |26,58 | mscpb4.txt |   21 |
| 2 |  400 | 5000 |   40 |       0.45 |1585377633145 |      79 |    86.0 | 8,86 | mscpb4.txt |   54 |
| 2 |  500 | 5000 |   40 |       0.45 |1585377633145 |      79 |    83.0 | 5,06 | mscpb4.txt |   91 |
| 2 |  600 | 5000 |   40 |      0.425 |1585377633145 |      79 |    83.0 | 5,06 | mscpb4.txt |1,3e+02 |
| 2 |  700 | 5000 |   40 |      0.375 |1585377633145 |      79 |    83.0 | 5,06 | mscpb4.txt |1,7e+02 |
| 2 |  800 | 5000 |   40 |      0.425 |1585377633145 |      79 |    82.0 | 3,80 | mscpb4.txt |2,1e+02 |
| 2 |  900 | 5000 |   45 |       0.45 |1585377633145 |      79 |    82.0 | 3,80 | mscpb4.txt |2,5e+02 |
| 2 | 1000 | 5000 |   45 |       0.45 |1585377633145 |      79 |    82.0 | 3,80 | mscpb4.txt |3,0e+02 |
| 2 | 1100 | 5000 |   45 |       0.45 |1585377633145 |      79 |    82.0 | 3,80 | mscpb4.txt |3,4e+02 |
| 2 | 1200 | 5000 |   45 |       0.45 |1585377633145 |      79 |    82.0 | 3,80 | mscpb4.txt |3,9e+02 |
| 2 | 1300 | 5000 |   50 |       0.45 |1585377633145 |      79 |    82.0 | 3,80 | mscpb4.txt |4,4e+02 |
| 2 | 1400 | 5000 |   50 |       0.45 |1585377633145 |      79 |    82.0 | 3,80 | mscpb4.txt |4,9e+02 |
| 2 | 1500 | 5000 |   50 |       0.45 |1585377633145 |      79 |    82.0 | 3,80 | mscpb4.txt |5,4e+02 |
| 2 | 1600 | 5000 |   50 |       0.45 |1585377633145 |      79 |    82.0 | 3,80 | mscpb4.txt |5,8e+02 |
| 2 | 1700 | 5000 |   55 |       0.45 |1585377633145 |      79 |    82.0 | 3,80 | mscpb4.txt |6,0e+02 |
| 2 | 1800 | 5000 |   55 |       0.45 |1585377633145 |      79 |    82.0 | 3,80 | mscpb4.txt |6,3e+02 |
| 2 | 1900 | 5000 |   55 |       0.45 |1585377633145 |      79 |    82.0 | 3,80 | mscpb4.txt |6,4e+02 |
| 2 | 2000 | 5000 |   55 |       0.45 |1585377633145 |      79 |    82.0 | 3,80 | mscpb4.txt |6,5e+02 |
| 2 | 2100 | 5000 |   60 |       0.45 |1585377633145 |      79 |    82.0 | 3,80 | mscpb4.txt |6,6e+02 |
| 2 | 2200 | 5000 |   60 |       0.45 |1585377633145 |      79 |    82.0 | 3,80 | mscpb4.txt |6,8e+02 |
| 2 | 2300 | 5000 |   60 |       0.45 |1585377633145 |      79 |    82.0 | 3,80 | mscpb4.txt |6,9e+02 |
| 2 | 2400 | 5000 |   60 |       0.45 |1585377633145 |      79 |    82.0 | 3,80 | mscpb4.txt |7,0e+02 |
| 2 | 2500 | 5000 |   65 |       0.45 |1585377633145 |      79 |    82.0 | 3,80 | mscpb4.txt |7,2e+02 |
| 2 | 2600 | 5000 |   65 |       0.45 |1585377633145 |      79 |    82.0 | 3,80 | mscpb4.txt |7,4e+02 |
| 2 | 2700 | 5000 |   65 |       0.45 |1585377633145 |      79 |    82.0 | 3,80 | mscpb4.txt |7,7e+02 |
| 2 | 2800 | 5000 |   65 |       0.45 |1585377633145 |      79 |    82.0 | 3,80 | mscpb4.txt |7,9e+02 |
| 2 | 2900 | 5000 |   70 |       0.45 |1585377633145 |      79 |    82.0 | 3,80 | mscpb4.txt |8,1e+02 |
| 2 | 3000 | 5000 |   70 |       0.45 |1585377633145 |      79 |    82.0 | 3,80 | mscpb4.txt |8,4e+02 |
| 2 | 3100 | 5000 |   70 |       0.45 |1585377633145 |      79 |    82.0 | 3,80 | mscpb4.txt |8,6e+02 |
| 2 | 3200 | 5000 |   70 |       0.45 |1585377633145 |      79 |    82.0 | 3,80 | mscpb4.txt |8,8e+02 |
| 2 | 3300 | 5000 |   75 |       0.45 |1585377633145 |      79 |    82.0 | 3,80 | mscpb4.txt |8,9e+02 |
| 2 | 3400 | 5000 |   75 |       0.45 |1585377633145 |      79 |    82.0 | 3,80 | mscpb4.txt |9,0e+02 |
| 2 | 3500 | 5000 |   75 |       0.45 |1585377633145 |      79 |    82.0 | 3,80 | mscpb4.txt |9,1e+02 |
| 2 | 3600 | 5000 |   75 |       0.45 |1585377633145 |      79 |    82.0 | 3,80 | mscpb4.txt |9,2e+02 |
| 2 | 3700 | 5000 |   80 |       0.45 |1585377633145 |      79 |    82.0 | 3,80 | mscpb4.txt |9,3e+02 |
| 2 | 3800 | 5000 |   80 |       0.45 |1585377633145 |      79 |    82.0 | 3,80 | mscpb4.txt |9,4e+02 |
| 2 | 3900 | 5000 |   80 |       0.45 |1585377633145 |      79 |    82.0 | 3,80 | mscpb4.txt |9,5e+02 |
| 2 | 4000 | 5000 |   80 |     0.2875 |1585377633145 |      79 |    82.0 | 3,80 | mscpb4.txt |9,5e+02 |
| 2 | 4100 | 5000 |   85 |       0.45 |1585377633145 |      79 |    82.0 | 3,80 | mscpb4.txt |9,6e+02 |
| 2 | 4200 | 5000 |   85 |       0.45 |1585377633145 |      79 |    82.0 | 3,80 | mscpb4.txt |9,7e+02 |
| 2 | 4300 | 5000 |   85 |       0.45 |1585377633145 |      79 |    82.0 | 3,80 | mscpb4.txt |9,8e+02 |
| 2 | 4400 | 5000 |   85 |       0.45 |1585377633145 |      79 |    82.0 | 3,80 | mscpb4.txt |9,9e+02 |
| 2 | 4500 | 5000 |   90 |       0.45 |1585377633145 |      79 |    82.0 | 3,80 | mscpb4.txt |1,0e+03 |
| 2 | 4600 | 5000 |   90 |       0.45 |1585377633145 |      79 |    82.0 | 3,80 | mscpb4.txt |1,0e+03 |
| 2 | 4700 | 5000 |   90 |       0.45 |1585377633145 |      79 |    82.0 | 3,80 | mscpb4.txt |1,0e+03 |
| 2 | 4800 | 5000 |   90 |       0.45 |1585377633145 |      79 |    82.0 | 3,80 | mscpb4.txt |1,1e+03 |
| 2 | 4900 | 5000 |   95 |       0.45 |1585377633145 |      79 |    82.0 | 3,80 | mscpb4.txt |1,1e+03 |
| 2 | 5000 | 5000 |   95 |       0.45 |1585377633145 |      79 |    82.0 | 3,80 | mscpb4.txt |1,1e+03 |
| 2 |  300 | 5000 |   95 |       0.45 |1585377633145 |      79 |    82.0 | 3,80 | mscpb4.txt |1,1e+03 |
| 3 |    1 | 5000 |   35 |       0.25 |1585378709489 |      79 |   128.0 |62,03 | mscpb4.txt |0,018 |
| 3 |  100 | 5000 |   35 |        0.4 |1585378709489 |      79 |   128.0 |62,03 | mscpb4.txt |  3,2 |
| 3 |  200 | 5000 |   35 | 0.34285715 |1585378709489 |      79 |   117.0 |48,10 | mscpb4.txt |   11 |
| 3 |  300 | 5000 |   40 |       0.45 |1585378709489 |      79 |    86.0 | 8,86 | mscpb4.txt |   43 |
| 3 |  400 | 5000 |   40 |       0.45 |1585378709489 |      79 |    86.0 | 8,86 | mscpb4.txt |   81 |
| 3 |  500 | 5000 |   40 |       0.45 |1585378709489 |      79 |    85.0 | 7,59 | mscpb4.txt |1,2e+02 |
| 3 |  600 | 5000 |   40 |       0.45 |1585378709489 |      79 |    85.0 | 7,59 | mscpb4.txt |1,6e+02 |
| 3 |  700 | 5000 |   45 |       0.45 |1585378709489 |      79 |    84.0 | 6,33 | mscpb4.txt |2,0e+02 |
| 3 |  800 | 5000 |   45 |       0.45 |1585378709489 |      79 |    84.0 | 6,33 | mscpb4.txt |2,5e+02 |
| 3 |  900 | 5000 |   45 |       0.45 |1585378709489 |      79 |    84.0 | 6,33 | mscpb4.txt |2,9e+02 |
| 3 | 1000 | 5000 |   45 | 0.37777779 |1585378709489 |      79 |    84.0 | 6,33 | mscpb4.txt |3,2e+02 |
| 3 | 1100 | 5000 |   50 |       0.45 |1585378709489 |      79 |    84.0 | 6,33 | mscpb4.txt |3,4e+02 |
| 3 | 1200 | 5000 |   50 |       0.45 |1585378709489 |      79 |    84.0 | 6,33 | mscpb4.txt |3,7e+02 |
| 3 | 1300 | 5000 |   50 |       0.45 |1585378709489 |      79 |    84.0 | 6,33 | mscpb4.txt |3,8e+02 |
| 3 | 1400 | 5000 |   50 |       0.45 |1585378709489 |      79 |    84.0 | 6,33 | mscpb4.txt |3,8e+02 |
| 3 | 1500 | 5000 |   55 |       0.45 |1585378709489 |      79 |    84.0 | 6,33 | mscpb4.txt |4,0e+02 |
| 3 | 1600 | 5000 |   55 |       0.45 |1585378709489 |      79 |    84.0 | 6,33 | mscpb4.txt |4,1e+02 |
| 3 | 1700 | 5000 |   55 |       0.45 |1585378709489 |      79 |    84.0 | 6,33 | mscpb4.txt |4,2e+02 |
| 3 | 1800 | 5000 |   55 | 0.23636363 |1585378709489 |      79 |    84.0 | 6,33 | mscpb4.txt |4,2e+02 |
| 3 | 1900 | 5000 |   60 |       0.45 |1585378709489 |      79 |    84.0 | 6,33 | mscpb4.txt |4,3e+02 |
| 3 | 2000 | 5000 |   60 |       0.45 |1585378709489 |      79 |    84.0 | 6,33 | mscpb4.txt |4,4e+02 |
| 3 | 2100 | 5000 |   60 |       0.45 |1585378709489 |      79 |    84.0 | 6,33 | mscpb4.txt |4,5e+02 |
| 3 | 2200 | 5000 |   60 |       0.45 |1585378709489 |      79 |    84.0 | 6,33 | mscpb4.txt |4,6e+02 |
| 3 | 2300 | 5000 |   65 |       0.45 |1585378709489 |      79 |    84.0 | 6,33 | mscpb4.txt |4,8e+02 |
| 3 | 2400 | 5000 |   65 |       0.45 |1585378709489 |      79 |    84.0 | 6,33 | mscpb4.txt |4,9e+02 |
| 3 | 2500 | 5000 |   65 |       0.45 |1585378709489 |      79 |    83.0 | 5,06 | mscpb4.txt |5,0e+02 |
| 3 | 2600 | 5000 |   65 | 0.41538462 |1585378709489 |      79 |    83.0 | 5,06 | mscpb4.txt |5,0e+02 |
| 3 | 2700 | 5000 |   70 |       0.45 |1585378709489 |      79 |    83.0 | 5,06 | mscpb4.txt |5,1e+02 |
| 3 | 2800 | 5000 |   70 |       0.45 |1585378709489 |      79 |    83.0 | 5,06 | mscpb4.txt |5,2e+02 |
| 3 | 2900 | 5000 |   70 |       0.45 |1585378709489 |      79 |    83.0 | 5,06 | mscpb4.txt |5,4e+02 |
| 3 | 3000 | 5000 |   70 |       0.45 |1585378709489 |      79 |    83.0 | 5,06 | mscpb4.txt |5,5e+02 |
| 3 | 3100 | 5000 |   75 |       0.45 |1585378709489 |      79 |    83.0 | 5,06 | mscpb4.txt |5,6e+02 |
| 3 | 3200 | 5000 |   75 |       0.45 |1585378709489 |      79 |    83.0 | 5,06 | mscpb4.txt |5,8e+02 |
| 3 | 3300 | 5000 |   75 |       0.45 |1585378709489 |      79 |    83.0 | 5,06 | mscpb4.txt |6,0e+02 |
| 3 | 3400 | 5000 |   75 |       0.45 |1585378709489 |      79 |    83.0 | 5,06 | mscpb4.txt |6,2e+02 |
| 3 | 3500 | 5000 |   80 |       0.45 |1585378709489 |      79 |    83.0 | 5,06 | mscpb4.txt |6,3e+02 |
| 3 | 3600 | 5000 |   80 |       0.45 |1585378709489 |      79 |    83.0 | 5,06 | mscpb4.txt |6,5e+02 |
| 3 | 3700 | 5000 |   80 |       0.45 |1585378709489 |      79 |    83.0 | 5,06 | mscpb4.txt |6,6e+02 |
| 3 | 3800 | 5000 |   80 |      0.425 |1585378709489 |      79 |    83.0 | 5,06 | mscpb4.txt |6,6e+02 |
| 3 | 3900 | 5000 |   85 |       0.45 |1585378709489 |      79 |    83.0 | 5,06 | mscpb4.txt |6,8e+02 |
| 3 | 4000 | 5000 |   85 |       0.45 |1585378709489 |      79 |    83.0 | 5,06 | mscpb4.txt |6,9e+02 |
| 3 | 4100 | 5000 |   85 |       0.45 |1585378709489 |      79 |    83.0 | 5,06 | mscpb4.txt |6,9e+02 |
| 3 | 4200 | 5000 |   85 | 0.25882354 |1585378709489 |      79 |    83.0 | 5,06 | mscpb4.txt |7,0e+02 |
| 3 | 4300 | 5000 |   90 |       0.45 |1585378709489 |      79 |    83.0 | 5,06 | mscpb4.txt |7,1e+02 |
| 3 | 4400 | 5000 |   90 |       0.45 |1585378709489 |      79 |    83.0 | 5,06 | mscpb4.txt |7,2e+02 |
| 3 | 4500 | 5000 |   90 |       0.45 |1585378709489 |      79 |    83.0 | 5,06 | mscpb4.txt |7,3e+02 |
| 3 | 4600 | 5000 |   90 |       0.45 |1585378709489 |      79 |    83.0 | 5,06 | mscpb4.txt |7,4e+02 |
| 3 | 4700 | 5000 |   95 |       0.45 |1585378709489 |      79 |    83.0 | 5,06 | mscpb4.txt |7,6e+02 |
| 3 | 4800 | 5000 |   95 |       0.45 |1585378709489 |      79 |    83.0 | 5,06 | mscpb4.txt |7,8e+02 |
| 3 | 4900 | 5000 |   95 |       0.45 |1585378709489 |      79 |    83.0 | 5,06 | mscpb4.txt |7,9e+02 |
| 3 | 5000 | 5000 |   95 |       0.45 |1585378709489 |      79 |    83.0 | 5,06 | mscpb4.txt |8,1e+02 |
| 3 |  300 | 5000 |  100 |       0.45 |1585378709489 |      79 |    83.0 | 5,06 | mscpb4.txt |8,1e+02 |
| 4 |    1 | 5000 |   35 |       0.25 |1585379518638 |      79 |  2070.0 |2520,25 | mscpb4.txt |0,0060 |
| 4 |  100 | 5000 |   35 | 0.34285715 |1585379518638 |      79 |   139.0 |75,95 | mscpb4.txt |  1,5 |
| 4 |  200 | 5000 |   35 | 0.34285715 |1585379518638 |      79 |   139.0 |75,95 | mscpb4.txt |  7,9 |
| 4 |  300 | 5000 |   35 |       0.45 |1585379518638 |      79 |   101.0 |27,85 | mscpb4.txt |   19 |
| 4 |  400 | 5000 |   35 |        0.4 |1585379518638 |      79 |    98.0 |24,05 | mscpb4.txt |   35 |
| 4 |  500 | 5000 |   40 |       0.45 |1585379518638 |      79 |    84.0 | 6,33 | mscpb4.txt |   71 |
| 4 |  600 | 5000 |   40 |        0.4 |1585379518638 |      79 |    83.0 | 5,06 | mscpb4.txt |1,1e+02 |
| 4 |  700 | 5000 |   40 |       0.35 |1585379518638 |      79 |    83.0 | 5,06 | mscpb4.txt |1,5e+02 |
| 4 |  800 | 5000 |   40 |      0.375 |1585379518638 |      79 |    83.0 | 5,06 | mscpb4.txt |1,9e+02 |
| 4 |  900 | 5000 |   45 |       0.45 |1585379518638 |      79 |    83.0 | 5,06 | mscpb4.txt |2,2e+02 |
| 4 | 1000 | 5000 |   45 |       0.45 |1585379518638 |      79 |    83.0 | 5,06 | mscpb4.txt |2,4e+02 |
| 4 | 1100 | 5000 |   45 |       0.45 |1585379518638 |      79 |    82.0 | 3,80 | mscpb4.txt |2,5e+02 |
| 4 | 1200 | 5000 |   45 |       0.45 |1585379518638 |      79 |    82.0 | 3,80 | mscpb4.txt |2,6e+02 |
| 4 | 1300 | 5000 |   50 |       0.45 |1585379518638 |      79 |    82.0 | 3,80 | mscpb4.txt |2,7e+02 |
| 4 | 1400 | 5000 |   50 |       0.45 |1585379518638 |      79 |    82.0 | 3,80 | mscpb4.txt |2,9e+02 |
| 4 | 1500 | 5000 |   50 |       0.45 |1585379518638 |      79 |    82.0 | 3,80 | mscpb4.txt |3,1e+02 |
| 4 | 1600 | 5000 |   50 |       0.45 |1585379518638 |      79 |    82.0 | 3,80 | mscpb4.txt |3,2e+02 |
| 4 | 1700 | 5000 |   55 |       0.45 |1585379518638 |      79 |    82.0 | 3,80 | mscpb4.txt |3,5e+02 |
| 4 | 1800 | 5000 |   55 |       0.45 |1585379518638 |      79 |    82.0 | 3,80 | mscpb4.txt |3,7e+02 |
| 4 | 1900 | 5000 |   55 |       0.45 |1585379518638 |      79 |    82.0 | 3,80 | mscpb4.txt |3,8e+02 |
| 4 | 2000 | 5000 |   55 |       0.45 |1585379518638 |      79 |    82.0 | 3,80 | mscpb4.txt |3,9e+02 |
| 4 | 2100 | 5000 |   60 |       0.45 |1585379518638 |      79 |    82.0 | 3,80 | mscpb4.txt |4,0e+02 |
| 4 | 2200 | 5000 |   60 |       0.45 |1585379518638 |      79 |    82.0 | 3,80 | mscpb4.txt |4,1e+02 |
| 4 | 2300 | 5000 |   60 |       0.45 |1585379518638 |      79 |    82.0 | 3,80 | mscpb4.txt |4,2e+02 |
| 4 | 2400 | 5000 |   60 |       0.45 |1585379518638 |      79 |    82.0 | 3,80 | mscpb4.txt |4,3e+02 |
| 4 | 2500 | 5000 |   65 |       0.45 |1585379518638 |      79 |    81.0 | 2,53 | mscpb4.txt |4,5e+02 |
| 4 | 2600 | 5000 |   65 |       0.45 |1585379518638 |      79 |    81.0 | 2,53 | mscpb4.txt |4,7e+02 |
| 4 | 2700 | 5000 |   65 |       0.45 |1585379518638 |      79 |    81.0 | 2,53 | mscpb4.txt |4,8e+02 |
| 4 | 2800 | 5000 |   65 |       0.45 |1585379518638 |      79 |    81.0 | 2,53 | mscpb4.txt |5,0e+02 |
| 4 | 2900 | 5000 |   70 |       0.45 |1585379518638 |      79 |    81.0 | 2,53 | mscpb4.txt |5,2e+02 |
| 4 | 3000 | 5000 |   70 |       0.45 |1585379518638 |      79 |    81.0 | 2,53 | mscpb4.txt |5,5e+02 |
| 4 | 3100 | 5000 |   70 |       0.45 |1585379518638 |      79 |    81.0 | 2,53 | mscpb4.txt |5,6e+02 |
| 4 | 3200 | 5000 |   70 |       0.45 |1585379518638 |      79 |    81.0 | 2,53 | mscpb4.txt |5,7e+02 |
| 4 | 3300 | 5000 |   75 |       0.45 |1585379518638 |      79 |    81.0 | 2,53 | mscpb4.txt |5,8e+02 |
| 4 | 3400 | 5000 |   75 |       0.45 |1585379518638 |      79 |    81.0 | 2,53 | mscpb4.txt |5,9e+02 |
| 4 | 3500 | 5000 |   75 |       0.45 |1585379518638 |      79 |    81.0 | 2,53 | mscpb4.txt |6,0e+02 |
| 4 | 3600 | 5000 |   75 |       0.45 |1585379518638 |      79 |    81.0 | 2,53 | mscpb4.txt |6,1e+02 |
| 4 | 3700 | 5000 |   80 |       0.45 |1585379518638 |      79 |    81.0 | 2,53 | mscpb4.txt |6,3e+02 |
| 4 | 3800 | 5000 |   80 |       0.45 |1585379518638 |      79 |    81.0 | 2,53 | mscpb4.txt |6,4e+02 |
| 4 | 3900 | 5000 |   80 |       0.45 |1585379518638 |      79 |    81.0 | 2,53 | mscpb4.txt |6,6e+02 |
| 4 | 4000 | 5000 |   80 |       0.45 |1585379518638 |      79 |    81.0 | 2,53 | mscpb4.txt |6,8e+02 |
| 4 | 4100 | 5000 |   85 |       0.45 |1585379518638 |      79 |    81.0 | 2,53 | mscpb4.txt |7,0e+02 |
| 4 | 4200 | 5000 |   85 |       0.45 |1585379518638 |      79 |    81.0 | 2,53 | mscpb4.txt |7,1e+02 |
| 4 | 4300 | 5000 |   85 |       0.45 |1585379518638 |      79 |    81.0 | 2,53 | mscpb4.txt |7,2e+02 |
| 4 | 4400 | 5000 |   85 |       0.45 |1585379518638 |      79 |    81.0 | 2,53 | mscpb4.txt |7,3e+02 |
| 4 | 4500 | 5000 |   90 |       0.45 |1585379518638 |      79 |    81.0 | 2,53 | mscpb4.txt |7,4e+02 |
| 4 | 4600 | 5000 |   90 |       0.45 |1585379518638 |      79 |    81.0 | 2,53 | mscpb4.txt |7,5e+02 |
| 4 | 4700 | 5000 |   90 |       0.45 |1585379518638 |      79 |    81.0 | 2,53 | mscpb4.txt |7,6e+02 |
| 4 | 4800 | 5000 |   90 |       0.45 |1585379518638 |      79 |    81.0 | 2,53 | mscpb4.txt |7,7e+02 |
| 4 | 4900 | 5000 |   95 |       0.45 |1585379518638 |      79 |    81.0 | 2,53 | mscpb4.txt |7,8e+02 |
| 4 | 5000 | 5000 |   95 |       0.45 |1585379518638 |      79 |    81.0 | 2,53 | mscpb4.txt |8,0e+02 |
| 4 |  300 | 5000 |   95 |       0.45 |1585379518638 |      79 |    81.0 | 2,53 | mscpb4.txt |8,0e+02 |
| 5 |    1 | 5000 |   35 |       0.25 |1585380316990 |      79 |  1930.0 |2343,04 | mscpb4.txt |0,0060 |
| 5 |  100 | 5000 |   35 |        0.4 |1585380316990 |      79 |   127.0 |60,76 | mscpb4.txt |  1,3 |
| 5 |  200 | 5000 |   35 |  0.2857143 |1585380316990 |      79 |   114.0 |44,30 | mscpb4.txt |  3,5 |
| 5 |  300 | 5000 |   40 |       0.45 |1585380316990 |      79 |    89.0 |12,66 | mscpb4.txt |   30 |
| 5 |  400 | 5000 |   40 |       0.45 |1585380316990 |      79 |    86.0 | 8,86 | mscpb4.txt |   61 |
| 5 |  500 | 5000 |   40 |       0.45 |1585380316990 |      79 |    86.0 | 8,86 | mscpb4.txt |   93 |
| 5 |  600 | 5000 |   40 |       0.45 |1585380316990 |      79 |    84.0 | 6,33 | mscpb4.txt |1,3e+02 |
| 5 |  700 | 5000 |   45 |       0.45 |1585380316990 |      79 |    84.0 | 6,33 | mscpb4.txt |1,6e+02 |
| 5 |  800 | 5000 |   45 |       0.45 |1585380316990 |      79 |    84.0 | 6,33 | mscpb4.txt |2,0e+02 |
| 5 |  900 | 5000 |   45 |       0.45 |1585380316990 |      79 |    84.0 | 6,33 | mscpb4.txt |2,4e+02 |
| 5 | 1000 | 5000 |   45 |       0.45 |1585380316990 |      79 |    82.0 | 3,80 | mscpb4.txt |2,8e+02 |
| 5 |  300 | 5000 |   50 |       0.45 |1585380316990 |      79 |    79.0 | 0,00 | mscpb4.txt |3,1e+02 |
| 6 |    1 | 5000 |   35 |       0.25 |1585380629127 |      79 |  1949.0 |2367,09 | mscpb4.txt |0,016 |
| 6 |  100 | 5000 |   35 |       0.45 |1585380629127 |      79 |   127.0 |60,76 | mscpb4.txt |  1,1 |
| 6 |  200 | 5000 |   35 |       0.45 |1585380629127 |      79 |   116.0 |46,84 | mscpb4.txt |  4,2 |
| 6 |  300 | 5000 |   35 | 0.31428573 |1585380629127 |      79 |   111.0 |40,51 | mscpb4.txt |   10 |
| 6 |  400 | 5000 |   35 | 0.37142858 |1585380629127 |      79 |    97.0 |22,78 | mscpb4.txt |   18 |
| 6 |  500 | 5000 |   40 |       0.45 |1585380629127 |      79 |    86.0 | 8,86 | mscpb4.txt |   46 |
| 6 |  600 | 5000 |   40 |       0.45 |1585380629127 |      79 |    86.0 | 8,86 | mscpb4.txt |   78 |
| 6 |  700 | 5000 |   40 |       0.45 |1585380629127 |      79 |    86.0 | 8,86 | mscpb4.txt |1,1e+02 |
| 6 |  800 | 5000 |   40 |       0.45 |1585380629127 |      79 |    83.0 | 5,06 | mscpb4.txt |1,3e+02 |
| 6 |  900 | 5000 |   45 |       0.45 |1585380629127 |      79 |    82.0 | 3,80 | mscpb4.txt |1,6e+02 |
| 6 | 1000 | 5000 |   45 |       0.45 |1585380629127 |      79 |    82.0 | 3,80 | mscpb4.txt |1,9e+02 |
| 6 | 1100 | 5000 |   45 |       0.45 |1585380629127 |      79 |    81.0 | 2,53 | mscpb4.txt |2,2e+02 |
| 6 | 1200 | 5000 |   45 |       0.45 |1585380629127 |      79 |    81.0 | 2,53 | mscpb4.txt |2,5e+02 |
| 6 | 1300 | 5000 |   50 |       0.45 |1585380629127 |      79 |    81.0 | 2,53 | mscpb4.txt |2,9e+02 |
| 6 | 1400 | 5000 |   50 |       0.45 |1585380629127 |      79 |    81.0 | 2,53 | mscpb4.txt |3,2e+02 |
| 6 | 1500 | 5000 |   50 |       0.45 |1585380629127 |      79 |    81.0 | 2,53 | mscpb4.txt |3,4e+02 |
| 6 | 1600 | 5000 |   50 |       0.45 |1585380629127 |      79 |    81.0 | 2,53 | mscpb4.txt |3,7e+02 |
| 6 | 1700 | 5000 |   55 |       0.45 |1585380629127 |      79 |    81.0 | 2,53 | mscpb4.txt |4,0e+02 |
| 6 | 1800 | 5000 |   55 |       0.45 |1585380629127 |      79 |    81.0 | 2,53 | mscpb4.txt |4,3e+02 |
| 6 | 1900 | 5000 |   55 |       0.45 |1585380629127 |      79 |    81.0 | 2,53 | mscpb4.txt |4,6e+02 |
| 6 | 2000 | 5000 |   55 |       0.45 |1585380629127 |      79 |    81.0 | 2,53 | mscpb4.txt |4,9e+02 |
| 6 | 2100 | 5000 |   60 |       0.45 |1585380629127 |      79 |    81.0 | 2,53 | mscpb4.txt |5,2e+02 |
| 6 | 2200 | 5000 |   60 |       0.45 |1585380629127 |      79 |    81.0 | 2,53 | mscpb4.txt |5,6e+02 |
| 6 | 2300 | 5000 |   60 |       0.45 |1585380629127 |      79 |    81.0 | 2,53 | mscpb4.txt |5,9e+02 |
| 6 | 2400 | 5000 |   60 |       0.45 |1585380629127 |      79 |    81.0 | 2,53 | mscpb4.txt |6,3e+02 |
| 6 | 2500 | 5000 |   65 |       0.45 |1585380629127 |      79 |    81.0 | 2,53 | mscpb4.txt |6,7e+02 |
| 6 | 2600 | 5000 |   65 |       0.45 |1585380629127 |      79 |    81.0 | 2,53 | mscpb4.txt |7,0e+02 |
| 6 | 2700 | 5000 |   65 |       0.45 |1585380629127 |      79 |    81.0 | 2,53 | mscpb4.txt |7,3e+02 |
| 6 | 2800 | 5000 |   65 |       0.45 |1585380629127 |      79 |    81.0 | 2,53 | mscpb4.txt |7,5e+02 |
| 6 | 2900 | 5000 |   70 |       0.45 |1585380629127 |      79 |    81.0 | 2,53 | mscpb4.txt |7,9e+02 |
| 6 | 3000 | 5000 |   70 |       0.45 |1585380629127 |      79 |    81.0 | 2,53 | mscpb4.txt |8,2e+02 |
| 6 | 3100 | 5000 |   70 |       0.45 |1585380629127 |      79 |    81.0 | 2,53 | mscpb4.txt |8,5e+02 |
| 6 | 3200 | 5000 |   70 |       0.45 |1585380629127 |      79 |    81.0 | 2,53 | mscpb4.txt |8,8e+02 |
| 6 | 3300 | 5000 |   75 |       0.45 |1585380629127 |      79 |    81.0 | 2,53 | mscpb4.txt |9,2e+02 |
| 6 | 3400 | 5000 |   75 |       0.45 |1585380629127 |      79 |    81.0 | 2,53 | mscpb4.txt |9,6e+02 |
| 6 | 3500 | 5000 |   75 |       0.45 |1585380629127 |      79 |    81.0 | 2,53 | mscpb4.txt |1,0e+03 |
| 6 | 3600 | 5000 |   75 |       0.45 |1585380629127 |      79 |    81.0 | 2,53 | mscpb4.txt |1,0e+03 |
| 6 | 3700 | 5000 |   80 |       0.45 |1585380629127 |      79 |    81.0 | 2,53 | mscpb4.txt |1,1e+03 |
| 6 | 3800 | 5000 |   80 |       0.45 |1585380629127 |      79 |    81.0 | 2,53 | mscpb4.txt |1,1e+03 |
| 6 | 3900 | 5000 |   80 |       0.45 |1585380629127 |      79 |    81.0 | 2,53 | mscpb4.txt |1,2e+03 |
| 6 | 4000 | 5000 |   80 |       0.45 |1585380629127 |      79 |    81.0 | 2,53 | mscpb4.txt |1,2e+03 |
| 6 | 4100 | 5000 |   85 |       0.45 |1585380629127 |      79 |    81.0 | 2,53 | mscpb4.txt |1,3e+03 |
| 6 | 4200 | 5000 |   85 |       0.45 |1585380629127 |      79 |    81.0 | 2,53 | mscpb4.txt |1,3e+03 |
| 6 | 4300 | 5000 |   85 |       0.45 |1585380629127 |      79 |    81.0 | 2,53 | mscpb4.txt |1,3e+03 |
| 6 | 4400 | 5000 |   85 |       0.45 |1585380629127 |      79 |    81.0 | 2,53 | mscpb4.txt |1,4e+03 |
| 6 | 4500 | 5000 |   90 |       0.45 |1585380629127 |      79 |    81.0 | 2,53 | mscpb4.txt |1,4e+03 |
| 6 | 4600 | 5000 |   90 |       0.45 |1585380629127 |      79 |    81.0 | 2,53 | mscpb4.txt |1,4e+03 |
| 6 | 4700 | 5000 |   90 |       0.45 |1585380629127 |      79 |    81.0 | 2,53 | mscpb4.txt |1,4e+03 |
| 6 | 4800 | 5000 |   90 |       0.45 |1585380629127 |      79 |    81.0 | 2,53 | mscpb4.txt |1,4e+03 |
| 6 | 4900 | 5000 |   95 |       0.45 |1585380629127 |      79 |    81.0 | 2,53 | mscpb4.txt |1,4e+03 |
| 6 | 5000 | 5000 |   95 |       0.45 |1585380629127 |      79 |    81.0 | 2,53 | mscpb4.txt |1,5e+03 |
| 6 |  300 | 5000 |   95 |       0.45 |1585380629127 |      79 |    81.0 | 2,53 | mscpb4.txt |1,5e+03 |
| 7 |    1 | 5000 |   35 |       0.25 |1585382084563 |      79 |  2034.0 |2474,68 | mscpb4.txt |0,010 |
| 7 |  100 | 5000 |   35 | 0.22857143 |1585382084563 |      79 |   142.0 |79,75 | mscpb4.txt |  1,8 |
| 7 |  200 | 5000 |   35 | 0.37142858 |1585382084563 |      79 |   113.0 |43,04 | mscpb4.txt |  5,3 |
| 7 |  300 | 5000 |   40 |       0.45 |1585382084563 |      79 |    89.0 |12,66 | mscpb4.txt |   31 |
| 7 |  400 | 5000 |   40 |        0.3 |1585382084563 |      79 |    89.0 |12,66 | mscpb4.txt |   55 |
| 7 |  500 | 5000 |   40 |      0.375 |1585382084563 |      79 |    89.0 |12,66 | mscpb4.txt |   79 |
| 7 |  600 | 5000 |   40 |       0.45 |1585382084563 |      79 |    88.0 |11,39 | mscpb4.txt |1,0e+02 |
| 7 |  700 | 5000 |   45 |       0.45 |1585382084563 |      79 |    84.0 | 6,33 | mscpb4.txt |1,3e+02 |
| 7 |  800 | 5000 |   45 |       0.45 |1585382084563 |      79 |    84.0 | 6,33 | mscpb4.txt |1,5e+02 |
| 7 |  900 | 5000 |   45 |       0.45 |1585382084563 |      79 |    84.0 | 6,33 | mscpb4.txt |1,6e+02 |
| 7 | 1000 | 5000 |   45 |       0.45 |1585382084563 |      79 |    84.0 | 6,33 | mscpb4.txt |1,8e+02 |
| 7 | 1100 | 5000 |   50 |       0.45 |1585382084563 |      79 |    84.0 | 6,33 | mscpb4.txt |2,0e+02 |
| 7 | 1200 | 5000 |   50 |       0.45 |1585382084563 |      79 |    82.0 | 3,80 | mscpb4.txt |2,2e+02 |
| 7 | 1300 | 5000 |   50 |       0.45 |1585382084563 |      79 |    82.0 | 3,80 | mscpb4.txt |2,4e+02 |
| 7 | 1400 | 5000 |   50 |       0.45 |1585382084563 |      79 |    81.0 | 2,53 | mscpb4.txt |2,6e+02 |
| 7 | 1500 | 5000 |   55 |       0.45 |1585382084563 |      79 |    81.0 | 2,53 | mscpb4.txt |2,9e+02 |
| 7 | 1600 | 5000 |   55 |       0.45 |1585382084563 |      79 |    81.0 | 2,53 | mscpb4.txt |3,1e+02 |
| 7 | 1700 | 5000 |   55 |       0.45 |1585382084563 |      79 |    81.0 | 2,53 | mscpb4.txt |3,4e+02 |
| 7 | 1800 | 5000 |   55 |       0.45 |1585382084563 |      79 |    81.0 | 2,53 | mscpb4.txt |3,7e+02 |
| 7 | 1900 | 5000 |   60 |       0.45 |1585382084563 |      79 |    81.0 | 2,53 | mscpb4.txt |4,0e+02 |
| 7 | 2000 | 5000 |   60 |       0.45 |1585382084563 |      79 |    81.0 | 2,53 | mscpb4.txt |4,3e+02 |
| 7 | 2100 | 5000 |   60 |       0.45 |1585382084563 |      79 |    81.0 | 2,53 | mscpb4.txt |4,5e+02 |
| 7 | 2200 | 5000 |   60 |       0.45 |1585382084563 |      79 |    81.0 | 2,53 | mscpb4.txt |4,6e+02 |
| 7 | 2300 | 5000 |   65 |       0.45 |1585382084563 |      79 |    81.0 | 2,53 | mscpb4.txt |4,7e+02 |
| 7 | 2400 | 5000 |   65 |       0.45 |1585382084563 |      79 |    81.0 | 2,53 | mscpb4.txt |4,8e+02 |
| 7 | 2500 | 5000 |   65 |       0.45 |1585382084563 |      79 |    81.0 | 2,53 | mscpb4.txt |5,0e+02 |
| 7 | 2600 | 5000 |   65 |       0.45 |1585382084563 |      79 |    81.0 | 2,53 | mscpb4.txt |5,1e+02 |
| 7 | 2700 | 5000 |   70 |       0.45 |1585382084563 |      79 |    81.0 | 2,53 | mscpb4.txt |5,2e+02 |
| 7 | 2800 | 5000 |   70 |       0.45 |1585382084563 |      79 |    81.0 | 2,53 | mscpb4.txt |5,3e+02 |
| 7 | 2900 | 5000 |   70 |       0.45 |1585382084563 |      79 |    81.0 | 2,53 | mscpb4.txt |5,5e+02 |
| 7 | 3000 | 5000 |   70 |       0.45 |1585382084563 |      79 |    81.0 | 2,53 | mscpb4.txt |5,6e+02 |
| 7 | 3100 | 5000 |   75 |       0.45 |1585382084563 |      79 |    81.0 | 2,53 | mscpb4.txt |5,8e+02 |
| 7 | 3200 | 5000 |   75 |       0.45 |1585382084563 |      79 |    81.0 | 2,53 | mscpb4.txt |5,9e+02 |
| 7 | 3300 | 5000 |   75 |       0.45 |1585382084563 |      79 |    81.0 | 2,53 | mscpb4.txt |6,0e+02 |
| 7 | 3400 | 5000 |   75 |       0.45 |1585382084563 |      79 |    81.0 | 2,53 | mscpb4.txt |6,1e+02 |
| 7 | 3500 | 5000 |   80 |       0.45 |1585382084563 |      79 |    81.0 | 2,53 | mscpb4.txt |6,2e+02 |
| 7 | 3600 | 5000 |   80 |       0.45 |1585382084563 |      79 |    81.0 | 2,53 | mscpb4.txt |6,4e+02 |
| 7 | 3700 | 5000 |   80 |       0.45 |1585382084563 |      79 |    81.0 | 2,53 | mscpb4.txt |6,6e+02 |
| 7 | 3800 | 5000 |   80 |       0.45 |1585382084563 |      79 |    81.0 | 2,53 | mscpb4.txt |6,7e+02 |
| 7 | 3900 | 5000 |   85 |       0.45 |1585382084563 |      79 |    81.0 | 2,53 | mscpb4.txt |6,9e+02 |
| 7 | 4000 | 5000 |   85 |       0.45 |1585382084563 |      79 |    81.0 | 2,53 | mscpb4.txt |7,1e+02 |
| 7 | 4100 | 5000 |   85 |       0.45 |1585382084563 |      79 |    81.0 | 2,53 | mscpb4.txt |7,3e+02 |
| 7 | 4200 | 5000 |   85 |       0.45 |1585382084563 |      79 |    81.0 | 2,53 | mscpb4.txt |7,4e+02 |
| 7 | 4300 | 5000 |   90 |       0.45 |1585382084563 |      79 |    81.0 | 2,53 | mscpb4.txt |7,5e+02 |
| 7 | 4400 | 5000 |   90 |       0.45 |1585382084563 |      79 |    81.0 | 2,53 | mscpb4.txt |7,7e+02 |
| 7 | 4500 | 5000 |   90 |       0.45 |1585382084563 |      79 |    81.0 | 2,53 | mscpb4.txt |7,8e+02 |
| 7 | 4600 | 5000 |   90 |       0.45 |1585382084563 |      79 |    81.0 | 2,53 | mscpb4.txt |7,9e+02 |
| 7 | 4700 | 5000 |   95 |       0.45 |1585382084563 |      79 |    81.0 | 2,53 | mscpb4.txt |8,1e+02 |
| 7 | 4800 | 5000 |   95 |       0.45 |1585382084563 |      79 |    81.0 | 2,53 | mscpb4.txt |8,2e+02 |
| 7 | 4900 | 5000 |   95 |       0.45 |1585382084563 |      79 |    81.0 | 2,53 | mscpb4.txt |8,3e+02 |
| 7 | 5000 | 5000 |   95 |       0.45 |1585382084563 |      79 |    81.0 | 2,53 | mscpb4.txt |8,4e+02 |
| 7 |  300 | 5000 |  100 |       0.45 |1585382084563 |      79 |    81.0 | 2,53 | mscpb4.txt |8,4e+02 |
| 8 |    1 | 5000 |   35 |       0.25 |1585382920598 |      79 |  1971.0 |2394,94 | mscpb4.txt |0,0050 |
| 8 |  100 | 5000 |   35 | 0.42857143 |1585382920598 |      79 |   121.0 |53,16 | mscpb4.txt |  1,4 |
| 8 |  200 | 5000 |   35 | 0.31428573 |1585382920598 |      79 |   121.0 |53,16 | mscpb4.txt |  7,5 |
| 8 |  300 | 5000 |   35 | 0.22857143 |1585382920598 |      79 |   103.0 |30,38 | mscpb4.txt |   18 |
| 8 |  400 | 5000 |   35 | 0.31428573 |1585382920598 |      79 |    93.0 |17,72 | mscpb4.txt |   35 |
| 8 |  500 | 5000 |   40 |       0.45 |1585382920598 |      79 |    85.0 | 7,59 | mscpb4.txt |   64 |
| 8 |  600 | 5000 |   40 |       0.45 |1585382920598 |      79 |    85.0 | 7,59 | mscpb4.txt |   96 |
| 8 |  700 | 5000 |   40 |       0.45 |1585382920598 |      79 |    85.0 | 7,59 | mscpb4.txt |1,3e+02 |
| 8 |  800 | 5000 |   40 |       0.35 |1585382920598 |      79 |    84.0 | 6,33 | mscpb4.txt |1,5e+02 |
| 8 |  900 | 5000 |   45 |       0.45 |1585382920598 |      79 |    84.0 | 6,33 | mscpb4.txt |1,8e+02 |
| 8 | 1000 | 5000 |   45 |       0.45 |1585382920598 |      79 |    83.0 | 5,06 | mscpb4.txt |2,1e+02 |
| 8 | 1100 | 5000 |   45 |       0.45 |1585382920598 |      79 |    82.0 | 3,80 | mscpb4.txt |2,4e+02 |
| 8 | 1200 | 5000 |   45 |       0.45 |1585382920598 |      79 |    82.0 | 3,80 | mscpb4.txt |2,7e+02 |
| 8 | 1300 | 5000 |   50 |       0.45 |1585382920598 |      79 |    81.0 | 2,53 | mscpb4.txt |3,0e+02 |
| 8 | 1400 | 5000 |   50 |       0.45 |1585382920598 |      79 |    81.0 | 2,53 | mscpb4.txt |3,4e+02 |
| 8 | 1500 | 5000 |   50 |       0.45 |1585382920598 |      79 |    81.0 | 2,53 | mscpb4.txt |3,7e+02 |
| 8 | 1600 | 5000 |   50 |       0.45 |1585382920598 |      79 |    81.0 | 2,53 | mscpb4.txt |4,1e+02 |
| 8 | 1700 | 5000 |   55 | 0.43636364 |1585382920598 |      79 |    81.0 | 2,53 | mscpb4.txt |4,5e+02 |
| 8 | 1800 | 5000 |   55 | 0.43636364 |1585382920598 |      79 |    81.0 | 2,53 | mscpb4.txt |4,9e+02 |
| 8 | 1900 | 5000 |   55 |       0.45 |1585382920598 |      79 |    81.0 | 2,53 | mscpb4.txt |5,3e+02 |
| 8 | 2000 | 5000 |   55 |       0.45 |1585382920598 |      79 |    81.0 | 2,53 | mscpb4.txt |5,7e+02 |
| 8 | 2100 | 5000 |   60 |       0.45 |1585382920598 |      79 |    81.0 | 2,53 | mscpb4.txt |6,2e+02 |
| 8 | 2200 | 5000 |   60 | 0.43333334 |1585382920598 |      79 |    81.0 | 2,53 | mscpb4.txt |6,7e+02 |
| 8 | 2300 | 5000 |   60 | 0.43333334 |1585382920598 |      79 |    81.0 | 2,53 | mscpb4.txt |7,1e+02 |
| 8 | 2400 | 5000 |   60 |       0.45 |1585382920598 |      79 |    81.0 | 2,53 | mscpb4.txt |7,4e+02 |
| 8 | 2500 | 5000 |   65 |       0.45 |1585382920598 |      79 |    81.0 | 2,53 | mscpb4.txt |7,6e+02 |
| 8 | 2600 | 5000 |   65 |       0.45 |1585382920598 |      79 |    81.0 | 2,53 | mscpb4.txt |7,8e+02 |
| 8 | 2700 | 5000 |   65 |       0.45 |1585382920598 |      79 |    81.0 | 2,53 | mscpb4.txt |8,0e+02 |
| 8 | 2800 | 5000 |   65 |       0.45 |1585382920598 |      79 |    81.0 | 2,53 | mscpb4.txt |8,0e+02 |
| 8 | 2900 | 5000 |   70 |       0.45 |1585382920598 |      79 |    81.0 | 2,53 | mscpb4.txt |8,1e+02 |
| 8 | 3000 | 5000 |   70 |       0.45 |1585382920598 |      79 |    81.0 | 2,53 | mscpb4.txt |8,2e+02 |
| 8 | 3100 | 5000 |   70 | 0.27142859 |1585382920598 |      79 |    81.0 | 2,53 | mscpb4.txt |8,2e+02 |
| 8 | 3200 | 5000 |   70 | 0.27142859 |1585382920598 |      79 |    81.0 | 2,53 | mscpb4.txt |8,3e+02 |
| 8 | 3300 | 5000 |   75 |       0.45 |1585382920598 |      79 |    81.0 | 2,53 | mscpb4.txt |8,3e+02 |
| 8 | 3400 | 5000 |   75 |       0.45 |1585382920598 |      79 |    81.0 | 2,53 | mscpb4.txt |8,4e+02 |
| 8 | 3500 | 5000 |   75 |       0.45 |1585382920598 |      79 |    81.0 | 2,53 | mscpb4.txt |8,5e+02 |
| 8 | 3600 | 5000 |   75 |       0.45 |1585382920598 |      79 |    80.0 | 1,27 | mscpb4.txt |8,6e+02 |
| 8 | 3700 | 5000 |   80 |       0.45 |1585382920598 |      79 |    80.0 | 1,27 | mscpb4.txt |8,7e+02 |
| 8 | 3800 | 5000 |   80 |       0.45 |1585382920598 |      79 |    80.0 | 1,27 | mscpb4.txt |8,9e+02 |
| 8 | 3900 | 5000 |   80 |       0.45 |1585382920598 |      79 |    80.0 | 1,27 | mscpb4.txt |9,0e+02 |
| 8 | 4000 | 5000 |   80 |       0.45 |1585382920598 |      79 |    80.0 | 1,27 | mscpb4.txt |9,2e+02 |
| 8 | 4100 | 5000 |   85 |       0.45 |1585382920598 |      79 |    80.0 | 1,27 | mscpb4.txt |9,4e+02 |
| 8 | 4200 | 5000 |   85 |       0.45 |1585382920598 |      79 |    80.0 | 1,27 | mscpb4.txt |9,6e+02 |
| 8 | 4300 | 5000 |   85 |       0.45 |1585382920598 |      79 |    80.0 | 1,27 | mscpb4.txt |9,8e+02 |
| 8 | 4400 | 5000 |   85 |       0.45 |1585382920598 |      79 |    80.0 | 1,27 | mscpb4.txt |1,0e+03 |
| 8 | 4500 | 5000 |   90 |       0.45 |1585382920598 |      79 |    80.0 | 1,27 | mscpb4.txt |1,0e+03 |
| 8 | 4600 | 5000 |   90 |       0.45 |1585382920598 |      79 |    80.0 | 1,27 | mscpb4.txt |1,0e+03 |
| 8 | 4700 | 5000 |   90 |       0.45 |1585382920598 |      79 |    80.0 | 1,27 | mscpb4.txt |1,1e+03 |
| 8 | 4800 | 5000 |   90 |       0.45 |1585382920598 |      79 |    80.0 | 1,27 | mscpb4.txt |1,1e+03 |
| 8 | 4900 | 5000 |   95 |       0.45 |1585382920598 |      79 |    80.0 | 1,27 | mscpb4.txt |1,1e+03 |
| 8 | 5000 | 5000 |   95 |       0.45 |1585382920598 |      79 |    80.0 | 1,27 | mscpb4.txt |1,2e+03 |
| 8 |  300 | 5000 |   95 |       0.45 |1585382920598 |      79 |    80.0 | 1,27 | mscpb4.txt |1,2e+03 |
| 9 |    1 | 5000 |   35 |       0.25 |1585384077961 |      79 |  1881.0 |2281,01 | mscpb4.txt |0,0060 |
| 9 |  100 | 5000 |   35 |       0.45 |1585384077961 |      79 |   115.0 |45,57 | mscpb4.txt |  3,2 |
| 9 |  200 | 5000 |   35 | 0.31428573 |1585384077961 |      79 |   102.0 |29,11 | mscpb4.txt |   11 |
| 9 |  300 | 5000 |   40 |       0.45 |1585384077961 |      79 |    87.0 |10,13 | mscpb4.txt |   39 |
| 9 |  400 | 5000 |   40 |       0.45 |1585384077961 |      79 |    84.0 | 6,33 | mscpb4.txt |   74 |
| 9 |  500 | 5000 |   40 |       0.45 |1585384077961 |      79 |    82.0 | 3,80 | mscpb4.txt |1,1e+02 |
| 9 |  600 | 5000 |   40 |      0.425 |1585384077961 |      79 |    82.0 | 3,80 | mscpb4.txt |1,4e+02 |
| 9 |  700 | 5000 |   45 |        0.4 |1585384077961 |      79 |    82.0 | 3,80 | mscpb4.txt |1,9e+02 |
| 9 |  800 | 5000 |   45 |        0.4 |1585384077961 |      79 |    82.0 | 3,80 | mscpb4.txt |2,3e+02 |
| 9 |  900 | 5000 |   45 |        0.4 |1585384077961 |      79 |    81.0 | 2,53 | mscpb4.txt |2,7e+02 |
| 9 | 1000 | 5000 |   45 | 0.33333334 |1585384077961 |      79 |    81.0 | 2,53 | mscpb4.txt |3,1e+02 |
| 9 | 1100 | 5000 |   50 |       0.45 |1585384077961 |      79 |    81.0 | 2,53 | mscpb4.txt |3,6e+02 |
| 9 | 1200 | 5000 |   50 |       0.44 |1585384077961 |      79 |    81.0 | 2,53 | mscpb4.txt |4,1e+02 |
| 9 | 1300 | 5000 |   50 |       0.45 |1585384077961 |      79 |    81.0 | 2,53 | mscpb4.txt |4,5e+02 |
| 9 | 1400 | 5000 |   50 |       0.42 |1585384077961 |      79 |    81.0 | 2,53 | mscpb4.txt |5,0e+02 |
| 9 | 1500 | 5000 |   55 |       0.45 |1585384077961 |      79 |    81.0 | 2,53 | mscpb4.txt |5,5e+02 |
| 9 | 1600 | 5000 |   55 |       0.45 |1585384077961 |      79 |    81.0 | 2,53 | mscpb4.txt |6,1e+02 |
| 9 | 1700 | 5000 |   55 |       0.45 |1585384077961 |      79 |    81.0 | 2,53 | mscpb4.txt |6,6e+02 |
| 9 | 1800 | 5000 |   55 |       0.45 |1585384077961 |      79 |    81.0 | 2,53 | mscpb4.txt |7,2e+02 |
| 9 | 1900 | 5000 |   60 | 0.38333333 |1585384077961 |      79 |    81.0 | 2,53 | mscpb4.txt |7,6e+02 |
| 9 | 2000 | 5000 |   60 | 0.38333333 |1585384077961 |      79 |    81.0 | 2,53 | mscpb4.txt |8,0e+02 |
| 9 | 2100 | 5000 |   60 |       0.45 |1585384077961 |      79 |    81.0 | 2,53 | mscpb4.txt |8,3e+02 |
| 9 | 2200 | 5000 |   60 |       0.45 |1585384077961 |      79 |    81.0 | 2,53 | mscpb4.txt |8,4e+02 |
| 9 | 2300 | 5000 |   65 |       0.45 |1585384077961 |      79 |    81.0 | 2,53 | mscpb4.txt |8,5e+02 |
| 9 | 2400 | 5000 |   65 |       0.45 |1585384077961 |      79 |    81.0 | 2,53 | mscpb4.txt |8,7e+02 |
| 9 | 2500 | 5000 |   65 |       0.45 |1585384077961 |      79 |    81.0 | 2,53 | mscpb4.txt |8,8e+02 |
| 9 | 2600 | 5000 |   65 |       0.45 |1585384077961 |      79 |    81.0 | 2,53 | mscpb4.txt |8,9e+02 |
| 9 | 2700 | 5000 |   70 |       0.45 |1585384077961 |      79 |    81.0 | 2,53 | mscpb4.txt |9,1e+02 |
| 9 | 2800 | 5000 |   70 |       0.45 |1585384077961 |      79 |    81.0 | 2,53 | mscpb4.txt |9,3e+02 |
| 9 | 2900 | 5000 |   70 |       0.45 |1585384077961 |      79 |    81.0 | 2,53 | mscpb4.txt |9,5e+02 |
| 9 | 3000 | 5000 |   70 |       0.45 |1585384077961 |      79 |    81.0 | 2,53 | mscpb4.txt |9,6e+02 |
| 9 | 3100 | 5000 |   75 |       0.45 |1585384077961 |      79 |    81.0 | 2,53 | mscpb4.txt |9,7e+02 |
| 9 | 3200 | 5000 |   75 |       0.45 |1585384077961 |      79 |    81.0 | 2,53 | mscpb4.txt |9,8e+02 |
| 9 | 3300 | 5000 |   75 |       0.45 |1585384077961 |      79 |    81.0 | 2,53 | mscpb4.txt |9,9e+02 |
| 9 | 3400 | 5000 |   75 |       0.45 |1585384077961 |      79 |    81.0 | 2,53 | mscpb4.txt |1,0e+03 |
| 9 | 3500 | 5000 |   80 |       0.45 |1585384077961 |      79 |    81.0 | 2,53 | mscpb4.txt |1,0e+03 |
| 9 | 3600 | 5000 |   80 |       0.45 |1585384077961 |      79 |    81.0 | 2,53 | mscpb4.txt |1,0e+03 |
| 9 | 3700 | 5000 |   80 |       0.45 |1585384077961 |      79 |    81.0 | 2,53 | mscpb4.txt |1,0e+03 |
| 9 | 3800 | 5000 |   80 |       0.45 |1585384077961 |      79 |    81.0 | 2,53 | mscpb4.txt |1,0e+03 |
| 9 | 3900 | 5000 |   85 |       0.45 |1585384077961 |      79 |    81.0 | 2,53 | mscpb4.txt |1,1e+03 |
| 9 | 4000 | 5000 |   85 |       0.45 |1585384077961 |      79 |    81.0 | 2,53 | mscpb4.txt |1,1e+03 |
| 9 | 4100 | 5000 |   85 |       0.45 |1585384077961 |      79 |    81.0 | 2,53 | mscpb4.txt |1,1e+03 |
| 9 | 4200 | 5000 |   85 |       0.45 |1585384077961 |      79 |    81.0 | 2,53 | mscpb4.txt |1,1e+03 |
| 9 | 4300 | 5000 |   90 |       0.45 |1585384077961 |      79 |    81.0 | 2,53 | mscpb4.txt |1,1e+03 |
| 9 | 4400 | 5000 |   90 |       0.45 |1585384077961 |      79 |    81.0 | 2,53 | mscpb4.txt |1,1e+03 |
| 9 | 4500 | 5000 |   90 |       0.45 |1585384077961 |      79 |    81.0 | 2,53 | mscpb4.txt |1,2e+03 |
| 9 | 4600 | 5000 |   90 |       0.45 |1585384077961 |      79 |    81.0 | 2,53 | mscpb4.txt |1,2e+03 |
| 9 | 4700 | 5000 |   95 |       0.45 |1585384077961 |      79 |    81.0 | 2,53 | mscpb4.txt |1,2e+03 |
| 9 | 4800 | 5000 |   95 |       0.45 |1585384077961 |      79 |    81.0 | 2,53 | mscpb4.txt |1,2e+03 |
| 9 | 4900 | 5000 |   95 |       0.45 |1585384077961 |      79 |    81.0 | 2,53 | mscpb4.txt |1,2e+03 |
| 9 | 5000 | 5000 |   95 |       0.45 |1585384077961 |      79 |    81.0 | 2,53 | mscpb4.txt |1,2e+03 |
| 9 |  300 | 5000 |  100 |       0.45 |1585384077961 |      79 |    81.0 | 2,53 | mscpb4.txt |1,2e+03 |
|10 |    1 | 5000 |   35 |       0.25 |1585385276102 |      79 |  1924.0 |2335,44 | mscpb4.txt |0,0050 |
|10 |  100 | 5000 |   35 | 0.42857143 |1585385276102 |      79 |   144.0 |82,28 | mscpb4.txt |  1,5 |
|10 |  200 | 5000 |   35 |       0.45 |1585385276102 |      79 |   133.0 |68,35 | mscpb4.txt |  3,7 |
|10 |  300 | 5000 |   35 |       0.45 |1585385276102 |      79 |   122.0 |54,43 | mscpb4.txt |  9,7 |
|10 |  400 | 5000 |   35 | 0.31428573 |1585385276102 |      79 |   117.0 |48,10 | mscpb4.txt |   17 |
|10 |  500 | 5000 |   40 |       0.45 |1585385276102 |      79 |    89.0 |12,66 | mscpb4.txt |   45 |
|10 |  600 | 5000 |   40 |       0.45 |1585385276102 |      79 |    89.0 |12,66 | mscpb4.txt |   78 |
|10 |  700 | 5000 |   40 |       0.45 |1585385276102 |      79 |    89.0 |12,66 | mscpb4.txt |1,0e+02 |
|10 |  800 | 5000 |   40 |      0.425 |1585385276102 |      79 |    89.0 |12,66 | mscpb4.txt |1,2e+02 |
|10 |  900 | 5000 |   45 |       0.45 |1585385276102 |      79 |    89.0 |12,66 | mscpb4.txt |1,4e+02 |
|10 | 1000 | 5000 |   45 |       0.45 |1585385276102 |      79 |    89.0 |12,66 | mscpb4.txt |1,6e+02 |
|10 | 1100 | 5000 |   45 |       0.45 |1585385276102 |      79 |    89.0 |12,66 | mscpb4.txt |1,7e+02 |
|10 | 1200 | 5000 |   45 |       0.45 |1585385276102 |      79 |    89.0 |12,66 | mscpb4.txt |1,8e+02 |
|10 | 1300 | 5000 |   50 |       0.45 |1585385276102 |      79 |    89.0 |12,66 | mscpb4.txt |2,0e+02 |
|10 | 1400 | 5000 |   50 |       0.45 |1585385276102 |      79 |    89.0 |12,66 | mscpb4.txt |2,2e+02 |
|10 | 1500 | 5000 |   50 |       0.45 |1585385276102 |      79 |    89.0 |12,66 | mscpb4.txt |2,3e+02 |
|10 | 1600 | 5000 |   50 |       0.45 |1585385276102 |      79 |    89.0 |12,66 | mscpb4.txt |2,4e+02 |
|10 | 1700 | 5000 |   55 |       0.45 |1585385276102 |      79 |    89.0 |12,66 | mscpb4.txt |2,6e+02 |
|10 | 1800 | 5000 |   55 |       0.45 |1585385276102 |      79 |    89.0 |12,66 | mscpb4.txt |2,7e+02 |
|10 | 1900 | 5000 |   55 | 0.25454545 |1585385276102 |      79 |    88.0 |11,39 | mscpb4.txt |2,7e+02 |
|10 | 2000 | 5000 |   55 | 0.25454545 |1585385276102 |      79 |    88.0 |11,39 | mscpb4.txt |2,8e+02 |
|10 | 2100 | 5000 |   60 |       0.45 |1585385276102 |      79 |    88.0 |11,39 | mscpb4.txt |2,9e+02 |
|10 | 2200 | 5000 |   60 |       0.45 |1585385276102 |      79 |    88.0 |11,39 | mscpb4.txt |2,9e+02 |
|10 | 2300 | 5000 |   60 | 0.11666667 |1585385276102 |      79 |    88.0 |11,39 | mscpb4.txt |3,0e+02 |
|10 | 2400 | 5000 |   60 |       0.25 |1585385276102 |      79 |    88.0 |11,39 | mscpb4.txt |3,0e+02 |
|10 | 2500 | 5000 |   65 |       0.45 |1585385276102 |      79 |    88.0 |11,39 | mscpb4.txt |3,1e+02 |
|10 | 2600 | 5000 |   65 |       0.45 |1585385276102 |      79 |    88.0 |11,39 | mscpb4.txt |3,2e+02 |
|10 | 2700 | 5000 |   65 |       0.45 |1585385276102 |      79 |    88.0 |11,39 | mscpb4.txt |3,2e+02 |
|10 | 2800 | 5000 |   65 |       0.45 |1585385276102 |      79 |    88.0 |11,39 | mscpb4.txt |3,3e+02 |
|10 | 2900 | 5000 |   70 |       0.45 |1585385276102 |      79 |    88.0 |11,39 | mscpb4.txt |3,4e+02 |
|10 | 3000 | 5000 |   70 |       0.45 |1585385276102 |      79 |    88.0 |11,39 | mscpb4.txt |3,5e+02 |
|10 | 3100 | 5000 |   70 |        0.1 |1585385276102 |      79 |    88.0 |11,39 | mscpb4.txt |3,5e+02 |
|10 | 3200 | 5000 |   70 |        0.1 |1585385276102 |      79 |    88.0 |11,39 | mscpb4.txt |3,5e+02 |
|10 | 3300 | 5000 |   75 |       0.45 |1585385276102 |      79 |    88.0 |11,39 | mscpb4.txt |3,6e+02 |
|10 | 3400 | 5000 |   75 |       0.45 |1585385276102 |      79 |    88.0 |11,39 | mscpb4.txt |3,7e+02 |
|10 | 3500 | 5000 |   75 |       0.45 |1585385276102 |      79 |    88.0 |11,39 | mscpb4.txt |3,8e+02 |
|10 | 3600 | 5000 |   75 |       0.45 |1585385276102 |      79 |    88.0 |11,39 | mscpb4.txt |3,8e+02 |
|10 | 3700 | 5000 |   80 |       0.45 |1585385276102 |      79 |    88.0 |11,39 | mscpb4.txt |4,0e+02 |
|10 | 3800 | 5000 |   80 |       0.45 |1585385276102 |      79 |    88.0 |11,39 | mscpb4.txt |4,0e+02 |
|10 | 3900 | 5000 |   80 |        0.1 |1585385276102 |      79 |    88.0 |11,39 | mscpb4.txt |4,1e+02 |
|10 | 4000 | 5000 |   80 |        0.1 |1585385276102 |      79 |    88.0 |11,39 | mscpb4.txt |4,1e+02 |
|10 | 4100 | 5000 |   85 |       0.45 |1585385276102 |      79 |    88.0 |11,39 | mscpb4.txt |4,2e+02 |
|10 | 4200 | 5000 |   85 |  0.3882353 |1585385276102 |      79 |    88.0 |11,39 | mscpb4.txt |4,3e+02 |
|10 | 4300 | 5000 |   85 |  0.3882353 |1585385276102 |      79 |    88.0 |11,39 | mscpb4.txt |4,3e+02 |
|10 | 4400 | 5000 |   85 |  0.3882353 |1585385276102 |      79 |    88.0 |11,39 | mscpb4.txt |4,4e+02 |
|10 | 4500 | 5000 |   90 |       0.45 |1585385276102 |      79 |    88.0 |11,39 | mscpb4.txt |4,5e+02 |
|10 | 4600 | 5000 |   90 |       0.45 |1585385276102 |      79 |    88.0 |11,39 | mscpb4.txt |4,6e+02 |
|10 | 4700 | 5000 |   90 | 0.12222222 |1585385276102 |      79 |    88.0 |11,39 | mscpb4.txt |4,6e+02 |
|10 | 4800 | 5000 |   90 | 0.12222222 |1585385276102 |      79 |    88.0 |11,39 | mscpb4.txt |4,7e+02 |
|10 | 4900 | 5000 |   95 |       0.45 |1585385276102 |      79 |    88.0 |11,39 | mscpb4.txt |4,8e+02 |
|10 | 5000 | 5000 |   95 | 0.37894738 |1585385276102 |      79 |    88.0 |11,39 | mscpb4.txt |4,8e+02 |
|10 |  300 | 5000 |   95 | 0.37894738 |1585385276102 |      79 |    88.0 |11,39 | mscpb4.txt |4,8e+02 |
|11 |    1 | 5000 |   35 |       0.25 |1585385759452 |      79 |   142.0 |79,75 | mscpb4.txt |0,013 |
|11 |  100 | 5000 |   35 |       0.45 |1585385759452 |      79 |   142.0 |79,75 | mscpb4.txt |  1,9 |
|11 |  200 | 5000 |   35 |        0.4 |1585385759452 |      79 |   107.0 |35,44 | mscpb4.txt |  5,6 |
|11 |  300 | 5000 |   40 |       0.45 |1585385759452 |      79 |    87.0 |10,13 | mscpb4.txt |   35 |
|11 |  400 | 5000 |   40 |       0.45 |1585385759452 |      79 |    87.0 |10,13 | mscpb4.txt |   66 |
|11 |  500 | 5000 |   40 |       0.45 |1585385759452 |      79 |    85.0 | 7,59 | mscpb4.txt |   98 |
|11 |  600 | 5000 |   40 |       0.45 |1585385759452 |      79 |    82.0 | 3,80 | mscpb4.txt |1,3e+02 |
|11 |  700 | 5000 |   45 |       0.45 |1585385759452 |      79 |    82.0 | 3,80 | mscpb4.txt |1,7e+02 |
|11 |  800 | 5000 |   45 |       0.45 |1585385759452 |      79 |    82.0 | 3,80 | mscpb4.txt |2,1e+02 |
|11 |  900 | 5000 |   45 |       0.45 |1585385759452 |      79 |    82.0 | 3,80 | mscpb4.txt |2,5e+02 |
|11 | 1000 | 5000 |   45 |       0.45 |1585385759452 |      79 |    82.0 | 3,80 | mscpb4.txt |2,9e+02 |
|11 | 1100 | 5000 |   50 |       0.44 |1585385759452 |      79 |    82.0 | 3,80 | mscpb4.txt |3,4e+02 |
|11 | 1200 | 5000 |   50 |       0.44 |1585385759452 |      79 |    82.0 | 3,80 | mscpb4.txt |3,8e+02 |
|11 | 1300 | 5000 |   50 |       0.44 |1585385759452 |      79 |    82.0 | 3,80 | mscpb4.txt |4,3e+02 |
|11 | 1400 | 5000 |   50 |       0.42 |1585385759452 |      79 |    82.0 | 3,80 | mscpb4.txt |4,7e+02 |
|11 |  300 | 5000 |   55 |       0.42 |1585385759452 |      79 |    79.0 | 0,00 | mscpb4.txt |4,8e+02 |
|12 |    1 | 5000 |   35 |       0.25 |1585386242831 |      79 |  2000.0 |2431,65 | mscpb4.txt |0,0060 |
|12 |  100 | 5000 |   35 |       0.45 |1585386242831 |      79 |   120.0 |51,90 | mscpb4.txt |  2,5 |
|12 |  200 | 5000 |   35 |        0.4 |1585386242831 |      79 |   120.0 |51,90 | mscpb4.txt |  7,9 |
|12 |  300 | 5000 |   35 | 0.31428573 |1585386242831 |      79 |   100.0 |26,58 | mscpb4.txt |   19 |
|12 |  400 | 5000 |   35 | 0.37142858 |1585386242831 |      79 |    95.0 |20,25 | mscpb4.txt |   36 |
|12 |  500 | 5000 |   40 |       0.45 |1585386242831 |      79 |    88.0 |11,39 | mscpb4.txt |   68 |
|12 |  600 | 5000 |   40 |       0.45 |1585386242831 |      79 |    86.0 | 8,86 | mscpb4.txt |1,0e+02 |
|12 |  700 | 5000 |   40 |        0.4 |1585386242831 |      79 |    85.0 | 7,59 | mscpb4.txt |1,3e+02 |
|12 |  800 | 5000 |   40 |        0.4 |1585386242831 |      79 |    85.0 | 7,59 | mscpb4.txt |1,7e+02 |
|12 |  900 | 5000 |   45 | 0.37777779 |1585386242831 |      79 |    82.0 | 3,80 | mscpb4.txt |2,1e+02 |
|12 | 1000 | 5000 |   45 | 0.35555556 |1585386242831 |      79 |    82.0 | 3,80 | mscpb4.txt |2,4e+02 |
|12 | 1100 | 5000 |   45 | 0.35555556 |1585386242831 |      79 |    82.0 | 3,80 | mscpb4.txt |2,8e+02 |
|12 | 1200 | 5000 |   45 |  0.2888889 |1585386242831 |      79 |    82.0 | 3,80 | mscpb4.txt |3,2e+02 |
|12 | 1300 | 5000 |   50 |       0.45 |1585386242831 |      79 |    82.0 | 3,80 | mscpb4.txt |3,5e+02 |
|12 | 1400 | 5000 |   50 |       0.45 |1585386242831 |      79 |    82.0 | 3,80 | mscpb4.txt |3,7e+02 |
|12 | 1500 | 5000 |   50 |       0.45 |1585386242831 |      79 |    82.0 | 3,80 | mscpb4.txt |3,8e+02 |
|12 | 1600 | 5000 |   50 |       0.45 |1585386242831 |      79 |    82.0 | 3,80 | mscpb4.txt |3,8e+02 |
|12 | 1700 | 5000 |   55 |       0.45 |1585386242831 |      79 |    82.0 | 3,80 | mscpb4.txt |3,9e+02 |
|12 | 1800 | 5000 |   55 |       0.45 |1585386242831 |      79 |    82.0 | 3,80 | mscpb4.txt |4,0e+02 |
|12 | 1900 | 5000 |   55 |       0.45 |1585386242831 |      79 |    82.0 | 3,80 | mscpb4.txt |4,1e+02 |
|12 | 2000 | 5000 |   55 |       0.45 |1585386242831 |      79 |    82.0 | 3,80 | mscpb4.txt |4,2e+02 |
|12 | 2100 | 5000 |   60 |       0.45 |1585386242831 |      79 |    82.0 | 3,80 | mscpb4.txt |4,3e+02 |
|12 | 2200 | 5000 |   60 |       0.45 |1585386242831 |      79 |    82.0 | 3,80 | mscpb4.txt |4,4e+02 |
|12 | 2300 | 5000 |   60 |       0.45 |1585386242831 |      79 |    82.0 | 3,80 | mscpb4.txt |4,5e+02 |
|12 | 2400 | 5000 |   60 |       0.45 |1585386242831 |      79 |    82.0 | 3,80 | mscpb4.txt |4,5e+02 |
|12 | 2500 | 5000 |   65 |       0.45 |1585386242831 |      79 |    82.0 | 3,80 | mscpb4.txt |4,7e+02 |
|12 | 2600 | 5000 |   65 |       0.45 |1585386242831 |      79 |    82.0 | 3,80 | mscpb4.txt |4,8e+02 |
|12 | 2700 | 5000 |   65 |       0.45 |1585386242831 |      79 |    82.0 | 3,80 | mscpb4.txt |5,0e+02 |
|12 | 2800 | 5000 |   65 |       0.45 |1585386242831 |      79 |    82.0 | 3,80 | mscpb4.txt |5,1e+02 |
|12 | 2900 | 5000 |   70 |       0.45 |1585386242831 |      79 |    82.0 | 3,80 | mscpb4.txt |5,2e+02 |
|12 | 3000 | 5000 |   70 |       0.45 |1585386242831 |      79 |    82.0 | 3,80 | mscpb4.txt |5,3e+02 |
|12 | 3100 | 5000 |   70 |       0.45 |1585386242831 |      79 |    82.0 | 3,80 | mscpb4.txt |5,4e+02 |
|12 | 3200 | 5000 |   70 |       0.45 |1585386242831 |      79 |    82.0 | 3,80 | mscpb4.txt |5,5e+02 |
|12 | 3300 | 5000 |   75 |       0.45 |1585386242831 |      79 |    82.0 | 3,80 | mscpb4.txt |5,7e+02 |
|12 | 3400 | 5000 |   75 |       0.45 |1585386242831 |      79 |    82.0 | 3,80 | mscpb4.txt |5,9e+02 |
|12 | 3500 | 5000 |   75 |       0.45 |1585386242831 |      79 |    82.0 | 3,80 | mscpb4.txt |6,0e+02 |
|12 | 3600 | 5000 |   75 |       0.45 |1585386242831 |      79 |    82.0 | 3,80 | mscpb4.txt |6,0e+02 |
|12 | 3700 | 5000 |   80 |       0.45 |1585386242831 |      79 |    82.0 | 3,80 | mscpb4.txt |6,1e+02 |
|12 | 3800 | 5000 |   80 |       0.45 |1585386242831 |      79 |    82.0 | 3,80 | mscpb4.txt |6,2e+02 |
|12 | 3900 | 5000 |   80 |       0.45 |1585386242831 |      79 |    82.0 | 3,80 | mscpb4.txt |6,3e+02 |
|12 | 4000 | 5000 |   80 |       0.45 |1585386242831 |      79 |    82.0 | 3,80 | mscpb4.txt |6,4e+02 |
|12 | 4100 | 5000 |   85 |       0.45 |1585386242831 |      79 |    82.0 | 3,80 | mscpb4.txt |6,5e+02 |
|12 | 4200 | 5000 |   85 |       0.45 |1585386242831 |      79 |    82.0 | 3,80 | mscpb4.txt |6,7e+02 |
|12 | 4300 | 5000 |   85 |       0.45 |1585386242831 |      79 |    82.0 | 3,80 | mscpb4.txt |6,8e+02 |
|12 | 4400 | 5000 |   85 |       0.45 |1585386242831 |      79 |    82.0 | 3,80 | mscpb4.txt |6,9e+02 |
|12 | 4500 | 5000 |   90 |       0.45 |1585386242831 |      79 |    82.0 | 3,80 | mscpb4.txt |7,0e+02 |
|12 | 4600 | 5000 |   90 |       0.45 |1585386242831 |      79 |    82.0 | 3,80 | mscpb4.txt |7,1e+02 |
|12 | 4700 | 5000 |   90 |       0.45 |1585386242831 |      79 |    82.0 | 3,80 | mscpb4.txt |7,2e+02 |
|12 | 4800 | 5000 |   90 |       0.45 |1585386242831 |      79 |    82.0 | 3,80 | mscpb4.txt |7,3e+02 |
|12 | 4900 | 5000 |   95 |       0.45 |1585386242831 |      79 |    82.0 | 3,80 | mscpb4.txt |7,5e+02 |
|12 | 5000 | 5000 |   95 |       0.45 |1585386242831 |      79 |    82.0 | 3,80 | mscpb4.txt |7,7e+02 |
|12 |  300 | 5000 |   95 |       0.45 |1585386242831 |      79 |    82.0 | 3,80 | mscpb4.txt |7,7e+02 |
|13 |    1 | 5000 |   35 |       0.25 |1585387010065 |      79 |  1997.0 |2427,85 | mscpb4.txt |0,0060 |
|13 |  100 | 5000 |   35 | 0.34285715 |1585387010065 |      79 |   161.0 |103,80 | mscpb4.txt |  1,5 |
|13 |  200 | 5000 |   35 |       0.45 |1585387010065 |      79 |   161.0 |103,80 | mscpb4.txt |  3,6 |
|13 |  300 | 5000 |   40 |       0.45 |1585387010065 |      79 |    87.0 |10,13 | mscpb4.txt |   31 |
|13 |  400 | 5000 |   40 |       0.45 |1585387010065 |      79 |    87.0 |10,13 | mscpb4.txt |   63 |
|13 |  500 | 5000 |   40 |       0.45 |1585387010065 |      79 |    87.0 |10,13 | mscpb4.txt |   97 |
|13 |  600 | 5000 |   40 |       0.45 |1585387010065 |      79 |    87.0 |10,13 | mscpb4.txt |1,3e+02 |
|13 |  700 | 5000 |   45 |       0.45 |1585387010065 |      79 |    87.0 |10,13 | mscpb4.txt |1,7e+02 |
|13 |  800 | 5000 |   45 |       0.45 |1585387010065 |      79 |    87.0 |10,13 | mscpb4.txt |2,0e+02 |
|13 |  900 | 5000 |   45 | 0.42222223 |1585387010065 |      79 |    87.0 |10,13 | mscpb4.txt |2,2e+02 |
|13 | 1000 | 5000 |   45 | 0.42222223 |1585387010065 |      79 |    87.0 |10,13 | mscpb4.txt |2,4e+02 |
|13 | 1100 | 5000 |   50 |       0.45 |1585387010065 |      79 |    87.0 |10,13 | mscpb4.txt |2,6e+02 |
|13 | 1200 | 5000 |   50 |       0.45 |1585387010065 |      79 |    87.0 |10,13 | mscpb4.txt |2,9e+02 |
|13 | 1300 | 5000 |   50 |       0.45 |1585387010065 |      79 |    87.0 |10,13 | mscpb4.txt |3,0e+02 |
|13 | 1400 | 5000 |   50 |       0.45 |1585387010065 |      79 |    87.0 |10,13 | mscpb4.txt |3,2e+02 |
|13 | 1500 | 5000 |   55 |       0.45 |1585387010065 |      79 |    87.0 |10,13 | mscpb4.txt |3,4e+02 |
|13 | 1600 | 5000 |   55 |       0.45 |1585387010065 |      79 |    87.0 |10,13 | mscpb4.txt |3,5e+02 |
|13 | 1700 | 5000 |   55 |       0.45 |1585387010065 |      79 |    87.0 |10,13 | mscpb4.txt |3,6e+02 |
|13 | 1800 | 5000 |   55 |       0.45 |1585387010065 |      79 |    87.0 |10,13 | mscpb4.txt |3,7e+02 |
|13 | 1900 | 5000 |   60 |       0.45 |1585387010065 |      79 |    87.0 |10,13 | mscpb4.txt |3,9e+02 |
|13 | 2000 | 5000 |   60 |       0.45 |1585387010065 |      79 |    87.0 |10,13 | mscpb4.txt |4,0e+02 |
|13 | 2100 | 5000 |   60 |       0.45 |1585387010065 |      79 |    87.0 |10,13 | mscpb4.txt |4,2e+02 |
|13 | 2200 | 5000 |   60 |       0.45 |1585387010065 |      79 |    87.0 |10,13 | mscpb4.txt |4,3e+02 |
|13 | 2300 | 5000 |   65 |       0.45 |1585387010065 |      79 |    87.0 |10,13 | mscpb4.txt |4,6e+02 |
|13 | 2400 | 5000 |   65 |       0.45 |1585387010065 |      79 |    87.0 |10,13 | mscpb4.txt |4,7e+02 |
|13 | 2500 | 5000 |   65 |       0.45 |1585387010065 |      79 |    87.0 |10,13 | mscpb4.txt |4,8e+02 |
|13 | 2600 | 5000 |   65 |       0.45 |1585387010065 |      79 |    87.0 |10,13 | mscpb4.txt |4,9e+02 |
|13 | 2700 | 5000 |   70 |       0.45 |1585387010065 |      79 |    87.0 |10,13 | mscpb4.txt |5,1e+02 |
|13 | 2800 | 5000 |   70 |       0.45 |1585387010065 |      79 |    87.0 |10,13 | mscpb4.txt |5,3e+02 |
|13 | 2900 | 5000 |   70 |       0.45 |1585387010065 |      79 |    87.0 |10,13 | mscpb4.txt |5,5e+02 |
|13 | 3000 | 5000 |   70 |       0.45 |1585387010065 |      79 |    87.0 |10,13 | mscpb4.txt |5,7e+02 |
|13 | 3100 | 5000 |   75 |       0.45 |1585387010065 |      79 |    87.0 |10,13 | mscpb4.txt |5,9e+02 |
|13 | 3200 | 5000 |   75 |       0.45 |1585387010065 |      79 |    87.0 |10,13 | mscpb4.txt |6,0e+02 |
|13 | 3300 | 5000 |   75 |       0.45 |1585387010065 |      79 |    87.0 |10,13 | mscpb4.txt |6,1e+02 |
|13 | 3400 | 5000 |   75 |       0.45 |1585387010065 |      79 |    87.0 |10,13 | mscpb4.txt |6,2e+02 |
|13 | 3500 | 5000 |   80 |       0.45 |1585387010065 |      79 |    87.0 |10,13 | mscpb4.txt |6,4e+02 |
|13 | 3600 | 5000 |   80 |       0.45 |1585387010065 |      79 |    87.0 |10,13 | mscpb4.txt |6,6e+02 |
|13 | 3700 | 5000 |   80 |       0.45 |1585387010065 |      79 |    87.0 |10,13 | mscpb4.txt |6,7e+02 |
|13 | 3800 | 5000 |   80 |       0.45 |1585387010065 |      79 |    87.0 |10,13 | mscpb4.txt |6,8e+02 |
|13 | 3900 | 5000 |   85 |       0.45 |1585387010065 |      79 |    87.0 |10,13 | mscpb4.txt |7,0e+02 |
|13 | 4000 | 5000 |   85 |       0.45 |1585387010065 |      79 |    87.0 |10,13 | mscpb4.txt |7,1e+02 |
|13 | 4100 | 5000 |   85 |       0.45 |1585387010065 |      79 |    87.0 |10,13 | mscpb4.txt |7,3e+02 |
|13 | 4200 | 5000 |   85 |       0.45 |1585387010065 |      79 |    87.0 |10,13 | mscpb4.txt |7,4e+02 |
|13 | 4300 | 5000 |   90 |       0.45 |1585387010065 |      79 |    87.0 |10,13 | mscpb4.txt |7,7e+02 |
|13 | 4400 | 5000 |   90 |       0.45 |1585387010065 |      79 |    87.0 |10,13 | mscpb4.txt |7,8e+02 |
|13 | 4500 | 5000 |   90 |       0.45 |1585387010065 |      79 |    87.0 |10,13 | mscpb4.txt |7,9e+02 |
|13 | 4600 | 5000 |   90 |       0.45 |1585387010065 |      79 |    87.0 |10,13 | mscpb4.txt |8,0e+02 |
|13 | 4700 | 5000 |   95 |       0.45 |1585387010065 |      79 |    87.0 |10,13 | mscpb4.txt |8,2e+02 |
|13 | 4800 | 5000 |   95 |       0.45 |1585387010065 |      79 |    87.0 |10,13 | mscpb4.txt |8,4e+02 |
|13 | 4900 | 5000 |   95 |       0.45 |1585387010065 |      79 |    87.0 |10,13 | mscpb4.txt |8,6e+02 |
|13 | 5000 | 5000 |   95 |       0.45 |1585387010065 |      79 |    87.0 |10,13 | mscpb4.txt |8,8e+02 |
|13 |  300 | 5000 |  100 |       0.45 |1585387010065 |      79 |    87.0 |10,13 | mscpb4.txt |8,8e+02 |
|14 |    1 | 5000 |   35 |       0.25 |1585387889266 |      79 |  2012.0 |2446,84 | mscpb4.txt |0,0050 |
|14 |  100 | 5000 |   35 | 0.42857143 |1585387889266 |      79 |   121.0 |53,16 | mscpb4.txt |  1,3 |
|14 |  200 | 5000 |   35 |       0.45 |1585387889266 |      79 |   118.0 |49,37 | mscpb4.txt |  4,8 |
|14 |  300 | 5000 |   35 |       0.45 |1585387889266 |      79 |   118.0 |49,37 | mscpb4.txt |   10 |
|14 |  400 | 5000 |   35 | 0.42857143 |1585387889266 |      79 |   110.0 |39,24 | mscpb4.txt |   18 |
|14 |  500 | 5000 |   40 |       0.45 |1585387889266 |      79 |    87.0 |10,13 | mscpb4.txt |   46 |
|14 |  600 | 5000 |   40 |       0.45 |1585387889266 |      79 |    87.0 |10,13 | mscpb4.txt |   76 |
|14 |  700 | 5000 |   40 |       0.45 |1585387889266 |      79 |    85.0 | 7,59 | mscpb4.txt |1,1e+02 |
|14 |  800 | 5000 |   40 |       0.45 |1585387889266 |      79 |    85.0 | 7,59 | mscpb4.txt |1,4e+02 |
|14 |  900 | 5000 |   40 |       0.45 |1585387889266 |      79 |    85.0 | 7,59 | mscpb4.txt |1,7e+02 |
|14 | 1000 | 5000 |   45 |       0.45 |1585387889266 |      79 |    85.0 | 7,59 | mscpb4.txt |2,1e+02 |
|14 | 1100 | 5000 |   45 |       0.45 |1585387889266 |      79 |    84.0 | 6,33 | mscpb4.txt |2,4e+02 |
|14 | 1200 | 5000 |   45 |       0.45 |1585387889266 |      79 |    84.0 | 6,33 | mscpb4.txt |2,8e+02 |
|14 | 1300 | 5000 |   45 |        0.4 |1585387889266 |      79 |    84.0 | 6,33 | mscpb4.txt |3,1e+02 |
|14 | 1400 | 5000 |   50 |       0.45 |1585387889266 |      79 |    84.0 | 6,33 | mscpb4.txt |3,3e+02 |
|14 | 1500 | 5000 |   50 |       0.45 |1585387889266 |      79 |    84.0 | 6,33 | mscpb4.txt |3,4e+02 |
|14 | 1600 | 5000 |   50 |       0.45 |1585387889266 |      79 |    84.0 | 6,33 | mscpb4.txt |3,5e+02 |
|14 | 1700 | 5000 |   50 |       0.45 |1585387889266 |      79 |    84.0 | 6,33 | mscpb4.txt |3,6e+02 |
|14 | 1800 | 5000 |   55 |       0.45 |1585387889266 |      79 |    84.0 | 6,33 | mscpb4.txt |3,8e+02 |
|14 | 1900 | 5000 |   55 |       0.45 |1585387889266 |      79 |    84.0 | 6,33 | mscpb4.txt |3,9e+02 |
|14 | 2000 | 5000 |   55 |       0.45 |1585387889266 |      79 |    84.0 | 6,33 | mscpb4.txt |4,0e+02 |
|14 | 2100 | 5000 |   55 |       0.45 |1585387889266 |      79 |    84.0 | 6,33 | mscpb4.txt |4,1e+02 |
|14 | 2200 | 5000 |   60 |       0.45 |1585387889266 |      79 |    84.0 | 6,33 | mscpb4.txt |4,2e+02 |
|14 | 2300 | 5000 |   60 |       0.45 |1585387889266 |      79 |    84.0 | 6,33 | mscpb4.txt |4,4e+02 |
|14 | 2400 | 5000 |   60 |       0.45 |1585387889266 |      79 |    84.0 | 6,33 | mscpb4.txt |4,5e+02 |
|14 | 2500 | 5000 |   60 |       0.45 |1585387889266 |      79 |    84.0 | 6,33 | mscpb4.txt |4,5e+02 |
|14 | 2600 | 5000 |   65 |       0.45 |1585387889266 |      79 |    84.0 | 6,33 | mscpb4.txt |4,7e+02 |
|14 | 2700 | 5000 |   65 |       0.45 |1585387889266 |      79 |    84.0 | 6,33 | mscpb4.txt |4,8e+02 |
|14 | 2800 | 5000 |   65 |       0.45 |1585387889266 |      79 |    82.0 | 3,80 | mscpb4.txt |5,0e+02 |
|14 | 2900 | 5000 |   65 |       0.45 |1585387889266 |      79 |    82.0 | 3,80 | mscpb4.txt |5,1e+02 |
|14 | 3000 | 5000 |   70 |       0.45 |1585387889266 |      79 |    82.0 | 3,80 | mscpb4.txt |5,3e+02 |
|14 | 3100 | 5000 |   70 |       0.45 |1585387889266 |      79 |    82.0 | 3,80 | mscpb4.txt |5,5e+02 |
|14 | 3200 | 5000 |   70 |       0.45 |1585387889266 |      79 |    82.0 | 3,80 | mscpb4.txt |5,7e+02 |
|14 | 3300 | 5000 |   70 |       0.45 |1585387889266 |      79 |    82.0 | 3,80 | mscpb4.txt |5,9e+02 |
|14 | 3400 | 5000 |   75 |       0.45 |1585387889266 |      79 |    82.0 | 3,80 | mscpb4.txt |6,1e+02 |
|14 | 3500 | 5000 |   75 |       0.45 |1585387889266 |      79 |    82.0 | 3,80 | mscpb4.txt |6,4e+02 |
|14 | 3600 | 5000 |   75 |       0.45 |1585387889266 |      79 |    82.0 | 3,80 | mscpb4.txt |6,6e+02 |
|14 | 3700 | 5000 |   75 |       0.45 |1585387889266 |      79 |    82.0 | 3,80 | mscpb4.txt |6,9e+02 |
|14 | 3800 | 5000 |   80 |       0.45 |1585387889266 |      79 |    82.0 | 3,80 | mscpb4.txt |7,2e+02 |
|14 | 3900 | 5000 |   80 |       0.45 |1585387889266 |      79 |    82.0 | 3,80 | mscpb4.txt |7,5e+02 |
|14 | 4000 | 5000 |   80 |       0.45 |1585387889266 |      79 |    82.0 | 3,80 | mscpb4.txt |7,6e+02 |
|14 | 4100 | 5000 |   80 |       0.45 |1585387889266 |      79 |    82.0 | 3,80 | mscpb4.txt |7,8e+02 |
|14 | 4200 | 5000 |   85 |       0.45 |1585387889266 |      79 |    82.0 | 3,80 | mscpb4.txt |8,0e+02 |
|14 | 4300 | 5000 |   85 |       0.45 |1585387889266 |      79 |    82.0 | 3,80 | mscpb4.txt |8,2e+02 |
|14 | 4400 | 5000 |   85 |       0.45 |1585387889266 |      79 |    82.0 | 3,80 | mscpb4.txt |8,3e+02 |
|14 | 4500 | 5000 |   85 |       0.45 |1585387889266 |      79 |    82.0 | 3,80 | mscpb4.txt |8,4e+02 |
|14 | 4600 | 5000 |   90 |       0.45 |1585387889266 |      79 |    82.0 | 3,80 | mscpb4.txt |8,6e+02 |
|14 | 4700 | 5000 |   90 |       0.45 |1585387889266 |      79 |    82.0 | 3,80 | mscpb4.txt |8,8e+02 |
|14 | 4800 | 5000 |   90 |       0.45 |1585387889266 |      79 |    82.0 | 3,80 | mscpb4.txt |8,9e+02 |
|14 | 4900 | 5000 |   90 |       0.45 |1585387889266 |      79 |    82.0 | 3,80 | mscpb4.txt |9,0e+02 |
|14 | 5000 | 5000 |   95 |       0.45 |1585387889266 |      79 |    82.0 | 3,80 | mscpb4.txt |9,1e+02 |
|14 |  300 | 5000 |   95 |       0.45 |1585387889266 |      79 |    82.0 | 3,80 | mscpb4.txt |9,1e+02 |
|15 |    1 | 5000 |   35 |       0.25 |1585388803120 |      79 |  1975.0 |2400,00 | mscpb4.txt |0,0060 |
|15 |  100 | 5000 |   35 |        0.4 |1585388803120 |      79 |   134.0 |69,62 | mscpb4.txt |  1,4 |
|15 |  200 | 5000 |   35 |       0.45 |1585388803120 |      79 |   115.0 |45,57 | mscpb4.txt |  7,5 |
|15 |  300 | 5000 |   35 |       0.45 |1585388803120 |      79 |   110.0 |39,24 | mscpb4.txt |   17 |
|15 |  400 | 5000 |   40 |       0.45 |1585388803120 |      79 |    89.0 |12,66 | mscpb4.txt |   45 |
|15 |  500 | 5000 |   40 |       0.45 |1585388803120 |      79 |    86.0 | 8,86 | mscpb4.txt |   76 |
|15 |  600 | 5000 |   40 |       0.45 |1585388803120 |      79 |    84.0 | 6,33 | mscpb4.txt |1,1e+02 |
|15 |  700 | 5000 |   40 |       0.45 |1585388803120 |      79 |    84.0 | 6,33 | mscpb4.txt |1,4e+02 |
|15 |  800 | 5000 |   45 |       0.45 |1585388803120 |      79 |    84.0 | 6,33 | mscpb4.txt |1,8e+02 |
|15 |  900 | 5000 |   45 |       0.45 |1585388803120 |      79 |    84.0 | 6,33 | mscpb4.txt |2,2e+02 |
|15 | 1000 | 5000 |   45 | 0.37777779 |1585388803120 |      79 |    84.0 | 6,33 | mscpb4.txt |2,4e+02 |
|15 | 1100 | 5000 |   45 |       0.45 |1585388803120 |      79 |    84.0 | 6,33 | mscpb4.txt |2,6e+02 |
|15 | 1200 | 5000 |   50 |       0.45 |1585388803120 |      79 |    84.0 | 6,33 | mscpb4.txt |2,7e+02 |
|15 | 1300 | 5000 |   50 |       0.45 |1585388803120 |      79 |    84.0 | 6,33 | mscpb4.txt |2,9e+02 |
|15 | 1400 | 5000 |   50 |       0.45 |1585388803120 |      79 |    84.0 | 6,33 | mscpb4.txt |3,1e+02 |
|15 | 1500 | 5000 |   50 |       0.45 |1585388803120 |      79 |    84.0 | 6,33 | mscpb4.txt |3,3e+02 |
|15 | 1600 | 5000 |   55 |       0.45 |1585388803120 |      79 |    84.0 | 6,33 | mscpb4.txt |3,5e+02 |
|15 | 1700 | 5000 |   55 |       0.45 |1585388803120 |      79 |    84.0 | 6,33 | mscpb4.txt |3,6e+02 |
|15 | 1800 | 5000 |   55 |       0.45 |1585388803120 |      79 |    84.0 | 6,33 | mscpb4.txt |3,8e+02 |
|15 | 1900 | 5000 |   55 |       0.45 |1585388803120 |      79 |    84.0 | 6,33 | mscpb4.txt |3,9e+02 |
|15 | 2000 | 5000 |   60 |       0.45 |1585388803120 |      79 |    84.0 | 6,33 | mscpb4.txt |4,2e+02 |
|15 | 2100 | 5000 |   60 |       0.45 |1585388803120 |      79 |    84.0 | 6,33 | mscpb4.txt |4,3e+02 |
|15 | 2200 | 5000 |   60 |       0.45 |1585388803120 |      79 |    84.0 | 6,33 | mscpb4.txt |4,4e+02 |
|15 | 2300 | 5000 |   60 |       0.45 |1585388803120 |      79 |    81.0 | 2,53 | mscpb4.txt |4,5e+02 |
|15 | 2400 | 5000 |   65 |       0.45 |1585388803120 |      79 |    81.0 | 2,53 | mscpb4.txt |4,7e+02 |
|15 | 2500 | 5000 |   65 |       0.45 |1585388803120 |      79 |    81.0 | 2,53 | mscpb4.txt |4,8e+02 |
|15 | 2600 | 5000 |   65 |       0.45 |1585388803120 |      79 |    81.0 | 2,53 | mscpb4.txt |5,0e+02 |
|15 | 2700 | 5000 |   65 |       0.45 |1585388803120 |      79 |    81.0 | 2,53 | mscpb4.txt |5,2e+02 |
|15 | 2800 | 5000 |   70 |       0.45 |1585388803120 |      79 |    81.0 | 2,53 | mscpb4.txt |5,4e+02 |
|15 | 2900 | 5000 |   70 |       0.45 |1585388803120 |      79 |    80.0 | 1,27 | mscpb4.txt |5,6e+02 |
|15 | 3000 | 5000 |   70 |       0.45 |1585388803120 |      79 |    80.0 | 1,27 | mscpb4.txt |5,8e+02 |
|15 | 3100 | 5000 |   70 |       0.45 |1585388803120 |      79 |    80.0 | 1,27 | mscpb4.txt |6,0e+02 |
|15 | 3200 | 5000 |   75 |       0.45 |1585388803120 |      79 |    80.0 | 1,27 | mscpb4.txt |6,3e+02 |
|15 | 3300 | 5000 |   75 |       0.45 |1585388803120 |      79 |    80.0 | 1,27 | mscpb4.txt |6,6e+02 |
|15 | 3400 | 5000 |   75 |       0.45 |1585388803120 |      79 |    80.0 | 1,27 | mscpb4.txt |6,9e+02 |
|15 | 3500 | 5000 |   75 |       0.45 |1585388803120 |      79 |    80.0 | 1,27 | mscpb4.txt |7,1e+02 |
|15 | 3600 | 5000 |   80 |       0.45 |1585388803120 |      79 |    80.0 | 1,27 | mscpb4.txt |7,5e+02 |
|15 | 3700 | 5000 |   80 |       0.45 |1585388803120 |      79 |    80.0 | 1,27 | mscpb4.txt |7,8e+02 |
|15 | 3800 | 5000 |   80 |       0.45 |1585388803120 |      79 |    80.0 | 1,27 | mscpb4.txt |8,1e+02 |
|15 | 3900 | 5000 |   80 |       0.45 |1585388803120 |      79 |    80.0 | 1,27 | mscpb4.txt |8,4e+02 |
|15 | 4000 | 5000 |   85 |       0.45 |1585388803120 |      79 |    80.0 | 1,27 | mscpb4.txt |8,8e+02 |
|15 | 4100 | 5000 |   85 |       0.45 |1585388803120 |      79 |    80.0 | 1,27 | mscpb4.txt |9,2e+02 |
|15 | 4200 | 5000 |   85 |       0.45 |1585388803120 |      79 |    80.0 | 1,27 | mscpb4.txt |9,6e+02 |
|15 | 4300 | 5000 |   85 |       0.45 |1585388803120 |      79 |    80.0 | 1,27 | mscpb4.txt |9,9e+02 |
|15 | 4400 | 5000 |   90 |       0.45 |1585388803120 |      79 |    80.0 | 1,27 | mscpb4.txt |1,0e+03 |
|15 | 4500 | 5000 |   90 |       0.45 |1585388803120 |      79 |    80.0 | 1,27 | mscpb4.txt |1,1e+03 |
|15 | 4600 | 5000 |   90 |       0.45 |1585388803120 |      79 |    80.0 | 1,27 | mscpb4.txt |1,1e+03 |
|15 | 4700 | 5000 |   90 |       0.45 |1585388803120 |      79 |    80.0 | 1,27 | mscpb4.txt |1,2e+03 |
|15 | 4800 | 5000 |   95 |       0.45 |1585388803120 |      79 |    80.0 | 1,27 | mscpb4.txt |1,2e+03 |
|15 | 4900 | 5000 |   95 |       0.45 |1585388803120 |      79 |    80.0 | 1,27 | mscpb4.txt |1,3e+03 |
|15 | 5000 | 5000 |   95 |       0.45 |1585388803120 |      79 |    80.0 | 1,27 | mscpb4.txt |1,3e+03 |
|15 |  300 | 5000 |   95 |       0.45 |1585388803120 |      79 |    80.0 | 1,27 | mscpb4.txt |1,3e+03 |
