| # |    #ITER | #IterMAX | Nest |      %Desc |      semilla | BestFit |GottedFit |  RDP |  instancia | time |
-------------------------------------------------------------------------------------------------
| 1 |    1 | 5000 |   35 |       0.25 |1585389890121 |     514 |   700.0 |36,19 |mscp410.txt |0,079 |
| 1 |  100 | 5000 |   35 |       0.45 |1585389890121 |     514 |   562.0 | 9,34 |mscp410.txt |  6,9 |
| 1 |  200 | 5000 |   40 |       0.45 |1585389890121 |     514 |   533.0 | 3,70 |mscp410.txt |   15 |
| 1 |  300 | 5000 |   40 |       0.45 |1585389890121 |     514 |   526.0 | 2,33 |mscp410.txt |   24 |
| 1 |  400 | 5000 |   40 |       0.45 |1585389890121 |     514 |   525.0 | 2,14 |mscp410.txt |   32 |
| 1 |  500 | 5000 |   40 |       0.45 |1585389890121 |     514 |   525.0 | 2,14 |mscp410.txt |   41 |
| 1 |  600 | 5000 |   45 |       0.45 |1585389890121 |     514 |   525.0 | 2,14 |mscp410.txt |   51 |
| 1 |  700 | 5000 |   45 |       0.45 |1585389890121 |     514 |   517.0 | 0,58 |mscp410.txt |   60 |
| 1 |  800 | 5000 |   45 |       0.45 |1585389890121 |     514 |   517.0 | 0,58 |mscp410.txt |   70 |
| 1 |  900 | 5000 |   45 | 0.35555556 |1585389890121 |     514 |   516.0 | 0,39 |mscp410.txt |   80 |
| 1 |  200 | 5000 |   50 | 0.35555556 |1585389890121 |     514 |   514.0 | 0,00 |mscp410.txt |   90 |
| 2 |    1 | 5000 |   35 |       0.25 |1585389980254 |     514 |   607.0 |18,09 |mscp410.txt | 0,10 |
| 2 |  100 | 5000 |   35 | 0.37142858 |1585389980254 |     514 |   544.0 | 5,84 |mscp410.txt |  7,0 |
| 2 |  200 | 5000 |   35 | 0.42857143 |1585389980254 |     514 |   532.0 | 3,50 |mscp410.txt |   14 |
| 2 |  300 | 5000 |   35 | 0.42857143 |1585389980254 |     514 |   525.0 | 2,14 |mscp410.txt |   21 |
| 2 |  400 | 5000 |   35 |        0.4 |1585389980254 |     514 |   525.0 | 2,14 |mscp410.txt |   27 |
| 2 |  500 | 5000 |   40 |       0.45 |1585389980254 |     514 |   521.0 | 1,36 |mscp410.txt |   36 |
| 2 |  600 | 5000 |   40 |       0.45 |1585389980254 |     514 |   519.0 | 0,97 |mscp410.txt |   45 |
| 2 |  700 | 5000 |   40 |       0.45 |1585389980254 |     514 |   519.0 | 0,97 |mscp410.txt |   53 |
| 2 |  800 | 5000 |   40 |      0.325 |1585389980254 |     514 |   516.0 | 0,39 |mscp410.txt |   61 |
| 2 |  900 | 5000 |   45 | 0.44444445 |1585389980254 |     514 |   516.0 | 0,39 |mscp410.txt |   70 |
| 2 | 1000 | 5000 |   45 |       0.45 |1585389980254 |     514 |   515.0 | 0,19 |mscp410.txt |   80 |
| 2 | 1100 | 5000 |   45 |        0.4 |1585389980254 |     514 |   515.0 | 0,19 |mscp410.txt |   89 |
| 2 | 1200 | 5000 |   45 | 0.44444445 |1585389980254 |     514 |   515.0 | 0,19 |mscp410.txt |   99 |
| 2 |  200 | 5000 |   50 | 0.44444445 |1585389980254 |     514 |   514.0 | 0,00 |mscp410.txt |1,0e+02 |
| 3 |    1 | 5000 |   35 |       0.25 |1585390082064 |     514 |   680.0 |32,30 |mscp410.txt | 0,11 |
| 3 |  100 | 5000 |   35 | 0.34285715 |1585390082064 |     514 |   553.0 | 7,59 |mscp410.txt |  7,0 |
| 3 |  200 | 5000 |   35 | 0.34285715 |1585390082064 |     514 |   543.0 | 5,64 |mscp410.txt |   14 |
| 3 |  300 | 5000 |   35 |       0.45 |1585390082064 |     514 |   542.0 | 5,45 |mscp410.txt |   21 |
| 3 |  400 | 5000 |   35 |       0.45 |1585390082064 |     514 |   532.0 | 3,50 |mscp410.txt |   28 |
| 3 |  500 | 5000 |   40 |       0.45 |1585390082064 |     514 |   532.0 | 3,50 |mscp410.txt |   37 |
| 3 |  600 | 5000 |   40 |       0.45 |1585390082064 |     514 |   531.0 | 3,31 |mscp410.txt |   45 |
| 3 |  700 | 5000 |   40 |       0.45 |1585390082064 |     514 |   526.0 | 2,33 |mscp410.txt |   54 |
| 3 |  800 | 5000 |   40 |       0.45 |1585390082064 |     514 |   526.0 | 2,33 |mscp410.txt |   63 |
| 3 |  900 | 5000 |   45 |       0.45 |1585390082064 |     514 |   517.0 | 0,58 |mscp410.txt |   73 |
| 3 | 1000 | 5000 |   45 |       0.45 |1585390082064 |     514 |   517.0 | 0,58 |mscp410.txt |   82 |
| 3 | 1100 | 5000 |   45 |       0.45 |1585390082064 |     514 |   517.0 | 0,58 |mscp410.txt |   92 |
| 3 | 1200 | 5000 |   45 |       0.45 |1585390082064 |     514 |   517.0 | 0,58 |mscp410.txt |1,0e+02 |
| 3 | 1300 | 5000 |   50 |       0.45 |1585390082064 |     514 |   517.0 | 0,58 |mscp410.txt |1,1e+02 |
| 3 | 1400 | 5000 |   50 |       0.45 |1585390082064 |     514 |   517.0 | 0,58 |mscp410.txt |1,2e+02 |
| 3 | 1500 | 5000 |   50 |       0.45 |1585390082064 |     514 |   517.0 | 0,58 |mscp410.txt |1,3e+02 |
| 3 | 1600 | 5000 |   50 |       0.45 |1585390082064 |     514 |   517.0 | 0,58 |mscp410.txt |1,4e+02 |
| 3 | 1700 | 5000 |   55 |       0.45 |1585390082064 |     514 |   517.0 | 0,58 |mscp410.txt |1,6e+02 |
| 3 | 1800 | 5000 |   55 |       0.45 |1585390082064 |     514 |   517.0 | 0,58 |mscp410.txt |1,7e+02 |
| 3 | 1900 | 5000 |   55 |       0.45 |1585390082064 |     514 |   516.0 | 0,39 |mscp410.txt |1,8e+02 |
| 3 |  200 | 5000 |   55 |       0.45 |1585390082064 |     514 |   514.0 | 0,00 |mscp410.txt |1,9e+02 |
| 4 |    1 | 5000 |   35 |       0.25 |1585390267700 |     514 |   639.0 |24,32 |mscp410.txt | 0,15 |
| 4 |  100 | 5000 |   35 |  0.2857143 |1585390267700 |     514 |   558.0 | 8,56 |mscp410.txt |  7,0 |
| 4 |  200 | 5000 |   40 |       0.45 |1585390267700 |     514 |   528.0 | 2,72 |mscp410.txt |   16 |
| 4 |  300 | 5000 |   40 |       0.35 |1585390267700 |     514 |   528.0 | 2,72 |mscp410.txt |   24 |
| 4 |  400 | 5000 |   40 |        0.4 |1585390267700 |     514 |   527.0 | 2,53 |mscp410.txt |   32 |
| 4 |  500 | 5000 |   40 |      0.425 |1585390267700 |     514 |   527.0 | 2,53 |mscp410.txt |   41 |
| 4 |  600 | 5000 |   45 | 0.44444445 |1585390267700 |     514 |   526.0 | 2,33 |mscp410.txt |   50 |
| 4 |  700 | 5000 |   45 | 0.44444445 |1585390267700 |     514 |   525.0 | 2,14 |mscp410.txt |   60 |
| 4 |  800 | 5000 |   45 | 0.44444445 |1585390267700 |     514 |   519.0 | 0,97 |mscp410.txt |   69 |
| 4 |  900 | 5000 |   45 | 0.42222223 |1585390267700 |     514 |   519.0 | 0,97 |mscp410.txt |   79 |
| 4 | 1000 | 5000 |   50 |       0.42 |1585390267700 |     514 |   518.0 | 0,78 |mscp410.txt |   89 |
| 4 | 1100 | 5000 |   50 |       0.45 |1585390267700 |     514 |   518.0 | 0,78 |mscp410.txt |1,0e+02 |
| 4 | 1200 | 5000 |   50 |       0.45 |1585390267700 |     514 |   518.0 | 0,78 |mscp410.txt |1,1e+02 |
| 4 | 1300 | 5000 |   50 |       0.45 |1585390267700 |     514 |   518.0 | 0,78 |mscp410.txt |1,2e+02 |
| 4 | 1400 | 5000 |   55 |  0.4181818 |1585390267700 |     514 |   518.0 | 0,78 |mscp410.txt |1,3e+02 |
| 4 | 1500 | 5000 |   55 |  0.4181818 |1585390267700 |     514 |   518.0 | 0,78 |mscp410.txt |1,5e+02 |
| 4 | 1600 | 5000 |   55 |  0.4181818 |1585390267700 |     514 |   518.0 | 0,78 |mscp410.txt |1,6e+02 |
| 4 | 1700 | 5000 |   55 |       0.45 |1585390267700 |     514 |   518.0 | 0,78 |mscp410.txt |1,7e+02 |
| 4 | 1800 | 5000 |   60 |       0.45 |1585390267700 |     514 |   518.0 | 0,78 |mscp410.txt |1,8e+02 |
| 4 | 1900 | 5000 |   60 |       0.45 |1585390267700 |     514 |   518.0 | 0,78 |mscp410.txt |2,0e+02 |
| 4 | 2000 | 5000 |   60 |       0.45 |1585390267700 |     514 |   518.0 | 0,78 |mscp410.txt |2,1e+02 |
| 4 | 2100 | 5000 |   60 |       0.45 |1585390267700 |     514 |   517.0 | 0,58 |mscp410.txt |2,2e+02 |
| 4 | 2200 | 5000 |   65 |       0.45 |1585390267700 |     514 |   517.0 | 0,58 |mscp410.txt |2,3e+02 |
| 4 | 2300 | 5000 |   65 |       0.45 |1585390267700 |     514 |   517.0 | 0,58 |mscp410.txt |2,5e+02 |
| 4 | 2400 | 5000 |   65 |       0.45 |1585390267700 |     514 |   517.0 | 0,58 |mscp410.txt |2,6e+02 |
| 4 | 2500 | 5000 |   65 |       0.45 |1585390267700 |     514 |   517.0 | 0,58 |mscp410.txt |2,7e+02 |
| 4 | 2600 | 5000 |   70 |       0.45 |1585390267700 |     514 |   517.0 | 0,58 |mscp410.txt |2,8e+02 |
| 4 | 2700 | 5000 |   70 |       0.45 |1585390267700 |     514 |   517.0 | 0,58 |mscp410.txt |3,0e+02 |
| 4 | 2800 | 5000 |   70 |       0.45 |1585390267700 |     514 |   517.0 | 0,58 |mscp410.txt |3,1e+02 |
| 4 | 2900 | 5000 |   70 |       0.45 |1585390267700 |     514 |   516.0 | 0,39 |mscp410.txt |3,3e+02 |
| 4 | 3000 | 5000 |   75 |       0.45 |1585390267700 |     514 |   516.0 | 0,39 |mscp410.txt |3,4e+02 |
| 4 | 3100 | 5000 |   75 |       0.45 |1585390267700 |     514 |   516.0 | 0,39 |mscp410.txt |3,6e+02 |
| 4 | 3200 | 5000 |   75 |       0.45 |1585390267700 |     514 |   516.0 | 0,39 |mscp410.txt |3,7e+02 |
| 4 | 3300 | 5000 |   75 |       0.45 |1585390267700 |     514 |   516.0 | 0,39 |mscp410.txt |3,9e+02 |
| 4 | 3400 | 5000 |   80 |       0.45 |1585390267700 |     514 |   516.0 | 0,39 |mscp410.txt |4,1e+02 |
| 4 | 3500 | 5000 |   80 |       0.45 |1585390267700 |     514 |   516.0 | 0,39 |mscp410.txt |4,2e+02 |
| 4 | 3600 | 5000 |   80 |       0.45 |1585390267700 |     514 |   516.0 | 0,39 |mscp410.txt |4,4e+02 |
| 4 | 3700 | 5000 |   80 |       0.45 |1585390267700 |     514 |   516.0 | 0,39 |mscp410.txt |4,6e+02 |
| 4 | 3800 | 5000 |   85 |       0.45 |1585390267700 |     514 |   516.0 | 0,39 |mscp410.txt |4,7e+02 |
| 4 | 3900 | 5000 |   85 |       0.45 |1585390267700 |     514 |   516.0 | 0,39 |mscp410.txt |4,9e+02 |
| 4 | 4000 | 5000 |   85 |       0.45 |1585390267700 |     514 |   516.0 | 0,39 |mscp410.txt |5,1e+02 |
| 4 | 4100 | 5000 |   85 |       0.45 |1585390267700 |     514 |   516.0 | 0,39 |mscp410.txt |5,3e+02 |
| 4 | 4200 | 5000 |   90 |       0.45 |1585390267700 |     514 |   516.0 | 0,39 |mscp410.txt |5,5e+02 |
| 4 | 4300 | 5000 |   90 |       0.45 |1585390267700 |     514 |   516.0 | 0,39 |mscp410.txt |5,7e+02 |
| 4 | 4400 | 5000 |   90 |       0.45 |1585390267700 |     514 |   516.0 | 0,39 |mscp410.txt |5,9e+02 |
| 4 | 4500 | 5000 |   90 |       0.45 |1585390267700 |     514 |   516.0 | 0,39 |mscp410.txt |6,1e+02 |
| 4 | 4600 | 5000 |   95 |       0.45 |1585390267700 |     514 |   516.0 | 0,39 |mscp410.txt |6,3e+02 |
| 4 | 4700 | 5000 |   95 |       0.45 |1585390267700 |     514 |   516.0 | 0,39 |mscp410.txt |6,5e+02 |
| 4 | 4800 | 5000 |   95 |       0.45 |1585390267700 |     514 |   516.0 | 0,39 |mscp410.txt |6,7e+02 |
| 4 | 4900 | 5000 |   95 |       0.45 |1585390267700 |     514 |   516.0 | 0,39 |mscp410.txt |6,9e+02 |
| 4 | 5000 | 5000 |  100 |       0.45 |1585390267700 |     514 |   516.0 | 0,39 |mscp410.txt |7,1e+02 |
| 4 |  200 | 5000 |  100 |       0.45 |1585390267700 |     514 |   516.0 | 0,39 |mscp410.txt |7,1e+02 |
| 5 |    1 | 5000 |   35 |       0.25 |1585390975761 |     514 |   668.0 |29,96 |mscp410.txt | 0,11 |
| 5 |  100 | 5000 |   35 | 0.42857143 |1585390975761 |     514 |   562.0 | 9,34 |mscp410.txt |  6,9 |
| 5 |  200 | 5000 |   35 | 0.22857143 |1585390975761 |     514 |   561.0 | 9,14 |mscp410.txt |   14 |
| 5 |  300 | 5000 |   35 | 0.25714287 |1585390975761 |     514 |   540.0 | 5,06 |mscp410.txt |   21 |
| 5 |  400 | 5000 |   40 |       0.45 |1585390975761 |     514 |   537.0 | 4,47 |mscp410.txt |   29 |
| 5 |  500 | 5000 |   40 |       0.45 |1585390975761 |     514 |   531.0 | 3,31 |mscp410.txt |   37 |
| 5 |  600 | 5000 |   40 |       0.45 |1585390975761 |     514 |   523.0 | 1,75 |mscp410.txt |   47 |
| 5 |  700 | 5000 |   40 |       0.45 |1585390975761 |     514 |   521.0 | 1,36 |mscp410.txt |   55 |
| 5 |  800 | 5000 |   45 |       0.45 |1585390975761 |     514 |   521.0 | 1,36 |mscp410.txt |   65 |
| 5 |  900 | 5000 |   45 |       0.45 |1585390975761 |     514 |   521.0 | 1,36 |mscp410.txt |   75 |
| 5 | 1000 | 5000 |   45 | 0.42222223 |1585390975761 |     514 |   519.0 | 0,97 |mscp410.txt |   85 |
| 5 | 1100 | 5000 |   45 |       0.45 |1585390975761 |     514 |   519.0 | 0,97 |mscp410.txt |   94 |
| 5 | 1200 | 5000 |   50 |       0.45 |1585390975761 |     514 |   519.0 | 0,97 |mscp410.txt |1,1e+02 |
| 5 | 1300 | 5000 |   50 |       0.45 |1585390975761 |     514 |   518.0 | 0,78 |mscp410.txt |1,2e+02 |
| 5 | 1400 | 5000 |   50 |       0.45 |1585390975761 |     514 |   518.0 | 0,78 |mscp410.txt |1,3e+02 |
| 5 | 1500 | 5000 |   50 |       0.45 |1585390975761 |     514 |   518.0 | 0,78 |mscp410.txt |1,4e+02 |
| 5 | 1600 | 5000 |   55 |        0.4 |1585390975761 |     514 |   518.0 | 0,78 |mscp410.txt |1,5e+02 |
| 5 | 1700 | 5000 |   55 |        0.4 |1585390975761 |     514 |   518.0 | 0,78 |mscp410.txt |1,6e+02 |
| 5 | 1800 | 5000 |   55 | 0.38181818 |1585390975761 |     514 |   518.0 | 0,78 |mscp410.txt |1,8e+02 |
| 5 | 1900 | 5000 |   55 |        0.4 |1585390975761 |     514 |   518.0 | 0,78 |mscp410.txt |1,9e+02 |
| 5 | 2000 | 5000 |   60 |       0.45 |1585390975761 |     514 |   518.0 | 0,78 |mscp410.txt |2,0e+02 |
| 5 | 2100 | 5000 |   60 |       0.45 |1585390975761 |     514 |   518.0 | 0,78 |mscp410.txt |2,1e+02 |
| 5 | 2200 | 5000 |   60 |       0.45 |1585390975761 |     514 |   518.0 | 0,78 |mscp410.txt |2,3e+02 |
| 5 | 2300 | 5000 |   60 |       0.45 |1585390975761 |     514 |   518.0 | 0,78 |mscp410.txt |2,4e+02 |
| 5 | 2400 | 5000 |   65 |       0.45 |1585390975761 |     514 |   518.0 | 0,78 |mscp410.txt |2,5e+02 |
| 5 | 2500 | 5000 |   65 |       0.45 |1585390975761 |     514 |   518.0 | 0,78 |mscp410.txt |2,6e+02 |
| 5 | 2600 | 5000 |   65 |       0.45 |1585390975761 |     514 |   518.0 | 0,78 |mscp410.txt |2,8e+02 |
| 5 | 2700 | 5000 |   65 |       0.45 |1585390975761 |     514 |   518.0 | 0,78 |mscp410.txt |2,9e+02 |
| 5 | 2800 | 5000 |   70 |       0.45 |1585390975761 |     514 |   518.0 | 0,78 |mscp410.txt |3,1e+02 |
| 5 | 2900 | 5000 |   70 |       0.45 |1585390975761 |     514 |   518.0 | 0,78 |mscp410.txt |3,2e+02 |
| 5 | 3000 | 5000 |   70 |       0.45 |1585390975761 |     514 |   518.0 | 0,78 |mscp410.txt |3,4e+02 |
| 5 | 3100 | 5000 |   70 |       0.45 |1585390975761 |     514 |   518.0 | 0,78 |mscp410.txt |3,5e+02 |
| 5 | 3200 | 5000 |   75 |       0.45 |1585390975761 |     514 |   518.0 | 0,78 |mscp410.txt |3,7e+02 |
| 5 | 3300 | 5000 |   75 |       0.45 |1585390975761 |     514 |   518.0 | 0,78 |mscp410.txt |3,8e+02 |
| 5 |  200 | 5000 |   75 |       0.45 |1585390975761 |     514 |   514.0 | 0,00 |mscp410.txt |4,0e+02 |
| 6 |    1 | 5000 |   35 |       0.25 |1585391373961 |     514 |   634.0 |23,35 |mscp410.txt | 0,11 |
| 6 |  100 | 5000 |   35 | 0.31428573 |1585391373961 |     514 |   579.0 |12,65 |mscp410.txt |  7,1 |
| 6 |  200 | 5000 |   35 | 0.22857143 |1585391373961 |     514 |   561.0 | 9,14 |mscp410.txt |   15 |
| 6 |  300 | 5000 |   40 |       0.45 |1585391373961 |     514 |   533.0 | 3,70 |mscp410.txt |   23 |
| 6 |  400 | 5000 |   40 |        0.4 |1585391373961 |     514 |   533.0 | 3,70 |mscp410.txt |   31 |
| 6 |  500 | 5000 |   40 |      0.375 |1585391373961 |     514 |   528.0 | 2,72 |mscp410.txt |   40 |
| 6 |  600 | 5000 |   40 |       0.35 |1585391373961 |     514 |   528.0 | 2,72 |mscp410.txt |   48 |
| 6 |  700 | 5000 |   45 | 0.37777779 |1585391373961 |     514 |   524.0 | 1,95 |mscp410.txt |   58 |
| 6 |  800 | 5000 |   45 |        0.4 |1585391373961 |     514 |   524.0 | 1,95 |mscp410.txt |   68 |
| 6 |  900 | 5000 |   45 | 0.44444445 |1585391373961 |     514 |   524.0 | 1,95 |mscp410.txt |   77 |
| 6 | 1000 | 5000 |   45 |        0.4 |1585391373961 |     514 |   522.0 | 1,56 |mscp410.txt |   87 |
| 6 | 1100 | 5000 |   50 |       0.45 |1585391373961 |     514 |   522.0 | 1,56 |mscp410.txt |   99 |
| 6 | 1200 | 5000 |   50 |       0.45 |1585391373961 |     514 |   522.0 | 1,56 |mscp410.txt |1,1e+02 |
| 6 | 1300 | 5000 |   50 |       0.42 |1585391373961 |     514 |   522.0 | 1,56 |mscp410.txt |1,2e+02 |
| 6 | 1400 | 5000 |   50 |       0.44 |1585391373961 |     514 |   522.0 | 1,56 |mscp410.txt |1,3e+02 |
| 6 | 1500 | 5000 |   55 |        0.4 |1585391373961 |     514 |   516.0 | 0,39 |mscp410.txt |1,4e+02 |
| 6 | 1600 | 5000 |   55 |  0.4181818 |1585391373961 |     514 |   516.0 | 0,39 |mscp410.txt |1,6e+02 |
| 6 | 1700 | 5000 |   55 | 0.43636364 |1585391373961 |     514 |   516.0 | 0,39 |mscp410.txt |1,7e+02 |
| 6 | 1800 | 5000 |   55 | 0.43636364 |1585391373961 |     514 |   516.0 | 0,39 |mscp410.txt |1,8e+02 |
| 6 | 1900 | 5000 |   60 | 0.38333333 |1585391373961 |     514 |   516.0 | 0,39 |mscp410.txt |1,9e+02 |
| 6 | 2000 | 5000 |   60 | 0.38333333 |1585391373961 |     514 |   516.0 | 0,39 |mscp410.txt |2,1e+02 |
| 6 | 2100 | 5000 |   60 | 0.38333333 |1585391373961 |     514 |   516.0 | 0,39 |mscp410.txt |2,2e+02 |
| 6 | 2200 | 5000 |   60 | 0.38333333 |1585391373961 |     514 |   516.0 | 0,39 |mscp410.txt |2,3e+02 |
| 6 |  200 | 5000 |   65 | 0.38333333 |1585391373961 |     514 |   514.0 | 0,00 |mscp410.txt |2,5e+02 |
| 7 |    1 | 5000 |   35 |       0.25 |1585391619506 |     514 |   587.0 |14,20 |mscp410.txt | 0,10 |
| 7 |  100 | 5000 |   35 | 0.37142858 |1585391619506 |     514 |   563.0 | 9,53 |mscp410.txt |  6,8 |
| 7 |  200 | 5000 |   35 | 0.37142858 |1585391619506 |     514 |   547.0 | 6,42 |mscp410.txt |   14 |
| 7 |  300 | 5000 |   35 | 0.34285715 |1585391619506 |     514 |   547.0 | 6,42 |mscp410.txt |   21 |
| 7 |  400 | 5000 |   35 |       0.45 |1585391619506 |     514 |   534.0 | 3,89 |mscp410.txt |   29 |
| 7 |  500 | 5000 |   40 |       0.45 |1585391619506 |     514 |   534.0 | 3,89 |mscp410.txt |   37 |
| 7 |  600 | 5000 |   40 |       0.45 |1585391619506 |     514 |   534.0 | 3,89 |mscp410.txt |   45 |
| 7 |  700 | 5000 |   40 |       0.45 |1585391619506 |     514 |   534.0 | 3,89 |mscp410.txt |   54 |
| 7 |  800 | 5000 |   40 |       0.45 |1585391619506 |     514 |   534.0 | 3,89 |mscp410.txt |   62 |
| 7 |  900 | 5000 |   45 |       0.45 |1585391619506 |     514 |   525.0 | 2,14 |mscp410.txt |   71 |
| 7 | 1000 | 5000 |   45 |       0.45 |1585391619506 |     514 |   518.0 | 0,78 |mscp410.txt |   81 |
| 7 | 1100 | 5000 |   45 |       0.45 |1585391619506 |     514 |   518.0 | 0,78 |mscp410.txt |   90 |
| 7 | 1200 | 5000 |   45 |       0.45 |1585391619506 |     514 |   518.0 | 0,78 |mscp410.txt |   99 |
| 7 | 1300 | 5000 |   50 |       0.45 |1585391619506 |     514 |   518.0 | 0,78 |mscp410.txt |1,1e+02 |
| 7 | 1400 | 5000 |   50 |       0.45 |1585391619506 |     514 |   518.0 | 0,78 |mscp410.txt |1,2e+02 |
| 7 | 1500 | 5000 |   50 |       0.45 |1585391619506 |     514 |   518.0 | 0,78 |mscp410.txt |1,3e+02 |
| 7 | 1600 | 5000 |   50 |       0.38 |1585391619506 |     514 |   518.0 | 0,78 |mscp410.txt |1,4e+02 |
| 7 | 1700 | 5000 |   55 |       0.45 |1585391619506 |     514 |   518.0 | 0,78 |mscp410.txt |1,5e+02 |
| 7 | 1800 | 5000 |   55 |       0.45 |1585391619506 |     514 |   518.0 | 0,78 |mscp410.txt |1,7e+02 |
| 7 | 1900 | 5000 |   55 |       0.45 |1585391619506 |     514 |   518.0 | 0,78 |mscp410.txt |1,8e+02 |
| 7 | 2000 | 5000 |   55 |       0.45 |1585391619506 |     514 |   518.0 | 0,78 |mscp410.txt |1,9e+02 |
| 7 | 2100 | 5000 |   60 |       0.45 |1585391619506 |     514 |   516.0 | 0,39 |mscp410.txt |2,0e+02 |
| 7 | 2200 | 5000 |   60 |       0.45 |1585391619506 |     514 |   516.0 | 0,39 |mscp410.txt |2,1e+02 |
| 7 | 2300 | 5000 |   60 |       0.45 |1585391619506 |     514 |   516.0 | 0,39 |mscp410.txt |2,3e+02 |
| 7 | 2400 | 5000 |   60 |       0.45 |1585391619506 |     514 |   516.0 | 0,39 |mscp410.txt |2,4e+02 |
| 7 | 2500 | 5000 |   65 |       0.45 |1585391619506 |     514 |   516.0 | 0,39 |mscp410.txt |2,5e+02 |
| 7 | 2600 | 5000 |   65 |       0.45 |1585391619506 |     514 |   516.0 | 0,39 |mscp410.txt |2,7e+02 |
| 7 | 2700 | 5000 |   65 |       0.45 |1585391619506 |     514 |   516.0 | 0,39 |mscp410.txt |2,8e+02 |
| 7 | 2800 | 5000 |   65 |       0.45 |1585391619506 |     514 |   516.0 | 0,39 |mscp410.txt |3,0e+02 |
| 7 | 2900 | 5000 |   70 |       0.45 |1585391619506 |     514 |   516.0 | 0,39 |mscp410.txt |3,1e+02 |
| 7 | 3000 | 5000 |   70 |       0.45 |1585391619506 |     514 |   516.0 | 0,39 |mscp410.txt |3,3e+02 |
| 7 | 3100 | 5000 |   70 |       0.45 |1585391619506 |     514 |   516.0 | 0,39 |mscp410.txt |3,4e+02 |
| 7 | 3200 | 5000 |   70 |       0.45 |1585391619506 |     514 |   516.0 | 0,39 |mscp410.txt |3,6e+02 |
| 7 | 3300 | 5000 |   75 |       0.45 |1585391619506 |     514 |   516.0 | 0,39 |mscp410.txt |3,7e+02 |
| 7 | 3400 | 5000 |   75 |       0.45 |1585391619506 |     514 |   516.0 | 0,39 |mscp410.txt |3,9e+02 |
| 7 | 3500 | 5000 |   75 |       0.45 |1585391619506 |     514 |   516.0 | 0,39 |mscp410.txt |4,1e+02 |
| 7 | 3600 | 5000 |   75 |       0.45 |1585391619506 |     514 |   516.0 | 0,39 |mscp410.txt |4,2e+02 |
| 7 | 3700 | 5000 |   80 |       0.45 |1585391619506 |     514 |   516.0 | 0,39 |mscp410.txt |4,4e+02 |
| 7 | 3800 | 5000 |   80 |       0.45 |1585391619506 |     514 |   516.0 | 0,39 |mscp410.txt |4,6e+02 |
| 7 | 3900 | 5000 |   80 |       0.45 |1585391619506 |     514 |   516.0 | 0,39 |mscp410.txt |4,8e+02 |
| 7 | 4000 | 5000 |   80 |       0.45 |1585391619506 |     514 |   516.0 | 0,39 |mscp410.txt |5,0e+02 |
| 7 | 4100 | 5000 |   85 |       0.45 |1585391619506 |     514 |   516.0 | 0,39 |mscp410.txt |5,2e+02 |
| 7 | 4200 | 5000 |   85 |       0.45 |1585391619506 |     514 |   516.0 | 0,39 |mscp410.txt |5,3e+02 |
| 7 | 4300 | 5000 |   85 |       0.45 |1585391619506 |     514 |   516.0 | 0,39 |mscp410.txt |5,5e+02 |
| 7 | 4400 | 5000 |   85 |       0.45 |1585391619506 |     514 |   516.0 | 0,39 |mscp410.txt |5,7e+02 |
| 7 | 4500 | 5000 |   90 |       0.45 |1585391619506 |     514 |   516.0 | 0,39 |mscp410.txt |5,9e+02 |
| 7 | 4600 | 5000 |   90 |       0.45 |1585391619506 |     514 |   516.0 | 0,39 |mscp410.txt |6,1e+02 |
| 7 | 4700 | 5000 |   90 | 0.44444445 |1585391619506 |     514 |   515.0 | 0,19 |mscp410.txt |6,3e+02 |
| 7 | 4800 | 5000 |   90 | 0.44444445 |1585391619506 |     514 |   515.0 | 0,19 |mscp410.txt |6,5e+02 |
| 7 | 4900 | 5000 |   95 | 0.42105263 |1585391619506 |     514 |   515.0 | 0,19 |mscp410.txt |6,7e+02 |
| 7 | 5000 | 5000 |   95 |  0.4105263 |1585391619506 |     514 |   515.0 | 0,19 |mscp410.txt |6,9e+02 |
| 7 |  200 | 5000 |   95 |  0.4105263 |1585391619506 |     514 |   515.0 | 0,19 |mscp410.txt |6,9e+02 |
| 8 |    1 | 5000 |   35 |       0.25 |1585392314018 |     514 |   644.0 |25,29 |mscp410.txt |0,071 |
| 8 |  100 | 5000 |   35 |       0.45 |1585392314018 |     514 |   567.0 |10,31 |mscp410.txt |  6,8 |
| 8 |  200 | 5000 |   35 | 0.42857143 |1585392314018 |     514 |   560.0 | 8,95 |mscp410.txt |   14 |
| 8 |  300 | 5000 |   40 |       0.45 |1585392314018 |     514 |   534.0 | 3,89 |mscp410.txt |   23 |
| 8 |  400 | 5000 |   40 |       0.45 |1585392314018 |     514 |   534.0 | 3,89 |mscp410.txt |   31 |
| 8 |  500 | 5000 |   40 |       0.45 |1585392314018 |     514 |   526.0 | 2,33 |mscp410.txt |   40 |
| 8 |  600 | 5000 |   40 |      0.425 |1585392314018 |     514 |   526.0 | 2,33 |mscp410.txt |   48 |
| 8 |  700 | 5000 |   45 |       0.45 |1585392314018 |     514 |   526.0 | 2,33 |mscp410.txt |   58 |
| 8 |  800 | 5000 |   45 |       0.45 |1585392314018 |     514 |   519.0 | 0,97 |mscp410.txt |   67 |
| 8 |  900 | 5000 |   45 |       0.45 |1585392314018 |     514 |   519.0 | 0,97 |mscp410.txt |   76 |
| 8 | 1000 | 5000 |   45 |        0.4 |1585392314018 |     514 |   518.0 | 0,78 |mscp410.txt |   86 |
| 8 | 1100 | 5000 |   50 |       0.45 |1585392314018 |     514 |   518.0 | 0,78 |mscp410.txt |   97 |
| 8 | 1200 | 5000 |   50 |       0.45 |1585392314018 |     514 |   518.0 | 0,78 |mscp410.txt |1,1e+02 |
| 8 | 1300 | 5000 |   50 |       0.45 |1585392314018 |     514 |   516.0 | 0,39 |mscp410.txt |1,2e+02 |
| 8 | 1400 | 5000 |   50 |       0.45 |1585392314018 |     514 |   516.0 | 0,39 |mscp410.txt |1,3e+02 |
| 8 | 1500 | 5000 |   55 |       0.45 |1585392314018 |     514 |   516.0 | 0,39 |mscp410.txt |1,4e+02 |
| 8 | 1600 | 5000 |   55 |       0.45 |1585392314018 |     514 |   516.0 | 0,39 |mscp410.txt |1,5e+02 |
| 8 | 1700 | 5000 |   55 |       0.45 |1585392314018 |     514 |   515.0 | 0,19 |mscp410.txt |1,7e+02 |
| 8 | 1800 | 5000 |   55 |       0.45 |1585392314018 |     514 |   515.0 | 0,19 |mscp410.txt |1,8e+02 |
| 8 | 1900 | 5000 |   60 |       0.45 |1585392314018 |     514 |   515.0 | 0,19 |mscp410.txt |1,9e+02 |
| 8 | 2000 | 5000 |   60 |       0.45 |1585392314018 |     514 |   515.0 | 0,19 |mscp410.txt |2,0e+02 |
| 8 | 2100 | 5000 |   60 |       0.45 |1585392314018 |     514 |   515.0 | 0,19 |mscp410.txt |2,2e+02 |
| 8 |  200 | 5000 |   60 |       0.45 |1585392314018 |     514 |   514.0 | 0,00 |mscp410.txt |2,2e+02 |
| 9 |    1 | 5000 |   35 |       0.25 |1585392536716 |     514 |   619.0 |20,43 |mscp410.txt | 0,12 |
| 9 |  100 | 5000 |   35 | 0.34285715 |1585392536716 |     514 |   556.0 | 8,17 |mscp410.txt |  7,5 |
| 9 |  200 | 5000 |   40 |       0.45 |1585392536716 |     514 |   534.0 | 3,89 |mscp410.txt |   16 |
| 9 |  300 | 5000 |   40 |       0.45 |1585392536716 |     514 |   526.0 | 2,33 |mscp410.txt |   24 |
| 9 |  400 | 5000 |   40 |       0.45 |1585392536716 |     514 |   521.0 | 1,36 |mscp410.txt |   33 |
| 9 |  500 | 5000 |   40 |       0.45 |1585392536716 |     514 |   521.0 | 1,36 |mscp410.txt |   41 |
| 9 |  600 | 5000 |   45 |       0.45 |1585392536716 |     514 |   521.0 | 1,36 |mscp410.txt |   52 |
| 9 |  700 | 5000 |   45 |       0.45 |1585392536716 |     514 |   521.0 | 1,36 |mscp410.txt |   62 |
| 9 |  800 | 5000 |   45 |       0.45 |1585392536716 |     514 |   521.0 | 1,36 |mscp410.txt |   72 |
| 9 |  900 | 5000 |   45 |       0.45 |1585392536716 |     514 |   518.0 | 0,78 |mscp410.txt |   81 |
| 9 | 1000 | 5000 |   50 |       0.42 |1585392536716 |     514 |   518.0 | 0,78 |mscp410.txt |   92 |
| 9 | 1100 | 5000 |   50 |       0.45 |1585392536716 |     514 |   518.0 | 0,78 |mscp410.txt |1,0e+02 |
| 9 | 1200 | 5000 |   50 |       0.45 |1585392536716 |     514 |   518.0 | 0,78 |mscp410.txt |1,1e+02 |
| 9 | 1300 | 5000 |   50 |       0.45 |1585392536716 |     514 |   518.0 | 0,78 |mscp410.txt |1,2e+02 |
| 9 | 1400 | 5000 |   55 | 0.36363637 |1585392536716 |     514 |   518.0 | 0,78 |mscp410.txt |1,4e+02 |
| 9 | 1500 | 5000 |   55 |  0.4181818 |1585392536716 |     514 |   516.0 | 0,39 |mscp410.txt |1,5e+02 |
| 9 | 1600 | 5000 |   55 |       0.45 |1585392536716 |     514 |   516.0 | 0,39 |mscp410.txt |1,6e+02 |
| 9 | 1700 | 5000 |   55 |       0.45 |1585392536716 |     514 |   516.0 | 0,39 |mscp410.txt |1,7e+02 |
| 9 | 1800 | 5000 |   60 |       0.45 |1585392536716 |     514 |   516.0 | 0,39 |mscp410.txt |1,9e+02 |
| 9 | 1900 | 5000 |   60 |       0.45 |1585392536716 |     514 |   516.0 | 0,39 |mscp410.txt |2,0e+02 |
| 9 | 2000 | 5000 |   60 |       0.45 |1585392536716 |     514 |   516.0 | 0,39 |mscp410.txt |2,1e+02 |
| 9 | 2100 | 5000 |   60 |       0.45 |1585392536716 |     514 |   516.0 | 0,39 |mscp410.txt |2,3e+02 |
| 9 | 2200 | 5000 |   65 |       0.45 |1585392536716 |     514 |   516.0 | 0,39 |mscp410.txt |2,4e+02 |
| 9 | 2300 | 5000 |   65 |       0.45 |1585392536716 |     514 |   516.0 | 0,39 |mscp410.txt |2,6e+02 |
| 9 | 2400 | 5000 |   65 |       0.45 |1585392536716 |     514 |   516.0 | 0,39 |mscp410.txt |2,7e+02 |
| 9 | 2500 | 5000 |   65 |       0.45 |1585392536716 |     514 |   516.0 | 0,39 |mscp410.txt |2,9e+02 |
| 9 | 2600 | 5000 |   70 |       0.45 |1585392536716 |     514 |   516.0 | 0,39 |mscp410.txt |3,0e+02 |
| 9 | 2700 | 5000 |   70 |       0.45 |1585392536716 |     514 |   516.0 | 0,39 |mscp410.txt |3,2e+02 |
| 9 | 2800 | 5000 |   70 |       0.45 |1585392536716 |     514 |   516.0 | 0,39 |mscp410.txt |3,3e+02 |
| 9 | 2900 | 5000 |   70 |       0.45 |1585392536716 |     514 |   516.0 | 0,39 |mscp410.txt |3,5e+02 |
| 9 | 3000 | 5000 |   75 | 0.42666668 |1585392536716 |     514 |   516.0 | 0,39 |mscp410.txt |3,6e+02 |
| 9 | 3100 | 5000 |   75 | 0.38666666 |1585392536716 |     514 |   516.0 | 0,39 |mscp410.txt |3,8e+02 |
| 9 | 3200 | 5000 |   75 | 0.38666666 |1585392536716 |     514 |   516.0 | 0,39 |mscp410.txt |4,0e+02 |
| 9 | 3300 | 5000 |   75 | 0.38666666 |1585392536716 |     514 |   516.0 | 0,39 |mscp410.txt |4,2e+02 |
| 9 | 3400 | 5000 |   80 |     0.3625 |1585392536716 |     514 |   516.0 | 0,39 |mscp410.txt |4,3e+02 |
| 9 | 3500 | 5000 |   80 |     0.3625 |1585392536716 |     514 |   516.0 | 0,39 |mscp410.txt |4,5e+02 |
| 9 | 3600 | 5000 |   80 |     0.3625 |1585392536716 |     514 |   516.0 | 0,39 |mscp410.txt |4,7e+02 |
| 9 | 3700 | 5000 |   80 |     0.3625 |1585392536716 |     514 |   516.0 | 0,39 |mscp410.txt |4,9e+02 |
| 9 | 3800 | 5000 |   85 |  0.3764706 |1585392536716 |     514 |   516.0 | 0,39 |mscp410.txt |5,1e+02 |
| 9 | 3900 | 5000 |   85 |  0.3764706 |1585392536716 |     514 |   516.0 | 0,39 |mscp410.txt |5,3e+02 |
| 9 | 4000 | 5000 |   85 |  0.3764706 |1585392536716 |     514 |   516.0 | 0,39 |mscp410.txt |5,5e+02 |
| 9 | 4100 | 5000 |   85 |  0.3764706 |1585392536716 |     514 |   516.0 | 0,39 |mscp410.txt |5,7e+02 |
| 9 | 4200 | 5000 |   90 | 0.35555556 |1585392536716 |     514 |   516.0 | 0,39 |mscp410.txt |5,9e+02 |
| 9 | 4300 | 5000 |   90 | 0.35555556 |1585392536716 |     514 |   516.0 | 0,39 |mscp410.txt |6,1e+02 |
| 9 | 4400 | 5000 |   90 | 0.35555556 |1585392536716 |     514 |   516.0 | 0,39 |mscp410.txt |6,3e+02 |
| 9 | 4500 | 5000 |   90 | 0.35555556 |1585392536716 |     514 |   516.0 | 0,39 |mscp410.txt |6,5e+02 |
| 9 | 4600 | 5000 |   95 | 0.34736842 |1585392536716 |     514 |   516.0 | 0,39 |mscp410.txt |6,7e+02 |
| 9 | 4700 | 5000 |   95 | 0.33684212 |1585392536716 |     514 |   516.0 | 0,39 |mscp410.txt |6,9e+02 |
| 9 | 4800 | 5000 |   95 | 0.33684212 |1585392536716 |     514 |   516.0 | 0,39 |mscp410.txt |7,1e+02 |
| 9 | 4900 | 5000 |   95 | 0.33684212 |1585392536716 |     514 |   516.0 | 0,39 |mscp410.txt |7,4e+02 |
| 9 | 5000 | 5000 |  100 |       0.34 |1585392536716 |     514 |   516.0 | 0,39 |mscp410.txt |7,6e+02 |
| 9 |  200 | 5000 |  100 |       0.34 |1585392536716 |     514 |   516.0 | 0,39 |mscp410.txt |7,6e+02 |
|10 |    1 | 5000 |   35 |       0.25 |1585393295721 |     514 |   647.0 |25,88 |mscp410.txt |0,077 |
|10 |  100 | 5000 |   35 | 0.31428573 |1585393295721 |     514 |   569.0 |10,70 |mscp410.txt |  6,8 |
|10 |  200 | 5000 |   35 |       0.45 |1585393295721 |     514 |   543.0 | 5,64 |mscp410.txt |   14 |
|10 |  300 | 5000 |   35 | 0.25714287 |1585393295721 |     514 |   530.0 | 3,11 |mscp410.txt |   20 |
|10 |  400 | 5000 |   40 |       0.45 |1585393295721 |     514 |   530.0 | 3,11 |mscp410.txt |   29 |
|10 |  500 | 5000 |   40 |      0.425 |1585393295721 |     514 |   530.0 | 3,11 |mscp410.txt |   37 |
|10 |  600 | 5000 |   40 |       0.45 |1585393295721 |     514 |   530.0 | 3,11 |mscp410.txt |   46 |
|10 |  700 | 5000 |   40 |       0.45 |1585393295721 |     514 |   530.0 | 3,11 |mscp410.txt |   54 |
|10 |  800 | 5000 |   45 | 0.33333334 |1585393295721 |     514 |   520.0 | 1,17 |mscp410.txt |   63 |
|10 |  900 | 5000 |   45 | 0.31111112 |1585393295721 |     514 |   518.0 | 0,78 |mscp410.txt |   73 |
|10 | 1000 | 5000 |   45 | 0.31111112 |1585393295721 |     514 |   518.0 | 0,78 |mscp410.txt |   82 |
|10 | 1100 | 5000 |   45 | 0.31111112 |1585393295721 |     514 |   518.0 | 0,78 |mscp410.txt |   92 |
|10 | 1200 | 5000 |   50 |       0.32 |1585393295721 |     514 |   518.0 | 0,78 |mscp410.txt |1,0e+02 |
|10 | 1300 | 5000 |   50 |       0.32 |1585393295721 |     514 |   518.0 | 0,78 |mscp410.txt |1,1e+02 |
|10 | 1400 | 5000 |   50 |       0.38 |1585393295721 |     514 |   518.0 | 0,78 |mscp410.txt |1,2e+02 |
|10 | 1500 | 5000 |   50 |        0.4 |1585393295721 |     514 |   518.0 | 0,78 |mscp410.txt |1,3e+02 |
|10 | 1600 | 5000 |   55 |       0.45 |1585393295721 |     514 |   518.0 | 0,78 |mscp410.txt |1,5e+02 |
|10 | 1700 | 5000 |   55 |       0.45 |1585393295721 |     514 |   518.0 | 0,78 |mscp410.txt |1,6e+02 |
|10 | 1800 | 5000 |   55 |       0.45 |1585393295721 |     514 |   518.0 | 0,78 |mscp410.txt |1,7e+02 |
|10 | 1900 | 5000 |   55 |       0.45 |1585393295721 |     514 |   518.0 | 0,78 |mscp410.txt |1,8e+02 |
|10 | 2000 | 5000 |   60 |       0.45 |1585393295721 |     514 |   518.0 | 0,78 |mscp410.txt |2,0e+02 |
|10 | 2100 | 5000 |   60 |       0.45 |1585393295721 |     514 |   518.0 | 0,78 |mscp410.txt |2,1e+02 |
|10 | 2200 | 5000 |   60 |       0.45 |1585393295721 |     514 |   518.0 | 0,78 |mscp410.txt |2,2e+02 |
|10 | 2300 | 5000 |   60 |       0.45 |1585393295721 |     514 |   518.0 | 0,78 |mscp410.txt |2,4e+02 |
|10 | 2400 | 5000 |   65 |       0.45 |1585393295721 |     514 |   518.0 | 0,78 |mscp410.txt |2,5e+02 |
|10 | 2500 | 5000 |   65 |       0.45 |1585393295721 |     514 |   518.0 | 0,78 |mscp410.txt |2,6e+02 |
|10 | 2600 | 5000 |   65 |       0.45 |1585393295721 |     514 |   518.0 | 0,78 |mscp410.txt |2,8e+02 |
|10 | 2700 | 5000 |   65 |       0.45 |1585393295721 |     514 |   518.0 | 0,78 |mscp410.txt |2,9e+02 |
|10 | 2800 | 5000 |   70 |       0.45 |1585393295721 |     514 |   517.0 | 0,58 |mscp410.txt |3,1e+02 |
|10 | 2900 | 5000 |   70 |       0.45 |1585393295721 |     514 |   517.0 | 0,58 |mscp410.txt |3,2e+02 |
|10 | 3000 | 5000 |   70 |       0.45 |1585393295721 |     514 |   517.0 | 0,58 |mscp410.txt |3,4e+02 |
|10 | 3100 | 5000 |   70 |       0.45 |1585393295721 |     514 |   517.0 | 0,58 |mscp410.txt |3,5e+02 |
|10 | 3200 | 5000 |   75 |       0.44 |1585393295721 |     514 |   517.0 | 0,58 |mscp410.txt |3,7e+02 |
|10 | 3300 | 5000 |   75 |       0.44 |1585393295721 |     514 |   517.0 | 0,58 |mscp410.txt |3,9e+02 |
|10 | 3400 | 5000 |   75 |       0.44 |1585393295721 |     514 |   517.0 | 0,58 |mscp410.txt |4,0e+02 |
|10 | 3500 | 5000 |   75 |       0.44 |1585393295721 |     514 |   517.0 | 0,58 |mscp410.txt |4,2e+02 |
|10 | 3600 | 5000 |   80 |      0.425 |1585393295721 |     514 |   517.0 | 0,58 |mscp410.txt |4,4e+02 |
|10 | 3700 | 5000 |   80 |      0.425 |1585393295721 |     514 |   517.0 | 0,58 |mscp410.txt |4,6e+02 |
|10 | 3800 | 5000 |   80 |      0.425 |1585393295721 |     514 |   517.0 | 0,58 |mscp410.txt |4,7e+02 |
|10 | 3900 | 5000 |   80 |      0.425 |1585393295721 |     514 |   517.0 | 0,58 |mscp410.txt |4,9e+02 |
|10 | 4000 | 5000 |   85 |        0.4 |1585393295721 |     514 |   517.0 | 0,58 |mscp410.txt |5,1e+02 |
|10 | 4100 | 5000 |   85 |  0.3647059 |1585393295721 |     514 |   517.0 | 0,58 |mscp410.txt |5,3e+02 |
|10 | 4200 | 5000 |   85 |  0.3647059 |1585393295721 |     514 |   517.0 | 0,58 |mscp410.txt |5,5e+02 |
|10 | 4300 | 5000 |   85 |  0.3647059 |1585393295721 |     514 |   517.0 | 0,58 |mscp410.txt |5,7e+02 |
|10 | 4400 | 5000 |   90 | 0.37777779 |1585393295721 |     514 |   517.0 | 0,58 |mscp410.txt |5,9e+02 |
|10 | 4500 | 5000 |   90 | 0.37777779 |1585393295721 |     514 |   515.0 | 0,19 |mscp410.txt |6,1e+02 |
|10 | 4600 | 5000 |   90 |  0.3888889 |1585393295721 |     514 |   515.0 | 0,19 |mscp410.txt |6,3e+02 |
|10 | 4700 | 5000 |   90 |  0.3888889 |1585393295721 |     514 |   515.0 | 0,19 |mscp410.txt |6,5e+02 |
|10 | 4800 | 5000 |   95 | 0.36842105 |1585393295721 |     514 |   515.0 | 0,19 |mscp410.txt |6,7e+02 |
|10 | 4900 | 5000 |   95 | 0.36842105 |1585393295721 |     514 |   515.0 | 0,19 |mscp410.txt |6,9e+02 |
|10 | 5000 | 5000 |   95 | 0.36842105 |1585393295721 |     514 |   515.0 | 0,19 |mscp410.txt |7,2e+02 |
|10 |  200 | 5000 |   95 | 0.36842105 |1585393295721 |     514 |   515.0 | 0,19 |mscp410.txt |7,2e+02 |
|11 |    1 | 5000 |   35 |       0.25 |1585394011222 |     514 |   629.0 |22,37 |mscp410.txt |0,076 |
|11 |  100 | 5000 |   35 | 0.42857143 |1585394011222 |     514 |   556.0 | 8,17 |mscp410.txt |  7,1 |
|11 |  200 | 5000 |   40 |       0.45 |1585394011222 |     514 |   538.0 | 4,67 |mscp410.txt |   16 |
|11 |  300 | 5000 |   40 |       0.45 |1585394011222 |     514 |   538.0 | 4,67 |mscp410.txt |   24 |
|11 |  400 | 5000 |   40 |        0.4 |1585394011222 |     514 |   528.0 | 2,72 |mscp410.txt |   32 |
|11 |  500 | 5000 |   40 |       0.45 |1585394011222 |     514 |   528.0 | 2,72 |mscp410.txt |   41 |
|11 |  600 | 5000 |   45 |       0.45 |1585394011222 |     514 |   528.0 | 2,72 |mscp410.txt |   51 |
|11 |  700 | 5000 |   45 |       0.45 |1585394011222 |     514 |   519.0 | 0,97 |mscp410.txt |   61 |
|11 |  800 | 5000 |   45 |       0.45 |1585394011222 |     514 |   518.0 | 0,78 |mscp410.txt |   70 |
|11 |  900 | 5000 |   45 |       0.45 |1585394011222 |     514 |   518.0 | 0,78 |mscp410.txt |   80 |
|11 | 1000 | 5000 |   50 |       0.45 |1585394011222 |     514 |   518.0 | 0,78 |mscp410.txt |   91 |
|11 |  200 | 5000 |   50 |       0.45 |1585394011222 |     514 |   514.0 | 0,00 |mscp410.txt |1,0e+02 |
|12 |    1 | 5000 |   35 |       0.25 |1585394112242 |     514 |   646.0 |25,68 |mscp410.txt | 0,13 |
|12 |  100 | 5000 |   35 |       0.45 |1585394112242 |     514 |   554.0 | 7,78 |mscp410.txt |  8,0 |
|12 |  200 | 5000 |   35 |        0.4 |1585394112242 |     514 |   548.0 | 6,61 |mscp410.txt |   15 |
|12 |  300 | 5000 |   35 |       0.45 |1585394112242 |     514 |   533.0 | 3,70 |mscp410.txt |   22 |
|12 |  400 | 5000 |   40 |       0.45 |1585394112242 |     514 |   532.0 | 3,50 |mscp410.txt |   31 |
|12 |  500 | 5000 |   40 |       0.45 |1585394112242 |     514 |   524.0 | 1,95 |mscp410.txt |   39 |
|12 |  600 | 5000 |   40 |       0.45 |1585394112242 |     514 |   524.0 | 1,95 |mscp410.txt |   47 |
|12 |  700 | 5000 |   40 |       0.45 |1585394112242 |     514 |   520.0 | 1,17 |mscp410.txt |   56 |
|12 |  800 | 5000 |   45 |       0.45 |1585394112242 |     514 |   520.0 | 1,17 |mscp410.txt |   66 |
|12 |  900 | 5000 |   45 |       0.45 |1585394112242 |     514 |   518.0 | 0,78 |mscp410.txt |   76 |
|12 | 1000 | 5000 |   45 |       0.45 |1585394112242 |     514 |   518.0 | 0,78 |mscp410.txt |   87 |
|12 | 1100 | 5000 |   45 |       0.45 |1585394112242 |     514 |   518.0 | 0,78 |mscp410.txt |   97 |
|12 | 1200 | 5000 |   50 |       0.45 |1585394112242 |     514 |   518.0 | 0,78 |mscp410.txt |1,1e+02 |
|12 | 1300 | 5000 |   50 |       0.45 |1585394112242 |     514 |   518.0 | 0,78 |mscp410.txt |1,2e+02 |
|12 | 1400 | 5000 |   50 |       0.45 |1585394112242 |     514 |   518.0 | 0,78 |mscp410.txt |1,3e+02 |
|12 | 1500 | 5000 |   50 |       0.45 |1585394112242 |     514 |   518.0 | 0,78 |mscp410.txt |1,4e+02 |
|12 | 1600 | 5000 |   55 |       0.45 |1585394112242 |     514 |   518.0 | 0,78 |mscp410.txt |1,5e+02 |
|12 | 1700 | 5000 |   55 | 0.43636364 |1585394112242 |     514 |   518.0 | 0,78 |mscp410.txt |1,7e+02 |
|12 | 1800 | 5000 |   55 |       0.45 |1585394112242 |     514 |   518.0 | 0,78 |mscp410.txt |1,8e+02 |
|12 | 1900 | 5000 |   55 | 0.36363637 |1585394112242 |     514 |   516.0 | 0,39 |mscp410.txt |1,9e+02 |
|12 | 2000 | 5000 |   60 | 0.41666666 |1585394112242 |     514 |   516.0 | 0,39 |mscp410.txt |2,0e+02 |
|12 | 2100 | 5000 |   60 | 0.41666666 |1585394112242 |     514 |   516.0 | 0,39 |mscp410.txt |2,2e+02 |
|12 | 2200 | 5000 |   60 |        0.4 |1585394112242 |     514 |   516.0 | 0,39 |mscp410.txt |2,3e+02 |
|12 | 2300 | 5000 |   60 |        0.4 |1585394112242 |     514 |   516.0 | 0,39 |mscp410.txt |2,4e+02 |
|12 | 2400 | 5000 |   65 |        0.4 |1585394112242 |     514 |   516.0 | 0,39 |mscp410.txt |2,6e+02 |
|12 | 2500 | 5000 |   65 |        0.4 |1585394112242 |     514 |   516.0 | 0,39 |mscp410.txt |2,7e+02 |
|12 | 2600 | 5000 |   65 | 0.41538462 |1585394112242 |     514 |   516.0 | 0,39 |mscp410.txt |2,8e+02 |
|12 | 2700 | 5000 |   65 | 0.43076923 |1585394112242 |     514 |   516.0 | 0,39 |mscp410.txt |3,0e+02 |
|12 | 2800 | 5000 |   70 | 0.41428572 |1585394112242 |     514 |   516.0 | 0,39 |mscp410.txt |3,1e+02 |
|12 | 2900 | 5000 |   70 | 0.41428572 |1585394112242 |     514 |   516.0 | 0,39 |mscp410.txt |3,3e+02 |
|12 | 3000 | 5000 |   70 | 0.41428572 |1585394112242 |     514 |   516.0 | 0,39 |mscp410.txt |3,5e+02 |
|12 | 3100 | 5000 |   70 | 0.41428572 |1585394112242 |     514 |   516.0 | 0,39 |mscp410.txt |3,6e+02 |
|12 | 3200 | 5000 |   75 | 0.41333333 |1585394112242 |     514 |   516.0 | 0,39 |mscp410.txt |3,8e+02 |
|12 | 3300 | 5000 |   75 | 0.41333333 |1585394112242 |     514 |   516.0 | 0,39 |mscp410.txt |4,0e+02 |
|12 | 3400 | 5000 |   75 |       0.45 |1585394112242 |     514 |   516.0 | 0,39 |mscp410.txt |4,1e+02 |
|12 | 3500 | 5000 |   75 |       0.44 |1585394112242 |     514 |   516.0 | 0,39 |mscp410.txt |4,3e+02 |
|12 | 3600 | 5000 |   80 |       0.45 |1585394112242 |     514 |   516.0 | 0,39 |mscp410.txt |4,5e+02 |
|12 | 3700 | 5000 |   80 |       0.45 |1585394112242 |     514 |   516.0 | 0,39 |mscp410.txt |4,6e+02 |
|12 |  200 | 5000 |   80 |       0.45 |1585394112242 |     514 |   514.0 | 0,00 |mscp410.txt |4,8e+02 |
|13 |    1 | 5000 |   35 |       0.25 |1585394592263 |     514 |   719.0 |39,88 |mscp410.txt | 0,10 |
|13 |  100 | 5000 |   35 | 0.37142858 |1585394592263 |     514 |   562.0 | 9,34 |mscp410.txt |  6,7 |
|13 |  200 | 5000 |   35 |        0.4 |1585394592263 |     514 |   539.0 | 4,86 |mscp410.txt |   14 |
|13 |  300 | 5000 |   40 |       0.45 |1585394592263 |     514 |   534.0 | 3,89 |mscp410.txt |   22 |
|13 |  400 | 5000 |   40 |       0.45 |1585394592263 |     514 |   533.0 | 3,70 |mscp410.txt |   31 |
|13 |  500 | 5000 |   40 |       0.45 |1585394592263 |     514 |   533.0 | 3,70 |mscp410.txt |   39 |
|13 |  600 | 5000 |   40 |       0.45 |1585394592263 |     514 |   522.0 | 1,56 |mscp410.txt |   47 |
|13 |  700 | 5000 |   45 |       0.45 |1585394592263 |     514 |   522.0 | 1,56 |mscp410.txt |   57 |
|13 |  800 | 5000 |   45 |       0.45 |1585394592263 |     514 |   518.0 | 0,78 |mscp410.txt |   68 |
|13 |  900 | 5000 |   45 |       0.45 |1585394592263 |     514 |   518.0 | 0,78 |mscp410.txt |   78 |
|13 | 1000 | 5000 |   45 |       0.45 |1585394592263 |     514 |   518.0 | 0,78 |mscp410.txt |   88 |
|13 | 1100 | 5000 |   50 |       0.45 |1585394592263 |     514 |   518.0 | 0,78 |mscp410.txt |   98 |
|13 | 1200 | 5000 |   50 |       0.45 |1585394592263 |     514 |   518.0 | 0,78 |mscp410.txt |1,1e+02 |
|13 | 1300 | 5000 |   50 |       0.42 |1585394592263 |     514 |   518.0 | 0,78 |mscp410.txt |1,2e+02 |
|13 | 1400 | 5000 |   50 |       0.44 |1585394592263 |     514 |   518.0 | 0,78 |mscp410.txt |1,3e+02 |
|13 | 1500 | 5000 |   55 | 0.43636364 |1585394592263 |     514 |   518.0 | 0,78 |mscp410.txt |1,4e+02 |
|13 | 1600 | 5000 |   55 |       0.45 |1585394592263 |     514 |   518.0 | 0,78 |mscp410.txt |1,5e+02 |
|13 | 1700 | 5000 |   55 | 0.43636364 |1585394592263 |     514 |   517.0 | 0,58 |mscp410.txt |1,7e+02 |
|13 | 1800 | 5000 |   55 |  0.4181818 |1585394592263 |     514 |   517.0 | 0,58 |mscp410.txt |1,8e+02 |
|13 | 1900 | 5000 |   60 |       0.45 |1585394592263 |     514 |   516.0 | 0,39 |mscp410.txt |1,9e+02 |
|13 | 2000 | 5000 |   60 |       0.45 |1585394592263 |     514 |   516.0 | 0,39 |mscp410.txt |2,0e+02 |
|13 | 2100 | 5000 |   60 |       0.45 |1585394592263 |     514 |   516.0 | 0,39 |mscp410.txt |2,2e+02 |
|13 | 2200 | 5000 |   60 |       0.45 |1585394592263 |     514 |   516.0 | 0,39 |mscp410.txt |2,3e+02 |
|13 | 2300 | 5000 |   65 |       0.45 |1585394592263 |     514 |   516.0 | 0,39 |mscp410.txt |2,4e+02 |
|13 | 2400 | 5000 |   65 |       0.45 |1585394592263 |     514 |   516.0 | 0,39 |mscp410.txt |2,6e+02 |
|13 | 2500 | 5000 |   65 |       0.45 |1585394592263 |     514 |   516.0 | 0,39 |mscp410.txt |2,7e+02 |
|13 | 2600 | 5000 |   65 |       0.45 |1585394592263 |     514 |   516.0 | 0,39 |mscp410.txt |2,9e+02 |
|13 | 2700 | 5000 |   70 |       0.45 |1585394592263 |     514 |   516.0 | 0,39 |mscp410.txt |3,0e+02 |
|13 | 2800 | 5000 |   70 |       0.45 |1585394592263 |     514 |   515.0 | 0,19 |mscp410.txt |3,2e+02 |
|13 | 2900 | 5000 |   70 |       0.45 |1585394592263 |     514 |   515.0 | 0,19 |mscp410.txt |3,3e+02 |
|13 | 3000 | 5000 |   70 |       0.45 |1585394592263 |     514 |   515.0 | 0,19 |mscp410.txt |3,5e+02 |
|13 | 3100 | 5000 |   75 |       0.45 |1585394592263 |     514 |   515.0 | 0,19 |mscp410.txt |3,6e+02 |
|13 | 3200 | 5000 |   75 |       0.45 |1585394592263 |     514 |   515.0 | 0,19 |mscp410.txt |3,8e+02 |
|13 | 3300 | 5000 |   75 |       0.45 |1585394592263 |     514 |   515.0 | 0,19 |mscp410.txt |4,0e+02 |
|13 | 3400 | 5000 |   75 |       0.45 |1585394592263 |     514 |   515.0 | 0,19 |mscp410.txt |4,2e+02 |
|13 | 3500 | 5000 |   80 |     0.4375 |1585394592263 |     514 |   515.0 | 0,19 |mscp410.txt |4,3e+02 |
|13 | 3600 | 5000 |   80 |     0.4375 |1585394592263 |     514 |   515.0 | 0,19 |mscp410.txt |4,5e+02 |
|13 | 3700 | 5000 |   80 |     0.4375 |1585394592263 |     514 |   515.0 | 0,19 |mscp410.txt |4,7e+02 |
|13 | 3800 | 5000 |   80 |     0.4375 |1585394592263 |     514 |   515.0 | 0,19 |mscp410.txt |4,9e+02 |
|13 | 3900 | 5000 |   85 |  0.4117647 |1585394592263 |     514 |   515.0 | 0,19 |mscp410.txt |5,1e+02 |
|13 | 4000 | 5000 |   85 |  0.4117647 |1585394592263 |     514 |   515.0 | 0,19 |mscp410.txt |5,3e+02 |
|13 | 4100 | 5000 |   85 |  0.4117647 |1585394592263 |     514 |   515.0 | 0,19 |mscp410.txt |5,4e+02 |
|13 | 4200 | 5000 |   85 |  0.4117647 |1585394592263 |     514 |   515.0 | 0,19 |mscp410.txt |5,6e+02 |
|13 | 4300 | 5000 |   90 |  0.3888889 |1585394592263 |     514 |   515.0 | 0,19 |mscp410.txt |5,8e+02 |
|13 | 4400 | 5000 |   90 |  0.3888889 |1585394592263 |     514 |   515.0 | 0,19 |mscp410.txt |6,0e+02 |
|13 | 4500 | 5000 |   90 |  0.3888889 |1585394592263 |     514 |   515.0 | 0,19 |mscp410.txt |6,2e+02 |
|13 | 4600 | 5000 |   90 |  0.3888889 |1585394592263 |     514 |   515.0 | 0,19 |mscp410.txt |6,4e+02 |
|13 | 4700 | 5000 |   95 | 0.36842105 |1585394592263 |     514 |   515.0 | 0,19 |mscp410.txt |6,7e+02 |
|13 | 4800 | 5000 |   95 | 0.36842105 |1585394592263 |     514 |   515.0 | 0,19 |mscp410.txt |6,9e+02 |
|13 | 4900 | 5000 |   95 | 0.36842105 |1585394592263 |     514 |   515.0 | 0,19 |mscp410.txt |7,1e+02 |
|13 | 5000 | 5000 |   95 | 0.37894738 |1585394592263 |     514 |   515.0 | 0,19 |mscp410.txt |7,3e+02 |
|13 |  200 | 5000 |  100 | 0.37894738 |1585394592263 |     514 |   515.0 | 0,19 |mscp410.txt |7,3e+02 |
|14 |    1 | 5000 |   35 |       0.25 |1585395322875 |     514 |   655.0 |27,43 |mscp410.txt |0,072 |
|14 |  100 | 5000 |   35 |       0.45 |1585395322875 |     514 |   567.0 |10,31 |mscp410.txt |  6,9 |
|14 |  200 | 5000 |   35 | 0.42857143 |1585395322875 |     514 |   557.0 | 8,37 |mscp410.txt |   14 |
|14 |  300 | 5000 |   35 | 0.34285715 |1585395322875 |     514 |   555.0 | 7,98 |mscp410.txt |   21 |
|14 |  400 | 5000 |   35 | 0.37142858 |1585395322875 |     514 |   537.0 | 4,47 |mscp410.txt |   28 |
|14 |  500 | 5000 |   40 |       0.45 |1585395322875 |     514 |   527.0 | 2,53 |mscp410.txt |   36 |
|14 |  600 | 5000 |   40 |       0.45 |1585395322875 |     514 |   521.0 | 1,36 |mscp410.txt |   44 |
|14 |  700 | 5000 |   40 |       0.45 |1585395322875 |     514 |   521.0 | 1,36 |mscp410.txt |   52 |
|14 |  800 | 5000 |   40 |       0.45 |1585395322875 |     514 |   521.0 | 1,36 |mscp410.txt |   61 |
|14 |  900 | 5000 |   45 |       0.45 |1585395322875 |     514 |   521.0 | 1,36 |mscp410.txt |   71 |
|14 | 1000 | 5000 |   45 |       0.45 |1585395322875 |     514 |   518.0 | 0,78 |mscp410.txt |   80 |
|14 | 1100 | 5000 |   45 |       0.45 |1585395322875 |     514 |   518.0 | 0,78 |mscp410.txt |   89 |
|14 | 1200 | 5000 |   45 |       0.45 |1585395322875 |     514 |   518.0 | 0,78 |mscp410.txt |   99 |
|14 | 1300 | 5000 |   50 |       0.45 |1585395322875 |     514 |   516.0 | 0,39 |mscp410.txt |1,1e+02 |
|14 | 1400 | 5000 |   50 |       0.45 |1585395322875 |     514 |   516.0 | 0,39 |mscp410.txt |1,2e+02 |
|14 | 1500 | 5000 |   50 |       0.45 |1585395322875 |     514 |   516.0 | 0,39 |mscp410.txt |1,3e+02 |
|14 | 1600 | 5000 |   50 |       0.45 |1585395322875 |     514 |   516.0 | 0,39 |mscp410.txt |1,4e+02 |
|14 | 1700 | 5000 |   55 |       0.45 |1585395322875 |     514 |   516.0 | 0,39 |mscp410.txt |1,5e+02 |
|14 | 1800 | 5000 |   55 |        0.4 |1585395322875 |     514 |   516.0 | 0,39 |mscp410.txt |1,6e+02 |
|14 | 1900 | 5000 |   55 |        0.4 |1585395322875 |     514 |   516.0 | 0,39 |mscp410.txt |1,8e+02 |
|14 |  200 | 5000 |   55 |        0.4 |1585395322875 |     514 |   514.0 | 0,00 |mscp410.txt |1,9e+02 |
|15 |    1 | 5000 |   35 |       0.25 |1585395509916 |     514 |   659.0 |28,21 |mscp410.txt | 0,10 |
|15 |  100 | 5000 |   35 | 0.42857143 |1585395509916 |     514 |   568.0 |10,51 |mscp410.txt |  7,2 |
|15 |  200 | 5000 |   40 |       0.45 |1585395509916 |     514 |   546.0 | 6,23 |mscp410.txt |   16 |
|15 |  300 | 5000 |   40 |       0.45 |1585395509916 |     514 |   544.0 | 5,84 |mscp410.txt |   24 |
|15 |  400 | 5000 |   40 |       0.35 |1585395509916 |     514 |   532.0 | 3,50 |mscp410.txt |   33 |
|15 |  500 | 5000 |   40 |        0.4 |1585395509916 |     514 |   519.0 | 0,97 |mscp410.txt |   41 |
|15 |  600 | 5000 |   45 | 0.37777779 |1585395509916 |     514 |   519.0 | 0,97 |mscp410.txt |   51 |
|15 |  700 | 5000 |   45 | 0.37777779 |1585395509916 |     514 |   519.0 | 0,97 |mscp410.txt |   60 |
|15 |  800 | 5000 |   45 |  0.2888889 |1585395509916 |     514 |   519.0 | 0,97 |mscp410.txt |   70 |
|15 |  900 | 5000 |   45 |  0.2888889 |1585395509916 |     514 |   518.0 | 0,78 |mscp410.txt |   79 |
|15 | 1000 | 5000 |   50 |       0.36 |1585395509916 |     514 |   518.0 | 0,78 |mscp410.txt |   90 |
|15 | 1100 | 5000 |   50 |        0.3 |1585395509916 |     514 |   518.0 | 0,78 |mscp410.txt |1,0e+02 |
|15 | 1200 | 5000 |   50 |       0.34 |1585395509916 |     514 |   518.0 | 0,78 |mscp410.txt |1,1e+02 |
|15 | 1300 | 5000 |   50 |       0.32 |1585395509916 |     514 |   518.0 | 0,78 |mscp410.txt |1,2e+02 |
|15 | 1400 | 5000 |   55 |  0.3090909 |1585395509916 |     514 |   518.0 | 0,78 |mscp410.txt |1,3e+02 |
|15 | 1500 | 5000 |   55 | 0.29090908 |1585395509916 |     514 |   518.0 | 0,78 |mscp410.txt |1,5e+02 |
|15 | 1600 | 5000 |   55 | 0.29090908 |1585395509916 |     514 |   518.0 | 0,78 |mscp410.txt |1,6e+02 |
|15 | 1700 | 5000 |   55 | 0.27272728 |1585395509916 |     514 |   518.0 | 0,78 |mscp410.txt |1,7e+02 |
|15 | 1800 | 5000 |   60 | 0.33333334 |1585395509916 |     514 |   516.0 | 0,39 |mscp410.txt |1,8e+02 |
|15 | 1900 | 5000 |   60 | 0.33333334 |1585395509916 |     514 |   516.0 | 0,39 |mscp410.txt |2,0e+02 |
|15 | 2000 | 5000 |   60 | 0.33333334 |1585395509916 |     514 |   516.0 | 0,39 |mscp410.txt |2,1e+02 |
|15 | 2100 | 5000 |   60 | 0.31666666 |1585395509916 |     514 |   516.0 | 0,39 |mscp410.txt |2,2e+02 |
|15 | 2200 | 5000 |   65 | 0.26153848 |1585395509916 |     514 |   516.0 | 0,39 |mscp410.txt |2,4e+02 |
|15 | 2300 | 5000 |   65 | 0.26153848 |1585395509916 |     514 |   516.0 | 0,39 |mscp410.txt |2,5e+02 |
|15 | 2400 | 5000 |   65 |  0.2769231 |1585395509916 |     514 |   516.0 | 0,39 |mscp410.txt |2,7e+02 |
|15 | 2500 | 5000 |   65 |  0.2769231 |1585395509916 |     514 |   516.0 | 0,39 |mscp410.txt |2,8e+02 |
|15 | 2600 | 5000 |   70 | 0.27142859 |1585395509916 |     514 |   516.0 | 0,39 |mscp410.txt |3,0e+02 |
|15 | 2700 | 5000 |   70 |        0.3 |1585395509916 |     514 |   516.0 | 0,39 |mscp410.txt |3,1e+02 |
|15 | 2800 | 5000 |   70 |        0.3 |1585395509916 |     514 |   516.0 | 0,39 |mscp410.txt |3,3e+02 |
|15 | 2900 | 5000 |   70 |        0.3 |1585395509916 |     514 |   516.0 | 0,39 |mscp410.txt |3,4e+02 |
|15 | 3000 | 5000 |   75 |       0.28 |1585395509916 |     514 |   516.0 | 0,39 |mscp410.txt |3,6e+02 |
|15 | 3100 | 5000 |   75 |       0.28 |1585395509916 |     514 |   516.0 | 0,39 |mscp410.txt |3,8e+02 |
|15 | 3200 | 5000 |   75 |       0.28 |1585395509916 |     514 |   516.0 | 0,39 |mscp410.txt |3,9e+02 |
|15 | 3300 | 5000 |   75 |       0.28 |1585395509916 |     514 |   516.0 | 0,39 |mscp410.txt |4,1e+02 |
|15 | 3400 | 5000 |   80 |        0.3 |1585395509916 |     514 |   516.0 | 0,39 |mscp410.txt |4,3e+02 |
|15 | 3500 | 5000 |   80 |        0.3 |1585395509916 |     514 |   516.0 | 0,39 |mscp410.txt |4,5e+02 |
|15 | 3600 | 5000 |   80 |        0.3 |1585395509916 |     514 |   516.0 | 0,39 |mscp410.txt |4,6e+02 |
|15 | 3700 | 5000 |   80 |        0.3 |1585395509916 |     514 |   516.0 | 0,39 |mscp410.txt |4,8e+02 |
|15 | 3800 | 5000 |   85 | 0.29411766 |1585395509916 |     514 |   516.0 | 0,39 |mscp410.txt |5,0e+02 |
|15 | 3900 | 5000 |   85 | 0.29411766 |1585395509916 |     514 |   516.0 | 0,39 |mscp410.txt |5,2e+02 |
|15 | 4000 | 5000 |   85 | 0.29411766 |1585395509916 |     514 |   516.0 | 0,39 |mscp410.txt |5,4e+02 |
|15 | 4100 | 5000 |   85 | 0.29411766 |1585395509916 |     514 |   516.0 | 0,39 |mscp410.txt |5,6e+02 |
|15 | 4200 | 5000 |   90 |        0.3 |1585395509916 |     514 |   516.0 | 0,39 |mscp410.txt |5,8e+02 |
|15 | 4300 | 5000 |   90 |        0.3 |1585395509916 |     514 |   516.0 | 0,39 |mscp410.txt |6,0e+02 |
|15 | 4400 | 5000 |   90 |        0.3 |1585395509916 |     514 |   516.0 | 0,39 |mscp410.txt |6,2e+02 |
|15 | 4500 | 5000 |   90 |        0.3 |1585395509916 |     514 |   516.0 | 0,39 |mscp410.txt |6,4e+02 |
|15 | 4600 | 5000 |   95 | 0.28421053 |1585395509916 |     514 |   516.0 | 0,39 |mscp410.txt |6,6e+02 |
|15 | 4700 | 5000 |   95 | 0.28421053 |1585395509916 |     514 |   516.0 | 0,39 |mscp410.txt |6,8e+02 |
|15 | 4800 | 5000 |   95 | 0.28421053 |1585395509916 |     514 |   516.0 | 0,39 |mscp410.txt |7,1e+02 |
|15 |  200 | 5000 |   95 | 0.28421053 |1585395509916 |     514 |   514.0 | 0,00 |mscp410.txt |7,1e+02 |
