| # |    #ITER | #IterMAX | Nest |      %Desc |      semilla | BestFit |GottedFit |  RDP |  instancia | time |
-------------------------------------------------------------------------------------------------
| 1 |    1 | 5000 |   35 |       0.25 |1585448352866 |      15 |  2266.0 |15006,67 |mscpnrf2.txt |0,0060 |
| 1 |  100 | 5000 |   35 | 0.37142858 |1585448352866 |      15 |  1887.0 |12480,00 |mscpnrf2.txt | 0,57 |
| 1 |  200 | 5000 |   35 | 0.42857143 |1585448352866 |      15 |  1687.0 |11146,67 |mscpnrf2.txt |  1,1 |
| 1 |  300 | 5000 |   35 | 0.34285715 |1585448352866 |      15 |  1619.0 |10693,33 |mscpnrf2.txt |  1,6 |
| 1 |  400 | 5000 |   35 |        0.4 |1585448352866 |      15 |  1438.0 |9486,67 |mscpnrf2.txt |  2,0 |
| 1 |  500 | 5000 |   40 |       0.45 |1585448352866 |      15 |    18.0 |20,00 |mscpnrf2.txt |   73 |
| 1 |  600 | 5000 |   40 |       0.35 |1585448352866 |      15 |    17.0 |13,33 |mscpnrf2.txt |2,1e+02 |
| 1 |  700 | 5000 |   40 |        0.3 |1585448352866 |      15 |    16.0 | 6,67 |mscpnrf2.txt |3,6e+02 |
| 1 |  800 | 5000 |   40 |       0.25 |1585448352866 |      15 |    16.0 | 6,67 |mscpnrf2.txt |5,1e+02 |
| 1 |  900 | 5000 |   45 | 0.26666668 |1585448352866 |      15 |    16.0 | 6,67 |mscpnrf2.txt |7,0e+02 |
| 1 | 1000 | 5000 |   45 | 0.37777779 |1585448352866 |      15 |    16.0 | 6,67 |mscpnrf2.txt |7,9e+02 |
| 1 | 1100 | 5000 |   45 | 0.37777779 |1585448352866 |      15 |    16.0 | 6,67 |mscpnrf2.txt |8,9e+02 |
| 1 | 1200 | 5000 |   45 | 0.37777779 |1585448352866 |      15 |    16.0 | 6,67 |mscpnrf2.txt |9,8e+02 |
| 1 | 1300 | 5000 |   50 |       0.34 |1585448352866 |      15 |    16.0 | 6,67 |mscpnrf2.txt |1,1e+03 |
| 1 | 1400 | 5000 |   50 |       0.34 |1585448352866 |      15 |    16.0 | 6,67 |mscpnrf2.txt |1,2e+03 |
| 1 | 1500 | 5000 |   50 |       0.34 |1585448352866 |      15 |    16.0 | 6,67 |mscpnrf2.txt |1,3e+03 |
| 1 | 1600 | 5000 |   50 |       0.34 |1585448352866 |      15 |    16.0 | 6,67 |mscpnrf2.txt |1,5e+03 |
| 1 | 1700 | 5000 |   55 |  0.3090909 |1585448352866 |      15 |    16.0 | 6,67 |mscpnrf2.txt |1,6e+03 |
| 1 | 1800 | 5000 |   55 |  0.3090909 |1585448352866 |      15 |    16.0 | 6,67 |mscpnrf2.txt |1,7e+03 |
| 1 | 1900 | 5000 |   55 |  0.3090909 |1585448352866 |      15 |    16.0 | 6,67 |mscpnrf2.txt |1,9e+03 |
| 1 | 2000 | 5000 |   55 |  0.3090909 |1585448352866 |      15 |    16.0 | 6,67 |mscpnrf2.txt |2,0e+03 |
| 1 | 2100 | 5000 |   60 |        0.3 |1585448352866 |      15 |    16.0 | 6,67 |mscpnrf2.txt |2,2e+03 |
| 1 | 2200 | 5000 |   60 |        0.3 |1585448352866 |      15 |    16.0 | 6,67 |mscpnrf2.txt |2,4e+03 |
| 1 | 2300 | 5000 |   60 |        0.3 |1585448352866 |      15 |    16.0 | 6,67 |mscpnrf2.txt |2,5e+03 |
| 1 | 2400 | 5000 |   60 |        0.3 |1585448352866 |      15 |    16.0 | 6,67 |mscpnrf2.txt |2,7e+03 |
| 1 | 2500 | 5000 |   65 |  0.2769231 |1585448352866 |      15 |    16.0 | 6,67 |mscpnrf2.txt |2,9e+03 |
| 1 | 2600 | 5000 |   65 |  0.2769231 |1585448352866 |      15 |    16.0 | 6,67 |mscpnrf2.txt |3,1e+03 |
| 1 | 2700 | 5000 |   65 |  0.2769231 |1585448352866 |      15 |    16.0 | 6,67 |mscpnrf2.txt |3,3e+03 |
| 1 | 2800 | 5000 |   65 |  0.2769231 |1585448352866 |      15 |    16.0 | 6,67 |mscpnrf2.txt |3,5e+03 |
| 1 | 2900 | 5000 |   70 |  0.2857143 |1585448352866 |      15 |    16.0 | 6,67 |mscpnrf2.txt |3,7e+03 |
| 1 | 3000 | 5000 |   70 |       0.45 |1585448352866 |      15 |    16.0 | 6,67 |mscpnrf2.txt |3,8e+03 |
| 1 | 3100 | 5000 |   70 |       0.45 |1585448352866 |      15 |    16.0 | 6,67 |mscpnrf2.txt |3,9e+03 |
| 1 | 3200 | 5000 |   70 |       0.45 |1585448352866 |      15 |    16.0 | 6,67 |mscpnrf2.txt |4,0e+03 |
| 1 | 3300 | 5000 |   75 |       0.45 |1585448352866 |      15 |    16.0 | 6,67 |mscpnrf2.txt |4,1e+03 |
| 1 | 3400 | 5000 |   75 |       0.45 |1585448352866 |      15 |    16.0 | 6,67 |mscpnrf2.txt |4,2e+03 |
| 1 | 3500 | 5000 |   75 |       0.45 |1585448352866 |      15 |    16.0 | 6,67 |mscpnrf2.txt |4,4e+03 |
| 1 | 3600 | 5000 |   75 |       0.45 |1585448352866 |      15 |    16.0 | 6,67 |mscpnrf2.txt |4,4e+03 |
| 1 | 3700 | 5000 |   80 |       0.45 |1585448352866 |      15 |    16.0 | 6,67 |mscpnrf2.txt |4,5e+03 |
| 1 | 3800 | 5000 |   80 |       0.45 |1585448352866 |      15 |    16.0 | 6,67 |mscpnrf2.txt |4,5e+03 |
| 1 | 3900 | 5000 |   80 |       0.45 |1585448352866 |      15 |    16.0 | 6,67 |mscpnrf2.txt |4,5e+03 |
| 1 | 4000 | 5000 |   80 |       0.45 |1585448352866 |      15 |    16.0 | 6,67 |mscpnrf2.txt |4,5e+03 |
| 1 | 4100 | 5000 |   85 |       0.45 |1585448352866 |      15 |    16.0 | 6,67 |mscpnrf2.txt |4,5e+03 |
| 1 | 4200 | 5000 |   85 |       0.45 |1585448352866 |      15 |    16.0 | 6,67 |mscpnrf2.txt |4,6e+03 |
| 1 | 4300 | 5000 |   85 |       0.45 |1585448352866 |      15 |    16.0 | 6,67 |mscpnrf2.txt |4,6e+03 |
| 1 | 4400 | 5000 |   85 |       0.45 |1585448352866 |      15 |    16.0 | 6,67 |mscpnrf2.txt |4,6e+03 |
| 1 | 4500 | 5000 |   90 |       0.45 |1585448352866 |      15 |    16.0 | 6,67 |mscpnrf2.txt |4,6e+03 |
| 1 | 4600 | 5000 |   90 |       0.45 |1585448352866 |      15 |    16.0 | 6,67 |mscpnrf2.txt |4,7e+03 |
| 1 | 4700 | 5000 |   90 |       0.45 |1585448352866 |      15 |    16.0 | 6,67 |mscpnrf2.txt |4,7e+03 |
| 1 | 4800 | 5000 |   90 |       0.45 |1585448352866 |      15 |    16.0 | 6,67 |mscpnrf2.txt |4,7e+03 |
| 1 | 4900 | 5000 |   95 |       0.45 |1585448352866 |      15 |    16.0 | 6,67 |mscpnrf2.txt |4,7e+03 |
| 1 | 5000 | 5000 |   95 |       0.45 |1585448352866 |      15 |    16.0 | 6,67 |mscpnrf2.txt |4,7e+03 |
| 1 |  500 | 5000 |   95 |       0.45 |1585448352866 |      15 |    16.0 | 6,67 |mscpnrf2.txt |4,7e+03 |
| 2 |    1 | 5000 |   35 |       0.25 |1585453083040 |      15 |  2297.0 |15213,33 |mscpnrf2.txt |0,0070 |
| 2 |  100 | 5000 |   35 | 0.34285715 |1585453083040 |      15 |  1890.0 |12500,00 |mscpnrf2.txt | 0,56 |
| 2 |  200 | 5000 |   35 |        0.4 |1585453083040 |      15 |  1714.0 |11326,67 |mscpnrf2.txt |  1,1 |
| 2 |  300 | 5000 |   40 |       0.45 |1585453083040 |      15 |    18.0 |20,00 |mscpnrf2.txt |   70 |
| 2 |  400 | 5000 |   40 |      0.325 |1585453083040 |      15 |    17.0 |13,33 |mscpnrf2.txt |2,1e+02 |
| 2 |  500 | 5000 |   40 |      0.275 |1585453083040 |      15 |    16.0 | 6,67 |mscpnrf2.txt |3,7e+02 |
| 2 |  600 | 5000 |   40 |       0.25 |1585453083040 |      15 |    16.0 | 6,67 |mscpnrf2.txt |5,3e+02 |
| 2 |  700 | 5000 |   45 | 0.33333334 |1585453083040 |      15 |    16.0 | 6,67 |mscpnrf2.txt |6,4e+02 |
| 2 |  800 | 5000 |   45 | 0.33333334 |1585453083040 |      15 |    16.0 | 6,67 |mscpnrf2.txt |7,5e+02 |
| 2 |  900 | 5000 |   45 | 0.33333334 |1585453083040 |      15 |    16.0 | 6,67 |mscpnrf2.txt |8,8e+02 |
| 2 | 1000 | 5000 |   45 | 0.33333334 |1585453083040 |      15 |    16.0 | 6,67 |mscpnrf2.txt |1,0e+03 |
| 2 | 1100 | 5000 |   50 |        0.3 |1585453083040 |      15 |    16.0 | 6,67 |mscpnrf2.txt |1,1e+03 |
| 2 | 1200 | 5000 |   50 |        0.3 |1585453083040 |      15 |    16.0 | 6,67 |mscpnrf2.txt |1,3e+03 |
| 2 | 1300 | 5000 |   50 |        0.3 |1585453083040 |      15 |    16.0 | 6,67 |mscpnrf2.txt |1,4e+03 |
| 2 | 1400 | 5000 |   50 |        0.3 |1585453083040 |      15 |    16.0 | 6,67 |mscpnrf2.txt |1,6e+03 |
| 2 | 1500 | 5000 |   55 |  0.3090909 |1585453083040 |      15 |    16.0 | 6,67 |mscpnrf2.txt |1,7e+03 |
| 2 | 1600 | 5000 |   55 |       0.45 |1585453083040 |      15 |    16.0 | 6,67 |mscpnrf2.txt |1,8e+03 |
| 2 | 1700 | 5000 |   55 |       0.45 |1585453083040 |      15 |    16.0 | 6,67 |mscpnrf2.txt |1,9e+03 |
| 2 | 1800 | 5000 |   55 |       0.45 |1585453083040 |      15 |    16.0 | 6,67 |mscpnrf2.txt |2,0e+03 |
| 2 | 1900 | 5000 |   60 |       0.45 |1585453083040 |      15 |    16.0 | 6,67 |mscpnrf2.txt |2,1e+03 |
| 2 | 2000 | 5000 |   60 |       0.45 |1585453083040 |      15 |    16.0 | 6,67 |mscpnrf2.txt |2,2e+03 |
| 2 | 2100 | 5000 |   60 |       0.45 |1585453083040 |      15 |    16.0 | 6,67 |mscpnrf2.txt |2,3e+03 |
| 2 | 2200 | 5000 |   60 |       0.45 |1585453083040 |      15 |    16.0 | 6,67 |mscpnrf2.txt |2,4e+03 |
| 2 | 2300 | 5000 |   65 |       0.45 |1585453083040 |      15 |    16.0 | 6,67 |mscpnrf2.txt |2,5e+03 |
| 2 | 2400 | 5000 |   65 |       0.45 |1585453083040 |      15 |    16.0 | 6,67 |mscpnrf2.txt |2,7e+03 |
| 2 | 2500 | 5000 |   65 |       0.45 |1585453083040 |      15 |    16.0 | 6,67 |mscpnrf2.txt |2,8e+03 |
| 2 | 2600 | 5000 |   65 |       0.45 |1585453083040 |      15 |    16.0 | 6,67 |mscpnrf2.txt |2,9e+03 |
| 2 | 2700 | 5000 |   70 |       0.45 |1585453083040 |      15 |    16.0 | 6,67 |mscpnrf2.txt |3,1e+03 |
| 2 | 2800 | 5000 |   70 |       0.45 |1585453083040 |      15 |    16.0 | 6,67 |mscpnrf2.txt |3,2e+03 |
| 2 | 2900 | 5000 |   70 |       0.45 |1585453083040 |      15 |    16.0 | 6,67 |mscpnrf2.txt |3,3e+03 |
| 2 | 3000 | 5000 |   70 |       0.45 |1585453083040 |      15 |    16.0 | 6,67 |mscpnrf2.txt |3,3e+03 |
| 2 | 3100 | 5000 |   75 |       0.45 |1585453083040 |      15 |    16.0 | 6,67 |mscpnrf2.txt |3,3e+03 |
| 2 | 3200 | 5000 |   75 |       0.45 |1585453083040 |      15 |    16.0 | 6,67 |mscpnrf2.txt |3,4e+03 |
| 2 | 3300 | 5000 |   75 |       0.45 |1585453083040 |      15 |    16.0 | 6,67 |mscpnrf2.txt |3,4e+03 |
| 2 | 3400 | 5000 |   75 |       0.45 |1585453083040 |      15 |    16.0 | 6,67 |mscpnrf2.txt |3,4e+03 |
| 2 | 3500 | 5000 |   80 |       0.45 |1585453083040 |      15 |    16.0 | 6,67 |mscpnrf2.txt |3,4e+03 |
| 2 | 3600 | 5000 |   80 |       0.45 |1585453083040 |      15 |    16.0 | 6,67 |mscpnrf2.txt |3,5e+03 |
| 2 | 3700 | 5000 |   80 |       0.45 |1585453083040 |      15 |    16.0 | 6,67 |mscpnrf2.txt |3,5e+03 |
| 2 | 3800 | 5000 |   80 |       0.45 |1585453083040 |      15 |    16.0 | 6,67 |mscpnrf2.txt |3,5e+03 |
| 2 | 3900 | 5000 |   85 |       0.45 |1585453083040 |      15 |    16.0 | 6,67 |mscpnrf2.txt |3,5e+03 |
| 2 | 4000 | 5000 |   85 |       0.45 |1585453083040 |      15 |    16.0 | 6,67 |mscpnrf2.txt |3,6e+03 |
| 2 | 4100 | 5000 |   85 |       0.45 |1585453083040 |      15 |    16.0 | 6,67 |mscpnrf2.txt |3,6e+03 |
| 2 | 4200 | 5000 |   85 |       0.45 |1585453083040 |      15 |    16.0 | 6,67 |mscpnrf2.txt |3,6e+03 |
| 2 | 4300 | 5000 |   90 |       0.45 |1585453083040 |      15 |    16.0 | 6,67 |mscpnrf2.txt |3,6e+03 |
| 2 | 4400 | 5000 |   90 |       0.45 |1585453083040 |      15 |    16.0 | 6,67 |mscpnrf2.txt |3,6e+03 |
| 2 | 4500 | 5000 |   90 |       0.45 |1585453083040 |      15 |    16.0 | 6,67 |mscpnrf2.txt |3,7e+03 |
| 2 | 4600 | 5000 |   90 |       0.45 |1585453083040 |      15 |    16.0 | 6,67 |mscpnrf2.txt |3,7e+03 |
| 2 | 4700 | 5000 |   95 |       0.45 |1585453083040 |      15 |    16.0 | 6,67 |mscpnrf2.txt |3,7e+03 |
| 2 | 4800 | 5000 |   95 |       0.45 |1585453083040 |      15 |    16.0 | 6,67 |mscpnrf2.txt |3,8e+03 |
| 2 | 4900 | 5000 |   95 |       0.45 |1585453083040 |      15 |    16.0 | 6,67 |mscpnrf2.txt |3,8e+03 |
| 2 | 5000 | 5000 |   95 |       0.45 |1585453083040 |      15 |    16.0 | 6,67 |mscpnrf2.txt |3,8e+03 |
| 2 |  500 | 5000 |  100 |       0.45 |1585453083040 |      15 |    16.0 | 6,67 |mscpnrf2.txt |3,8e+03 |
| 3 |    1 | 5000 |   35 |       0.25 |1585456880995 |      15 |  2298.0 |15220,00 |mscpnrf2.txt |0,0070 |
| 3 |  100 | 5000 |   35 |       0.45 |1585456880995 |      15 |  1945.0 |12866,67 |mscpnrf2.txt | 0,61 |
| 3 |  200 | 5000 |   35 |       0.45 |1585456880995 |      15 |  1790.0 |11833,33 |mscpnrf2.txt |  1,3 |
| 3 |  300 | 5000 |   35 |        0.4 |1585456880995 |      15 |  1670.0 |11033,33 |mscpnrf2.txt |  1,9 |
| 3 |  400 | 5000 |   35 |       0.45 |1585456880995 |      15 |  1642.0 |10846,67 |mscpnrf2.txt |  2,5 |
| 3 |  500 | 5000 |   40 |       0.45 |1585456880995 |      15 |    17.0 |13,33 |mscpnrf2.txt |   85 |
| 3 |  600 | 5000 |   40 |      0.425 |1585456880995 |      15 |    17.0 |13,33 |mscpnrf2.txt |2,4e+02 |
| 3 |  700 | 5000 |   40 |        0.3 |1585456880995 |      15 |    17.0 |13,33 |mscpnrf2.txt |4,2e+02 |
| 3 |  800 | 5000 |   40 |       0.35 |1585456880995 |      15 |    17.0 |13,33 |mscpnrf2.txt |5,1e+02 |
| 3 |  900 | 5000 |   45 | 0.31111112 |1585456880995 |      15 |    16.0 | 6,67 |mscpnrf2.txt |6,4e+02 |
| 3 | 1000 | 5000 |   45 | 0.31111112 |1585456880995 |      15 |    16.0 | 6,67 |mscpnrf2.txt |7,7e+02 |
| 3 | 1100 | 5000 |   45 | 0.31111112 |1585456880995 |      15 |    16.0 | 6,67 |mscpnrf2.txt |8,9e+02 |
| 3 | 1200 | 5000 |   45 | 0.31111112 |1585456880995 |      15 |    16.0 | 6,67 |mscpnrf2.txt |1,0e+03 |
| 3 | 1300 | 5000 |   50 |       0.32 |1585456880995 |      15 |    16.0 | 6,67 |mscpnrf2.txt |1,2e+03 |
| 3 | 1400 | 5000 |   50 |       0.32 |1585456880995 |      15 |    16.0 | 6,67 |mscpnrf2.txt |1,3e+03 |
| 3 | 1500 | 5000 |   50 |       0.32 |1585456880995 |      15 |    16.0 | 6,67 |mscpnrf2.txt |1,4e+03 |
| 3 | 1600 | 5000 |   50 |       0.32 |1585456880995 |      15 |    16.0 | 6,67 |mscpnrf2.txt |1,6e+03 |
| 3 | 1700 | 5000 |   55 |  0.3272727 |1585456880995 |      15 |    16.0 | 6,67 |mscpnrf2.txt |1,8e+03 |
| 3 | 1800 | 5000 |   55 |       0.45 |1585456880995 |      15 |    16.0 | 6,67 |mscpnrf2.txt |1,8e+03 |
| 3 | 1900 | 5000 |   55 |       0.45 |1585456880995 |      15 |    16.0 | 6,67 |mscpnrf2.txt |1,9e+03 |
| 3 | 2000 | 5000 |   55 |       0.45 |1585456880995 |      15 |    16.0 | 6,67 |mscpnrf2.txt |2,0e+03 |
| 3 | 2100 | 5000 |   60 |       0.45 |1585456880995 |      15 |    16.0 | 6,67 |mscpnrf2.txt |2,1e+03 |
| 3 | 2200 | 5000 |   60 |       0.45 |1585456880995 |      15 |    16.0 | 6,67 |mscpnrf2.txt |2,2e+03 |
| 3 | 2300 | 5000 |   60 |       0.45 |1585456880995 |      15 |    16.0 | 6,67 |mscpnrf2.txt |2,3e+03 |
| 3 | 2400 | 5000 |   60 |       0.45 |1585456880995 |      15 |    16.0 | 6,67 |mscpnrf2.txt |2,4e+03 |
| 3 | 2500 | 5000 |   65 |       0.45 |1585456880995 |      15 |    16.0 | 6,67 |mscpnrf2.txt |2,5e+03 |
| 3 | 2600 | 5000 |   65 |       0.45 |1585456880995 |      15 |    16.0 | 6,67 |mscpnrf2.txt |2,6e+03 |
| 3 | 2700 | 5000 |   65 |       0.45 |1585456880995 |      15 |    16.0 | 6,67 |mscpnrf2.txt |2,8e+03 |
| 3 | 2800 | 5000 |   65 |       0.45 |1585456880995 |      15 |    16.0 | 6,67 |mscpnrf2.txt |2,9e+03 |
| 3 | 2900 | 5000 |   70 |       0.45 |1585456880995 |      15 |    16.0 | 6,67 |mscpnrf2.txt |3,0e+03 |
| 3 | 3000 | 5000 |   70 |       0.45 |1585456880995 |      15 |    16.0 | 6,67 |mscpnrf2.txt |3,2e+03 |
| 3 | 3100 | 5000 |   70 |       0.45 |1585456880995 |      15 |    16.0 | 6,67 |mscpnrf2.txt |3,3e+03 |
| 3 | 3200 | 5000 |   70 |       0.45 |1585456880995 |      15 |    16.0 | 6,67 |mscpnrf2.txt |3,4e+03 |
| 3 | 3300 | 5000 |   75 |       0.44 |1585456880995 |      15 |    16.0 | 6,67 |mscpnrf2.txt |3,6e+03 |
| 3 | 3400 | 5000 |   75 |       0.44 |1585456880995 |      15 |    16.0 | 6,67 |mscpnrf2.txt |3,8e+03 |
| 3 | 3500 | 5000 |   75 |       0.44 |1585456880995 |      15 |    16.0 | 6,67 |mscpnrf2.txt |3,9e+03 |
| 3 | 3600 | 5000 |   75 |       0.44 |1585456880995 |      15 |    16.0 | 6,67 |mscpnrf2.txt |4,1e+03 |
| 3 | 3700 | 5000 |   80 |     0.4125 |1585456880995 |      15 |    16.0 | 6,67 |mscpnrf2.txt |4,3e+03 |
| 3 | 3800 | 5000 |   80 |       0.45 |1585456880995 |      15 |    16.0 | 6,67 |mscpnrf2.txt |4,4e+03 |
| 3 | 3900 | 5000 |   80 |       0.45 |1585456880995 |      15 |    16.0 | 6,67 |mscpnrf2.txt |4,4e+03 |
| 3 | 4000 | 5000 |   80 |       0.45 |1585456880995 |      15 |    16.0 | 6,67 |mscpnrf2.txt |4,4e+03 |
| 3 | 4100 | 5000 |   85 |       0.45 |1585456880995 |      15 |    16.0 | 6,67 |mscpnrf2.txt |4,5e+03 |
| 3 | 4200 | 5000 |   85 |       0.45 |1585456880995 |      15 |    16.0 | 6,67 |mscpnrf2.txt |4,5e+03 |
| 3 | 4300 | 5000 |   85 |       0.45 |1585456880995 |      15 |    16.0 | 6,67 |mscpnrf2.txt |4,5e+03 |
| 3 | 4400 | 5000 |   85 |       0.45 |1585456880995 |      15 |    16.0 | 6,67 |mscpnrf2.txt |4,5e+03 |
| 3 | 4500 | 5000 |   90 |       0.45 |1585456880995 |      15 |    16.0 | 6,67 |mscpnrf2.txt |4,5e+03 |
| 3 | 4600 | 5000 |   90 |       0.45 |1585456880995 |      15 |    16.0 | 6,67 |mscpnrf2.txt |4,6e+03 |
| 3 | 4700 | 5000 |   90 |       0.45 |1585456880995 |      15 |    16.0 | 6,67 |mscpnrf2.txt |4,6e+03 |
| 3 | 4800 | 5000 |   90 |       0.45 |1585456880995 |      15 |    16.0 | 6,67 |mscpnrf2.txt |4,6e+03 |
| 3 | 4900 | 5000 |   95 |       0.45 |1585456880995 |      15 |    16.0 | 6,67 |mscpnrf2.txt |4,7e+03 |
| 3 | 5000 | 5000 |   95 |       0.45 |1585456880995 |      15 |    16.0 | 6,67 |mscpnrf2.txt |4,7e+03 |
| 3 |  500 | 5000 |   95 |       0.45 |1585456880995 |      15 |    16.0 | 6,67 |mscpnrf2.txt |4,7e+03 |
| 4 |    1 | 5000 |   35 |       0.25 |1585461589116 |      15 |  2245.0 |14866,67 |mscpnrf2.txt |0,0060 |
| 4 |  100 | 5000 |   35 |        0.4 |1585461589116 |      15 |  1987.0 |13146,67 |mscpnrf2.txt | 0,79 |
| 4 |  200 | 5000 |   35 |       0.45 |1585461589116 |      15 |  1837.0 |12146,67 |mscpnrf2.txt |  1,3 |
| 4 |  300 | 5000 |   35 |        0.4 |1585461589116 |      15 |  1788.0 |11820,00 |mscpnrf2.txt |  1,9 |
| 4 |  400 | 5000 |   40 |      0.425 |1585461589116 |      15 |    16.0 | 6,67 |mscpnrf2.txt |   70 |
| 4 |  500 | 5000 |   40 |      0.375 |1585461589116 |      15 |    16.0 | 6,67 |mscpnrf2.txt |2,1e+02 |
| 4 |  600 | 5000 |   40 |      0.225 |1585461589116 |      15 |    16.0 | 6,67 |mscpnrf2.txt |3,7e+02 |
| 4 |  700 | 5000 |   40 |      0.225 |1585461589116 |      15 |    16.0 | 6,67 |mscpnrf2.txt |5,2e+02 |
| 4 |  800 | 5000 |   45 | 0.35555556 |1585461589116 |      15 |    16.0 | 6,67 |mscpnrf2.txt |6,2e+02 |
| 4 |  900 | 5000 |   45 | 0.35555556 |1585461589116 |      15 |    16.0 | 6,67 |mscpnrf2.txt |7,2e+02 |
| 4 | 1000 | 5000 |   45 | 0.35555556 |1585461589116 |      15 |    16.0 | 6,67 |mscpnrf2.txt |8,3e+02 |
| 4 | 1100 | 5000 |   45 | 0.35555556 |1585461589116 |      15 |    16.0 | 6,67 |mscpnrf2.txt |9,3e+02 |
| 4 | 1200 | 5000 |   50 |       0.32 |1585461589116 |      15 |    16.0 | 6,67 |mscpnrf2.txt |1,1e+03 |
| 4 | 1300 | 5000 |   50 |       0.32 |1585461589116 |      15 |    16.0 | 6,67 |mscpnrf2.txt |1,2e+03 |
| 4 | 1400 | 5000 |   50 |       0.32 |1585461589116 |      15 |    16.0 | 6,67 |mscpnrf2.txt |1,3e+03 |
| 4 | 1500 | 5000 |   50 |       0.32 |1585461589116 |      15 |    16.0 | 6,67 |mscpnrf2.txt |1,4e+03 |
| 4 | 1600 | 5000 |   55 | 0.29090908 |1585461589116 |      15 |    16.0 | 6,67 |mscpnrf2.txt |1,6e+03 |
| 4 | 1700 | 5000 |   55 | 0.29090908 |1585461589116 |      15 |    16.0 | 6,67 |mscpnrf2.txt |1,7e+03 |
| 4 | 1800 | 5000 |   55 | 0.29090908 |1585461589116 |      15 |    16.0 | 6,67 |mscpnrf2.txt |1,9e+03 |
| 4 | 1900 | 5000 |   55 | 0.29090908 |1585461589116 |      15 |    16.0 | 6,67 |mscpnrf2.txt |2,0e+03 |
| 4 | 2000 | 5000 |   60 | 0.31666666 |1585461589116 |      15 |    16.0 | 6,67 |mscpnrf2.txt |2,2e+03 |
| 4 | 2100 | 5000 |   60 |       0.45 |1585461589116 |      15 |    16.0 | 6,67 |mscpnrf2.txt |2,3e+03 |
| 4 | 2200 | 5000 |   60 |       0.45 |1585461589116 |      15 |    16.0 | 6,67 |mscpnrf2.txt |2,4e+03 |
| 4 | 2300 | 5000 |   60 |       0.45 |1585461589116 |      15 |    16.0 | 6,67 |mscpnrf2.txt |2,5e+03 |
| 4 | 2400 | 5000 |   65 |       0.45 |1585461589116 |      15 |    16.0 | 6,67 |mscpnrf2.txt |2,6e+03 |
| 4 | 2500 | 5000 |   65 |       0.45 |1585461589116 |      15 |    16.0 | 6,67 |mscpnrf2.txt |2,7e+03 |
| 4 | 2600 | 5000 |   65 |       0.45 |1585461589116 |      15 |    16.0 | 6,67 |mscpnrf2.txt |2,8e+03 |
| 4 | 2700 | 5000 |   65 |       0.45 |1585461589116 |      15 |    16.0 | 6,67 |mscpnrf2.txt |2,9e+03 |
| 4 | 2800 | 5000 |   70 |       0.45 |1585461589116 |      15 |    16.0 | 6,67 |mscpnrf2.txt |3,0e+03 |
| 4 | 2900 | 5000 |   70 |       0.45 |1585461589116 |      15 |    16.0 | 6,67 |mscpnrf2.txt |3,1e+03 |
| 4 | 3000 | 5000 |   70 |       0.45 |1585461589116 |      15 |    16.0 | 6,67 |mscpnrf2.txt |3,3e+03 |
| 4 | 3100 | 5000 |   70 |       0.45 |1585461589116 |      15 |    16.0 | 6,67 |mscpnrf2.txt |3,4e+03 |
| 4 | 3200 | 5000 |   75 |       0.45 |1585461589116 |      15 |    16.0 | 6,67 |mscpnrf2.txt |3,5e+03 |
| 4 | 3300 | 5000 |   75 |       0.45 |1585461589116 |      15 |    16.0 | 6,67 |mscpnrf2.txt |3,7e+03 |
| 4 | 3400 | 5000 |   75 |       0.45 |1585461589116 |      15 |    16.0 | 6,67 |mscpnrf2.txt |3,8e+03 |
| 4 | 3500 | 5000 |   75 |       0.45 |1585461589116 |      15 |    16.0 | 6,67 |mscpnrf2.txt |4,0e+03 |
| 4 | 3600 | 5000 |   80 |       0.45 |1585461589116 |      15 |    16.0 | 6,67 |mscpnrf2.txt |4,2e+03 |
| 4 | 3700 | 5000 |   80 |       0.45 |1585461589116 |      15 |    16.0 | 6,67 |mscpnrf2.txt |4,3e+03 |
| 4 | 3800 | 5000 |   80 |       0.45 |1585461589116 |      15 |    16.0 | 6,67 |mscpnrf2.txt |4,5e+03 |
| 4 | 3900 | 5000 |   80 |       0.45 |1585461589116 |      15 |    16.0 | 6,67 |mscpnrf2.txt |4,7e+03 |
| 4 | 4000 | 5000 |   85 | 0.43529412 |1585461589116 |      15 |    16.0 | 6,67 |mscpnrf2.txt |4,9e+03 |
| 4 | 4100 | 5000 |   85 |       0.45 |1585461589116 |      15 |    16.0 | 6,67 |mscpnrf2.txt |4,9e+03 |
| 4 | 4200 | 5000 |   85 |       0.45 |1585461589116 |      15 |    16.0 | 6,67 |mscpnrf2.txt |5,0e+03 |
| 4 | 4300 | 5000 |   85 |       0.45 |1585461589116 |      15 |    16.0 | 6,67 |mscpnrf2.txt |5,0e+03 |
| 4 | 4400 | 5000 |   90 |       0.45 |1585461589116 |      15 |    16.0 | 6,67 |mscpnrf2.txt |5,0e+03 |
| 4 | 4500 | 5000 |   90 |       0.45 |1585461589116 |      15 |    16.0 | 6,67 |mscpnrf2.txt |5,1e+03 |
| 4 | 4600 | 5000 |   90 |       0.45 |1585461589116 |      15 |    16.0 | 6,67 |mscpnrf2.txt |5,1e+03 |
| 4 | 4700 | 5000 |   90 |       0.45 |1585461589116 |      15 |    16.0 | 6,67 |mscpnrf2.txt |5,1e+03 |
| 4 | 4800 | 5000 |   95 |       0.45 |1585461589116 |      15 |    16.0 | 6,67 |mscpnrf2.txt |5,1e+03 |
| 4 | 4900 | 5000 |   95 |       0.45 |1585461589116 |      15 |    16.0 | 6,67 |mscpnrf2.txt |5,1e+03 |
| 4 | 5000 | 5000 |   95 |       0.45 |1585461589116 |      15 |    16.0 | 6,67 |mscpnrf2.txt |5,2e+03 |
| 4 |  500 | 5000 |   95 |       0.45 |1585461589116 |      15 |    16.0 | 6,67 |mscpnrf2.txt |5,2e+03 |
| 5 |    1 | 5000 |   35 |       0.25 |1585466763532 |      15 |  2265.0 |15000,00 |mscpnrf2.txt |0,0050 |
| 5 |  100 | 5000 |   35 | 0.37142858 |1585466763532 |      15 |  1927.0 |12746,67 |mscpnrf2.txt | 0,52 |
| 5 |  200 | 5000 |   40 |       0.45 |1585466763532 |      15 |    17.0 |13,33 |mscpnrf2.txt |   60 |
| 5 |  300 | 5000 |   40 |       0.45 |1585466763532 |      15 |    16.0 | 6,67 |mscpnrf2.txt |1,8e+02 |
| 5 |  400 | 5000 |   40 |       0.35 |1585466763532 |      15 |    16.0 | 6,67 |mscpnrf2.txt |3,3e+02 |
| 5 |  500 | 5000 |   40 |      0.275 |1585466763532 |      15 |    16.0 | 6,67 |mscpnrf2.txt |4,8e+02 |
| 5 |  600 | 5000 |   45 | 0.26666668 |1585466763532 |      15 |    16.0 | 6,67 |mscpnrf2.txt |6,6e+02 |
| 5 |  700 | 5000 |   45 | 0.37777779 |1585466763532 |      15 |    16.0 | 6,67 |mscpnrf2.txt |7,6e+02 |
| 5 |  800 | 5000 |   45 | 0.37777779 |1585466763532 |      15 |    16.0 | 6,67 |mscpnrf2.txt |8,5e+02 |
| 5 |  900 | 5000 |   45 | 0.37777779 |1585466763532 |      15 |    16.0 | 6,67 |mscpnrf2.txt |9,5e+02 |
| 5 | 1000 | 5000 |   50 |       0.34 |1585466763532 |      15 |    16.0 | 6,67 |mscpnrf2.txt |1,1e+03 |
| 5 | 1100 | 5000 |   50 |       0.34 |1585466763532 |      15 |    16.0 | 6,67 |mscpnrf2.txt |1,2e+03 |
| 5 | 1200 | 5000 |   50 |       0.34 |1585466763532 |      15 |    16.0 | 6,67 |mscpnrf2.txt |1,3e+03 |
| 5 | 1300 | 5000 |   50 |       0.34 |1585466763532 |      15 |    16.0 | 6,67 |mscpnrf2.txt |1,4e+03 |
| 5 | 1400 | 5000 |   55 |  0.3090909 |1585466763532 |      15 |    16.0 | 6,67 |mscpnrf2.txt |1,6e+03 |
| 5 | 1500 | 5000 |   55 |  0.3090909 |1585466763532 |      15 |    16.0 | 6,67 |mscpnrf2.txt |1,7e+03 |
| 5 | 1600 | 5000 |   55 |  0.3090909 |1585466763532 |      15 |    16.0 | 6,67 |mscpnrf2.txt |1,9e+03 |
| 5 | 1700 | 5000 |   55 |  0.3090909 |1585466763532 |      15 |    16.0 | 6,67 |mscpnrf2.txt |2,0e+03 |
| 5 | 1800 | 5000 |   60 | 0.28333333 |1585466763532 |      15 |    16.0 | 6,67 |mscpnrf2.txt |2,2e+03 |
| 5 | 1900 | 5000 |   60 | 0.28333333 |1585466763532 |      15 |    16.0 | 6,67 |mscpnrf2.txt |2,3e+03 |
| 5 | 2000 | 5000 |   60 | 0.28333333 |1585466763532 |      15 |    16.0 | 6,67 |mscpnrf2.txt |2,5e+03 |
| 5 | 2100 | 5000 |   60 | 0.28333333 |1585466763532 |      15 |    16.0 | 6,67 |mscpnrf2.txt |2,7e+03 |
| 5 | 2200 | 5000 |   65 |  0.2923077 |1585466763532 |      15 |    16.0 | 6,67 |mscpnrf2.txt |2,8e+03 |
| 5 | 2300 | 5000 |   65 |       0.45 |1585466763532 |      15 |    16.0 | 6,67 |mscpnrf2.txt |2,9e+03 |
| 5 | 2400 | 5000 |   65 |       0.45 |1585466763532 |      15 |    16.0 | 6,67 |mscpnrf2.txt |3,0e+03 |
| 5 | 2500 | 5000 |   65 |       0.45 |1585466763532 |      15 |    16.0 | 6,67 |mscpnrf2.txt |3,1e+03 |
| 5 | 2600 | 5000 |   70 |       0.45 |1585466763532 |      15 |    16.0 | 6,67 |mscpnrf2.txt |3,2e+03 |
| 5 | 2700 | 5000 |   70 |       0.45 |1585466763532 |      15 |    16.0 | 6,67 |mscpnrf2.txt |3,3e+03 |
| 5 | 2800 | 5000 |   70 |       0.45 |1585466763532 |      15 |    16.0 | 6,67 |mscpnrf2.txt |3,4e+03 |
| 5 | 2900 | 5000 |   70 |       0.45 |1585466763532 |      15 |    16.0 | 6,67 |mscpnrf2.txt |3,5e+03 |
| 5 | 3000 | 5000 |   75 |       0.45 |1585466763532 |      15 |    16.0 | 6,67 |mscpnrf2.txt |3,7e+03 |
| 5 | 3100 | 5000 |   75 |       0.45 |1585466763532 |      15 |    16.0 | 6,67 |mscpnrf2.txt |3,7e+03 |
| 5 | 3200 | 5000 |   75 |       0.45 |1585466763532 |      15 |    16.0 | 6,67 |mscpnrf2.txt |3,8e+03 |
| 5 | 3300 | 5000 |   75 |       0.45 |1585466763532 |      15 |    16.0 | 6,67 |mscpnrf2.txt |3,8e+03 |
| 5 | 3400 | 5000 |   80 |       0.45 |1585466763532 |      15 |    16.0 | 6,67 |mscpnrf2.txt |3,8e+03 |
| 5 | 3500 | 5000 |   80 |       0.45 |1585466763532 |      15 |    16.0 | 6,67 |mscpnrf2.txt |3,8e+03 |
| 5 | 3600 | 5000 |   80 |       0.45 |1585466763532 |      15 |    16.0 | 6,67 |mscpnrf2.txt |3,9e+03 |
| 5 | 3700 | 5000 |   80 |       0.45 |1585466763532 |      15 |    16.0 | 6,67 |mscpnrf2.txt |3,9e+03 |
| 5 | 3800 | 5000 |   85 |       0.45 |1585466763532 |      15 |    16.0 | 6,67 |mscpnrf2.txt |3,9e+03 |
| 5 | 3900 | 5000 |   85 |       0.45 |1585466763532 |      15 |    16.0 | 6,67 |mscpnrf2.txt |3,9e+03 |
| 5 | 4000 | 5000 |   85 |       0.45 |1585466763532 |      15 |    16.0 | 6,67 |mscpnrf2.txt |3,9e+03 |
| 5 | 4100 | 5000 |   85 |       0.45 |1585466763532 |      15 |    16.0 | 6,67 |mscpnrf2.txt |3,9e+03 |
| 5 | 4200 | 5000 |   90 |       0.45 |1585466763532 |      15 |    16.0 | 6,67 |mscpnrf2.txt |3,9e+03 |
| 5 | 4300 | 5000 |   90 |       0.45 |1585466763532 |      15 |    16.0 | 6,67 |mscpnrf2.txt |4,0e+03 |
| 5 | 4400 | 5000 |   90 |       0.45 |1585466763532 |      15 |    16.0 | 6,67 |mscpnrf2.txt |4,0e+03 |
| 5 | 4500 | 5000 |   90 |       0.45 |1585466763532 |      15 |    16.0 | 6,67 |mscpnrf2.txt |4,0e+03 |
| 5 | 4600 | 5000 |   95 |       0.45 |1585466763532 |      15 |    16.0 | 6,67 |mscpnrf2.txt |4,0e+03 |
| 5 | 4700 | 5000 |   95 |       0.45 |1585466763532 |      15 |    16.0 | 6,67 |mscpnrf2.txt |4,0e+03 |
| 5 | 4800 | 5000 |   95 |       0.45 |1585466763532 |      15 |    16.0 | 6,67 |mscpnrf2.txt |4,0e+03 |
| 5 | 4900 | 5000 |   95 |       0.45 |1585466763532 |      15 |    16.0 | 6,67 |mscpnrf2.txt |4,0e+03 |
| 5 | 5000 | 5000 |  100 |       0.45 |1585466763532 |      15 |    16.0 | 6,67 |mscpnrf2.txt |4,1e+03 |
| 5 |  500 | 5000 |  100 |       0.45 |1585466763532 |      15 |    16.0 | 6,67 |mscpnrf2.txt |4,1e+03 |
| 6 |    1 | 5000 |   35 |       0.25 |1585470839590 |      15 |  2309.0 |15293,33 |mscpnrf2.txt |0,0060 |
| 6 |  100 | 5000 |   35 | 0.37142858 |1585470839590 |      15 |  1911.0 |12640,00 |mscpnrf2.txt | 0,68 |
| 6 |  200 | 5000 |   35 |       0.45 |1585470839590 |      15 |  1765.0 |11666,67 |mscpnrf2.txt |  1,4 |
| 6 |  300 | 5000 |   35 |       0.45 |1585470839590 |      15 |  1717.0 |11346,67 |mscpnrf2.txt |  2,0 |
| 6 |  400 | 5000 |   35 | 0.42857143 |1585470839590 |      15 |  1641.0 |10840,00 |mscpnrf2.txt |  2,6 |
| 6 |  500 | 5000 |   40 |       0.45 |1585470839590 |      15 |    18.0 |20,00 |mscpnrf2.txt |   65 |
| 6 |  600 | 5000 |   40 |       0.35 |1585470839590 |      15 |    17.0 |13,33 |mscpnrf2.txt |2,0e+02 |
| 6 |  700 | 5000 |   40 |      0.275 |1585470839590 |      15 |    16.0 | 6,67 |mscpnrf2.txt |3,6e+02 |
| 6 |  800 | 5000 |   40 |      0.275 |1585470839590 |      15 |    16.0 | 6,67 |mscpnrf2.txt |5,3e+02 |
| 6 |  900 | 5000 |   45 | 0.33333334 |1585470839590 |      15 |    16.0 | 6,67 |mscpnrf2.txt |6,4e+02 |
| 6 | 1000 | 5000 |   45 | 0.33333334 |1585470839590 |      15 |    16.0 | 6,67 |mscpnrf2.txt |7,6e+02 |
| 6 | 1100 | 5000 |   45 | 0.33333334 |1585470839590 |      15 |    16.0 | 6,67 |mscpnrf2.txt |8,7e+02 |
| 6 | 1200 | 5000 |   45 | 0.33333334 |1585470839590 |      15 |    16.0 | 6,67 |mscpnrf2.txt |9,8e+02 |
| 6 | 1300 | 5000 |   50 |       0.32 |1585470839590 |      15 |    16.0 | 6,67 |mscpnrf2.txt |1,1e+03 |
| 6 | 1400 | 5000 |   50 |       0.32 |1585470839590 |      15 |    16.0 | 6,67 |mscpnrf2.txt |1,3e+03 |
| 6 | 1500 | 5000 |   50 |       0.32 |1585470839590 |      15 |    16.0 | 6,67 |mscpnrf2.txt |1,4e+03 |
| 6 | 1600 | 5000 |   50 |       0.32 |1585470839590 |      15 |    16.0 | 6,67 |mscpnrf2.txt |1,5e+03 |
| 6 | 1700 | 5000 |   55 |  0.3272727 |1585470839590 |      15 |    16.0 | 6,67 |mscpnrf2.txt |1,7e+03 |
| 6 | 1800 | 5000 |   55 |       0.45 |1585470839590 |      15 |    16.0 | 6,67 |mscpnrf2.txt |1,7e+03 |
| 6 | 1900 | 5000 |   55 |       0.45 |1585470839590 |      15 |    16.0 | 6,67 |mscpnrf2.txt |1,8e+03 |
| 6 | 2000 | 5000 |   55 |       0.45 |1585470839590 |      15 |    16.0 | 6,67 |mscpnrf2.txt |1,9e+03 |
| 6 | 2100 | 5000 |   60 |       0.45 |1585470839590 |      15 |    16.0 | 6,67 |mscpnrf2.txt |2,0e+03 |
| 6 | 2200 | 5000 |   60 |       0.45 |1585470839590 |      15 |    16.0 | 6,67 |mscpnrf2.txt |2,1e+03 |
| 6 | 2300 | 5000 |   60 |       0.45 |1585470839590 |      15 |    16.0 | 6,67 |mscpnrf2.txt |2,2e+03 |
| 6 | 2400 | 5000 |   60 |       0.45 |1585470839590 |      15 |    16.0 | 6,67 |mscpnrf2.txt |2,3e+03 |
| 6 | 2500 | 5000 |   65 |       0.45 |1585470839590 |      15 |    16.0 | 6,67 |mscpnrf2.txt |2,4e+03 |
| 6 | 2600 | 5000 |   65 |       0.45 |1585470839590 |      15 |    16.0 | 6,67 |mscpnrf2.txt |2,5e+03 |
| 6 | 2700 | 5000 |   65 |       0.45 |1585470839590 |      15 |    16.0 | 6,67 |mscpnrf2.txt |2,6e+03 |
| 6 | 2800 | 5000 |   65 |       0.45 |1585470839590 |      15 |    16.0 | 6,67 |mscpnrf2.txt |2,8e+03 |
| 6 | 2900 | 5000 |   70 |       0.45 |1585470839590 |      15 |    16.0 | 6,67 |mscpnrf2.txt |2,9e+03 |
| 6 | 3000 | 5000 |   70 |       0.45 |1585470839590 |      15 |    16.0 | 6,67 |mscpnrf2.txt |3,0e+03 |
| 6 | 3100 | 5000 |   70 |       0.45 |1585470839590 |      15 |    16.0 | 6,67 |mscpnrf2.txt |3,2e+03 |
| 6 | 3200 | 5000 |   70 |       0.45 |1585470839590 |      15 |    16.0 | 6,67 |mscpnrf2.txt |3,3e+03 |
| 6 | 3300 | 5000 |   75 |       0.45 |1585470839590 |      15 |    16.0 | 6,67 |mscpnrf2.txt |3,5e+03 |
| 6 | 3400 | 5000 |   75 |       0.45 |1585470839590 |      15 |    16.0 | 6,67 |mscpnrf2.txt |3,6e+03 |
| 6 | 3500 | 5000 |   75 |       0.45 |1585470839590 |      15 |    16.0 | 6,67 |mscpnrf2.txt |3,8e+03 |
| 6 | 3600 | 5000 |   75 |       0.45 |1585470839590 |      15 |    16.0 | 6,67 |mscpnrf2.txt |4,0e+03 |
| 6 | 3700 | 5000 |   80 |      0.425 |1585470839590 |      15 |    16.0 | 6,67 |mscpnrf2.txt |4,1e+03 |
| 6 | 3800 | 5000 |   80 |       0.45 |1585470839590 |      15 |    16.0 | 6,67 |mscpnrf2.txt |4,2e+03 |
| 6 | 3900 | 5000 |   80 |       0.45 |1585470839590 |      15 |    16.0 | 6,67 |mscpnrf2.txt |4,3e+03 |
| 6 | 4000 | 5000 |   80 |       0.45 |1585470839590 |      15 |    16.0 | 6,67 |mscpnrf2.txt |4,3e+03 |
| 6 | 4100 | 5000 |   85 |       0.45 |1585470839590 |      15 |    16.0 | 6,67 |mscpnrf2.txt |4,3e+03 |
| 6 | 4200 | 5000 |   85 |       0.45 |1585470839590 |      15 |    16.0 | 6,67 |mscpnrf2.txt |4,3e+03 |
| 6 | 4300 | 5000 |   85 |       0.45 |1585470839590 |      15 |    16.0 | 6,67 |mscpnrf2.txt |4,4e+03 |
| 6 | 4400 | 5000 |   85 |       0.45 |1585470839590 |      15 |    16.0 | 6,67 |mscpnrf2.txt |4,4e+03 |
| 6 | 4500 | 5000 |   90 |       0.45 |1585470839590 |      15 |    16.0 | 6,67 |mscpnrf2.txt |4,5e+03 |
| 6 | 4600 | 5000 |   90 |       0.45 |1585470839590 |      15 |    16.0 | 6,67 |mscpnrf2.txt |4,5e+03 |
| 6 | 4700 | 5000 |   90 |       0.45 |1585470839590 |      15 |    16.0 | 6,67 |mscpnrf2.txt |4,6e+03 |
| 6 | 4800 | 5000 |   90 |       0.45 |1585470839590 |      15 |    16.0 | 6,67 |mscpnrf2.txt |4,6e+03 |
| 6 | 4900 | 5000 |   95 |       0.45 |1585470839590 |      15 |    16.0 | 6,67 |mscpnrf2.txt |4,6e+03 |
| 6 | 5000 | 5000 |   95 |       0.45 |1585470839590 |      15 |    16.0 | 6,67 |mscpnrf2.txt |4,6e+03 |
| 6 |  500 | 5000 |   95 |       0.45 |1585470839590 |      15 |    16.0 | 6,67 |mscpnrf2.txt |4,6e+03 |
| 7 |    1 | 5000 |   35 |       0.25 |1585475477998 |      15 |  2330.0 |15433,33 |mscpnrf2.txt |0,0060 |
| 7 |  100 | 5000 |   35 |       0.45 |1585475477998 |      15 |  1852.0 |12246,67 |mscpnrf2.txt | 0,64 |
| 7 |  200 | 5000 |   35 |        0.4 |1585475477998 |      15 |  1701.0 |11240,00 |mscpnrf2.txt |  1,2 |
| 7 |  300 | 5000 |   35 |       0.45 |1585475477998 |      15 |  1555.0 |10266,67 |mscpnrf2.txt |  1,7 |
| 7 |  400 | 5000 |   35 | 0.37142858 |1585475477998 |      15 |  1503.0 |9920,00 |mscpnrf2.txt |  2,2 |
| 7 |  500 | 5000 |   40 |        0.4 |1585475477998 |      15 |    17.0 |13,33 |mscpnrf2.txt |   96 |
| 7 |  600 | 5000 |   40 |        0.3 |1585475477998 |      15 |    16.0 | 6,67 |mscpnrf2.txt |2,5e+02 |
| 7 |  700 | 5000 |   40 |        0.2 |1585475477998 |      15 |    16.0 | 6,67 |mscpnrf2.txt |4,0e+02 |
| 7 |  800 | 5000 |   40 |        0.2 |1585475477998 |      15 |    16.0 | 6,67 |mscpnrf2.txt |5,6e+02 |
| 7 |  900 | 5000 |   45 |        0.2 |1585475477998 |      15 |    16.0 | 6,67 |mscpnrf2.txt |7,4e+02 |
| 7 | 1000 | 5000 |   45 |        0.4 |1585475477998 |      15 |    16.0 | 6,67 |mscpnrf2.txt |8,3e+02 |
| 7 | 1100 | 5000 |   45 |        0.4 |1585475477998 |      15 |    16.0 | 6,67 |mscpnrf2.txt |9,2e+02 |
| 7 | 1200 | 5000 |   45 |        0.4 |1585475477998 |      15 |    16.0 | 6,67 |mscpnrf2.txt |1,0e+03 |
| 7 | 1300 | 5000 |   50 |       0.36 |1585475477998 |      15 |    16.0 | 6,67 |mscpnrf2.txt |1,1e+03 |
| 7 | 1400 | 5000 |   50 |       0.36 |1585475477998 |      15 |    16.0 | 6,67 |mscpnrf2.txt |1,3e+03 |
| 7 | 1500 | 5000 |   50 |       0.36 |1585475477998 |      15 |    16.0 | 6,67 |mscpnrf2.txt |1,4e+03 |
| 7 | 1600 | 5000 |   50 |       0.36 |1585475477998 |      15 |    16.0 | 6,67 |mscpnrf2.txt |1,5e+03 |
| 7 | 1700 | 5000 |   55 |  0.3272727 |1585475477998 |      15 |    16.0 | 6,67 |mscpnrf2.txt |1,6e+03 |
| 7 | 1800 | 5000 |   55 |  0.3272727 |1585475477998 |      15 |    16.0 | 6,67 |mscpnrf2.txt |1,8e+03 |
| 7 | 1900 | 5000 |   55 |  0.3272727 |1585475477998 |      15 |    16.0 | 6,67 |mscpnrf2.txt |1,9e+03 |
| 7 | 2000 | 5000 |   55 |  0.3272727 |1585475477998 |      15 |    16.0 | 6,67 |mscpnrf2.txt |2,1e+03 |
| 7 | 2100 | 5000 |   60 | 0.31666666 |1585475477998 |      15 |    16.0 | 6,67 |mscpnrf2.txt |2,2e+03 |
| 7 | 2200 | 5000 |   60 | 0.31666666 |1585475477998 |      15 |    16.0 | 6,67 |mscpnrf2.txt |2,4e+03 |
| 7 | 2300 | 5000 |   60 | 0.31666666 |1585475477998 |      15 |    16.0 | 6,67 |mscpnrf2.txt |2,6e+03 |
| 7 | 2400 | 5000 |   60 | 0.33333334 |1585475477998 |      15 |    16.0 | 6,67 |mscpnrf2.txt |2,7e+03 |
| 7 | 2500 | 5000 |   65 | 0.35384616 |1585475477998 |      15 |    16.0 | 6,67 |mscpnrf2.txt |2,9e+03 |
| 7 | 2600 | 5000 |   65 |       0.45 |1585475477998 |      15 |    16.0 | 6,67 |mscpnrf2.txt |3,0e+03 |
| 7 | 2700 | 5000 |   65 |       0.45 |1585475477998 |      15 |    16.0 | 6,67 |mscpnrf2.txt |3,1e+03 |
| 7 | 2800 | 5000 |   65 |       0.45 |1585475477998 |      15 |    16.0 | 6,67 |mscpnrf2.txt |3,2e+03 |
| 7 | 2900 | 5000 |   70 |       0.45 |1585475477998 |      15 |    16.0 | 6,67 |mscpnrf2.txt |3,3e+03 |
| 7 | 3000 | 5000 |   70 |       0.45 |1585475477998 |      15 |    16.0 | 6,67 |mscpnrf2.txt |3,4e+03 |
| 7 | 3100 | 5000 |   70 |       0.45 |1585475477998 |      15 |    16.0 | 6,67 |mscpnrf2.txt |3,5e+03 |
| 7 | 3200 | 5000 |   70 |       0.45 |1585475477998 |      15 |    16.0 | 6,67 |mscpnrf2.txt |3,6e+03 |
| 7 | 3300 | 5000 |   75 |       0.45 |1585475477998 |      15 |    16.0 | 6,67 |mscpnrf2.txt |3,8e+03 |
| 7 | 3400 | 5000 |   75 |       0.45 |1585475477998 |      15 |    16.0 | 6,67 |mscpnrf2.txt |3,9e+03 |
| 7 | 3500 | 5000 |   75 |       0.45 |1585475477998 |      15 |    16.0 | 6,67 |mscpnrf2.txt |4,1e+03 |
| 7 | 3600 | 5000 |   75 |       0.45 |1585475477998 |      15 |    16.0 | 6,67 |mscpnrf2.txt |4,4e+03 |
| 7 | 3700 | 5000 |   80 |       0.45 |1585475477998 |      15 |    16.0 | 6,67 |mscpnrf2.txt |4,5e+03 |
| 7 | 3800 | 5000 |   80 |       0.45 |1585475477998 |      15 |    16.0 | 6,67 |mscpnrf2.txt |4,7e+03 |
| 7 | 3900 | 5000 |   80 |       0.45 |1585475477998 |      15 |    16.0 | 6,67 |mscpnrf2.txt |4,8e+03 |
| 7 | 4000 | 5000 |   80 |       0.45 |1585475477998 |      15 |    16.0 | 6,67 |mscpnrf2.txt |5,0e+03 |
| 7 | 4100 | 5000 |   85 |       0.45 |1585475477998 |      15 |    16.0 | 6,67 |mscpnrf2.txt |5,2e+03 |
| 7 | 4200 | 5000 |   85 |       0.45 |1585475477998 |      15 |    16.0 | 6,67 |mscpnrf2.txt |5,3e+03 |
| 7 | 4300 | 5000 |   85 |       0.45 |1585475477998 |      15 |    16.0 | 6,67 |mscpnrf2.txt |5,5e+03 |
| 7 | 4400 | 5000 |   85 |       0.45 |1585475477998 |      15 |    16.0 | 6,67 |mscpnrf2.txt |5,7e+03 |
| 7 | 4500 | 5000 |   90 | 0.43333334 |1585475477998 |      15 |    16.0 | 6,67 |mscpnrf2.txt |5,9e+03 |
| 7 | 4600 | 5000 |   90 | 0.43333334 |1585475477998 |      15 |    16.0 | 6,67 |mscpnrf2.txt |6,1e+03 |
| 7 | 4700 | 5000 |   90 | 0.43333334 |1585475477998 |      15 |    16.0 | 6,67 |mscpnrf2.txt |6,2e+03 |
| 7 | 4800 | 5000 |   90 | 0.43333334 |1585475477998 |      15 |    16.0 | 6,67 |mscpnrf2.txt |6,4e+03 |
| 7 | 4900 | 5000 |   95 |  0.4105263 |1585475477998 |      15 |    16.0 | 6,67 |mscpnrf2.txt |6,6e+03 |
| 7 | 5000 | 5000 |   95 |       0.45 |1585475477998 |      15 |    16.0 | 6,67 |mscpnrf2.txt |6,7e+03 |
| 7 |  500 | 5000 |   95 |       0.45 |1585475477998 |      15 |    16.0 | 6,67 |mscpnrf2.txt |6,7e+03 |
| 8 |    1 | 5000 |   35 |       0.25 |1585482209533 |      15 |  2266.0 |15006,67 |mscpnrf2.txt |0,0050 |
| 8 |  100 | 5000 |   35 | 0.37142858 |1585482209533 |      15 |  1888.0 |12486,67 |mscpnrf2.txt | 0,50 |
| 8 |  200 | 5000 |   35 |       0.45 |1585482209533 |      15 |  1771.0 |11706,67 |mscpnrf2.txt | 0,97 |
| 8 |  300 | 5000 |   40 |       0.45 |1585482209533 |      15 |    18.0 |20,00 |mscpnrf2.txt |   53 |
| 8 |  400 | 5000 |   40 |      0.325 |1585482209533 |      15 |    17.0 |13,33 |mscpnrf2.txt |1,7e+02 |
| 8 |  500 | 5000 |   40 |        0.3 |1585482209533 |      15 |    17.0 |13,33 |mscpnrf2.txt |3,1e+02 |
| 8 |  600 | 5000 |   40 |       0.35 |1585482209533 |      15 |    17.0 |13,33 |mscpnrf2.txt |3,8e+02 |
| 8 |  700 | 5000 |   45 | 0.31111112 |1585482209533 |      15 |    17.0 |13,33 |mscpnrf2.txt |4,8e+02 |
| 8 |  800 | 5000 |   45 | 0.31111112 |1585482209533 |      15 |    17.0 |13,33 |mscpnrf2.txt |5,8e+02 |
| 8 |  900 | 5000 |   45 | 0.33333334 |1585482209533 |      15 |    17.0 |13,33 |mscpnrf2.txt |6,9e+02 |
| 8 | 1000 | 5000 |   45 | 0.33333334 |1585482209533 |      15 |    17.0 |13,33 |mscpnrf2.txt |7,9e+02 |
| 8 | 1100 | 5000 |   50 |       0.32 |1585482209533 |      15 |    17.0 |13,33 |mscpnrf2.txt |9,2e+02 |
| 8 | 1200 | 5000 |   50 |       0.32 |1585482209533 |      15 |    17.0 |13,33 |mscpnrf2.txt |1,0e+03 |
| 8 | 1300 | 5000 |   50 |       0.34 |1585482209533 |      15 |    17.0 |13,33 |mscpnrf2.txt |1,2e+03 |
| 8 | 1400 | 5000 |   50 |       0.34 |1585482209533 |      15 |    17.0 |13,33 |mscpnrf2.txt |1,3e+03 |
| 8 | 1500 | 5000 |   55 |  0.3272727 |1585482209533 |      15 |    17.0 |13,33 |mscpnrf2.txt |1,4e+03 |
| 8 | 1600 | 5000 |   55 |       0.45 |1585482209533 |      15 |    17.0 |13,33 |mscpnrf2.txt |1,5e+03 |
| 8 | 1700 | 5000 |   55 |       0.45 |1585482209533 |      15 |    17.0 |13,33 |mscpnrf2.txt |1,5e+03 |
| 8 | 1800 | 5000 |   55 |       0.45 |1585482209533 |      15 |    17.0 |13,33 |mscpnrf2.txt |1,6e+03 |
| 8 | 1900 | 5000 |   60 |       0.45 |1585482209533 |      15 |    17.0 |13,33 |mscpnrf2.txt |1,7e+03 |
| 8 | 2000 | 5000 |   60 |       0.45 |1585482209533 |      15 |    17.0 |13,33 |mscpnrf2.txt |1,7e+03 |
| 8 | 2100 | 5000 |   60 |       0.45 |1585482209533 |      15 |    17.0 |13,33 |mscpnrf2.txt |1,8e+03 |
| 8 | 2200 | 5000 |   60 |       0.45 |1585482209533 |      15 |    17.0 |13,33 |mscpnrf2.txt |1,9e+03 |
| 8 | 2300 | 5000 |   65 |       0.45 |1585482209533 |      15 |    17.0 |13,33 |mscpnrf2.txt |2,0e+03 |
| 8 | 2400 | 5000 |   65 |       0.45 |1585482209533 |      15 |    17.0 |13,33 |mscpnrf2.txt |2,1e+03 |
| 8 | 2500 | 5000 |   65 |       0.45 |1585482209533 |      15 |    17.0 |13,33 |mscpnrf2.txt |2,2e+03 |
| 8 | 2600 | 5000 |   65 |       0.45 |1585482209533 |      15 |    17.0 |13,33 |mscpnrf2.txt |2,3e+03 |
| 8 | 2700 | 5000 |   70 |       0.45 |1585482209533 |      15 |    17.0 |13,33 |mscpnrf2.txt |2,4e+03 |
| 8 | 2800 | 5000 |   70 |       0.45 |1585482209533 |      15 |    17.0 |13,33 |mscpnrf2.txt |2,5e+03 |
| 8 | 2900 | 5000 |   70 |       0.45 |1585482209533 |      15 |    17.0 |13,33 |mscpnrf2.txt |2,7e+03 |
| 8 | 3000 | 5000 |   70 |       0.45 |1585482209533 |      15 |    17.0 |13,33 |mscpnrf2.txt |2,8e+03 |
| 8 | 3100 | 5000 |   75 |       0.44 |1585482209533 |      15 |    17.0 |13,33 |mscpnrf2.txt |2,9e+03 |
| 8 | 3200 | 5000 |   75 |       0.44 |1585482209533 |      15 |    17.0 |13,33 |mscpnrf2.txt |3,0e+03 |
| 8 | 3300 | 5000 |   75 |       0.44 |1585482209533 |      15 |    17.0 |13,33 |mscpnrf2.txt |3,2e+03 |
| 8 | 3400 | 5000 |   75 |       0.44 |1585482209533 |      15 |    17.0 |13,33 |mscpnrf2.txt |3,3e+03 |
| 8 | 3500 | 5000 |   80 |     0.4125 |1585482209533 |      15 |    17.0 |13,33 |mscpnrf2.txt |3,4e+03 |
| 8 | 3600 | 5000 |   80 |     0.4125 |1585482209533 |      15 |    17.0 |13,33 |mscpnrf2.txt |3,6e+03 |
| 8 | 3700 | 5000 |   80 |     0.4125 |1585482209533 |      15 |    17.0 |13,33 |mscpnrf2.txt |3,7e+03 |
| 8 | 3800 | 5000 |   80 |     0.4125 |1585482209533 |      15 |    17.0 |13,33 |mscpnrf2.txt |3,8e+03 |
| 8 | 3900 | 5000 |   85 |  0.3882353 |1585482209533 |      15 |    17.0 |13,33 |mscpnrf2.txt |4,0e+03 |
| 8 | 4000 | 5000 |   85 |  0.3882353 |1585482209533 |      15 |    17.0 |13,33 |mscpnrf2.txt |4,2e+03 |
| 8 | 4100 | 5000 |   85 |  0.3882353 |1585482209533 |      15 |    17.0 |13,33 |mscpnrf2.txt |4,3e+03 |
| 8 | 4200 | 5000 |   85 |  0.3882353 |1585482209533 |      15 |    17.0 |13,33 |mscpnrf2.txt |4,5e+03 |
| 8 | 4300 | 5000 |   90 | 0.36666667 |1585482209533 |      15 |    17.0 |13,33 |mscpnrf2.txt |4,7e+03 |
| 8 | 4400 | 5000 |   90 | 0.36666667 |1585482209533 |      15 |    17.0 |13,33 |mscpnrf2.txt |4,8e+03 |
| 8 | 4500 | 5000 |   90 | 0.36666667 |1585482209533 |      15 |    17.0 |13,33 |mscpnrf2.txt |5,0e+03 |
| 8 | 4600 | 5000 |   90 | 0.36666667 |1585482209533 |      15 |    17.0 |13,33 |mscpnrf2.txt |5,2e+03 |
| 8 | 4700 | 5000 |   95 | 0.36842105 |1585482209533 |      15 |    17.0 |13,33 |mscpnrf2.txt |5,4e+03 |
| 8 | 4800 | 5000 |   95 |       0.45 |1585482209533 |      15 |    17.0 |13,33 |mscpnrf2.txt |5,5e+03 |
| 8 | 4900 | 5000 |   95 |       0.45 |1585482209533 |      15 |    17.0 |13,33 |mscpnrf2.txt |5,5e+03 |
| 8 | 5000 | 5000 |   95 |       0.45 |1585482209533 |      15 |    17.0 |13,33 |mscpnrf2.txt |5,6e+03 |
| 8 |  500 | 5000 |  100 |       0.45 |1585482209533 |      15 |    17.0 |13,33 |mscpnrf2.txt |5,6e+03 |
| 9 |    1 | 5000 |   35 |       0.25 |1585487770339 |      15 |  2243.0 |14853,33 |mscpnrf2.txt |0,0050 |
| 9 |  100 | 5000 |   35 |       0.45 |1585487770339 |      15 |  1940.0 |12833,33 |mscpnrf2.txt | 0,44 |
| 9 |  200 | 5000 |   35 | 0.31428573 |1585487770339 |      15 |  1774.0 |11726,67 |mscpnrf2.txt | 0,83 |
| 9 |  300 | 5000 |   35 | 0.34285715 |1585487770339 |      15 |  1634.0 |10793,33 |mscpnrf2.txt |  1,3 |
| 9 |  400 | 5000 |   35 | 0.42857143 |1585487770339 |      15 |  1600.0 |10566,67 |mscpnrf2.txt |  1,7 |
| 9 |  500 | 5000 |   40 |       0.45 |1585487770339 |      15 |    17.0 |13,33 |mscpnrf2.txt |   54 |
| 9 |  600 | 5000 |   40 |        0.4 |1585487770339 |      15 |    17.0 |13,33 |mscpnrf2.txt |1,5e+02 |
| 9 |  700 | 5000 |   40 |      0.375 |1585487770339 |      15 |    17.0 |13,33 |mscpnrf2.txt |2,6e+02 |
| 9 |  800 | 5000 |   40 |      0.325 |1585487770339 |      15 |    16.0 | 6,67 |mscpnrf2.txt |3,3e+02 |
| 9 |  900 | 5000 |   45 |  0.2888889 |1585487770339 |      15 |    16.0 | 6,67 |mscpnrf2.txt |4,3e+02 |
| 9 | 1000 | 5000 |   45 |  0.2888889 |1585487770339 |      15 |    16.0 | 6,67 |mscpnrf2.txt |5,4e+02 |
| 9 | 1100 | 5000 |   45 |  0.2888889 |1585487770339 |      15 |    16.0 | 6,67 |mscpnrf2.txt |6,3e+02 |
| 9 | 1200 | 5000 |   45 |  0.2888889 |1585487770339 |      15 |    16.0 | 6,67 |mscpnrf2.txt |7,2e+02 |
| 9 | 1300 | 5000 |   50 |       0.32 |1585487770339 |      15 |    16.0 | 6,67 |mscpnrf2.txt |8,2e+02 |
| 9 | 1400 | 5000 |   50 |       0.32 |1585487770339 |      15 |    16.0 | 6,67 |mscpnrf2.txt |9,4e+02 |
| 9 | 1500 | 5000 |   50 |       0.32 |1585487770339 |      15 |    16.0 | 6,67 |mscpnrf2.txt |1,1e+03 |
| 9 | 1600 | 5000 |   50 |       0.32 |1585487770339 |      15 |    16.0 | 6,67 |mscpnrf2.txt |1,2e+03 |
| 9 | 1700 | 5000 |   55 | 0.34545454 |1585487770339 |      15 |    16.0 | 6,67 |mscpnrf2.txt |1,3e+03 |
| 9 | 1800 | 5000 |   55 | 0.34545454 |1585487770339 |      15 |    16.0 | 6,67 |mscpnrf2.txt |1,5e+03 |
| 9 | 1900 | 5000 |   55 | 0.34545454 |1585487770339 |      15 |    16.0 | 6,67 |mscpnrf2.txt |1,6e+03 |
| 9 | 2000 | 5000 |   55 | 0.34545454 |1585487770339 |      15 |    16.0 | 6,67 |mscpnrf2.txt |1,7e+03 |
| 9 | 2100 | 5000 |   60 | 0.31666666 |1585487770339 |      15 |    16.0 | 6,67 |mscpnrf2.txt |1,8e+03 |
| 9 | 2200 | 5000 |   60 | 0.31666666 |1585487770339 |      15 |    16.0 | 6,67 |mscpnrf2.txt |2,0e+03 |
| 9 | 2300 | 5000 |   60 | 0.31666666 |1585487770339 |      15 |    16.0 | 6,67 |mscpnrf2.txt |2,1e+03 |
| 9 | 2400 | 5000 |   60 | 0.33333334 |1585487770339 |      15 |    16.0 | 6,67 |mscpnrf2.txt |2,2e+03 |
| 9 | 2500 | 5000 |   65 | 0.32307693 |1585487770339 |      15 |    16.0 | 6,67 |mscpnrf2.txt |2,4e+03 |
| 9 | 2600 | 5000 |   65 |       0.45 |1585487770339 |      15 |    16.0 | 6,67 |mscpnrf2.txt |2,4e+03 |
| 9 | 2700 | 5000 |   65 |       0.45 |1585487770339 |      15 |    16.0 | 6,67 |mscpnrf2.txt |2,5e+03 |
| 9 | 2800 | 5000 |   65 |       0.45 |1585487770339 |      15 |    16.0 | 6,67 |mscpnrf2.txt |2,6e+03 |
| 9 | 2900 | 5000 |   70 |       0.45 |1585487770339 |      15 |    16.0 | 6,67 |mscpnrf2.txt |2,6e+03 |
| 9 | 3000 | 5000 |   70 |       0.45 |1585487770339 |      15 |    16.0 | 6,67 |mscpnrf2.txt |2,7e+03 |
| 9 | 3100 | 5000 |   70 |       0.45 |1585487770339 |      15 |    16.0 | 6,67 |mscpnrf2.txt |2,8e+03 |
| 9 | 3200 | 5000 |   70 |       0.45 |1585487770339 |      15 |    16.0 | 6,67 |mscpnrf2.txt |2,9e+03 |
| 9 | 3300 | 5000 |   75 |       0.45 |1585487770339 |      15 |    16.0 | 6,67 |mscpnrf2.txt |3,0e+03 |
| 9 | 3400 | 5000 |   75 |       0.45 |1585487770339 |      15 |    16.0 | 6,67 |mscpnrf2.txt |3,2e+03 |
| 9 | 3500 | 5000 |   75 |       0.45 |1585487770339 |      15 |    16.0 | 6,67 |mscpnrf2.txt |3,3e+03 |
| 9 | 3600 | 5000 |   75 |       0.45 |1585487770339 |      15 |    16.0 | 6,67 |mscpnrf2.txt |3,4e+03 |
| 9 | 3700 | 5000 |   80 |     0.4375 |1585487770339 |      15 |    16.0 | 6,67 |mscpnrf2.txt |3,5e+03 |
| 9 | 3800 | 5000 |   80 |     0.4375 |1585487770339 |      15 |    16.0 | 6,67 |mscpnrf2.txt |3,6e+03 |
| 9 | 3900 | 5000 |   80 |     0.4375 |1585487770339 |      15 |    16.0 | 6,67 |mscpnrf2.txt |3,7e+03 |
| 9 | 4000 | 5000 |   80 |     0.4375 |1585487770339 |      15 |    16.0 | 6,67 |mscpnrf2.txt |3,9e+03 |
| 9 | 4100 | 5000 |   85 |  0.4117647 |1585487770339 |      15 |    16.0 | 6,67 |mscpnrf2.txt |4,0e+03 |
| 9 | 4200 | 5000 |   85 |  0.4117647 |1585487770339 |      15 |    16.0 | 6,67 |mscpnrf2.txt |4,1e+03 |
| 9 | 4300 | 5000 |   85 |  0.4117647 |1585487770339 |      15 |    16.0 | 6,67 |mscpnrf2.txt |4,3e+03 |
| 9 | 4400 | 5000 |   85 |  0.4117647 |1585487770339 |      15 |    16.0 | 6,67 |mscpnrf2.txt |4,4e+03 |
| 9 | 4500 | 5000 |   90 |  0.3888889 |1585487770339 |      15 |    16.0 | 6,67 |mscpnrf2.txt |4,6e+03 |
| 9 | 4600 | 5000 |   90 |  0.3888889 |1585487770339 |      15 |    16.0 | 6,67 |mscpnrf2.txt |4,7e+03 |
| 9 | 4700 | 5000 |   90 |  0.3888889 |1585487770339 |      15 |    16.0 | 6,67 |mscpnrf2.txt |4,8e+03 |
| 9 | 4800 | 5000 |   90 |  0.3888889 |1585487770339 |      15 |    16.0 | 6,67 |mscpnrf2.txt |5,0e+03 |
| 9 | 4900 | 5000 |   95 | 0.36842105 |1585487770339 |      15 |    16.0 | 6,67 |mscpnrf2.txt |5,1e+03 |
| 9 | 5000 | 5000 |   95 | 0.36842105 |1585487770339 |      15 |    16.0 | 6,67 |mscpnrf2.txt |5,3e+03 |
| 9 |  500 | 5000 |   95 | 0.36842105 |1585487770339 |      15 |    16.0 | 6,67 |mscpnrf2.txt |5,3e+03 |
|10 |    1 | 5000 |   35 |       0.25 |1585493042010 |      15 |  2277.0 |15080,00 |mscpnrf2.txt |0,0070 |
|10 |  100 | 5000 |   35 |        0.4 |1585493042010 |      15 |  1933.0 |12786,67 |mscpnrf2.txt | 0,39 |
|10 |  200 | 5000 |   35 |        0.4 |1585493042010 |      15 |  1781.0 |11773,33 |mscpnrf2.txt | 0,76 |
|10 |  300 | 5000 |   40 |       0.45 |1585493042010 |      15 |    18.0 |20,00 |mscpnrf2.txt |   47 |
|10 |  400 | 5000 |   40 |       0.35 |1585493042010 |      15 |    16.0 | 6,67 |mscpnrf2.txt |1,6e+02 |
|10 |  500 | 5000 |   40 |      0.175 |1585493042010 |      15 |    16.0 | 6,67 |mscpnrf2.txt |2,8e+02 |
|10 |  600 | 5000 |   40 |       0.15 |1585493042010 |      15 |    16.0 | 6,67 |mscpnrf2.txt |4,2e+02 |
|10 |  700 | 5000 |   45 | 0.17777778 |1585493042010 |      15 |    16.0 | 6,67 |mscpnrf2.txt |5,9e+02 |
|10 |  800 | 5000 |   45 | 0.42222223 |1585493042010 |      15 |    16.0 | 6,67 |mscpnrf2.txt |6,5e+02 |
|10 |  900 | 5000 |   45 | 0.42222223 |1585493042010 |      15 |    16.0 | 6,67 |mscpnrf2.txt |7,4e+02 |
|10 | 1000 | 5000 |   45 | 0.42222223 |1585493042010 |      15 |    16.0 | 6,67 |mscpnrf2.txt |8,2e+02 |
|10 | 1100 | 5000 |   50 |       0.38 |1585493042010 |      15 |    16.0 | 6,67 |mscpnrf2.txt |9,1e+02 |
|10 | 1200 | 5000 |   50 |       0.38 |1585493042010 |      15 |    16.0 | 6,67 |mscpnrf2.txt |1,0e+03 |
|10 | 1300 | 5000 |   50 |       0.38 |1585493042010 |      15 |    16.0 | 6,67 |mscpnrf2.txt |1,1e+03 |
|10 | 1400 | 5000 |   50 |       0.38 |1585493042010 |      15 |    16.0 | 6,67 |mscpnrf2.txt |1,2e+03 |
|10 | 1500 | 5000 |   55 | 0.34545454 |1585493042010 |      15 |    16.0 | 6,67 |mscpnrf2.txt |1,4e+03 |
|10 | 1600 | 5000 |   55 | 0.34545454 |1585493042010 |      15 |    16.0 | 6,67 |mscpnrf2.txt |1,5e+03 |
|10 | 1700 | 5000 |   55 | 0.34545454 |1585493042010 |      15 |    16.0 | 6,67 |mscpnrf2.txt |1,6e+03 |
|10 | 1800 | 5000 |   55 | 0.34545454 |1585493042010 |      15 |    16.0 | 6,67 |mscpnrf2.txt |1,7e+03 |
|10 | 1900 | 5000 |   60 | 0.33333334 |1585493042010 |      15 |    16.0 | 6,67 |mscpnrf2.txt |1,9e+03 |
|10 | 2000 | 5000 |   60 | 0.33333334 |1585493042010 |      15 |    16.0 | 6,67 |mscpnrf2.txt |2,0e+03 |
|10 | 2100 | 5000 |   60 | 0.33333334 |1585493042010 |      15 |    16.0 | 6,67 |mscpnrf2.txt |2,1e+03 |
|10 | 2200 | 5000 |   60 | 0.33333334 |1585493042010 |      15 |    16.0 | 6,67 |mscpnrf2.txt |2,2e+03 |
|10 | 2300 | 5000 |   65 | 0.35384616 |1585493042010 |      15 |    16.0 | 6,67 |mscpnrf2.txt |2,4e+03 |
|10 | 2400 | 5000 |   65 |       0.45 |1585493042010 |      15 |    16.0 | 6,67 |mscpnrf2.txt |2,5e+03 |
|10 | 2500 | 5000 |   65 |       0.45 |1585493042010 |      15 |    16.0 | 6,67 |mscpnrf2.txt |2,5e+03 |
|10 | 2600 | 5000 |   65 |       0.45 |1585493042010 |      15 |    16.0 | 6,67 |mscpnrf2.txt |2,6e+03 |
|10 | 2700 | 5000 |   70 |       0.45 |1585493042010 |      15 |    16.0 | 6,67 |mscpnrf2.txt |2,7e+03 |
|10 | 2800 | 5000 |   70 |       0.45 |1585493042010 |      15 |    16.0 | 6,67 |mscpnrf2.txt |2,7e+03 |
|10 | 2900 | 5000 |   70 |       0.45 |1585493042010 |      15 |    16.0 | 6,67 |mscpnrf2.txt |2,8e+03 |
|10 | 3000 | 5000 |   70 |       0.45 |1585493042010 |      15 |    16.0 | 6,67 |mscpnrf2.txt |2,9e+03 |
|10 | 3100 | 5000 |   75 |       0.45 |1585493042010 |      15 |    16.0 | 6,67 |mscpnrf2.txt |3,0e+03 |
|10 | 3200 | 5000 |   75 |       0.45 |1585493042010 |      15 |    16.0 | 6,67 |mscpnrf2.txt |3,1e+03 |
|10 | 3300 | 5000 |   75 |       0.45 |1585493042010 |      15 |    16.0 | 6,67 |mscpnrf2.txt |3,2e+03 |
|10 | 3400 | 5000 |   75 |       0.45 |1585493042010 |      15 |    16.0 | 6,67 |mscpnrf2.txt |3,3e+03 |
|10 | 3500 | 5000 |   80 |       0.45 |1585493042010 |      15 |    16.0 | 6,67 |mscpnrf2.txt |3,4e+03 |
|10 | 3600 | 5000 |   80 |       0.45 |1585493042010 |      15 |    16.0 | 6,67 |mscpnrf2.txt |3,5e+03 |
|10 | 3700 | 5000 |   80 |       0.45 |1585493042010 |      15 |    16.0 | 6,67 |mscpnrf2.txt |3,6e+03 |
|10 | 3800 | 5000 |   80 |       0.45 |1585493042010 |      15 |    16.0 | 6,67 |mscpnrf2.txt |3,8e+03 |
|10 | 3900 | 5000 |   85 |       0.45 |1585493042010 |      15 |    16.0 | 6,67 |mscpnrf2.txt |3,9e+03 |
|10 | 4000 | 5000 |   85 |       0.45 |1585493042010 |      15 |    16.0 | 6,67 |mscpnrf2.txt |4,0e+03 |
|10 | 4100 | 5000 |   85 |       0.45 |1585493042010 |      15 |    16.0 | 6,67 |mscpnrf2.txt |4,1e+03 |
|10 | 4200 | 5000 |   85 |       0.45 |1585493042010 |      15 |    16.0 | 6,67 |mscpnrf2.txt |4,3e+03 |
|10 | 4300 | 5000 |   90 | 0.44444445 |1585493042010 |      15 |    16.0 | 6,67 |mscpnrf2.txt |4,4e+03 |
|10 | 4400 | 5000 |   90 | 0.44444445 |1585493042010 |      15 |    16.0 | 6,67 |mscpnrf2.txt |4,6e+03 |
|10 | 4500 | 5000 |   90 | 0.44444445 |1585493042010 |      15 |    16.0 | 6,67 |mscpnrf2.txt |4,7e+03 |
|10 | 4600 | 5000 |   90 | 0.44444445 |1585493042010 |      15 |    16.0 | 6,67 |mscpnrf2.txt |4,9e+03 |
|10 | 4700 | 5000 |   95 | 0.42105263 |1585493042010 |      15 |    16.0 | 6,67 |mscpnrf2.txt |5,0e+03 |
|10 | 4800 | 5000 |   95 | 0.42105263 |1585493042010 |      15 |    16.0 | 6,67 |mscpnrf2.txt |5,2e+03 |
|10 | 4900 | 5000 |   95 | 0.42105263 |1585493042010 |      15 |    16.0 | 6,67 |mscpnrf2.txt |5,4e+03 |
|10 | 5000 | 5000 |   95 | 0.42105263 |1585493042010 |      15 |    16.0 | 6,67 |mscpnrf2.txt |5,5e+03 |
|10 |  500 | 5000 |  100 | 0.42105263 |1585493042010 |      15 |    16.0 | 6,67 |mscpnrf2.txt |5,5e+03 |
|11 |    1 | 5000 |   35 |       0.25 |1585498565485 |      15 |  2223.0 |14720,00 |mscpnrf2.txt |0,0060 |
|11 |  100 | 5000 |   35 | 0.37142858 |1585498565485 |      15 |  1904.0 |12593,33 |mscpnrf2.txt | 0,49 |
|11 |  200 | 5000 |   35 | 0.42857143 |1585498565485 |      15 |  1765.0 |11666,67 |mscpnrf2.txt | 0,90 |
|11 |  300 | 5000 |   35 | 0.37142858 |1585498565485 |      15 |  1672.0 |11046,67 |mscpnrf2.txt |  1,3 |
|11 |  400 | 5000 |   35 | 0.42857143 |1585498565485 |      15 |  1501.0 |9906,67 |mscpnrf2.txt |  1,8 |
|11 |  500 | 5000 |   35 |        0.4 |1585498565485 |      15 |  1501.0 |9906,67 |mscpnrf2.txt |  2,2 |
|11 |  600 | 5000 |   35 | 0.37142858 |1585498565485 |      15 |  1439.0 |9493,33 |mscpnrf2.txt |  2,7 |
|11 |  700 | 5000 |   40 |       0.45 |1585498565485 |      15 |    18.0 |20,00 |mscpnrf2.txt |   53 |
|11 |  800 | 5000 |   40 |       0.45 |1585498565485 |      15 |    17.0 |13,33 |mscpnrf2.txt |1,4e+02 |
|11 |  900 | 5000 |   40 |       0.45 |1585498565485 |      15 |    17.0 |13,33 |mscpnrf2.txt |2,4e+02 |
|11 | 1000 | 5000 |   40 |      0.375 |1585498565485 |      15 |    17.0 |13,33 |mscpnrf2.txt |3,4e+02 |
|11 | 1100 | 5000 |   45 | 0.33333334 |1585498565485 |      15 |    17.0 |13,33 |mscpnrf2.txt |4,6e+02 |
|11 | 1200 | 5000 |   45 | 0.33333334 |1585498565485 |      15 |    17.0 |13,33 |mscpnrf2.txt |5,2e+02 |
|11 | 1300 | 5000 |   45 | 0.33333334 |1585498565485 |      15 |    16.0 | 6,67 |mscpnrf2.txt |5,8e+02 |
|11 | 1400 | 5000 |   45 | 0.33333334 |1585498565485 |      15 |    16.0 | 6,67 |mscpnrf2.txt |6,5e+02 |
|11 | 1500 | 5000 |   50 |        0.3 |1585498565485 |      15 |    16.0 | 6,67 |mscpnrf2.txt |7,3e+02 |
|11 | 1600 | 5000 |   50 |        0.3 |1585498565485 |      15 |    16.0 | 6,67 |mscpnrf2.txt |8,1e+02 |
|11 | 1700 | 5000 |   50 |        0.3 |1585498565485 |      15 |    16.0 | 6,67 |mscpnrf2.txt |9,0e+02 |
|11 | 1800 | 5000 |   50 |        0.3 |1585498565485 |      15 |    16.0 | 6,67 |mscpnrf2.txt |9,8e+02 |
|11 | 1900 | 5000 |   55 | 0.27272728 |1585498565485 |      15 |    16.0 | 6,67 |mscpnrf2.txt |1,1e+03 |
|11 | 2000 | 5000 |   55 | 0.27272728 |1585498565485 |      15 |    16.0 | 6,67 |mscpnrf2.txt |1,2e+03 |
|11 | 2100 | 5000 |   55 | 0.27272728 |1585498565485 |      15 |    16.0 | 6,67 |mscpnrf2.txt |1,3e+03 |
|11 | 2200 | 5000 |   55 | 0.27272728 |1585498565485 |      15 |    16.0 | 6,67 |mscpnrf2.txt |1,4e+03 |
|11 | 2300 | 5000 |   60 |        0.3 |1585498565485 |      15 |    16.0 | 6,67 |mscpnrf2.txt |1,5e+03 |
|11 | 2400 | 5000 |   60 | 0.28333333 |1585498565485 |      15 |    16.0 | 6,67 |mscpnrf2.txt |1,6e+03 |
|11 | 2500 | 5000 |   60 |        0.3 |1585498565485 |      15 |    16.0 | 6,67 |mscpnrf2.txt |1,8e+03 |
|11 | 2600 | 5000 |   60 |        0.3 |1585498565485 |      15 |    16.0 | 6,67 |mscpnrf2.txt |1,9e+03 |
|11 | 2700 | 5000 |   65 |  0.3846154 |1585498565485 |      15 |    16.0 | 6,67 |mscpnrf2.txt |2,1e+03 |
|11 | 2800 | 5000 |   65 |  0.3846154 |1585498565485 |      15 |    16.0 | 6,67 |mscpnrf2.txt |2,2e+03 |
|11 | 2900 | 5000 |   65 |        0.4 |1585498565485 |      15 |    16.0 | 6,67 |mscpnrf2.txt |2,4e+03 |
|11 | 3000 | 5000 |   65 |        0.4 |1585498565485 |      15 |    16.0 | 6,67 |mscpnrf2.txt |2,5e+03 |
|11 | 3100 | 5000 |   70 |  0.3857143 |1585498565485 |      15 |    16.0 | 6,67 |mscpnrf2.txt |2,7e+03 |
|11 | 3200 | 5000 |   70 |       0.45 |1585498565485 |      15 |    16.0 | 6,67 |mscpnrf2.txt |2,8e+03 |
|11 | 3300 | 5000 |   70 |       0.45 |1585498565485 |      15 |    16.0 | 6,67 |mscpnrf2.txt |2,9e+03 |
|11 | 3400 | 5000 |   70 |       0.45 |1585498565485 |      15 |    16.0 | 6,67 |mscpnrf2.txt |3,0e+03 |
|11 | 3500 | 5000 |   75 |       0.45 |1585498565485 |      15 |    16.0 | 6,67 |mscpnrf2.txt |3,1e+03 |
|11 | 3600 | 5000 |   75 |       0.45 |1585498565485 |      15 |    16.0 | 6,67 |mscpnrf2.txt |3,2e+03 |
|11 | 3700 | 5000 |   75 |       0.45 |1585498565485 |      15 |    16.0 | 6,67 |mscpnrf2.txt |3,3e+03 |
|11 | 3800 | 5000 |   75 |       0.45 |1585498565485 |      15 |    16.0 | 6,67 |mscpnrf2.txt |3,4e+03 |
|11 | 3900 | 5000 |   80 |       0.45 |1585498565485 |      15 |    16.0 | 6,67 |mscpnrf2.txt |3,5e+03 |
|11 | 4000 | 5000 |   80 |       0.45 |1585498565485 |      15 |    16.0 | 6,67 |mscpnrf2.txt |3,7e+03 |
|11 | 4100 | 5000 |   80 |       0.45 |1585498565485 |      15 |    16.0 | 6,67 |mscpnrf2.txt |3,8e+03 |
|11 | 4200 | 5000 |   80 |       0.45 |1585498565485 |      15 |    16.0 | 6,67 |mscpnrf2.txt |4,0e+03 |
|11 | 4300 | 5000 |   85 | 0.43529412 |1585498565485 |      15 |    16.0 | 6,67 |mscpnrf2.txt |4,1e+03 |
|11 | 4400 | 5000 |   85 | 0.43529412 |1585498565485 |      15 |    16.0 | 6,67 |mscpnrf2.txt |4,3e+03 |
|11 | 4500 | 5000 |   85 | 0.43529412 |1585498565485 |      15 |    16.0 | 6,67 |mscpnrf2.txt |4,4e+03 |
|11 | 4600 | 5000 |   85 | 0.43529412 |1585498565485 |      15 |    16.0 | 6,67 |mscpnrf2.txt |4,5e+03 |
|11 | 4700 | 5000 |   90 | 0.41111112 |1585498565485 |      15 |    16.0 | 6,67 |mscpnrf2.txt |4,7e+03 |
|11 | 4800 | 5000 |   90 | 0.41111112 |1585498565485 |      15 |    16.0 | 6,67 |mscpnrf2.txt |4,8e+03 |
|11 | 4900 | 5000 |   90 | 0.41111112 |1585498565485 |      15 |    16.0 | 6,67 |mscpnrf2.txt |5,0e+03 |
|11 | 5000 | 5000 |   90 | 0.41111112 |1585498565485 |      15 |    16.0 | 6,67 |mscpnrf2.txt |5,2e+03 |
|11 |  500 | 5000 |   95 | 0.41111112 |1585498565485 |      15 |    16.0 | 6,67 |mscpnrf2.txt |5,2e+03 |
|12 |    1 | 5000 |   35 |       0.25 |1585503755624 |      15 |  2300.0 |15233,33 |mscpnrf2.txt |0,0080 |
|12 |  100 | 5000 |   35 | 0.42857143 |1585503755624 |      15 |  1949.0 |12893,33 |mscpnrf2.txt | 0,50 |
|12 |  200 | 5000 |   35 |        0.4 |1585503755624 |      15 |  1773.0 |11720,00 |mscpnrf2.txt |  1,0 |
|12 |  300 | 5000 |   35 |  0.2857143 |1585503755624 |      15 |  1678.0 |11086,67 |mscpnrf2.txt |  1,5 |
|12 |  400 | 5000 |   35 | 0.31428573 |1585503755624 |      15 |  1624.0 |10726,67 |mscpnrf2.txt |  2,0 |
|12 |  500 | 5000 |   35 | 0.34285715 |1585503755624 |      15 |  1556.0 |10273,33 |mscpnrf2.txt |  2,6 |
|12 |  600 | 5000 |   35 | 0.42857143 |1585503755624 |      15 |  1479.0 |9760,00 |mscpnrf2.txt |  3,0 |
|12 |  700 | 5000 |   35 |  0.2857143 |1585503755624 |      15 |  1427.0 |9413,33 |mscpnrf2.txt |  3,6 |
|12 |  800 | 5000 |   40 |       0.45 |1585503755624 |      15 |    17.0 |13,33 |mscpnrf2.txt |   95 |
|12 |  900 | 5000 |   40 |        0.3 |1585503755624 |      15 |    17.0 |13,33 |mscpnrf2.txt |2,5e+02 |
|12 | 1000 | 5000 |   40 |       0.35 |1585503755624 |      15 |    17.0 |13,33 |mscpnrf2.txt |3,4e+02 |
|12 | 1100 | 5000 |   40 |       0.35 |1585503755624 |      15 |    17.0 |13,33 |mscpnrf2.txt |4,4e+02 |
|12 | 1200 | 5000 |   45 | 0.31111112 |1585503755624 |      15 |    16.0 | 6,67 |mscpnrf2.txt |5,5e+02 |
|12 | 1300 | 5000 |   45 | 0.31111112 |1585503755624 |      15 |    16.0 | 6,67 |mscpnrf2.txt |6,5e+02 |
|12 | 1400 | 5000 |   45 | 0.31111112 |1585503755624 |      15 |    16.0 | 6,67 |mscpnrf2.txt |7,8e+02 |
|12 | 1500 | 5000 |   45 | 0.31111112 |1585503755624 |      15 |    16.0 | 6,67 |mscpnrf2.txt |9,1e+02 |
|12 | 1600 | 5000 |   50 |       0.28 |1585503755624 |      15 |    16.0 | 6,67 |mscpnrf2.txt |1,1e+03 |
|12 | 1700 | 5000 |   50 |       0.28 |1585503755624 |      15 |    16.0 | 6,67 |mscpnrf2.txt |1,2e+03 |
|12 | 1800 | 5000 |   50 |       0.28 |1585503755624 |      15 |    16.0 | 6,67 |mscpnrf2.txt |1,3e+03 |
|12 | 1900 | 5000 |   50 |       0.28 |1585503755624 |      15 |    16.0 | 6,67 |mscpnrf2.txt |1,5e+03 |
|12 | 2000 | 5000 |   55 |  0.3272727 |1585503755624 |      15 |    16.0 | 6,67 |mscpnrf2.txt |1,6e+03 |
|12 | 2100 | 5000 |   55 |       0.45 |1585503755624 |      15 |    16.0 | 6,67 |mscpnrf2.txt |1,7e+03 |
|12 | 2200 | 5000 |   55 |       0.45 |1585503755624 |      15 |    16.0 | 6,67 |mscpnrf2.txt |1,8e+03 |
|12 | 2300 | 5000 |   55 |       0.45 |1585503755624 |      15 |    16.0 | 6,67 |mscpnrf2.txt |1,8e+03 |
|12 | 2400 | 5000 |   60 |       0.45 |1585503755624 |      15 |    16.0 | 6,67 |mscpnrf2.txt |1,9e+03 |
|12 | 2500 | 5000 |   60 |       0.45 |1585503755624 |      15 |    16.0 | 6,67 |mscpnrf2.txt |2,0e+03 |
|12 | 2600 | 5000 |   60 |       0.45 |1585503755624 |      15 |    16.0 | 6,67 |mscpnrf2.txt |2,1e+03 |
|12 | 2700 | 5000 |   60 |       0.45 |1585503755624 |      15 |    16.0 | 6,67 |mscpnrf2.txt |2,2e+03 |
|12 | 2800 | 5000 |   65 |       0.45 |1585503755624 |      15 |    16.0 | 6,67 |mscpnrf2.txt |2,3e+03 |
|12 | 2900 | 5000 |   65 |       0.45 |1585503755624 |      15 |    16.0 | 6,67 |mscpnrf2.txt |2,4e+03 |
|12 | 3000 | 5000 |   65 |       0.45 |1585503755624 |      15 |    16.0 | 6,67 |mscpnrf2.txt |2,6e+03 |
|12 | 3100 | 5000 |   65 |       0.45 |1585503755624 |      15 |    16.0 | 6,67 |mscpnrf2.txt |2,7e+03 |
|12 | 3200 | 5000 |   70 |       0.45 |1585503755624 |      15 |    16.0 | 6,67 |mscpnrf2.txt |2,8e+03 |
|12 | 3300 | 5000 |   70 |       0.45 |1585503755624 |      15 |    16.0 | 6,67 |mscpnrf2.txt |2,9e+03 |
|12 | 3400 | 5000 |   70 |       0.45 |1585503755624 |      15 |    16.0 | 6,67 |mscpnrf2.txt |3,1e+03 |
|12 | 3500 | 5000 |   70 |       0.45 |1585503755624 |      15 |    16.0 | 6,67 |mscpnrf2.txt |3,2e+03 |
|12 | 3600 | 5000 |   75 |       0.44 |1585503755624 |      15 |    16.0 | 6,67 |mscpnrf2.txt |3,3e+03 |
|12 | 3700 | 5000 |   75 |       0.44 |1585503755624 |      15 |    16.0 | 6,67 |mscpnrf2.txt |3,5e+03 |
|12 | 3800 | 5000 |   75 |       0.44 |1585503755624 |      15 |    16.0 | 6,67 |mscpnrf2.txt |3,6e+03 |
|12 | 3900 | 5000 |   75 |       0.44 |1585503755624 |      15 |    16.0 | 6,67 |mscpnrf2.txt |3,8e+03 |
|12 | 4000 | 5000 |   80 |     0.4125 |1585503755624 |      15 |    16.0 | 6,67 |mscpnrf2.txt |4,0e+03 |
|12 | 4100 | 5000 |   80 |     0.4125 |1585503755624 |      15 |    16.0 | 6,67 |mscpnrf2.txt |4,1e+03 |
|12 | 4200 | 5000 |   80 |     0.4125 |1585503755624 |      15 |    16.0 | 6,67 |mscpnrf2.txt |4,3e+03 |
|12 | 4300 | 5000 |   80 |     0.4125 |1585503755624 |      15 |    16.0 | 6,67 |mscpnrf2.txt |4,5e+03 |
|12 | 4400 | 5000 |   85 |  0.3882353 |1585503755624 |      15 |    16.0 | 6,67 |mscpnrf2.txt |4,7e+03 |
|12 | 4500 | 5000 |   85 |  0.3882353 |1585503755624 |      15 |    16.0 | 6,67 |mscpnrf2.txt |4,9e+03 |
|12 | 4600 | 5000 |   85 |       0.45 |1585503755624 |      15 |    16.0 | 6,67 |mscpnrf2.txt |5,0e+03 |
|12 | 4700 | 5000 |   85 |       0.45 |1585503755624 |      15 |    16.0 | 6,67 |mscpnrf2.txt |5,1e+03 |
|12 | 4800 | 5000 |   90 |       0.45 |1585503755624 |      15 |    16.0 | 6,67 |mscpnrf2.txt |5,1e+03 |
|12 | 4900 | 5000 |   90 |       0.45 |1585503755624 |      15 |    16.0 | 6,67 |mscpnrf2.txt |5,1e+03 |
|12 | 5000 | 5000 |   90 |       0.45 |1585503755624 |      15 |    16.0 | 6,67 |mscpnrf2.txt |5,1e+03 |
|12 |  500 | 5000 |   90 |       0.45 |1585503755624 |      15 |    16.0 | 6,67 |mscpnrf2.txt |5,1e+03 |
|13 |    1 | 5000 |   35 |       0.25 |1585508897624 |      15 |  2267.0 |15013,33 |mscpnrf2.txt |0,0070 |
|13 |  100 | 5000 |   35 |       0.45 |1585508897624 |      15 |  1908.0 |12620,00 |mscpnrf2.txt | 0,55 |
|13 |  200 | 5000 |   40 |       0.45 |1585508897624 |      15 |    18.0 |20,00 |mscpnrf2.txt |   60 |
|13 |  300 | 5000 |   40 |      0.375 |1585508897624 |      15 |    17.0 |13,33 |mscpnrf2.txt |1,9e+02 |
|13 |  400 | 5000 |   40 |      0.275 |1585508897624 |      15 |    17.0 |13,33 |mscpnrf2.txt |3,4e+02 |
|13 |  500 | 5000 |   40 |      0.275 |1585508897624 |      15 |    17.0 |13,33 |mscpnrf2.txt |5,0e+02 |
|13 |  600 | 5000 |   45 | 0.33333334 |1585508897624 |      15 |    17.0 |13,33 |mscpnrf2.txt |6,0e+02 |
|13 |  700 | 5000 |   45 | 0.35555556 |1585508897624 |      15 |    17.0 |13,33 |mscpnrf2.txt |7,1e+02 |
|13 |  800 | 5000 |   45 | 0.33333334 |1585508897624 |      15 |    16.0 | 6,67 |mscpnrf2.txt |8,1e+02 |
|13 |  900 | 5000 |   45 | 0.33333334 |1585508897624 |      15 |    16.0 | 6,67 |mscpnrf2.txt |9,1e+02 |
|13 | 1000 | 5000 |   50 |       0.38 |1585508897624 |      15 |    16.0 | 6,67 |mscpnrf2.txt |1,0e+03 |
|13 | 1100 | 5000 |   50 |       0.38 |1585508897624 |      15 |    16.0 | 6,67 |mscpnrf2.txt |1,2e+03 |
|13 | 1200 | 5000 |   50 |       0.38 |1585508897624 |      15 |    16.0 | 6,67 |mscpnrf2.txt |1,3e+03 |
|13 | 1300 | 5000 |   50 |       0.38 |1585508897624 |      15 |    16.0 | 6,67 |mscpnrf2.txt |1,4e+03 |
|13 | 1400 | 5000 |   55 |        0.4 |1585508897624 |      15 |    16.0 | 6,67 |mscpnrf2.txt |1,6e+03 |
|13 | 1500 | 5000 |   55 |        0.4 |1585508897624 |      15 |    16.0 | 6,67 |mscpnrf2.txt |1,7e+03 |
|13 | 1600 | 5000 |   55 |       0.45 |1585508897624 |      15 |    16.0 | 6,67 |mscpnrf2.txt |1,8e+03 |
|13 | 1700 | 5000 |   55 |       0.45 |1585508897624 |      15 |    16.0 | 6,67 |mscpnrf2.txt |1,8e+03 |
|13 | 1800 | 5000 |   60 |       0.45 |1585508897624 |      15 |    16.0 | 6,67 |mscpnrf2.txt |1,9e+03 |
|13 | 1900 | 5000 |   60 |       0.45 |1585508897624 |      15 |    16.0 | 6,67 |mscpnrf2.txt |2,0e+03 |
|13 | 2000 | 5000 |   60 |       0.45 |1585508897624 |      15 |    16.0 | 6,67 |mscpnrf2.txt |2,1e+03 |
|13 | 2100 | 5000 |   60 |       0.45 |1585508897624 |      15 |    16.0 | 6,67 |mscpnrf2.txt |2,2e+03 |
|13 | 2200 | 5000 |   65 |       0.45 |1585508897624 |      15 |    16.0 | 6,67 |mscpnrf2.txt |2,3e+03 |
|13 | 2300 | 5000 |   65 |       0.45 |1585508897624 |      15 |    16.0 | 6,67 |mscpnrf2.txt |2,5e+03 |
|13 | 2400 | 5000 |   65 |       0.45 |1585508897624 |      15 |    16.0 | 6,67 |mscpnrf2.txt |2,6e+03 |
|13 | 2500 | 5000 |   65 |       0.45 |1585508897624 |      15 |    16.0 | 6,67 |mscpnrf2.txt |2,7e+03 |
|13 | 2600 | 5000 |   70 |       0.45 |1585508897624 |      15 |    16.0 | 6,67 |mscpnrf2.txt |2,9e+03 |
|13 | 2700 | 5000 |   70 |       0.45 |1585508897624 |      15 |    16.0 | 6,67 |mscpnrf2.txt |3,0e+03 |
|13 | 2800 | 5000 |   70 |       0.45 |1585508897624 |      15 |    16.0 | 6,67 |mscpnrf2.txt |3,2e+03 |
|13 | 2900 | 5000 |   70 |       0.45 |1585508897624 |      15 |    16.0 | 6,67 |mscpnrf2.txt |3,3e+03 |
|13 | 3000 | 5000 |   75 | 0.42666668 |1585508897624 |      15 |    16.0 | 6,67 |mscpnrf2.txt |3,5e+03 |
|13 | 3100 | 5000 |   75 | 0.42666668 |1585508897624 |      15 |    16.0 | 6,67 |mscpnrf2.txt |3,7e+03 |
|13 | 3200 | 5000 |   75 | 0.42666668 |1585508897624 |      15 |    16.0 | 6,67 |mscpnrf2.txt |3,8e+03 |
|13 | 3300 | 5000 |   75 | 0.42666668 |1585508897624 |      15 |    16.0 | 6,67 |mscpnrf2.txt |4,0e+03 |
|13 | 3400 | 5000 |   80 |        0.4 |1585508897624 |      15 |    16.0 | 6,67 |mscpnrf2.txt |4,2e+03 |
|13 | 3500 | 5000 |   80 |        0.4 |1585508897624 |      15 |    16.0 | 6,67 |mscpnrf2.txt |4,4e+03 |
|13 | 3600 | 5000 |   80 |        0.4 |1585508897624 |      15 |    16.0 | 6,67 |mscpnrf2.txt |4,6e+03 |
|13 | 3700 | 5000 |   80 |        0.4 |1585508897624 |      15 |    16.0 | 6,67 |mscpnrf2.txt |4,7e+03 |
|13 | 3800 | 5000 |   85 |  0.3882353 |1585508897624 |      15 |    16.0 | 6,67 |mscpnrf2.txt |5,0e+03 |
|13 | 3900 | 5000 |   85 |       0.45 |1585508897624 |      15 |    16.0 | 6,67 |mscpnrf2.txt |5,0e+03 |
|13 | 4000 | 5000 |   85 |       0.45 |1585508897624 |      15 |    16.0 | 6,67 |mscpnrf2.txt |5,1e+03 |
|13 | 4100 | 5000 |   85 |       0.45 |1585508897624 |      15 |    16.0 | 6,67 |mscpnrf2.txt |5,1e+03 |
|13 | 4200 | 5000 |   90 |       0.45 |1585508897624 |      15 |    16.0 | 6,67 |mscpnrf2.txt |5,1e+03 |
|13 | 4300 | 5000 |   90 |       0.45 |1585508897624 |      15 |    16.0 | 6,67 |mscpnrf2.txt |5,2e+03 |
|13 | 4400 | 5000 |   90 |       0.45 |1585508897624 |      15 |    16.0 | 6,67 |mscpnrf2.txt |5,2e+03 |
|13 | 4500 | 5000 |   90 |       0.45 |1585508897624 |      15 |    16.0 | 6,67 |mscpnrf2.txt |5,2e+03 |
|13 | 4600 | 5000 |   95 |       0.45 |1585508897624 |      15 |    16.0 | 6,67 |mscpnrf2.txt |5,2e+03 |
|13 | 4700 | 5000 |   95 |       0.45 |1585508897624 |      15 |    16.0 | 6,67 |mscpnrf2.txt |5,3e+03 |
|13 | 4800 | 5000 |   95 |       0.45 |1585508897624 |      15 |    16.0 | 6,67 |mscpnrf2.txt |5,3e+03 |
|13 | 4900 | 5000 |   95 |       0.45 |1585508897624 |      15 |    16.0 | 6,67 |mscpnrf2.txt |5,3e+03 |
|13 | 5000 | 5000 |  100 |       0.45 |1585508897624 |      15 |    16.0 | 6,67 |mscpnrf2.txt |5,3e+03 |
|13 |  500 | 5000 |  100 |       0.45 |1585508897624 |      15 |    16.0 | 6,67 |mscpnrf2.txt |5,3e+03 |
|14 |    1 | 5000 |   35 |       0.25 |1585514229796 |      15 |  2341.0 |15506,67 |mscpnrf2.txt |0,0080 |
|14 |  100 | 5000 |   35 |       0.45 |1585514229796 |      15 |  1899.0 |12560,00 |mscpnrf2.txt | 0,61 |
|14 |  200 | 5000 |   35 | 0.37142858 |1585514229796 |      15 |  1832.0 |12113,33 |mscpnrf2.txt |  1,1 |
|14 |  300 | 5000 |   35 | 0.34285715 |1585514229796 |      15 |  1753.0 |11586,67 |mscpnrf2.txt |  1,7 |
|14 |  400 | 5000 |   40 |       0.45 |1585514229796 |      15 |    17.0 |13,33 |mscpnrf2.txt |   69 |
|14 |  500 | 5000 |   40 |      0.325 |1585514229796 |      15 |    16.0 | 6,67 |mscpnrf2.txt |2,1e+02 |
|14 |  600 | 5000 |   40 |        0.3 |1585514229796 |      15 |    16.0 | 6,67 |mscpnrf2.txt |3,7e+02 |
|14 |  700 | 5000 |   40 |      0.225 |1585514229796 |      15 |    16.0 | 6,67 |mscpnrf2.txt |5,4e+02 |
|14 |  800 | 5000 |   45 | 0.24444444 |1585514229796 |      15 |    16.0 | 6,67 |mscpnrf2.txt |7,4e+02 |
|14 |  900 | 5000 |   45 | 0.37777779 |1585514229796 |      15 |    16.0 | 6,67 |mscpnrf2.txt |8,5e+02 |
|14 | 1000 | 5000 |   45 | 0.37777779 |1585514229796 |      15 |    16.0 | 6,67 |mscpnrf2.txt |9,6e+02 |
|14 | 1100 | 5000 |   45 | 0.37777779 |1585514229796 |      15 |    16.0 | 6,67 |mscpnrf2.txt |1,1e+03 |
|14 | 1200 | 5000 |   50 |       0.34 |1585514229796 |      15 |    16.0 | 6,67 |mscpnrf2.txt |1,2e+03 |
|14 |  500 | 5000 |   50 |       0.34 |1585514229796 |      15 |    15.0 | 0,00 |mscpnrf2.txt |1,2e+03 |
|15 |    1 | 5000 |   35 |       0.25 |1585515419028 |      15 |  2311.0 |15306,67 |mscpnrf2.txt |0,0080 |
|15 |  100 | 5000 |   35 | 0.34285715 |1585515419028 |      15 |  1819.0 |12026,67 |mscpnrf2.txt | 0,67 |
|15 |  200 | 5000 |   35 |       0.45 |1585515419028 |      15 |  1713.0 |11320,00 |mscpnrf2.txt |  1,3 |
|15 |  300 | 5000 |   35 |       0.45 |1585515419028 |      15 |  1671.0 |11040,00 |mscpnrf2.txt |  1,9 |
|15 |  400 | 5000 |   40 |       0.45 |1585515419028 |      15 |    17.0 |13,33 |mscpnrf2.txt |   80 |
|15 |  500 | 5000 |   40 |       0.35 |1585515419028 |      15 |    17.0 |13,33 |mscpnrf2.txt |2,2e+02 |
|15 |  600 | 5000 |   40 |        0.4 |1585515419028 |      15 |    17.0 |13,33 |mscpnrf2.txt |3,8e+02 |
|15 |  700 | 5000 |   40 |        0.3 |1585515419028 |      15 |    17.0 |13,33 |mscpnrf2.txt |4,8e+02 |
|15 |  800 | 5000 |   45 | 0.26666668 |1585515419028 |      15 |    17.0 |13,33 |mscpnrf2.txt |6,0e+02 |
|15 |  900 | 5000 |   45 | 0.26666668 |1585515419028 |      15 |    17.0 |13,33 |mscpnrf2.txt |7,2e+02 |
|15 | 1000 | 5000 |   45 | 0.26666668 |1585515419028 |      15 |    17.0 |13,33 |mscpnrf2.txt |8,3e+02 |
|15 | 1100 | 5000 |   45 | 0.26666668 |1585515419028 |      15 |    17.0 |13,33 |mscpnrf2.txt |9,4e+02 |
|15 | 1200 | 5000 |   50 |       0.28 |1585515419028 |      15 |    17.0 |13,33 |mscpnrf2.txt |1,1e+03 |
|15 | 1300 | 5000 |   50 |       0.45 |1585515419028 |      15 |    17.0 |13,33 |mscpnrf2.txt |1,2e+03 |
|15 | 1400 | 5000 |   50 |       0.45 |1585515419028 |      15 |    17.0 |13,33 |mscpnrf2.txt |1,3e+03 |
|15 | 1500 | 5000 |   50 |       0.45 |1585515419028 |      15 |    17.0 |13,33 |mscpnrf2.txt |1,3e+03 |
|15 | 1600 | 5000 |   55 |       0.45 |1585515419028 |      15 |    17.0 |13,33 |mscpnrf2.txt |1,4e+03 |
|15 | 1700 | 5000 |   55 |       0.45 |1585515419028 |      15 |    17.0 |13,33 |mscpnrf2.txt |1,5e+03 |
|15 | 1800 | 5000 |   55 |       0.45 |1585515419028 |      15 |    17.0 |13,33 |mscpnrf2.txt |1,6e+03 |
|15 | 1900 | 5000 |   55 |       0.45 |1585515419028 |      15 |    17.0 |13,33 |mscpnrf2.txt |1,7e+03 |
|15 | 2000 | 5000 |   60 |       0.45 |1585515419028 |      15 |    17.0 |13,33 |mscpnrf2.txt |1,8e+03 |
|15 | 2100 | 5000 |   60 |       0.45 |1585515419028 |      15 |    17.0 |13,33 |mscpnrf2.txt |1,9e+03 |
|15 | 2200 | 5000 |   60 |       0.45 |1585515419028 |      15 |    17.0 |13,33 |mscpnrf2.txt |1,9e+03 |
|15 | 2300 | 5000 |   60 |       0.45 |1585515419028 |      15 |    17.0 |13,33 |mscpnrf2.txt |1,9e+03 |
|15 | 2400 | 5000 |   65 |       0.45 |1585515419028 |      15 |    17.0 |13,33 |mscpnrf2.txt |1,9e+03 |
|15 | 2500 | 5000 |   65 |       0.45 |1585515419028 |      15 |    17.0 |13,33 |mscpnrf2.txt |1,9e+03 |
|15 | 2600 | 5000 |   65 |       0.45 |1585515419028 |      15 |    17.0 |13,33 |mscpnrf2.txt |1,9e+03 |
|15 | 2700 | 5000 |   65 |       0.45 |1585515419028 |      15 |    17.0 |13,33 |mscpnrf2.txt |2,0e+03 |
|15 | 2800 | 5000 |   70 |       0.45 |1585515419028 |      15 |    17.0 |13,33 |mscpnrf2.txt |2,0e+03 |
|15 | 2900 | 5000 |   70 |       0.45 |1585515419028 |      15 |    17.0 |13,33 |mscpnrf2.txt |2,0e+03 |
|15 | 3000 | 5000 |   70 |       0.45 |1585515419028 |      15 |    17.0 |13,33 |mscpnrf2.txt |2,0e+03 |
|15 | 3100 | 5000 |   70 |       0.45 |1585515419028 |      15 |    17.0 |13,33 |mscpnrf2.txt |2,0e+03 |
|15 | 3200 | 5000 |   75 |       0.45 |1585515419028 |      15 |    17.0 |13,33 |mscpnrf2.txt |2,0e+03 |
|15 | 3300 | 5000 |   75 |       0.45 |1585515419028 |      15 |    17.0 |13,33 |mscpnrf2.txt |2,0e+03 |
|15 | 3400 | 5000 |   75 |       0.45 |1585515419028 |      15 |    17.0 |13,33 |mscpnrf2.txt |2,0e+03 |
|15 | 3500 | 5000 |   75 |       0.45 |1585515419028 |      15 |    17.0 |13,33 |mscpnrf2.txt |2,0e+03 |
|15 | 3600 | 5000 |   80 |       0.45 |1585515419028 |      15 |    17.0 |13,33 |mscpnrf2.txt |2,1e+03 |
|15 | 3700 | 5000 |   80 |       0.45 |1585515419028 |      15 |    17.0 |13,33 |mscpnrf2.txt |2,1e+03 |
|15 | 3800 | 5000 |   80 |       0.45 |1585515419028 |      15 |    17.0 |13,33 |mscpnrf2.txt |2,1e+03 |
|15 | 3900 | 5000 |   80 |       0.45 |1585515419028 |      15 |    17.0 |13,33 |mscpnrf2.txt |2,1e+03 |
|15 | 4000 | 5000 |   85 |       0.45 |1585515419028 |      15 |    17.0 |13,33 |mscpnrf2.txt |2,1e+03 |
|15 | 4100 | 5000 |   85 |       0.45 |1585515419028 |      15 |    17.0 |13,33 |mscpnrf2.txt |2,1e+03 |
|15 | 4200 | 5000 |   85 |       0.45 |1585515419028 |      15 |    17.0 |13,33 |mscpnrf2.txt |2,1e+03 |
|15 | 4300 | 5000 |   85 |       0.45 |1585515419028 |      15 |    17.0 |13,33 |mscpnrf2.txt |2,1e+03 |
|15 | 4400 | 5000 |   90 |       0.45 |1585515419028 |      15 |    17.0 |13,33 |mscpnrf2.txt |2,2e+03 |
|15 | 4500 | 5000 |   90 |       0.45 |1585515419028 |      15 |    17.0 |13,33 |mscpnrf2.txt |2,2e+03 |
|15 | 4600 | 5000 |   90 |       0.45 |1585515419028 |      15 |    17.0 |13,33 |mscpnrf2.txt |2,2e+03 |
|15 | 4700 | 5000 |   90 |       0.45 |1585515419028 |      15 |    17.0 |13,33 |mscpnrf2.txt |2,2e+03 |
|15 | 4800 | 5000 |   95 |       0.45 |1585515419028 |      15 |    17.0 |13,33 |mscpnrf2.txt |2,2e+03 |
|15 | 4900 | 5000 |   95 |       0.45 |1585515419028 |      15 |    17.0 |13,33 |mscpnrf2.txt |2,2e+03 |
|15 | 5000 | 5000 |   95 |       0.45 |1585515419028 |      15 |    17.0 |13,33 |mscpnrf2.txt |2,2e+03 |
|15 |  500 | 5000 |   95 |       0.45 |1585515419028 |      15 |    17.0 |13,33 |mscpnrf2.txt |2,2e+03 |
