| # |    #ITER | #IterMAX | Nest |      %Desc |      semilla | BestFit |GottedFit |  RDP |  instancia | time |
-------------------------------------------------------------------------------------------------
| 1 |    1 | 5000 |   35 |       0.25 |1585329908460 |      28 |  4562.0 |16192,86 |mscpnre5.txt |0,0080 |
| 1 |  100 | 5000 |   35 |       0.45 |1585329908460 |      28 |  3872.0 |13728,57 |mscpnre5.txt | 0,99 |
| 1 |  200 | 5000 |   35 |       0.45 |1585329908460 |      28 |  3708.0 |13142,86 |mscpnre5.txt |  2,0 |
| 1 |  300 | 5000 |   35 | 0.42857143 |1585329908460 |      28 |  3517.0 |12460,71 |mscpnre5.txt |  2,9 |
| 1 |  400 | 5000 |   35 |       0.45 |1585329908460 |      28 |  3401.0 |12046,43 |mscpnre5.txt |  3,7 |
| 1 |  500 | 5000 |   40 |       0.45 |1585329908460 |      28 |    30.0 | 7,14 |mscpnre5.txt |1,0e+02 |
| 1 |  600 | 5000 |   40 |       0.45 |1585329908460 |      28 |    30.0 | 7,14 |mscpnre5.txt |2,8e+02 |
| 1 |  700 | 5000 |   40 |       0.35 |1585329908460 |      28 |    30.0 | 7,14 |mscpnre5.txt |4,9e+02 |
| 1 |  800 | 5000 |   40 |      0.325 |1585329908460 |      28 |    30.0 | 7,14 |mscpnre5.txt |7,2e+02 |
| 1 |  900 | 5000 |   45 | 0.33333334 |1585329908460 |      28 |    30.0 | 7,14 |mscpnre5.txt |8,7e+02 |
| 1 | 1000 | 5000 |   45 | 0.33333334 |1585329908460 |      28 |    30.0 | 7,14 |mscpnre5.txt |1,0e+03 |
| 1 | 1100 | 5000 |   45 | 0.33333334 |1585329908460 |      28 |    30.0 | 7,14 |mscpnre5.txt |1,2e+03 |
| 1 | 1200 | 5000 |   45 | 0.33333334 |1585329908460 |      28 |    30.0 | 7,14 |mscpnre5.txt |1,3e+03 |
| 1 | 1300 | 5000 |   50 |       0.45 |1585329908460 |      28 |    29.0 | 3,57 |mscpnre5.txt |1,5e+03 |
| 1 | 1400 | 5000 |   50 |       0.45 |1585329908460 |      28 |    29.0 | 3,57 |mscpnre5.txt |1,7e+03 |
| 1 | 1500 | 5000 |   50 |       0.45 |1585329908460 |      28 |    29.0 | 3,57 |mscpnre5.txt |1,9e+03 |
| 1 | 1600 | 5000 |   50 |       0.45 |1585329908460 |      28 |    29.0 | 3,57 |mscpnre5.txt |2,0e+03 |
| 1 | 1700 | 5000 |   55 |       0.45 |1585329908460 |      28 |    29.0 | 3,57 |mscpnre5.txt |2,3e+03 |
| 1 | 1800 | 5000 |   55 |       0.45 |1585329908460 |      28 |    29.0 | 3,57 |mscpnre5.txt |2,4e+03 |
| 1 | 1900 | 5000 |   55 |       0.45 |1585329908460 |      28 |    29.0 | 3,57 |mscpnre5.txt |2,5e+03 |
| 1 | 2000 | 5000 |   55 |       0.45 |1585329908460 |      28 |    29.0 | 3,57 |mscpnre5.txt |2,6e+03 |
| 1 | 2100 | 5000 |   60 |       0.45 |1585329908460 |      28 |    29.0 | 3,57 |mscpnre5.txt |2,8e+03 |
| 1 | 2200 | 5000 |   60 |       0.45 |1585329908460 |      28 |    29.0 | 3,57 |mscpnre5.txt |2,9e+03 |
| 1 | 2300 | 5000 |   60 |       0.45 |1585329908460 |      28 |    29.0 | 3,57 |mscpnre5.txt |3,1e+03 |
| 1 | 2400 | 5000 |   60 |       0.45 |1585329908460 |      28 |    29.0 | 3,57 |mscpnre5.txt |3,3e+03 |
| 1 | 2500 | 5000 |   65 | 0.44615385 |1585329908460 |      28 |    29.0 | 3,57 |mscpnre5.txt |3,5e+03 |
| 1 | 2600 | 5000 |   65 | 0.44615385 |1585329908460 |      28 |    29.0 | 3,57 |mscpnre5.txt |3,8e+03 |
| 1 | 2700 | 5000 |   65 | 0.44615385 |1585329908460 |      28 |    29.0 | 3,57 |mscpnre5.txt |4,0e+03 |
| 1 | 2800 | 5000 |   65 | 0.44615385 |1585329908460 |      28 |    29.0 | 3,57 |mscpnre5.txt |4,2e+03 |
| 1 | 2900 | 5000 |   70 | 0.44285715 |1585329908460 |      28 |    29.0 | 3,57 |mscpnre5.txt |4,4e+03 |
| 1 | 3000 | 5000 |   70 | 0.44285715 |1585329908460 |      28 |    29.0 | 3,57 |mscpnre5.txt |4,7e+03 |
| 1 | 3100 | 5000 |   70 | 0.44285715 |1585329908460 |      28 |    29.0 | 3,57 |mscpnre5.txt |4,9e+03 |
| 1 | 3200 | 5000 |   70 | 0.44285715 |1585329908460 |      28 |    29.0 | 3,57 |mscpnre5.txt |5,2e+03 |
| 1 | 3300 | 5000 |   75 |       0.45 |1585329908460 |      28 |    29.0 | 3,57 |mscpnre5.txt |5,4e+03 |
| 1 | 3400 | 5000 |   75 |       0.45 |1585329908460 |      28 |    29.0 | 3,57 |mscpnre5.txt |5,7e+03 |
| 1 | 3500 | 5000 |   75 |       0.45 |1585329908460 |      28 |    29.0 | 3,57 |mscpnre5.txt |6,0e+03 |
| 1 | 3600 | 5000 |   75 |       0.45 |1585329908460 |      28 |    29.0 | 3,57 |mscpnre5.txt |6,3e+03 |
| 1 | 3700 | 5000 |   80 |       0.45 |1585329908460 |      28 |    29.0 | 3,57 |mscpnre5.txt |6,6e+03 |
| 1 | 3800 | 5000 |   80 |       0.45 |1585329908460 |      28 |    29.0 | 3,57 |mscpnre5.txt |6,9e+03 |
| 1 | 3900 | 5000 |   80 |       0.45 |1585329908460 |      28 |    29.0 | 3,57 |mscpnre5.txt |7,2e+03 |
| 1 | 4000 | 5000 |   80 |       0.45 |1585329908460 |      28 |    29.0 | 3,57 |mscpnre5.txt |7,5e+03 |
| 1 | 4100 | 5000 |   85 | 0.44705883 |1585329908460 |      28 |    29.0 | 3,57 |mscpnre5.txt |7,9e+03 |
| 1 | 4200 | 5000 |   85 | 0.44705883 |1585329908460 |      28 |    29.0 | 3,57 |mscpnre5.txt |8,2e+03 |
| 1 | 4300 | 5000 |   85 | 0.44705883 |1585329908460 |      28 |    29.0 | 3,57 |mscpnre5.txt |8,6e+03 |
| 1 | 4400 | 5000 |   85 | 0.44705883 |1585329908460 |      28 |    29.0 | 3,57 |mscpnre5.txt |8,9e+03 |
| 1 | 4500 | 5000 |   90 | 0.42222223 |1585329908460 |      28 |    29.0 | 3,57 |mscpnre5.txt |9,3e+03 |
| 1 | 4600 | 5000 |   90 | 0.42222223 |1585329908460 |      28 |    29.0 | 3,57 |mscpnre5.txt |9,8e+03 |
| 1 | 4700 | 5000 |   90 | 0.42222223 |1585329908460 |      28 |    29.0 | 3,57 |mscpnre5.txt |1,0e+04 |
| 1 | 4800 | 5000 |   90 | 0.42222223 |1585329908460 |      28 |    29.0 | 3,57 |mscpnre5.txt |1,1e+04 |
| 1 | 4900 | 5000 |   95 | 0.42105263 |1585329908460 |      28 |    29.0 | 3,57 |mscpnre5.txt |1,1e+04 |
| 1 | 5000 | 5000 |   95 |       0.45 |1585329908460 |      28 |    29.0 | 3,57 |mscpnre5.txt |1,1e+04 |
| 1 |  500 | 5000 |   95 |       0.45 |1585329908460 |      28 |    29.0 | 3,57 |mscpnre5.txt |1,1e+04 |
| 2 |    1 | 5000 |   35 |       0.25 |1585341063470 |      28 |  4472.0 |15871,43 |mscpnre5.txt |0,0080 |
| 2 |  100 | 5000 |   35 |       0.45 |1585341063470 |      28 |  3970.0 |14078,57 |mscpnre5.txt |  1,3 |
| 2 |  200 | 5000 |   35 | 0.37142858 |1585341063470 |      28 |  3675.0 |13025,00 |mscpnre5.txt |  2,4 |
| 2 |  300 | 5000 |   40 |       0.45 |1585341063470 |      28 |    30.0 | 7,14 |mscpnre5.txt |   94 |
| 2 |  400 | 5000 |   40 |       0.45 |1585341063470 |      28 |    30.0 | 7,14 |mscpnre5.txt |2,7e+02 |
| 2 |  500 | 5000 |   40 |       0.45 |1585341063470 |      28 |    30.0 | 7,14 |mscpnre5.txt |4,6e+02 |
| 2 |  600 | 5000 |   40 |      0.225 |1585341063470 |      28 |    30.0 | 7,14 |mscpnre5.txt |5,9e+02 |
| 2 |  700 | 5000 |   45 |  0.2888889 |1585341063470 |      28 |    30.0 | 7,14 |mscpnre5.txt |7,7e+02 |
| 2 |  800 | 5000 |   45 |  0.2888889 |1585341063470 |      28 |    30.0 | 7,14 |mscpnre5.txt |9,3e+02 |
| 2 |  900 | 5000 |   45 |  0.2888889 |1585341063470 |      28 |    30.0 | 7,14 |mscpnre5.txt |1,1e+03 |
| 2 | 1000 | 5000 |   45 | 0.31111112 |1585341063470 |      28 |    30.0 | 7,14 |mscpnre5.txt |1,2e+03 |
| 2 | 1100 | 5000 |   50 |       0.45 |1585341063470 |      28 |    30.0 | 7,14 |mscpnre5.txt |1,4e+03 |
| 2 | 1200 | 5000 |   50 |       0.45 |1585341063470 |      28 |    30.0 | 7,14 |mscpnre5.txt |1,7e+03 |
| 2 | 1300 | 5000 |   50 |       0.45 |1585341063470 |      28 |    30.0 | 7,14 |mscpnre5.txt |1,9e+03 |
| 2 | 1400 | 5000 |   50 |        0.4 |1585341063470 |      28 |    30.0 | 7,14 |mscpnre5.txt |2,0e+03 |
| 2 | 1500 | 5000 |   55 | 0.36363637 |1585341063470 |      28 |    30.0 | 7,14 |mscpnre5.txt |2,1e+03 |
| 2 | 1600 | 5000 |   55 | 0.36363637 |1585341063470 |      28 |    30.0 | 7,14 |mscpnre5.txt |2,3e+03 |
| 2 | 1700 | 5000 |   55 | 0.36363637 |1585341063470 |      28 |    30.0 | 7,14 |mscpnre5.txt |2,5e+03 |
| 2 | 1800 | 5000 |   55 | 0.36363637 |1585341063470 |      28 |    30.0 | 7,14 |mscpnre5.txt |2,6e+03 |
| 2 | 1900 | 5000 |   60 | 0.33333334 |1585341063470 |      28 |    30.0 | 7,14 |mscpnre5.txt |2,8e+03 |
| 2 | 2000 | 5000 |   60 | 0.33333334 |1585341063470 |      28 |    30.0 | 7,14 |mscpnre5.txt |3,1e+03 |
| 2 | 2100 | 5000 |   60 | 0.33333334 |1585341063470 |      28 |    30.0 | 7,14 |mscpnre5.txt |3,3e+03 |
| 2 | 2200 | 5000 |   60 | 0.33333334 |1585341063470 |      28 |    30.0 | 7,14 |mscpnre5.txt |3,5e+03 |
| 2 | 2300 | 5000 |   65 | 0.32307693 |1585341063470 |      28 |    30.0 | 7,14 |mscpnre5.txt |3,7e+03 |
| 2 | 2400 | 5000 |   65 | 0.32307693 |1585341063470 |      28 |    30.0 | 7,14 |mscpnre5.txt |4,0e+03 |
| 2 | 2500 | 5000 |   65 | 0.32307693 |1585341063470 |      28 |    30.0 | 7,14 |mscpnre5.txt |4,2e+03 |
| 2 | 2600 | 5000 |   65 | 0.32307693 |1585341063470 |      28 |    30.0 | 7,14 |mscpnre5.txt |4,5e+03 |
| 2 | 2700 | 5000 |   70 | 0.41428572 |1585341063470 |      28 |    30.0 | 7,14 |mscpnre5.txt |4,8e+03 |
| 2 | 2800 | 5000 |   70 | 0.41428572 |1585341063470 |      28 |    30.0 | 7,14 |mscpnre5.txt |5,0e+03 |
| 2 | 2900 | 5000 |   70 | 0.41428572 |1585341063470 |      28 |    30.0 | 7,14 |mscpnre5.txt |5,3e+03 |
| 2 | 3000 | 5000 |   70 | 0.41428572 |1585341063470 |      28 |    30.0 | 7,14 |mscpnre5.txt |5,5e+03 |
| 2 | 3100 | 5000 |   75 |       0.45 |1585341063470 |      28 |    30.0 | 7,14 |mscpnre5.txt |5,8e+03 |
| 2 | 3200 | 5000 |   75 |       0.45 |1585341063470 |      28 |    30.0 | 7,14 |mscpnre5.txt |6,1e+03 |
| 2 | 3300 | 5000 |   75 |       0.45 |1585341063470 |      28 |    30.0 | 7,14 |mscpnre5.txt |6,4e+03 |
| 2 | 3400 | 5000 |   75 |       0.45 |1585341063470 |      28 |    30.0 | 7,14 |mscpnre5.txt |6,7e+03 |
| 2 | 3500 | 5000 |   80 |       0.45 |1585341063470 |      28 |    30.0 | 7,14 |mscpnre5.txt |7,0e+03 |
| 2 | 3600 | 5000 |   80 |       0.45 |1585341063470 |      28 |    30.0 | 7,14 |mscpnre5.txt |7,2e+03 |
| 2 | 3700 | 5000 |   80 |       0.45 |1585341063470 |      28 |    30.0 | 7,14 |mscpnre5.txt |7,4e+03 |
| 2 | 3800 | 5000 |   80 |       0.45 |1585341063470 |      28 |    30.0 | 7,14 |mscpnre5.txt |7,5e+03 |
| 2 | 3900 | 5000 |   85 |       0.45 |1585341063470 |      28 |    30.0 | 7,14 |mscpnre5.txt |7,7e+03 |
| 2 | 4000 | 5000 |   85 |       0.45 |1585341063470 |      28 |    30.0 | 7,14 |mscpnre5.txt |8,0e+03 |
| 2 | 4100 | 5000 |   85 |       0.45 |1585341063470 |      28 |    30.0 | 7,14 |mscpnre5.txt |8,2e+03 |
| 2 | 4200 | 5000 |   85 |       0.45 |1585341063470 |      28 |    30.0 | 7,14 |mscpnre5.txt |8,4e+03 |
| 2 | 4300 | 5000 |   90 |       0.45 |1585341063470 |      28 |    30.0 | 7,14 |mscpnre5.txt |8,6e+03 |
| 2 | 4400 | 5000 |   90 |       0.45 |1585341063470 |      28 |    30.0 | 7,14 |mscpnre5.txt |8,9e+03 |
| 2 | 4500 | 5000 |   90 |       0.45 |1585341063470 |      28 |    30.0 | 7,14 |mscpnre5.txt |9,1e+03 |
| 2 | 4600 | 5000 |   90 |       0.45 |1585341063470 |      28 |    30.0 | 7,14 |mscpnre5.txt |9,3e+03 |
| 2 | 4700 | 5000 |   95 | 0.43157893 |1585341063470 |      28 |    30.0 | 7,14 |mscpnre5.txt |9,6e+03 |
| 2 | 4800 | 5000 |   95 | 0.43157893 |1585341063470 |      28 |    30.0 | 7,14 |mscpnre5.txt |9,9e+03 |
| 2 | 4900 | 5000 |   95 | 0.43157893 |1585341063470 |      28 |    30.0 | 7,14 |mscpnre5.txt |1,0e+04 |
| 2 | 5000 | 5000 |   95 | 0.43157893 |1585341063470 |      28 |    30.0 | 7,14 |mscpnre5.txt |1,0e+04 |
| 2 |  500 | 5000 |  100 | 0.43157893 |1585341063470 |      28 |    30.0 | 7,14 |mscpnre5.txt |1,0e+04 |
| 3 |    1 | 5000 |   35 |       0.25 |1585351524447 |      28 |  4456.0 |15814,29 |mscpnre5.txt |0,0080 |
| 3 |  100 | 5000 |   35 |       0.45 |1585351524447 |      28 |  3810.0 |13507,14 |mscpnre5.txt |  1,1 |
| 3 |  200 | 5000 |   35 |       0.45 |1585351524447 |      28 |  3681.0 |13046,43 |mscpnre5.txt |  2,0 |
| 3 |  300 | 5000 |   35 |       0.45 |1585351524447 |      28 |  3459.0 |12253,57 |mscpnre5.txt |  2,9 |
| 3 |  400 | 5000 |   35 |        0.4 |1585351524447 |      28 |  3341.0 |11832,14 |mscpnre5.txt |  3,9 |
| 3 |  500 | 5000 |   40 |       0.45 |1585351524447 |      28 |    30.0 | 7,14 |mscpnre5.txt |1,1e+02 |
| 3 |  600 | 5000 |   40 |      0.375 |1585351524447 |      28 |    30.0 | 7,14 |mscpnre5.txt |3,0e+02 |
| 3 |  700 | 5000 |   40 |      0.325 |1585351524447 |      28 |    30.0 | 7,14 |mscpnre5.txt |5,2e+02 |
| 3 |  800 | 5000 |   40 |       0.25 |1585351524447 |      28 |    30.0 | 7,14 |mscpnre5.txt |7,6e+02 |
| 3 |  900 | 5000 |   45 | 0.22222222 |1585351524447 |      28 |    30.0 | 7,14 |mscpnre5.txt |1,0e+03 |
| 3 | 1000 | 5000 |   45 |        0.4 |1585351524447 |      28 |    30.0 | 7,14 |mscpnre5.txt |1,2e+03 |
| 3 | 1100 | 5000 |   45 |        0.4 |1585351524447 |      28 |    30.0 | 7,14 |mscpnre5.txt |1,3e+03 |
| 3 | 1200 | 5000 |   45 |        0.4 |1585351524447 |      28 |    30.0 | 7,14 |mscpnre5.txt |1,5e+03 |
| 3 | 1300 | 5000 |   50 |       0.44 |1585351524447 |      28 |    30.0 | 7,14 |mscpnre5.txt |1,6e+03 |
| 3 | 1400 | 5000 |   50 |       0.44 |1585351524447 |      28 |    30.0 | 7,14 |mscpnre5.txt |1,8e+03 |
| 3 | 1500 | 5000 |   50 |       0.45 |1585351524447 |      28 |    30.0 | 7,14 |mscpnre5.txt |2,0e+03 |
| 3 | 1600 | 5000 |   50 |       0.45 |1585351524447 |      28 |    30.0 | 7,14 |mscpnre5.txt |2,2e+03 |
| 3 | 1700 | 5000 |   55 | 0.43636364 |1585351524447 |      28 |    30.0 | 7,14 |mscpnre5.txt |2,4e+03 |
| 3 | 1800 | 5000 |   55 | 0.43636364 |1585351524447 |      28 |    30.0 | 7,14 |mscpnre5.txt |2,6e+03 |
| 3 | 1900 | 5000 |   55 | 0.43636364 |1585351524447 |      28 |    30.0 | 7,14 |mscpnre5.txt |2,8e+03 |
| 3 | 2000 | 5000 |   55 | 0.43636364 |1585351524447 |      28 |    30.0 | 7,14 |mscpnre5.txt |3,1e+03 |
| 3 | 2100 | 5000 |   60 | 0.43333334 |1585351524447 |      28 |    30.0 | 7,14 |mscpnre5.txt |3,3e+03 |
| 3 | 2200 | 5000 |   60 |       0.45 |1585351524447 |      28 |    30.0 | 7,14 |mscpnre5.txt |3,5e+03 |
| 3 | 2300 | 5000 |   60 |       0.45 |1585351524447 |      28 |    30.0 | 7,14 |mscpnre5.txt |3,7e+03 |
| 3 | 2400 | 5000 |   60 |       0.45 |1585351524447 |      28 |    30.0 | 7,14 |mscpnre5.txt |3,9e+03 |
| 3 | 2500 | 5000 |   65 |       0.45 |1585351524447 |      28 |    30.0 | 7,14 |mscpnre5.txt |4,1e+03 |
| 3 | 2600 | 5000 |   65 |       0.45 |1585351524447 |      28 |    30.0 | 7,14 |mscpnre5.txt |4,3e+03 |
| 3 | 2700 | 5000 |   65 |       0.45 |1585351524447 |      28 |    30.0 | 7,14 |mscpnre5.txt |4,5e+03 |
| 3 | 2800 | 5000 |   65 |       0.45 |1585351524447 |      28 |    30.0 | 7,14 |mscpnre5.txt |4,7e+03 |
| 3 | 2900 | 5000 |   70 |       0.45 |1585351524447 |      28 |    30.0 | 7,14 |mscpnre5.txt |4,9e+03 |
| 3 | 3000 | 5000 |   70 |       0.45 |1585351524447 |      28 |    30.0 | 7,14 |mscpnre5.txt |5,2e+03 |
| 3 | 3100 | 5000 |   70 |       0.45 |1585351524447 |      28 |    30.0 | 7,14 |mscpnre5.txt |5,4e+03 |
| 3 | 3200 | 5000 |   70 |       0.45 |1585351524447 |      28 |    30.0 | 7,14 |mscpnre5.txt |5,6e+03 |
| 3 | 3300 | 5000 |   75 |       0.45 |1585351524447 |      28 |    30.0 | 7,14 |mscpnre5.txt |5,9e+03 |
| 3 | 3400 | 5000 |   75 |       0.45 |1585351524447 |      28 |    30.0 | 7,14 |mscpnre5.txt |6,2e+03 |
| 3 | 3500 | 5000 |   75 |       0.45 |1585351524447 |      28 |    30.0 | 7,14 |mscpnre5.txt |6,5e+03 |
| 3 | 3600 | 5000 |   75 |       0.45 |1585351524447 |      28 |    30.0 | 7,14 |mscpnre5.txt |6,7e+03 |
| 3 | 3700 | 5000 |   80 |       0.45 |1585351524447 |      28 |    30.0 | 7,14 |mscpnre5.txt |7,0e+03 |
| 3 | 3800 | 5000 |   80 |       0.45 |1585351524447 |      28 |    30.0 | 7,14 |mscpnre5.txt |7,4e+03 |
| 3 | 3900 | 5000 |   80 |       0.45 |1585351524447 |      28 |    30.0 | 7,14 |mscpnre5.txt |7,7e+03 |
| 3 | 4000 | 5000 |   80 |       0.45 |1585351524447 |      28 |    30.0 | 7,14 |mscpnre5.txt |8,0e+03 |
| 3 | 4100 | 5000 |   85 |       0.45 |1585351524447 |      28 |    30.0 | 7,14 |mscpnre5.txt |8,4e+03 |
| 3 | 4200 | 5000 |   85 |       0.45 |1585351524447 |      28 |    30.0 | 7,14 |mscpnre5.txt |8,7e+03 |
| 3 | 4300 | 5000 |   85 |       0.45 |1585351524447 |      28 |    30.0 | 7,14 |mscpnre5.txt |9,1e+03 |
| 3 | 4400 | 5000 |   85 |       0.45 |1585351524447 |      28 |    30.0 | 7,14 |mscpnre5.txt |9,4e+03 |
| 3 | 4500 | 5000 |   90 | 0.44444445 |1585351524447 |      28 |    30.0 | 7,14 |mscpnre5.txt |9,8e+03 |
| 3 | 4600 | 5000 |   90 | 0.44444445 |1585351524447 |      28 |    30.0 | 7,14 |mscpnre5.txt |1,0e+04 |
| 3 | 4700 | 5000 |   90 | 0.44444445 |1585351524447 |      28 |    30.0 | 7,14 |mscpnre5.txt |1,1e+04 |
| 3 | 4800 | 5000 |   90 | 0.44444445 |1585351524447 |      28 |    30.0 | 7,14 |mscpnre5.txt |1,1e+04 |
| 3 | 4900 | 5000 |   95 | 0.44210526 |1585351524447 |      28 |    30.0 | 7,14 |mscpnre5.txt |1,1e+04 |
| 3 | 5000 | 5000 |   95 |       0.45 |1585351524447 |      28 |    30.0 | 7,14 |mscpnre5.txt |1,2e+04 |
| 3 |  500 | 5000 |   95 |       0.45 |1585351524447 |      28 |    30.0 | 7,14 |mscpnre5.txt |1,2e+04 |
| 4 |    1 | 5000 |   35 |       0.25 |1585363065246 |      28 |  4338.0 |15392,86 |mscpnre5.txt |0,0090 |
| 4 |  100 | 5000 |   35 | 0.42857143 |1585363065246 |      28 |  3877.0 |13746,43 |mscpnre5.txt |  1,1 |
| 4 |  200 | 5000 |   35 |        0.4 |1585363065246 |      28 |  3627.0 |12853,57 |mscpnre5.txt |  2,2 |
| 4 |  300 | 5000 |   40 |       0.45 |1585363065246 |      28 |    30.0 | 7,14 |mscpnre5.txt |1,2e+02 |
| 4 |  400 | 5000 |   40 |        0.3 |1585363065246 |      28 |    29.0 | 3,57 |mscpnre5.txt |3,3e+02 |
| 4 |  500 | 5000 |   40 |      0.275 |1585363065246 |      28 |    29.0 | 3,57 |mscpnre5.txt |5,5e+02 |
| 4 |  600 | 5000 |   40 |       0.25 |1585363065246 |      28 |    29.0 | 3,57 |mscpnre5.txt |7,7e+02 |
| 4 |  700 | 5000 |   45 | 0.22222222 |1585363065246 |      28 |    29.0 | 3,57 |mscpnre5.txt |1,0e+03 |
| 4 |  800 | 5000 |   45 |        0.4 |1585363065246 |      28 |    29.0 | 3,57 |mscpnre5.txt |1,1e+03 |
| 4 |  900 | 5000 |   45 |        0.4 |1585363065246 |      28 |    29.0 | 3,57 |mscpnre5.txt |1,3e+03 |
| 4 | 1000 | 5000 |   45 |        0.4 |1585363065246 |      28 |    29.0 | 3,57 |mscpnre5.txt |1,4e+03 |
| 4 | 1100 | 5000 |   50 |       0.36 |1585363065246 |      28 |    29.0 | 3,57 |mscpnre5.txt |1,5e+03 |
| 4 | 1200 | 5000 |   50 |       0.36 |1585363065246 |      28 |    29.0 | 3,57 |mscpnre5.txt |1,7e+03 |
| 4 | 1300 | 5000 |   50 |       0.36 |1585363065246 |      28 |    29.0 | 3,57 |mscpnre5.txt |1,9e+03 |
| 4 | 1400 | 5000 |   50 |       0.36 |1585363065246 |      28 |    29.0 | 3,57 |mscpnre5.txt |2,0e+03 |
| 4 | 1500 | 5000 |   55 | 0.34545454 |1585363065246 |      28 |    29.0 | 3,57 |mscpnre5.txt |2,2e+03 |
| 4 | 1600 | 5000 |   55 | 0.34545454 |1585363065246 |      28 |    29.0 | 3,57 |mscpnre5.txt |2,4e+03 |
| 4 | 1700 | 5000 |   55 | 0.34545454 |1585363065246 |      28 |    29.0 | 3,57 |mscpnre5.txt |2,6e+03 |
| 4 | 1800 | 5000 |   55 | 0.34545454 |1585363065246 |      28 |    29.0 | 3,57 |mscpnre5.txt |2,8e+03 |
| 4 | 1900 | 5000 |   60 |        0.4 |1585363065246 |      28 |    29.0 | 3,57 |mscpnre5.txt |3,0e+03 |
| 4 | 2000 | 5000 |   60 |        0.4 |1585363065246 |      28 |    29.0 | 3,57 |mscpnre5.txt |3,3e+03 |
| 4 | 2100 | 5000 |   60 |        0.4 |1585363065246 |      28 |    29.0 | 3,57 |mscpnre5.txt |3,5e+03 |
| 4 | 2200 | 5000 |   60 |        0.4 |1585363065246 |      28 |    29.0 | 3,57 |mscpnre5.txt |3,7e+03 |
| 4 | 2300 | 5000 |   65 | 0.41538462 |1585363065246 |      28 |    29.0 | 3,57 |mscpnre5.txt |4,0e+03 |
| 4 | 2400 | 5000 |   65 |       0.45 |1585363065246 |      28 |    29.0 | 3,57 |mscpnre5.txt |4,1e+03 |
| 4 | 2500 | 5000 |   65 |       0.45 |1585363065246 |      28 |    29.0 | 3,57 |mscpnre5.txt |4,2e+03 |
| 4 | 2600 | 5000 |   65 |       0.45 |1585363065246 |      28 |    29.0 | 3,57 |mscpnre5.txt |4,4e+03 |
| 4 | 2700 | 5000 |   70 |       0.45 |1585363065246 |      28 |    29.0 | 3,57 |mscpnre5.txt |4,5e+03 |
| 4 | 2800 | 5000 |   70 |       0.45 |1585363065246 |      28 |    29.0 | 3,57 |mscpnre5.txt |4,7e+03 |
| 4 | 2900 | 5000 |   70 |       0.45 |1585363065246 |      28 |    29.0 | 3,57 |mscpnre5.txt |4,9e+03 |
| 4 | 3000 | 5000 |   70 |       0.45 |1585363065246 |      28 |    29.0 | 3,57 |mscpnre5.txt |5,0e+03 |
| 4 | 3100 | 5000 |   75 |       0.45 |1585363065246 |      28 |    29.0 | 3,57 |mscpnre5.txt |5,2e+03 |
| 4 | 3200 | 5000 |   75 |       0.45 |1585363065246 |      28 |    29.0 | 3,57 |mscpnre5.txt |5,4e+03 |
| 4 | 3300 | 5000 |   75 |       0.45 |1585363065246 |      28 |    29.0 | 3,57 |mscpnre5.txt |5,6e+03 |
| 4 | 3400 | 5000 |   75 |       0.45 |1585363065246 |      28 |    29.0 | 3,57 |mscpnre5.txt |5,8e+03 |
| 4 | 3500 | 5000 |   80 |       0.45 |1585363065246 |      28 |    29.0 | 3,57 |mscpnre5.txt |6,0e+03 |
| 4 | 3600 | 5000 |   80 |       0.45 |1585363065246 |      28 |    29.0 | 3,57 |mscpnre5.txt |6,3e+03 |
| 4 | 3700 | 5000 |   80 |       0.45 |1585363065246 |      28 |    29.0 | 3,57 |mscpnre5.txt |6,5e+03 |
| 4 | 3800 | 5000 |   80 |       0.45 |1585363065246 |      28 |    29.0 | 3,57 |mscpnre5.txt |6,7e+03 |
| 4 | 3900 | 5000 |   85 | 0.43529412 |1585363065246 |      28 |    29.0 | 3,57 |mscpnre5.txt |7,0e+03 |
| 4 | 4000 | 5000 |   85 | 0.43529412 |1585363065246 |      28 |    29.0 | 3,57 |mscpnre5.txt |7,2e+03 |
| 4 | 4100 | 5000 |   85 | 0.43529412 |1585363065246 |      28 |    29.0 | 3,57 |mscpnre5.txt |7,5e+03 |
| 4 | 4200 | 5000 |   85 | 0.43529412 |1585363065246 |      28 |    29.0 | 3,57 |mscpnre5.txt |7,8e+03 |
| 4 | 4300 | 5000 |   90 | 0.41111112 |1585363065246 |      28 |    29.0 | 3,57 |mscpnre5.txt |8,1e+03 |
| 4 | 4400 | 5000 |   90 | 0.41111112 |1585363065246 |      28 |    29.0 | 3,57 |mscpnre5.txt |8,4e+03 |
| 4 | 4500 | 5000 |   90 | 0.41111112 |1585363065246 |      28 |    29.0 | 3,57 |mscpnre5.txt |8,6e+03 |
| 4 | 4600 | 5000 |   90 | 0.41111112 |1585363065246 |      28 |    29.0 | 3,57 |mscpnre5.txt |8,9e+03 |
| 4 | 4700 | 5000 |   95 |  0.4105263 |1585363065246 |      28 |    29.0 | 3,57 |mscpnre5.txt |9,2e+03 |
| 4 | 4800 | 5000 |   95 |  0.4105263 |1585363065246 |      28 |    29.0 | 3,57 |mscpnre5.txt |9,5e+03 |
| 4 | 4900 | 5000 |   95 |  0.4105263 |1585363065246 |      28 |    29.0 | 3,57 |mscpnre5.txt |9,8e+03 |
| 4 | 5000 | 5000 |   95 |  0.4105263 |1585363065246 |      28 |    29.0 | 3,57 |mscpnre5.txt |1,0e+04 |
| 4 |  500 | 5000 |  100 |  0.4105263 |1585363065246 |      28 |    29.0 | 3,57 |mscpnre5.txt |1,0e+04 |
| 5 |    1 | 5000 |   35 |       0.25 |1585373217922 |      28 |  4373.0 |15517,86 |mscpnre5.txt |0,0080 |
| 5 |  100 | 5000 |   35 | 0.31428573 |1585373217922 |      28 |  3895.0 |13810,71 |mscpnre5.txt | 0,88 |
| 5 |  200 | 5000 |   35 |  0.2857143 |1585373217922 |      28 |  3746.0 |13278,57 |mscpnre5.txt |  1,8 |
| 5 |  300 | 5000 |   35 | 0.31428573 |1585373217922 |      28 |  3543.0 |12553,57 |mscpnre5.txt |  2,7 |
| 5 |  400 | 5000 |   35 | 0.34285715 |1585373217922 |      28 |  3389.0 |12003,57 |mscpnre5.txt |  3,8 |
| 5 |  500 | 5000 |   40 |        0.4 |1585373217922 |      28 |    30.0 | 7,14 |mscpnre5.txt |1,3e+02 |
| 5 |  600 | 5000 |   40 |       0.25 |1585373217922 |      28 |    30.0 | 7,14 |mscpnre5.txt |3,4e+02 |
| 5 |  700 | 5000 |   40 |      0.275 |1585373217922 |      28 |    30.0 | 7,14 |mscpnre5.txt |5,7e+02 |
| 5 |  800 | 5000 |   40 |      0.375 |1585373217922 |      28 |    30.0 | 7,14 |mscpnre5.txt |7,0e+02 |
| 5 |  900 | 5000 |   45 |        0.4 |1585373217922 |      28 |    30.0 | 7,14 |mscpnre5.txt |8,6e+02 |
| 5 | 1000 | 5000 |   45 |        0.4 |1585373217922 |      28 |    30.0 | 7,14 |mscpnre5.txt |1,0e+03 |
| 5 | 1100 | 5000 |   45 |        0.4 |1585373217922 |      28 |    30.0 | 7,14 |mscpnre5.txt |1,2e+03 |
| 5 | 1200 | 5000 |   45 |        0.4 |1585373217922 |      28 |    30.0 | 7,14 |mscpnre5.txt |1,3e+03 |
| 5 | 1300 | 5000 |   50 |        0.4 |1585373217922 |      28 |    30.0 | 7,14 |mscpnre5.txt |1,5e+03 |
| 5 | 1400 | 5000 |   50 |       0.45 |1585373217922 |      28 |    30.0 | 7,14 |mscpnre5.txt |1,6e+03 |
| 5 | 1500 | 5000 |   50 |       0.45 |1585373217922 |      28 |    30.0 | 7,14 |mscpnre5.txt |1,7e+03 |
| 5 | 1600 | 5000 |   50 |       0.45 |1585373217922 |      28 |    30.0 | 7,14 |mscpnre5.txt |1,8e+03 |
| 5 | 1700 | 5000 |   55 |       0.45 |1585373217922 |      28 |    30.0 | 7,14 |mscpnre5.txt |2,0e+03 |
| 5 | 1800 | 5000 |   55 |       0.45 |1585373217922 |      28 |    30.0 | 7,14 |mscpnre5.txt |2,1e+03 |
| 5 | 1900 | 5000 |   55 |       0.45 |1585373217922 |      28 |    30.0 | 7,14 |mscpnre5.txt |2,2e+03 |
| 5 | 2000 | 5000 |   55 |       0.45 |1585373217922 |      28 |    30.0 | 7,14 |mscpnre5.txt |2,4e+03 |
| 5 | 2100 | 5000 |   60 |       0.45 |1585373217922 |      28 |    30.0 | 7,14 |mscpnre5.txt |2,5e+03 |
| 5 | 2200 | 5000 |   60 |       0.45 |1585373217922 |      28 |    30.0 | 7,14 |mscpnre5.txt |2,7e+03 |
| 5 | 2300 | 5000 |   60 |       0.45 |1585373217922 |      28 |    30.0 | 7,14 |mscpnre5.txt |2,8e+03 |
| 5 | 2400 | 5000 |   60 |       0.45 |1585373217922 |      28 |    30.0 | 7,14 |mscpnre5.txt |3,0e+03 |
| 5 | 2500 | 5000 |   65 |       0.45 |1585373217922 |      28 |    30.0 | 7,14 |mscpnre5.txt |3,2e+03 |
| 5 | 2600 | 5000 |   65 |       0.45 |1585373217922 |      28 |    30.0 | 7,14 |mscpnre5.txt |3,4e+03 |
| 5 | 2700 | 5000 |   65 |       0.45 |1585373217922 |      28 |    30.0 | 7,14 |mscpnre5.txt |3,6e+03 |
| 5 | 2800 | 5000 |   65 |       0.45 |1585373217922 |      28 |    30.0 | 7,14 |mscpnre5.txt |3,8e+03 |
| 5 | 2900 | 5000 |   70 |       0.45 |1585373217922 |      28 |    30.0 | 7,14 |mscpnre5.txt |4,0e+03 |
| 5 | 3000 | 5000 |   70 |       0.45 |1585373217922 |      28 |    30.0 | 7,14 |mscpnre5.txt |4,3e+03 |
| 5 | 3100 | 5000 |   70 |       0.45 |1585373217922 |      28 |    30.0 | 7,14 |mscpnre5.txt |4,5e+03 |
| 5 | 3200 | 5000 |   70 |       0.45 |1585373217922 |      28 |    30.0 | 7,14 |mscpnre5.txt |4,7e+03 |
| 5 | 3300 | 5000 |   75 |       0.44 |1585373217922 |      28 |    30.0 | 7,14 |mscpnre5.txt |5,0e+03 |
| 5 | 3400 | 5000 |   75 |       0.44 |1585373217922 |      28 |    30.0 | 7,14 |mscpnre5.txt |5,3e+03 |
| 5 | 3500 | 5000 |   75 |       0.44 |1585373217922 |      28 |    30.0 | 7,14 |mscpnre5.txt |5,6e+03 |
| 5 | 3600 | 5000 |   75 |       0.44 |1585373217922 |      28 |    30.0 | 7,14 |mscpnre5.txt |5,8e+03 |
| 5 | 3700 | 5000 |   80 |      0.425 |1585373217922 |      28 |    30.0 | 7,14 |mscpnre5.txt |6,1e+03 |
| 5 | 3800 | 5000 |   80 |      0.425 |1585373217922 |      28 |    30.0 | 7,14 |mscpnre5.txt |6,4e+03 |
| 5 | 3900 | 5000 |   80 |      0.425 |1585373217922 |      28 |    30.0 | 7,14 |mscpnre5.txt |6,7e+03 |
| 5 | 4000 | 5000 |   80 |      0.425 |1585373217922 |      28 |    30.0 | 7,14 |mscpnre5.txt |7,1e+03 |
| 5 | 4100 | 5000 |   85 |  0.4117647 |1585373217922 |      28 |    30.0 | 7,14 |mscpnre5.txt |7,4e+03 |
| 5 | 4200 | 5000 |   85 |       0.45 |1585373217922 |      28 |    30.0 | 7,14 |mscpnre5.txt |7,6e+03 |
| 5 | 4300 | 5000 |   85 |       0.45 |1585373217922 |      28 |    30.0 | 7,14 |mscpnre5.txt |7,7e+03 |
| 5 | 4400 | 5000 |   85 |       0.45 |1585373217922 |      28 |    30.0 | 7,14 |mscpnre5.txt |7,9e+03 |
| 5 | 4500 | 5000 |   90 |       0.45 |1585373217922 |      28 |    30.0 | 7,14 |mscpnre5.txt |8,1e+03 |
| 5 | 4600 | 5000 |   90 |       0.45 |1585373217922 |      28 |    30.0 | 7,14 |mscpnre5.txt |8,3e+03 |
| 5 | 4700 | 5000 |   90 |       0.45 |1585373217922 |      28 |    30.0 | 7,14 |mscpnre5.txt |8,5e+03 |
| 5 | 4800 | 5000 |   90 |       0.45 |1585373217922 |      28 |    30.0 | 7,14 |mscpnre5.txt |8,7e+03 |
| 5 | 4900 | 5000 |   95 |       0.45 |1585373217922 |      28 |    30.0 | 7,14 |mscpnre5.txt |8,9e+03 |
| 5 | 5000 | 5000 |   95 |       0.45 |1585373217922 |      28 |    30.0 | 7,14 |mscpnre5.txt |9,1e+03 |
| 5 |  500 | 5000 |   95 |       0.45 |1585373217922 |      28 |    30.0 | 7,14 |mscpnre5.txt |9,1e+03 |
| 6 |    1 | 5000 |   35 |       0.25 |1585382316853 |      28 |  4462.0 |15835,71 |mscpnre5.txt |0,0080 |
| 6 |  100 | 5000 |   35 |       0.45 |1585382316853 |      28 |  3829.0 |13575,00 |mscpnre5.txt | 0,88 |
| 6 |  200 | 5000 |   35 | 0.37142858 |1585382316853 |      28 |  3673.0 |13017,86 |mscpnre5.txt |  1,7 |
| 6 |  300 | 5000 |   35 |  0.2857143 |1585382316853 |      28 |  3459.0 |12253,57 |mscpnre5.txt |  2,7 |
| 6 |  400 | 5000 |   40 |       0.45 |1585382316853 |      28 |    30.0 | 7,14 |mscpnre5.txt |1,2e+02 |
| 6 |  500 | 5000 |   40 |      0.325 |1585382316853 |      28 |    29.0 | 3,57 |mscpnre5.txt |3,2e+02 |
| 6 |  600 | 5000 |   40 |      0.275 |1585382316853 |      28 |    29.0 | 3,57 |mscpnre5.txt |5,3e+02 |
| 6 |  700 | 5000 |   40 |      0.225 |1585382316853 |      28 |    29.0 | 3,57 |mscpnre5.txt |7,6e+02 |
| 6 |  800 | 5000 |   45 | 0.37777779 |1585382316853 |      28 |    29.0 | 3,57 |mscpnre5.txt |8,9e+02 |
| 6 |  900 | 5000 |   45 | 0.37777779 |1585382316853 |      28 |    29.0 | 3,57 |mscpnre5.txt |1,0e+03 |
| 6 | 1000 | 5000 |   45 | 0.37777779 |1585382316853 |      28 |    29.0 | 3,57 |mscpnre5.txt |1,2e+03 |
| 6 | 1100 | 5000 |   45 | 0.37777779 |1585382316853 |      28 |    29.0 | 3,57 |mscpnre5.txt |1,3e+03 |
| 6 | 1200 | 5000 |   50 |       0.42 |1585382316853 |      28 |    29.0 | 3,57 |mscpnre5.txt |1,5e+03 |
| 6 | 1300 | 5000 |   50 |        0.4 |1585382316853 |      28 |    29.0 | 3,57 |mscpnre5.txt |1,7e+03 |
| 6 | 1400 | 5000 |   50 |        0.4 |1585382316853 |      28 |    29.0 | 3,57 |mscpnre5.txt |1,8e+03 |
| 6 | 1500 | 5000 |   50 |        0.4 |1585382316853 |      28 |    29.0 | 3,57 |mscpnre5.txt |2,0e+03 |
| 6 | 1600 | 5000 |   55 |  0.4181818 |1585382316853 |      28 |    29.0 | 3,57 |mscpnre5.txt |2,2e+03 |
| 6 | 1700 | 5000 |   55 |  0.4181818 |1585382316853 |      28 |    29.0 | 3,57 |mscpnre5.txt |2,4e+03 |
| 6 | 1800 | 5000 |   55 |  0.4181818 |1585382316853 |      28 |    29.0 | 3,57 |mscpnre5.txt |2,7e+03 |
| 6 | 1900 | 5000 |   55 |  0.4181818 |1585382316853 |      28 |    29.0 | 3,57 |mscpnre5.txt |2,9e+03 |
| 6 | 2000 | 5000 |   60 |        0.4 |1585382316853 |      28 |    29.0 | 3,57 |mscpnre5.txt |3,1e+03 |
| 6 | 2100 | 5000 |   60 |       0.45 |1585382316853 |      28 |    29.0 | 3,57 |mscpnre5.txt |3,2e+03 |
| 6 | 2200 | 5000 |   60 |       0.45 |1585382316853 |      28 |    29.0 | 3,57 |mscpnre5.txt |3,3e+03 |
| 6 | 2300 | 5000 |   60 |       0.45 |1585382316853 |      28 |    29.0 | 3,57 |mscpnre5.txt |3,5e+03 |
| 6 | 2400 | 5000 |   65 |       0.45 |1585382316853 |      28 |    29.0 | 3,57 |mscpnre5.txt |3,6e+03 |
| 6 | 2500 | 5000 |   65 |       0.45 |1585382316853 |      28 |    29.0 | 3,57 |mscpnre5.txt |3,8e+03 |
| 6 | 2600 | 5000 |   65 |       0.45 |1585382316853 |      28 |    29.0 | 3,57 |mscpnre5.txt |3,9e+03 |
| 6 | 2700 | 5000 |   65 |       0.45 |1585382316853 |      28 |    29.0 | 3,57 |mscpnre5.txt |4,1e+03 |
| 6 | 2800 | 5000 |   70 |       0.45 |1585382316853 |      28 |    29.0 | 3,57 |mscpnre5.txt |4,3e+03 |
| 6 | 2900 | 5000 |   70 |       0.45 |1585382316853 |      28 |    29.0 | 3,57 |mscpnre5.txt |4,4e+03 |
| 6 | 3000 | 5000 |   70 |       0.45 |1585382316853 |      28 |    29.0 | 3,57 |mscpnre5.txt |4,6e+03 |
| 6 | 3100 | 5000 |   70 |       0.45 |1585382316853 |      28 |    29.0 | 3,57 |mscpnre5.txt |4,8e+03 |
| 6 | 3200 | 5000 |   75 |       0.45 |1585382316853 |      28 |    29.0 | 3,57 |mscpnre5.txt |5,0e+03 |
| 6 | 3300 | 5000 |   75 |       0.45 |1585382316853 |      28 |    29.0 | 3,57 |mscpnre5.txt |5,2e+03 |
| 6 | 3400 | 5000 |   75 |       0.45 |1585382316853 |      28 |    29.0 | 3,57 |mscpnre5.txt |5,5e+03 |
| 6 | 3500 | 5000 |   75 |       0.45 |1585382316853 |      28 |    29.0 | 3,57 |mscpnre5.txt |5,7e+03 |
| 6 | 3600 | 5000 |   80 |      0.425 |1585382316853 |      28 |    29.0 | 3,57 |mscpnre5.txt |5,9e+03 |
| 6 | 3700 | 5000 |   80 |      0.425 |1585382316853 |      28 |    29.0 | 3,57 |mscpnre5.txt |6,2e+03 |
| 6 | 3800 | 5000 |   80 |      0.425 |1585382316853 |      28 |    29.0 | 3,57 |mscpnre5.txt |6,4e+03 |
| 6 | 3900 | 5000 |   80 |      0.425 |1585382316853 |      28 |    29.0 | 3,57 |mscpnre5.txt |6,7e+03 |
| 6 | 4000 | 5000 |   85 | 0.42352942 |1585382316853 |      28 |    29.0 | 3,57 |mscpnre5.txt |6,9e+03 |
| 6 | 4100 | 5000 |   85 | 0.42352942 |1585382316853 |      28 |    29.0 | 3,57 |mscpnre5.txt |7,2e+03 |
| 6 | 4200 | 5000 |   85 | 0.42352942 |1585382316853 |      28 |    29.0 | 3,57 |mscpnre5.txt |7,5e+03 |
| 6 | 4300 | 5000 |   85 | 0.42352942 |1585382316853 |      28 |    29.0 | 3,57 |mscpnre5.txt |7,7e+03 |
| 6 | 4400 | 5000 |   90 | 0.42222223 |1585382316853 |      28 |    29.0 | 3,57 |mscpnre5.txt |8,1e+03 |
| 6 | 4500 | 5000 |   90 | 0.42222223 |1585382316853 |      28 |    29.0 | 3,57 |mscpnre5.txt |8,4e+03 |
| 6 | 4600 | 5000 |   90 | 0.42222223 |1585382316853 |      28 |    29.0 | 3,57 |mscpnre5.txt |8,6e+03 |
| 6 | 4700 | 5000 |   90 | 0.42222223 |1585382316853 |      28 |    29.0 | 3,57 |mscpnre5.txt |8,9e+03 |
| 6 | 4800 | 5000 |   95 | 0.42105263 |1585382316853 |      28 |    29.0 | 3,57 |mscpnre5.txt |9,3e+03 |
| 6 | 4900 | 5000 |   95 | 0.42105263 |1585382316853 |      28 |    29.0 | 3,57 |mscpnre5.txt |9,6e+03 |
| 6 | 5000 | 5000 |   95 | 0.42105263 |1585382316853 |      28 |    29.0 | 3,57 |mscpnre5.txt |9,9e+03 |
| 6 |  500 | 5000 |   95 | 0.42105263 |1585382316853 |      28 |    29.0 | 3,57 |mscpnre5.txt |9,9e+03 |
| 7 |    1 | 5000 |   35 |       0.25 |1585392249511 |      28 |  4413.0 |15660,71 |mscpnre5.txt |0,023 |
| 7 |  100 | 5000 |   35 |        0.4 |1585392249511 |      28 |  3727.0 |13210,71 |mscpnre5.txt | 0,88 |
| 7 |  200 | 5000 |   40 |       0.45 |1585392249511 |      28 |    30.0 | 7,14 |mscpnre5.txt |   78 |
| 7 |  300 | 5000 |   40 |       0.45 |1585392249511 |      28 |    30.0 | 7,14 |mscpnre5.txt |2,3e+02 |
| 7 |  400 | 5000 |   40 |       0.45 |1585392249511 |      28 |    30.0 | 7,14 |mscpnre5.txt |4,0e+02 |
| 7 |  500 | 5000 |   40 |       0.45 |1585392249511 |      28 |    30.0 | 7,14 |mscpnre5.txt |5,8e+02 |
| 7 |  600 | 5000 |   45 | 0.31111112 |1585392249511 |      28 |    30.0 | 7,14 |mscpnre5.txt |7,2e+02 |
| 7 |  700 | 5000 |   45 | 0.33333334 |1585392249511 |      28 |    30.0 | 7,14 |mscpnre5.txt |8,6e+02 |
| 7 |  800 | 5000 |   45 | 0.33333334 |1585392249511 |      28 |    30.0 | 7,14 |mscpnre5.txt |1,0e+03 |
| 7 |  900 | 5000 |   45 | 0.33333334 |1585392249511 |      28 |    30.0 | 7,14 |mscpnre5.txt |1,1e+03 |
| 7 | 1000 | 5000 |   50 |       0.45 |1585392249511 |      28 |    30.0 | 7,14 |mscpnre5.txt |1,3e+03 |
| 7 | 1100 | 5000 |   50 |       0.44 |1585392249511 |      28 |    30.0 | 7,14 |mscpnre5.txt |1,4e+03 |
| 7 | 1200 | 5000 |   50 |       0.44 |1585392249511 |      28 |    30.0 | 7,14 |mscpnre5.txt |1,5e+03 |
| 7 | 1300 | 5000 |   50 |       0.44 |1585392249511 |      28 |    30.0 | 7,14 |mscpnre5.txt |1,6e+03 |
| 7 | 1400 | 5000 |   55 |        0.4 |1585392249511 |      28 |    30.0 | 7,14 |mscpnre5.txt |1,8e+03 |
| 7 | 1500 | 5000 |   55 |        0.4 |1585392249511 |      28 |    30.0 | 7,14 |mscpnre5.txt |1,9e+03 |
| 7 | 1600 | 5000 |   55 |        0.4 |1585392249511 |      28 |    30.0 | 7,14 |mscpnre5.txt |2,0e+03 |
| 7 | 1700 | 5000 |   55 |        0.4 |1585392249511 |      28 |    30.0 | 7,14 |mscpnre5.txt |2,2e+03 |
| 7 | 1800 | 5000 |   60 | 0.36666667 |1585392249511 |      28 |    30.0 | 7,14 |mscpnre5.txt |2,3e+03 |
| 7 | 1900 | 5000 |   60 | 0.36666667 |1585392249511 |      28 |    30.0 | 7,14 |mscpnre5.txt |2,5e+03 |
| 7 | 2000 | 5000 |   60 | 0.36666667 |1585392249511 |      28 |    30.0 | 7,14 |mscpnre5.txt |2,7e+03 |
| 7 | 2100 | 5000 |   60 | 0.36666667 |1585392249511 |      28 |    30.0 | 7,14 |mscpnre5.txt |2,8e+03 |
| 7 | 2200 | 5000 |   65 |  0.3846154 |1585392249511 |      28 |    30.0 | 7,14 |mscpnre5.txt |3,0e+03 |
| 7 | 2300 | 5000 |   65 |  0.3846154 |1585392249511 |      28 |    30.0 | 7,14 |mscpnre5.txt |3,2e+03 |
| 7 | 2400 | 5000 |   65 |  0.3846154 |1585392249511 |      28 |    30.0 | 7,14 |mscpnre5.txt |3,4e+03 |
| 7 | 2500 | 5000 |   65 |  0.3846154 |1585392249511 |      28 |    30.0 | 7,14 |mscpnre5.txt |3,6e+03 |
| 7 | 2600 | 5000 |   70 | 0.44285715 |1585392249511 |      28 |    30.0 | 7,14 |mscpnre5.txt |3,8e+03 |
| 7 | 2700 | 5000 |   70 | 0.44285715 |1585392249511 |      28 |    30.0 | 7,14 |mscpnre5.txt |4,0e+03 |
| 7 | 2800 | 5000 |   70 | 0.44285715 |1585392249511 |      28 |    30.0 | 7,14 |mscpnre5.txt |4,3e+03 |
| 7 | 2900 | 5000 |   70 | 0.44285715 |1585392249511 |      28 |    30.0 | 7,14 |mscpnre5.txt |4,5e+03 |
| 7 | 3000 | 5000 |   75 |       0.45 |1585392249511 |      28 |    30.0 | 7,14 |mscpnre5.txt |4,7e+03 |
| 7 | 3100 | 5000 |   75 |       0.45 |1585392249511 |      28 |    30.0 | 7,14 |mscpnre5.txt |4,9e+03 |
| 7 | 3200 | 5000 |   75 |       0.45 |1585392249511 |      28 |    30.0 | 7,14 |mscpnre5.txt |5,2e+03 |
| 7 | 3300 | 5000 |   75 |       0.45 |1585392249511 |      28 |    30.0 | 7,14 |mscpnre5.txt |5,4e+03 |
| 7 | 3400 | 5000 |   80 |       0.45 |1585392249511 |      28 |    30.0 | 7,14 |mscpnre5.txt |5,7e+03 |
| 7 | 3500 | 5000 |   80 |       0.45 |1585392249511 |      28 |    30.0 | 7,14 |mscpnre5.txt |5,8e+03 |
| 7 | 3600 | 5000 |   80 |       0.45 |1585392249511 |      28 |    30.0 | 7,14 |mscpnre5.txt |5,9e+03 |
| 7 | 3700 | 5000 |   80 |       0.45 |1585392249511 |      28 |    30.0 | 7,14 |mscpnre5.txt |6,1e+03 |
| 7 | 3800 | 5000 |   85 |       0.45 |1585392249511 |      28 |    30.0 | 7,14 |mscpnre5.txt |6,3e+03 |
| 7 | 3900 | 5000 |   85 |       0.45 |1585392249511 |      28 |    30.0 | 7,14 |mscpnre5.txt |6,4e+03 |
| 7 | 4000 | 5000 |   85 |       0.45 |1585392249511 |      28 |    30.0 | 7,14 |mscpnre5.txt |6,6e+03 |
| 7 | 4100 | 5000 |   85 |       0.45 |1585392249511 |      28 |    30.0 | 7,14 |mscpnre5.txt |6,8e+03 |
| 7 | 4200 | 5000 |   90 |       0.45 |1585392249511 |      28 |    30.0 | 7,14 |mscpnre5.txt |7,0e+03 |
| 7 | 4300 | 5000 |   90 |       0.45 |1585392249511 |      28 |    30.0 | 7,14 |mscpnre5.txt |7,2e+03 |
| 7 | 4400 | 5000 |   90 |       0.45 |1585392249511 |      28 |    30.0 | 7,14 |mscpnre5.txt |7,4e+03 |
| 7 | 4500 | 5000 |   90 |       0.45 |1585392249511 |      28 |    30.0 | 7,14 |mscpnre5.txt |7,6e+03 |
| 7 | 4600 | 5000 |   95 |       0.45 |1585392249511 |      28 |    30.0 | 7,14 |mscpnre5.txt |7,8e+03 |
| 7 | 4700 | 5000 |   95 |       0.45 |1585392249511 |      28 |    30.0 | 7,14 |mscpnre5.txt |8,1e+03 |
| 7 | 4800 | 5000 |   95 |       0.45 |1585392249511 |      28 |    30.0 | 7,14 |mscpnre5.txt |8,3e+03 |
| 7 | 4900 | 5000 |   95 |       0.45 |1585392249511 |      28 |    30.0 | 7,14 |mscpnre5.txt |8,5e+03 |
| 7 | 5000 | 5000 |  100 |       0.43 |1585392249511 |      28 |    30.0 | 7,14 |mscpnre5.txt |8,8e+03 |
| 7 |  500 | 5000 |  100 |       0.43 |1585392249511 |      28 |    30.0 | 7,14 |mscpnre5.txt |8,8e+03 |
| 8 |    1 | 5000 |   35 |       0.25 |1585401012009 |      28 |  4312.0 |15300,00 |mscpnre5.txt |0,0080 |
| 8 |  100 | 5000 |   35 | 0.37142858 |1585401012009 |      28 |  3856.0 |13671,43 |mscpnre5.txt | 0,67 |
| 8 |  200 | 5000 |   35 |        0.4 |1585401012009 |      28 |  3574.0 |12664,29 |mscpnre5.txt |  1,4 |
| 8 |  300 | 5000 |   35 |       0.45 |1585401012009 |      28 |  3426.0 |12135,71 |mscpnre5.txt |  2,1 |
| 8 |  400 | 5000 |   40 |       0.45 |1585401012009 |      28 |    30.0 | 7,14 |mscpnre5.txt |   81 |
| 8 |  500 | 5000 |   40 |      0.375 |1585401012009 |      28 |    30.0 | 7,14 |mscpnre5.txt |2,4e+02 |
| 8 |  600 | 5000 |   40 |        0.3 |1585401012009 |      28 |    30.0 | 7,14 |mscpnre5.txt |4,2e+02 |
| 8 |  700 | 5000 |   40 |      0.375 |1585401012009 |      28 |    30.0 | 7,14 |mscpnre5.txt |5,2e+02 |
| 8 |  800 | 5000 |   45 |        0.4 |1585401012009 |      28 |    29.0 | 3,57 |mscpnre5.txt |6,6e+02 |
| 8 |  900 | 5000 |   45 |        0.4 |1585401012009 |      28 |    29.0 | 3,57 |mscpnre5.txt |8,0e+02 |
| 8 | 1000 | 5000 |   45 |        0.4 |1585401012009 |      28 |    29.0 | 3,57 |mscpnre5.txt |9,4e+02 |
| 8 | 1100 | 5000 |   45 |        0.4 |1585401012009 |      28 |    29.0 | 3,57 |mscpnre5.txt |1,1e+03 |
| 8 | 1200 | 5000 |   50 |       0.42 |1585401012009 |      28 |    29.0 | 3,57 |mscpnre5.txt |1,2e+03 |
| 8 | 1300 | 5000 |   50 |       0.42 |1585401012009 |      28 |    29.0 | 3,57 |mscpnre5.txt |1,4e+03 |
| 8 | 1400 | 5000 |   50 |       0.45 |1585401012009 |      28 |    29.0 | 3,57 |mscpnre5.txt |1,5e+03 |
| 8 | 1500 | 5000 |   50 |       0.45 |1585401012009 |      28 |    29.0 | 3,57 |mscpnre5.txt |1,6e+03 |
| 8 | 1600 | 5000 |   55 |       0.45 |1585401012009 |      28 |    29.0 | 3,57 |mscpnre5.txt |1,7e+03 |
| 8 | 1700 | 5000 |   55 |       0.45 |1585401012009 |      28 |    29.0 | 3,57 |mscpnre5.txt |1,9e+03 |
| 8 | 1800 | 5000 |   55 |       0.45 |1585401012009 |      28 |    29.0 | 3,57 |mscpnre5.txt |2,0e+03 |
| 8 | 1900 | 5000 |   55 |       0.45 |1585401012009 |      28 |    29.0 | 3,57 |mscpnre5.txt |2,1e+03 |
| 8 | 2000 | 5000 |   60 |       0.45 |1585401012009 |      28 |    29.0 | 3,57 |mscpnre5.txt |2,3e+03 |
| 8 | 2100 | 5000 |   60 |       0.45 |1585401012009 |      28 |    29.0 | 3,57 |mscpnre5.txt |2,4e+03 |
| 8 | 2200 | 5000 |   60 |       0.45 |1585401012009 |      28 |    29.0 | 3,57 |mscpnre5.txt |2,6e+03 |
| 8 | 2300 | 5000 |   60 |       0.45 |1585401012009 |      28 |    29.0 | 3,57 |mscpnre5.txt |2,7e+03 |
| 8 | 2400 | 5000 |   65 | 0.44615385 |1585401012009 |      28 |    29.0 | 3,57 |mscpnre5.txt |2,9e+03 |
| 8 | 2500 | 5000 |   65 | 0.44615385 |1585401012009 |      28 |    29.0 | 3,57 |mscpnre5.txt |3,1e+03 |
| 8 | 2600 | 5000 |   65 | 0.44615385 |1585401012009 |      28 |    29.0 | 3,57 |mscpnre5.txt |3,3e+03 |
| 8 | 2700 | 5000 |   65 | 0.44615385 |1585401012009 |      28 |    29.0 | 3,57 |mscpnre5.txt |3,6e+03 |
| 8 | 2800 | 5000 |   70 | 0.42857143 |1585401012009 |      28 |    29.0 | 3,57 |mscpnre5.txt |4,0e+03 |
| 8 | 2900 | 5000 |   70 | 0.42857143 |1585401012009 |      28 |    29.0 | 3,57 |mscpnre5.txt |4,4e+03 |
| 8 | 3000 | 5000 |   70 | 0.42857143 |1585401012009 |      28 |    29.0 | 3,57 |mscpnre5.txt |4,8e+03 |
| 8 | 3100 | 5000 |   70 | 0.42857143 |1585401012009 |      28 |    29.0 | 3,57 |mscpnre5.txt |5,1e+03 |
| 8 | 3200 | 5000 |   75 |       0.44 |1585401012009 |      28 |    29.0 | 3,57 |mscpnre5.txt |5,5e+03 |
| 8 | 3300 | 5000 |   75 |       0.44 |1585401012009 |      28 |    29.0 | 3,57 |mscpnre5.txt |5,9e+03 |
| 8 | 3400 | 5000 |   75 |       0.44 |1585401012009 |      28 |    29.0 | 3,57 |mscpnre5.txt |6,3e+03 |
| 8 | 3500 | 5000 |   75 |       0.44 |1585401012009 |      28 |    29.0 | 3,57 |mscpnre5.txt |6,7e+03 |
| 8 | 3600 | 5000 |   80 |       0.45 |1585401012009 |      28 |    29.0 | 3,57 |mscpnre5.txt |7,2e+03 |
| 8 | 3700 | 5000 |   80 |       0.45 |1585401012009 |      28 |    29.0 | 3,57 |mscpnre5.txt |7,5e+03 |
| 8 | 3800 | 5000 |   80 |       0.45 |1585401012009 |      28 |    29.0 | 3,57 |mscpnre5.txt |7,7e+03 |
| 8 | 3900 | 5000 |   80 |       0.45 |1585401012009 |      28 |    29.0 | 3,57 |mscpnre5.txt |7,9e+03 |
| 8 | 4000 | 5000 |   85 |       0.45 |1585401012009 |      28 |    29.0 | 3,57 |mscpnre5.txt |8,3e+03 |
| 8 | 4100 | 5000 |   85 |       0.45 |1585401012009 |      28 |    29.0 | 3,57 |mscpnre5.txt |8,6e+03 |
| 8 | 4200 | 5000 |   85 |       0.45 |1585401012009 |      28 |    29.0 | 3,57 |mscpnre5.txt |9,0e+03 |
| 8 | 4300 | 5000 |   85 |       0.45 |1585401012009 |      28 |    29.0 | 3,57 |mscpnre5.txt |9,3e+03 |
| 8 | 4400 | 5000 |   90 |       0.45 |1585401012009 |      28 |    29.0 | 3,57 |mscpnre5.txt |9,6e+03 |
| 8 | 4500 | 5000 |   90 |       0.45 |1585401012009 |      28 |    29.0 | 3,57 |mscpnre5.txt |9,9e+03 |
| 8 | 4600 | 5000 |   90 |       0.45 |1585401012009 |      28 |    29.0 | 3,57 |mscpnre5.txt |1,0e+04 |
| 8 | 4700 | 5000 |   90 |       0.45 |1585401012009 |      28 |    29.0 | 3,57 |mscpnre5.txt |1,1e+04 |
| 8 | 4800 | 5000 |   95 |       0.45 |1585401012009 |      28 |    29.0 | 3,57 |mscpnre5.txt |1,1e+04 |
| 8 | 4900 | 5000 |   95 |       0.45 |1585401012009 |      28 |    29.0 | 3,57 |mscpnre5.txt |1,1e+04 |
| 8 | 5000 | 5000 |   95 |       0.45 |1585401012009 |      28 |    29.0 | 3,57 |mscpnre5.txt |1,2e+04 |
| 8 |  500 | 5000 |   95 |       0.45 |1585401012009 |      28 |    29.0 | 3,57 |mscpnre5.txt |1,2e+04 |
| 9 |    1 | 5000 |   35 |       0.25 |1585412556706 |      28 |  4401.0 |15617,86 |mscpnre5.txt |0,010 |
| 9 |  100 | 5000 |   35 | 0.31428573 |1585412556706 |      28 |  3802.0 |13478,57 |mscpnre5.txt |  1,2 |
| 9 |  200 | 5000 |   40 |       0.45 |1585412556706 |      28 |    30.0 | 7,14 |mscpnre5.txt |1,1e+02 |
| 9 |  300 | 5000 |   40 |       0.45 |1585412556706 |      28 |    30.0 | 7,14 |mscpnre5.txt |3,4e+02 |
| 9 |  400 | 5000 |   40 |       0.45 |1585412556706 |      28 |    29.0 | 3,57 |mscpnre5.txt |5,9e+02 |
| 9 |  500 | 5000 |   40 |       0.45 |1585412556706 |      28 |    29.0 | 3,57 |mscpnre5.txt |8,5e+02 |
| 9 |  600 | 5000 |   45 | 0.44444445 |1585412556706 |      28 |    29.0 | 3,57 |mscpnre5.txt |1,2e+03 |
| 9 |  700 | 5000 |   45 | 0.44444445 |1585412556706 |      28 |    29.0 | 3,57 |mscpnre5.txt |1,5e+03 |
| 9 |  800 | 5000 |   45 |  0.2888889 |1585412556706 |      28 |    29.0 | 3,57 |mscpnre5.txt |1,7e+03 |
| 9 |  900 | 5000 |   45 |  0.2888889 |1585412556706 |      28 |    29.0 | 3,57 |mscpnre5.txt |1,8e+03 |
| 9 | 1000 | 5000 |   50 |       0.36 |1585412556706 |      28 |    29.0 | 3,57 |mscpnre5.txt |2,1e+03 |
| 9 | 1100 | 5000 |   50 |       0.36 |1585412556706 |      28 |    29.0 | 3,57 |mscpnre5.txt |2,3e+03 |
| 9 | 1200 | 5000 |   50 |        0.4 |1585412556706 |      28 |    29.0 | 3,57 |mscpnre5.txt |2,5e+03 |
| 9 | 1300 | 5000 |   50 |        0.4 |1585412556706 |      28 |    29.0 | 3,57 |mscpnre5.txt |2,8e+03 |
| 9 | 1400 | 5000 |   55 |       0.45 |1585412556706 |      28 |    29.0 | 3,57 |mscpnre5.txt |3,0e+03 |
| 9 | 1500 | 5000 |   55 |       0.45 |1585412556706 |      28 |    29.0 | 3,57 |mscpnre5.txt |3,3e+03 |
| 9 | 1600 | 5000 |   55 |       0.45 |1585412556706 |      28 |    29.0 | 3,57 |mscpnre5.txt |3,8e+03 |
| 9 | 1700 | 5000 |   55 |       0.45 |1585412556706 |      28 |    29.0 | 3,57 |mscpnre5.txt |4,1e+03 |
| 9 | 1800 | 5000 |   60 |       0.45 |1585412556706 |      28 |    29.0 | 3,57 |mscpnre5.txt |4,4e+03 |
| 9 | 1900 | 5000 |   60 |       0.45 |1585412556706 |      28 |    29.0 | 3,57 |mscpnre5.txt |4,7e+03 |
| 9 | 2000 | 5000 |   60 |       0.45 |1585412556706 |      28 |    29.0 | 3,57 |mscpnre5.txt |4,9e+03 |
| 9 | 2100 | 5000 |   60 |       0.45 |1585412556706 |      28 |    29.0 | 3,57 |mscpnre5.txt |5,1e+03 |
| 9 | 2200 | 5000 |   65 | 0.41538462 |1585412556706 |      28 |    29.0 | 3,57 |mscpnre5.txt |5,4e+03 |
| 9 | 2300 | 5000 |   65 | 0.41538462 |1585412556706 |      28 |    29.0 | 3,57 |mscpnre5.txt |5,6e+03 |
| 9 | 2400 | 5000 |   65 | 0.41538462 |1585412556706 |      28 |    29.0 | 3,57 |mscpnre5.txt |5,9e+03 |
| 9 | 2500 | 5000 |   65 | 0.41538462 |1585412556706 |      28 |    29.0 | 3,57 |mscpnre5.txt |6,2e+03 |
| 9 | 2600 | 5000 |   70 |        0.4 |1585412556706 |      28 |    29.0 | 3,57 |mscpnre5.txt |6,4e+03 |
| 9 | 2700 | 5000 |   70 |        0.4 |1585412556706 |      28 |    29.0 | 3,57 |mscpnre5.txt |6,7e+03 |
| 9 | 2800 | 5000 |   70 |        0.4 |1585412556706 |      28 |    29.0 | 3,57 |mscpnre5.txt |6,9e+03 |
| 9 | 2900 | 5000 |   70 |        0.4 |1585412556706 |      28 |    29.0 | 3,57 |mscpnre5.txt |7,2e+03 |
| 9 | 3000 | 5000 |   75 | 0.37333333 |1585412556706 |      28 |    29.0 | 3,57 |mscpnre5.txt |7,5e+03 |
| 9 | 3100 | 5000 |   75 | 0.37333333 |1585412556706 |      28 |    29.0 | 3,57 |mscpnre5.txt |7,8e+03 |
| 9 | 3200 | 5000 |   75 | 0.37333333 |1585412556706 |      28 |    29.0 | 3,57 |mscpnre5.txt |8,1e+03 |
| 9 | 3300 | 5000 |   75 | 0.37333333 |1585412556706 |      28 |    29.0 | 3,57 |mscpnre5.txt |8,4e+03 |
| 9 | 3400 | 5000 |   80 |     0.3875 |1585412556706 |      28 |    29.0 | 3,57 |mscpnre5.txt |8,8e+03 |
| 9 | 3500 | 5000 |   80 |     0.3875 |1585412556706 |      28 |    29.0 | 3,57 |mscpnre5.txt |9,1e+03 |
| 9 | 3600 | 5000 |   80 |     0.3875 |1585412556706 |      28 |    29.0 | 3,57 |mscpnre5.txt |9,5e+03 |
| 9 | 3700 | 5000 |   80 |     0.3875 |1585412556706 |      28 |    29.0 | 3,57 |mscpnre5.txt |9,8e+03 |
| 9 | 3800 | 5000 |   85 |       0.45 |1585412556706 |      28 |    29.0 | 3,57 |mscpnre5.txt |1,0e+04 |
| 9 | 3900 | 5000 |   85 |       0.45 |1585412556706 |      28 |    29.0 | 3,57 |mscpnre5.txt |1,1e+04 |
| 9 | 4000 | 5000 |   85 |       0.45 |1585412556706 |      28 |    29.0 | 3,57 |mscpnre5.txt |1,1e+04 |
| 9 | 4100 | 5000 |   85 |       0.45 |1585412556706 |      28 |    29.0 | 3,57 |mscpnre5.txt |1,1e+04 |
| 9 | 4200 | 5000 |   90 |       0.45 |1585412556706 |      28 |    29.0 | 3,57 |mscpnre5.txt |1,2e+04 |
| 9 | 4300 | 5000 |   90 |       0.45 |1585412556706 |      28 |    29.0 | 3,57 |mscpnre5.txt |1,2e+04 |
| 9 | 4400 | 5000 |   90 |       0.45 |1585412556706 |      28 |    29.0 | 3,57 |mscpnre5.txt |1,2e+04 |
| 9 | 4500 | 5000 |   90 |       0.45 |1585412556706 |      28 |    29.0 | 3,57 |mscpnre5.txt |1,2e+04 |
| 9 | 4600 | 5000 |   95 |       0.45 |1585412556706 |      28 |    29.0 | 3,57 |mscpnre5.txt |1,2e+04 |
| 9 | 4700 | 5000 |   95 |       0.45 |1585412556706 |      28 |    29.0 | 3,57 |mscpnre5.txt |1,2e+04 |
| 9 | 4800 | 5000 |   95 |       0.45 |1585412556706 |      28 |    29.0 | 3,57 |mscpnre5.txt |1,3e+04 |
| 9 | 4900 | 5000 |   95 |       0.45 |1585412556706 |      28 |    29.0 | 3,57 |mscpnre5.txt |1,3e+04 |
| 9 | 5000 | 5000 |  100 |       0.45 |1585412556706 |      28 |    29.0 | 3,57 |mscpnre5.txt |1,3e+04 |
| 9 |  500 | 5000 |  100 |       0.45 |1585412556706 |      28 |    29.0 | 3,57 |mscpnre5.txt |1,3e+04 |
|10 |    1 | 5000 |   35 |       0.25 |1585425511102 |      28 |  4368.0 |15500,00 |mscpnre5.txt |0,010 |
|10 |  100 | 5000 |   35 | 0.31428573 |1585425511102 |      28 |  3677.0 |13032,14 |mscpnre5.txt | 0,80 |
|10 |  200 | 5000 |   35 |       0.45 |1585425511102 |      28 |  3677.0 |13032,14 |mscpnre5.txt |  1,7 |
|10 |  300 | 5000 |   35 |       0.45 |1585425511102 |      28 |  3494.0 |12378,57 |mscpnre5.txt |  2,4 |
|10 |  400 | 5000 |   35 |       0.45 |1585425511102 |      28 |  3331.0 |11796,43 |mscpnre5.txt |  3,3 |
|10 |  500 | 5000 |   35 |  0.2857143 |1585425511102 |      28 |  3216.0 |11385,71 |mscpnre5.txt |  3,9 |
|10 |  600 | 5000 |   40 |       0.45 |1585425511102 |      28 |    30.0 | 7,14 |mscpnre5.txt |1,0e+02 |
|10 |  700 | 5000 |   40 |       0.35 |1585425511102 |      28 |    30.0 | 7,14 |mscpnre5.txt |2,8e+02 |
|10 |  800 | 5000 |   40 |      0.275 |1585425511102 |      28 |    30.0 | 7,14 |mscpnre5.txt |4,8e+02 |
|10 |  900 | 5000 |   40 |      0.375 |1585425511102 |      28 |    29.0 | 3,57 |mscpnre5.txt |5,9e+02 |
|10 | 1000 | 5000 |   45 | 0.37777779 |1585425511102 |      28 |    29.0 | 3,57 |mscpnre5.txt |7,4e+02 |
|10 | 1100 | 5000 |   45 | 0.37777779 |1585425511102 |      28 |    29.0 | 3,57 |mscpnre5.txt |8,8e+02 |
|10 | 1200 | 5000 |   45 | 0.37777779 |1585425511102 |      28 |    29.0 | 3,57 |mscpnre5.txt |1,1e+03 |
|10 | 1300 | 5000 |   45 | 0.37777779 |1585425511102 |      28 |    29.0 | 3,57 |mscpnre5.txt |1,3e+03 |
|10 | 1400 | 5000 |   50 |       0.45 |1585425511102 |      28 |    29.0 | 3,57 |mscpnre5.txt |1,6e+03 |
|10 | 1500 | 5000 |   50 |       0.45 |1585425511102 |      28 |    29.0 | 3,57 |mscpnre5.txt |1,7e+03 |
|10 | 1600 | 5000 |   50 |       0.45 |1585425511102 |      28 |    29.0 | 3,57 |mscpnre5.txt |1,9e+03 |
|10 | 1700 | 5000 |   50 |       0.45 |1585425511102 |      28 |    29.0 | 3,57 |mscpnre5.txt |2,0e+03 |
|10 | 1800 | 5000 |   55 |       0.45 |1585425511102 |      28 |    29.0 | 3,57 |mscpnre5.txt |2,2e+03 |
|10 | 1900 | 5000 |   55 |       0.45 |1585425511102 |      28 |    29.0 | 3,57 |mscpnre5.txt |2,4e+03 |
|10 | 2000 | 5000 |   55 |       0.45 |1585425511102 |      28 |    29.0 | 3,57 |mscpnre5.txt |2,5e+03 |
|10 | 2100 | 5000 |   55 |       0.45 |1585425511102 |      28 |    29.0 | 3,57 |mscpnre5.txt |2,7e+03 |
|10 | 2200 | 5000 |   60 |       0.45 |1585425511102 |      28 |    29.0 | 3,57 |mscpnre5.txt |2,9e+03 |
|10 | 2300 | 5000 |   60 |       0.45 |1585425511102 |      28 |    29.0 | 3,57 |mscpnre5.txt |3,1e+03 |
|10 | 2400 | 5000 |   60 |       0.45 |1585425511102 |      28 |    29.0 | 3,57 |mscpnre5.txt |3,4e+03 |
|10 | 2500 | 5000 |   60 |       0.45 |1585425511102 |      28 |    29.0 | 3,57 |mscpnre5.txt |3,5e+03 |
|10 | 2600 | 5000 |   65 | 0.44615385 |1585425511102 |      28 |    29.0 | 3,57 |mscpnre5.txt |3,8e+03 |
|10 | 2700 | 5000 |   65 | 0.44615385 |1585425511102 |      28 |    29.0 | 3,57 |mscpnre5.txt |4,0e+03 |
|10 | 2800 | 5000 |   65 | 0.44615385 |1585425511102 |      28 |    29.0 | 3,57 |mscpnre5.txt |4,2e+03 |
|10 | 2900 | 5000 |   65 | 0.44615385 |1585425511102 |      28 |    29.0 | 3,57 |mscpnre5.txt |4,4e+03 |
|10 | 3000 | 5000 |   70 | 0.44285715 |1585425511102 |      28 |    29.0 | 3,57 |mscpnre5.txt |4,7e+03 |
|10 | 3100 | 5000 |   70 | 0.44285715 |1585425511102 |      28 |    29.0 | 3,57 |mscpnre5.txt |5,0e+03 |
|10 | 3200 | 5000 |   70 | 0.44285715 |1585425511102 |      28 |    29.0 | 3,57 |mscpnre5.txt |5,2e+03 |
|10 | 3300 | 5000 |   70 | 0.44285715 |1585425511102 |      28 |    29.0 | 3,57 |mscpnre5.txt |5,5e+03 |
|10 | 3400 | 5000 |   75 |       0.45 |1585425511102 |      28 |    29.0 | 3,57 |mscpnre5.txt |5,9e+03 |
|10 | 3500 | 5000 |   75 |       0.45 |1585425511102 |      28 |    29.0 | 3,57 |mscpnre5.txt |6,3e+03 |
|10 | 3600 | 5000 |   75 |       0.45 |1585425511102 |      28 |    29.0 | 3,57 |mscpnre5.txt |6,6e+03 |
|10 | 3700 | 5000 |   75 |       0.45 |1585425511102 |      28 |    29.0 | 3,57 |mscpnre5.txt |6,9e+03 |
|10 | 3800 | 5000 |   80 |       0.45 |1585425511102 |      28 |    29.0 | 3,57 |mscpnre5.txt |7,2e+03 |
|10 | 3900 | 5000 |   80 |       0.45 |1585425511102 |      28 |    29.0 | 3,57 |mscpnre5.txt |7,5e+03 |
|10 | 4000 | 5000 |   80 |       0.45 |1585425511102 |      28 |    29.0 | 3,57 |mscpnre5.txt |7,8e+03 |
|10 | 4100 | 5000 |   80 |       0.45 |1585425511102 |      28 |    29.0 | 3,57 |mscpnre5.txt |8,0e+03 |
|10 | 4200 | 5000 |   85 | 0.43529412 |1585425511102 |      28 |    29.0 | 3,57 |mscpnre5.txt |8,4e+03 |
|10 | 4300 | 5000 |   85 |       0.45 |1585425511102 |      28 |    29.0 | 3,57 |mscpnre5.txt |8,5e+03 |
|10 | 4400 | 5000 |   85 |       0.45 |1585425511102 |      28 |    29.0 | 3,57 |mscpnre5.txt |8,7e+03 |
|10 | 4500 | 5000 |   85 |       0.45 |1585425511102 |      28 |    29.0 | 3,57 |mscpnre5.txt |8,9e+03 |
|10 | 4600 | 5000 |   90 |       0.45 |1585425511102 |      28 |    29.0 | 3,57 |mscpnre5.txt |9,1e+03 |
|10 | 4700 | 5000 |   90 |       0.45 |1585425511102 |      28 |    29.0 | 3,57 |mscpnre5.txt |9,3e+03 |
|10 | 4800 | 5000 |   90 |       0.45 |1585425511102 |      28 |    29.0 | 3,57 |mscpnre5.txt |9,5e+03 |
|10 | 4900 | 5000 |   90 |       0.45 |1585425511102 |      28 |    29.0 | 3,57 |mscpnre5.txt |9,7e+03 |
|10 | 5000 | 5000 |   95 |       0.45 |1585425511102 |      28 |    29.0 | 3,57 |mscpnre5.txt |9,9e+03 |
|10 |  500 | 5000 |   95 |       0.45 |1585425511102 |      28 |    29.0 | 3,57 |mscpnre5.txt |9,9e+03 |
|11 |    1 | 5000 |   35 |       0.25 |1585435428017 |      28 |  4225.0 |14989,29 |mscpnre5.txt |0,010 |
|11 |  100 | 5000 |   35 | 0.37142858 |1585435428017 |      28 |  3841.0 |13617,86 |mscpnre5.txt | 0,82 |
|11 |  200 | 5000 |   35 | 0.37142858 |1585435428017 |      28 |  3571.0 |12653,57 |mscpnre5.txt |  1,5 |
|11 |  300 | 5000 |   35 | 0.34285715 |1585435428017 |      28 |  3337.0 |11817,86 |mscpnre5.txt |  2,3 |
|11 |  400 | 5000 |   40 |       0.45 |1585435428017 |      28 |    30.0 | 7,14 |mscpnre5.txt |   95 |
|11 |  500 | 5000 |   40 |      0.375 |1585435428017 |      28 |    30.0 | 7,14 |mscpnre5.txt |3,1e+02 |
|11 |  600 | 5000 |   40 |      0.225 |1585435428017 |      28 |    30.0 | 7,14 |mscpnre5.txt |5,7e+02 |
|11 |  700 | 5000 |   40 |        0.2 |1585435428017 |      28 |    30.0 | 7,14 |mscpnre5.txt |7,8e+02 |
|11 |  800 | 5000 |   45 | 0.37777779 |1585435428017 |      28 |    30.0 | 7,14 |mscpnre5.txt |9,2e+02 |
|11 |  900 | 5000 |   45 | 0.37777779 |1585435428017 |      28 |    30.0 | 7,14 |mscpnre5.txt |1,1e+03 |
|11 | 1000 | 5000 |   45 | 0.37777779 |1585435428017 |      28 |    30.0 | 7,14 |mscpnre5.txt |1,2e+03 |
|11 | 1100 | 5000 |   45 | 0.37777779 |1585435428017 |      28 |    30.0 | 7,14 |mscpnre5.txt |1,3e+03 |
|11 | 1200 | 5000 |   50 |       0.42 |1585435428017 |      28 |    30.0 | 7,14 |mscpnre5.txt |1,5e+03 |
|11 | 1300 | 5000 |   50 |       0.44 |1585435428017 |      28 |    30.0 | 7,14 |mscpnre5.txt |1,7e+03 |
|11 | 1400 | 5000 |   50 |       0.44 |1585435428017 |      28 |    30.0 | 7,14 |mscpnre5.txt |1,8e+03 |
|11 | 1500 | 5000 |   50 |       0.44 |1585435428017 |      28 |    30.0 | 7,14 |mscpnre5.txt |2,0e+03 |
|11 | 1600 | 5000 |   55 |       0.45 |1585435428017 |      28 |    30.0 | 7,14 |mscpnre5.txt |2,1e+03 |
|11 | 1700 | 5000 |   55 |       0.45 |1585435428017 |      28 |    30.0 | 7,14 |mscpnre5.txt |2,2e+03 |
|11 | 1800 | 5000 |   55 |       0.45 |1585435428017 |      28 |    30.0 | 7,14 |mscpnre5.txt |2,4e+03 |
|11 | 1900 | 5000 |   55 |       0.45 |1585435428017 |      28 |    30.0 | 7,14 |mscpnre5.txt |2,5e+03 |
|11 | 2000 | 5000 |   60 |       0.45 |1585435428017 |      28 |    30.0 | 7,14 |mscpnre5.txt |2,7e+03 |
|11 | 2100 | 5000 |   60 |       0.45 |1585435428017 |      28 |    30.0 | 7,14 |mscpnre5.txt |2,8e+03 |
|11 | 2200 | 5000 |   60 |       0.45 |1585435428017 |      28 |    30.0 | 7,14 |mscpnre5.txt |3,0e+03 |
|11 | 2300 | 5000 |   60 |       0.45 |1585435428017 |      28 |    30.0 | 7,14 |mscpnre5.txt |3,1e+03 |
|11 | 2400 | 5000 |   65 |       0.45 |1585435428017 |      28 |    30.0 | 7,14 |mscpnre5.txt |3,3e+03 |
|11 | 2500 | 5000 |   65 |       0.45 |1585435428017 |      28 |    30.0 | 7,14 |mscpnre5.txt |3,5e+03 |
|11 | 2600 | 5000 |   65 |       0.45 |1585435428017 |      28 |    30.0 | 7,14 |mscpnre5.txt |3,7e+03 |
|11 | 2700 | 5000 |   65 |       0.45 |1585435428017 |      28 |    30.0 | 7,14 |mscpnre5.txt |3,9e+03 |
|11 | 2800 | 5000 |   70 |       0.45 |1585435428017 |      28 |    30.0 | 7,14 |mscpnre5.txt |4,1e+03 |
|11 | 2900 | 5000 |   70 |       0.45 |1585435428017 |      28 |    30.0 | 7,14 |mscpnre5.txt |4,4e+03 |
|11 | 3000 | 5000 |   70 |       0.45 |1585435428017 |      28 |    30.0 | 7,14 |mscpnre5.txt |4,6e+03 |
|11 | 3100 | 5000 |   70 |       0.45 |1585435428017 |      28 |    30.0 | 7,14 |mscpnre5.txt |4,8e+03 |
|11 | 3200 | 5000 |   75 |       0.45 |1585435428017 |      28 |    30.0 | 7,14 |mscpnre5.txt |5,1e+03 |
|11 | 3300 | 5000 |   75 |       0.45 |1585435428017 |      28 |    30.0 | 7,14 |mscpnre5.txt |5,2e+03 |
|11 | 3400 | 5000 |   75 |       0.45 |1585435428017 |      28 |    30.0 | 7,14 |mscpnre5.txt |5,3e+03 |
|11 | 3500 | 5000 |   75 |       0.45 |1585435428017 |      28 |    30.0 | 7,14 |mscpnre5.txt |5,4e+03 |
|11 | 3600 | 5000 |   80 |       0.45 |1585435428017 |      28 |    30.0 | 7,14 |mscpnre5.txt |5,6e+03 |
|11 | 3700 | 5000 |   80 |       0.45 |1585435428017 |      28 |    30.0 | 7,14 |mscpnre5.txt |5,7e+03 |
|11 | 3800 | 5000 |   80 |       0.45 |1585435428017 |      28 |    30.0 | 7,14 |mscpnre5.txt |5,9e+03 |
|11 | 3900 | 5000 |   80 |       0.45 |1585435428017 |      28 |    30.0 | 7,14 |mscpnre5.txt |6,1e+03 |
|11 | 4000 | 5000 |   85 |       0.45 |1585435428017 |      28 |    30.0 | 7,14 |mscpnre5.txt |6,2e+03 |
|11 | 4100 | 5000 |   85 |       0.45 |1585435428017 |      28 |    30.0 | 7,14 |mscpnre5.txt |6,4e+03 |
|11 | 4200 | 5000 |   85 |       0.45 |1585435428017 |      28 |    30.0 | 7,14 |mscpnre5.txt |6,6e+03 |
|11 | 4300 | 5000 |   85 |       0.45 |1585435428017 |      28 |    30.0 | 7,14 |mscpnre5.txt |6,8e+03 |
|11 | 4400 | 5000 |   90 |       0.45 |1585435428017 |      28 |    30.0 | 7,14 |mscpnre5.txt |7,0e+03 |
|11 | 4500 | 5000 |   90 |       0.45 |1585435428017 |      28 |    30.0 | 7,14 |mscpnre5.txt |7,2e+03 |
|11 | 4600 | 5000 |   90 |       0.45 |1585435428017 |      28 |    30.0 | 7,14 |mscpnre5.txt |7,4e+03 |
|11 | 4700 | 5000 |   90 |       0.45 |1585435428017 |      28 |    30.0 | 7,14 |mscpnre5.txt |7,6e+03 |
|11 | 4800 | 5000 |   95 |       0.45 |1585435428017 |      28 |    30.0 | 7,14 |mscpnre5.txt |7,9e+03 |
|11 | 4900 | 5000 |   95 |       0.45 |1585435428017 |      28 |    30.0 | 7,14 |mscpnre5.txt |8,1e+03 |
|11 | 5000 | 5000 |   95 |       0.45 |1585435428017 |      28 |    30.0 | 7,14 |mscpnre5.txt |8,4e+03 |
|11 |  500 | 5000 |   95 |       0.45 |1585435428017 |      28 |    30.0 | 7,14 |mscpnre5.txt |8,4e+03 |
|12 |    1 | 5000 |   35 |       0.25 |1585443822419 |      28 |  4488.0 |15928,57 |mscpnre5.txt |0,0080 |
|12 |  100 | 5000 |   35 |       0.45 |1585443822419 |      28 |  3778.0 |13392,86 |mscpnre5.txt |  1,1 |
|12 |  200 | 5000 |   40 |       0.45 |1585443822419 |      28 |    30.0 | 7,14 |mscpnre5.txt |   90 |
|12 |  300 | 5000 |   40 |      0.375 |1585443822419 |      28 |    30.0 | 7,14 |mscpnre5.txt |2,8e+02 |
|12 |  400 | 5000 |   40 |        0.3 |1585443822419 |      28 |    30.0 | 7,14 |mscpnre5.txt |4,9e+02 |
|12 |  500 | 5000 |   40 |       0.35 |1585443822419 |      28 |    30.0 | 7,14 |mscpnre5.txt |5,9e+02 |
|12 |  600 | 5000 |   45 | 0.33333334 |1585443822419 |      28 |    30.0 | 7,14 |mscpnre5.txt |7,6e+02 |
|12 |  700 | 5000 |   45 | 0.35555556 |1585443822419 |      28 |    30.0 | 7,14 |mscpnre5.txt |9,3e+02 |
|12 |  800 | 5000 |   45 | 0.35555556 |1585443822419 |      28 |    30.0 | 7,14 |mscpnre5.txt |1,1e+03 |
|12 |  900 | 5000 |   45 | 0.35555556 |1585443822419 |      28 |    30.0 | 7,14 |mscpnre5.txt |1,2e+03 |
|12 | 1000 | 5000 |   50 |        0.4 |1585443822419 |      28 |    30.0 | 7,14 |mscpnre5.txt |1,4e+03 |
|12 | 1100 | 5000 |   50 |        0.4 |1585443822419 |      28 |    30.0 | 7,14 |mscpnre5.txt |1,5e+03 |
|12 | 1200 | 5000 |   50 |        0.4 |1585443822419 |      28 |    30.0 | 7,14 |mscpnre5.txt |1,7e+03 |
|12 | 1300 | 5000 |   50 |       0.44 |1585443822419 |      28 |    30.0 | 7,14 |mscpnre5.txt |1,9e+03 |
|12 | 1400 | 5000 |   55 |       0.45 |1585443822419 |      28 |    30.0 | 7,14 |mscpnre5.txt |2,1e+03 |
|12 | 1500 | 5000 |   55 |       0.45 |1585443822419 |      28 |    30.0 | 7,14 |mscpnre5.txt |2,2e+03 |
|12 | 1600 | 5000 |   55 |       0.45 |1585443822419 |      28 |    30.0 | 7,14 |mscpnre5.txt |2,3e+03 |
|12 | 1700 | 5000 |   55 |       0.45 |1585443822419 |      28 |    30.0 | 7,14 |mscpnre5.txt |2,4e+03 |
|12 | 1800 | 5000 |   60 |       0.45 |1585443822419 |      28 |    30.0 | 7,14 |mscpnre5.txt |2,5e+03 |
|12 | 1900 | 5000 |   60 |       0.45 |1585443822419 |      28 |    30.0 | 7,14 |mscpnre5.txt |2,7e+03 |
|12 | 2000 | 5000 |   60 |       0.45 |1585443822419 |      28 |    30.0 | 7,14 |mscpnre5.txt |2,8e+03 |
|12 | 2100 | 5000 |   60 |       0.45 |1585443822419 |      28 |    30.0 | 7,14 |mscpnre5.txt |2,9e+03 |
|12 | 2200 | 5000 |   65 | 0.44615385 |1585443822419 |      28 |    30.0 | 7,14 |mscpnre5.txt |3,1e+03 |
|12 | 2300 | 5000 |   65 | 0.44615385 |1585443822419 |      28 |    30.0 | 7,14 |mscpnre5.txt |3,3e+03 |
|12 | 2400 | 5000 |   65 | 0.44615385 |1585443822419 |      28 |    30.0 | 7,14 |mscpnre5.txt |3,4e+03 |
|12 | 2500 | 5000 |   65 | 0.44615385 |1585443822419 |      28 |    30.0 | 7,14 |mscpnre5.txt |3,6e+03 |
|12 | 2600 | 5000 |   70 | 0.44285715 |1585443822419 |      28 |    30.0 | 7,14 |mscpnre5.txt |3,8e+03 |
|12 | 2700 | 5000 |   70 | 0.44285715 |1585443822419 |      28 |    30.0 | 7,14 |mscpnre5.txt |4,0e+03 |
|12 | 2800 | 5000 |   70 | 0.44285715 |1585443822419 |      28 |    30.0 | 7,14 |mscpnre5.txt |4,2e+03 |
|12 | 2900 | 5000 |   70 | 0.44285715 |1585443822419 |      28 |    30.0 | 7,14 |mscpnre5.txt |4,4e+03 |
|12 | 3000 | 5000 |   75 | 0.41333333 |1585443822419 |      28 |    30.0 | 7,14 |mscpnre5.txt |4,6e+03 |
|12 | 3100 | 5000 |   75 | 0.41333333 |1585443822419 |      28 |    30.0 | 7,14 |mscpnre5.txt |4,8e+03 |
|12 | 3200 | 5000 |   75 | 0.41333333 |1585443822419 |      28 |    30.0 | 7,14 |mscpnre5.txt |5,0e+03 |
|12 | 3300 | 5000 |   75 | 0.41333333 |1585443822419 |      28 |    30.0 | 7,14 |mscpnre5.txt |5,3e+03 |
|12 | 3400 | 5000 |   80 |      0.425 |1585443822419 |      28 |    30.0 | 7,14 |mscpnre5.txt |5,5e+03 |
|12 | 3500 | 5000 |   80 |      0.425 |1585443822419 |      28 |    30.0 | 7,14 |mscpnre5.txt |5,8e+03 |
|12 | 3600 | 5000 |   80 |      0.425 |1585443822419 |      28 |    30.0 | 7,14 |mscpnre5.txt |6,0e+03 |
|12 | 3700 | 5000 |   80 |      0.425 |1585443822419 |      28 |    30.0 | 7,14 |mscpnre5.txt |6,3e+03 |
|12 | 3800 | 5000 |   85 | 0.43529412 |1585443822419 |      28 |    30.0 | 7,14 |mscpnre5.txt |6,6e+03 |
|12 | 3900 | 5000 |   85 | 0.43529412 |1585443822419 |      28 |    30.0 | 7,14 |mscpnre5.txt |6,9e+03 |
|12 | 4000 | 5000 |   85 | 0.43529412 |1585443822419 |      28 |    30.0 | 7,14 |mscpnre5.txt |7,1e+03 |
|12 | 4100 | 5000 |   85 | 0.43529412 |1585443822419 |      28 |    30.0 | 7,14 |mscpnre5.txt |7,4e+03 |
|12 | 4200 | 5000 |   90 | 0.41111112 |1585443822419 |      28 |    30.0 | 7,14 |mscpnre5.txt |7,7e+03 |
|12 | 4300 | 5000 |   90 | 0.41111112 |1585443822419 |      28 |    30.0 | 7,14 |mscpnre5.txt |8,1e+03 |
|12 | 4400 | 5000 |   90 | 0.41111112 |1585443822419 |      28 |    30.0 | 7,14 |mscpnre5.txt |8,4e+03 |
|12 | 4500 | 5000 |   90 | 0.41111112 |1585443822419 |      28 |    30.0 | 7,14 |mscpnre5.txt |8,7e+03 |
|12 | 4600 | 5000 |   95 |  0.4105263 |1585443822419 |      28 |    30.0 | 7,14 |mscpnre5.txt |9,0e+03 |
|12 | 4700 | 5000 |   95 |       0.45 |1585443822419 |      28 |    30.0 | 7,14 |mscpnre5.txt |9,2e+03 |
|12 | 4800 | 5000 |   95 |       0.45 |1585443822419 |      28 |    30.0 | 7,14 |mscpnre5.txt |9,4e+03 |
|12 | 4900 | 5000 |   95 |       0.45 |1585443822419 |      28 |    30.0 | 7,14 |mscpnre5.txt |9,5e+03 |
|12 | 5000 | 5000 |  100 |       0.45 |1585443822419 |      28 |    30.0 | 7,14 |mscpnre5.txt |9,8e+03 |
|12 |  500 | 5000 |  100 |       0.45 |1585443822419 |      28 |    30.0 | 7,14 |mscpnre5.txt |9,8e+03 |
|13 |    1 | 5000 |   35 |       0.25 |1585453573362 |      28 |  4323.0 |15339,29 |mscpnre5.txt |0,0080 |
|13 |  100 | 5000 |   35 | 0.31428573 |1585453573362 |      28 |  3763.0 |13339,29 |mscpnre5.txt | 0,88 |
|13 |  200 | 5000 |   35 |       0.45 |1585453573362 |      28 |  3463.0 |12267,86 |mscpnre5.txt |  1,8 |
|13 |  300 | 5000 |   35 | 0.37142858 |1585453573362 |      28 |  3360.0 |11900,00 |mscpnre5.txt |  2,5 |
|13 |  400 | 5000 |   40 |       0.45 |1585453573362 |      28 |    30.0 | 7,14 |mscpnre5.txt |   74 |
|13 |  500 | 5000 |   40 |       0.45 |1585453573362 |      28 |    30.0 | 7,14 |mscpnre5.txt |2,1e+02 |
|13 |  600 | 5000 |   40 |      0.425 |1585453573362 |      28 |    30.0 | 7,14 |mscpnre5.txt |3,8e+02 |
|13 |  700 | 5000 |   40 |       0.35 |1585453573362 |      28 |    30.0 | 7,14 |mscpnre5.txt |5,8e+02 |
|13 |  800 | 5000 |   45 | 0.31111112 |1585453573362 |      28 |    30.0 | 7,14 |mscpnre5.txt |8,0e+02 |
|13 |  900 | 5000 |   45 | 0.35555556 |1585453573362 |      28 |    30.0 | 7,14 |mscpnre5.txt |9,1e+02 |
|13 | 1000 | 5000 |   45 | 0.35555556 |1585453573362 |      28 |    29.0 | 3,57 |mscpnre5.txt |1,0e+03 |
|13 | 1100 | 5000 |   45 | 0.35555556 |1585453573362 |      28 |    29.0 | 3,57 |mscpnre5.txt |1,1e+03 |
|13 | 1200 | 5000 |   50 |       0.34 |1585453573362 |      28 |    29.0 | 3,57 |mscpnre5.txt |1,3e+03 |
|13 | 1300 | 5000 |   50 |       0.36 |1585453573362 |      28 |    29.0 | 3,57 |mscpnre5.txt |1,4e+03 |
|13 | 1400 | 5000 |   50 |       0.36 |1585453573362 |      28 |    29.0 | 3,57 |mscpnre5.txt |1,6e+03 |
|13 | 1500 | 5000 |   50 |       0.36 |1585453573362 |      28 |    29.0 | 3,57 |mscpnre5.txt |1,7e+03 |
|13 | 1600 | 5000 |   55 |       0.45 |1585453573362 |      28 |    29.0 | 3,57 |mscpnre5.txt |1,9e+03 |
|13 | 1700 | 5000 |   55 |       0.45 |1585453573362 |      28 |    29.0 | 3,57 |mscpnre5.txt |2,1e+03 |
|13 | 1800 | 5000 |   55 |       0.45 |1585453573362 |      28 |    29.0 | 3,57 |mscpnre5.txt |2,2e+03 |
|13 | 1900 | 5000 |   55 |       0.45 |1585453573362 |      28 |    29.0 | 3,57 |mscpnre5.txt |2,4e+03 |
|13 | 2000 | 5000 |   60 |       0.45 |1585453573362 |      28 |    29.0 | 3,57 |mscpnre5.txt |2,6e+03 |
|13 | 2100 | 5000 |   60 |       0.45 |1585453573362 |      28 |    29.0 | 3,57 |mscpnre5.txt |2,7e+03 |
|13 | 2200 | 5000 |   60 |       0.45 |1585453573362 |      28 |    29.0 | 3,57 |mscpnre5.txt |2,8e+03 |
|13 | 2300 | 5000 |   60 |       0.45 |1585453573362 |      28 |    29.0 | 3,57 |mscpnre5.txt |2,9e+03 |
|13 | 2400 | 5000 |   65 |       0.45 |1585453573362 |      28 |    29.0 | 3,57 |mscpnre5.txt |3,1e+03 |
|13 | 2500 | 5000 |   65 |       0.45 |1585453573362 |      28 |    29.0 | 3,57 |mscpnre5.txt |3,2e+03 |
|13 | 2600 | 5000 |   65 |       0.45 |1585453573362 |      28 |    29.0 | 3,57 |mscpnre5.txt |3,3e+03 |
|13 | 2700 | 5000 |   65 |       0.45 |1585453573362 |      28 |    29.0 | 3,57 |mscpnre5.txt |3,5e+03 |
|13 | 2800 | 5000 |   70 |       0.45 |1585453573362 |      28 |    29.0 | 3,57 |mscpnre5.txt |3,6e+03 |
|13 | 2900 | 5000 |   70 |       0.45 |1585453573362 |      28 |    29.0 | 3,57 |mscpnre5.txt |3,8e+03 |
|13 | 3000 | 5000 |   70 |       0.45 |1585453573362 |      28 |    29.0 | 3,57 |mscpnre5.txt |4,0e+03 |
|13 | 3100 | 5000 |   70 |       0.45 |1585453573362 |      28 |    29.0 | 3,57 |mscpnre5.txt |4,1e+03 |
|13 | 3200 | 5000 |   75 | 0.42666668 |1585453573362 |      28 |    29.0 | 3,57 |mscpnre5.txt |4,3e+03 |
|13 | 3300 | 5000 |   75 | 0.42666668 |1585453573362 |      28 |    29.0 | 3,57 |mscpnre5.txt |4,5e+03 |
|13 | 3400 | 5000 |   75 | 0.42666668 |1585453573362 |      28 |    29.0 | 3,57 |mscpnre5.txt |4,7e+03 |
|13 | 3500 | 5000 |   75 | 0.42666668 |1585453573362 |      28 |    29.0 | 3,57 |mscpnre5.txt |4,9e+03 |
|13 | 3600 | 5000 |   80 |        0.4 |1585453573362 |      28 |    29.0 | 3,57 |mscpnre5.txt |5,1e+03 |
|13 | 3700 | 5000 |   80 |     0.4125 |1585453573362 |      28 |    29.0 | 3,57 |mscpnre5.txt |5,3e+03 |
|13 | 3800 | 5000 |   80 |     0.4125 |1585453573362 |      28 |    29.0 | 3,57 |mscpnre5.txt |5,6e+03 |
|13 | 3900 | 5000 |   80 |     0.4125 |1585453573362 |      28 |    29.0 | 3,57 |mscpnre5.txt |5,8e+03 |
|13 | 4000 | 5000 |   85 |  0.4117647 |1585453573362 |      28 |    29.0 | 3,57 |mscpnre5.txt |6,0e+03 |
|13 | 4100 | 5000 |   85 |  0.4117647 |1585453573362 |      28 |    29.0 | 3,57 |mscpnre5.txt |6,3e+03 |
|13 | 4200 | 5000 |   85 |  0.4117647 |1585453573362 |      28 |    29.0 | 3,57 |mscpnre5.txt |6,5e+03 |
|13 | 4300 | 5000 |   85 |  0.4117647 |1585453573362 |      28 |    29.0 | 3,57 |mscpnre5.txt |6,7e+03 |
|13 | 4400 | 5000 |   90 |       0.45 |1585453573362 |      28 |    29.0 | 3,57 |mscpnre5.txt |7,0e+03 |
|13 | 4500 | 5000 |   90 |       0.45 |1585453573362 |      28 |    29.0 | 3,57 |mscpnre5.txt |7,3e+03 |
|13 | 4600 | 5000 |   90 |       0.45 |1585453573362 |      28 |    29.0 | 3,57 |mscpnre5.txt |7,5e+03 |
|13 | 4700 | 5000 |   90 |       0.45 |1585453573362 |      28 |    29.0 | 3,57 |mscpnre5.txt |7,8e+03 |
|13 | 4800 | 5000 |   95 |       0.45 |1585453573362 |      28 |    29.0 | 3,57 |mscpnre5.txt |8,1e+03 |
|13 | 4900 | 5000 |   95 |       0.45 |1585453573362 |      28 |    29.0 | 3,57 |mscpnre5.txt |8,3e+03 |
|13 | 5000 | 5000 |   95 |       0.45 |1585453573362 |      28 |    29.0 | 3,57 |mscpnre5.txt |8,4e+03 |
|13 |  500 | 5000 |   95 |       0.45 |1585453573362 |      28 |    29.0 | 3,57 |mscpnre5.txt |8,4e+03 |
|14 |    1 | 5000 |   35 |       0.25 |1585462019582 |      28 |  4273.0 |15160,71 |mscpnre5.txt |0,0080 |
|14 |  100 | 5000 |   35 | 0.31428573 |1585462019582 |      28 |  3647.0 |12925,00 |mscpnre5.txt | 0,74 |
|14 |  200 | 5000 |   40 |       0.45 |1585462019582 |      28 |    30.0 | 7,14 |mscpnre5.txt |   73 |
|14 |  300 | 5000 |   40 |       0.45 |1585462019582 |      28 |    30.0 | 7,14 |mscpnre5.txt |2,1e+02 |
|14 |  400 | 5000 |   40 |       0.45 |1585462019582 |      28 |    30.0 | 7,14 |mscpnre5.txt |3,7e+02 |
|14 |  500 | 5000 |   40 |       0.45 |1585462019582 |      28 |    30.0 | 7,14 |mscpnre5.txt |5,3e+02 |
|14 |  600 | 5000 |   45 | 0.44444445 |1585462019582 |      28 |    30.0 | 7,14 |mscpnre5.txt |7,3e+02 |
|14 |  700 | 5000 |   45 |  0.2888889 |1585462019582 |      28 |    29.0 | 3,57 |mscpnre5.txt |8,4e+02 |
|14 |  800 | 5000 |   45 |  0.2888889 |1585462019582 |      28 |    29.0 | 3,57 |mscpnre5.txt |9,4e+02 |
|14 |  900 | 5000 |   45 |  0.2888889 |1585462019582 |      28 |    29.0 | 3,57 |mscpnre5.txt |1,1e+03 |
|14 | 1000 | 5000 |   50 |       0.36 |1585462019582 |      28 |    29.0 | 3,57 |mscpnre5.txt |1,2e+03 |
|14 | 1100 | 5000 |   50 |       0.36 |1585462019582 |      28 |    29.0 | 3,57 |mscpnre5.txt |1,3e+03 |
|14 | 1200 | 5000 |   50 |       0.36 |1585462019582 |      28 |    29.0 | 3,57 |mscpnre5.txt |1,5e+03 |
|14 | 1300 | 5000 |   50 |       0.36 |1585462019582 |      28 |    29.0 | 3,57 |mscpnre5.txt |1,6e+03 |
|14 | 1400 | 5000 |   55 |       0.45 |1585462019582 |      28 |    29.0 | 3,57 |mscpnre5.txt |1,8e+03 |
|14 | 1500 | 5000 |   55 |       0.45 |1585462019582 |      28 |    29.0 | 3,57 |mscpnre5.txt |1,9e+03 |
|14 | 1600 | 5000 |   55 |       0.45 |1585462019582 |      28 |    29.0 | 3,57 |mscpnre5.txt |2,1e+03 |
|14 | 1700 | 5000 |   55 |       0.45 |1585462019582 |      28 |    29.0 | 3,57 |mscpnre5.txt |2,3e+03 |
|14 | 1800 | 5000 |   60 |       0.45 |1585462019582 |      28 |    29.0 | 3,57 |mscpnre5.txt |2,5e+03 |
|14 | 1900 | 5000 |   60 |       0.45 |1585462019582 |      28 |    29.0 | 3,57 |mscpnre5.txt |2,7e+03 |
|14 | 2000 | 5000 |   60 |       0.45 |1585462019582 |      28 |    29.0 | 3,57 |mscpnre5.txt |2,9e+03 |
|14 | 2100 | 5000 |   60 |       0.45 |1585462019582 |      28 |    29.0 | 3,57 |mscpnre5.txt |3,1e+03 |
|14 | 2200 | 5000 |   65 |       0.45 |1585462019582 |      28 |    29.0 | 3,57 |mscpnre5.txt |3,4e+03 |
|14 | 2300 | 5000 |   65 |       0.45 |1585462019582 |      28 |    29.0 | 3,57 |mscpnre5.txt |3,5e+03 |
|14 | 2400 | 5000 |   65 |       0.45 |1585462019582 |      28 |    29.0 | 3,57 |mscpnre5.txt |3,6e+03 |
|14 | 2500 | 5000 |   65 |       0.45 |1585462019582 |      28 |    29.0 | 3,57 |mscpnre5.txt |3,7e+03 |
|14 | 2600 | 5000 |   70 | 0.42857143 |1585462019582 |      28 |    29.0 | 3,57 |mscpnre5.txt |3,9e+03 |
|14 | 2700 | 5000 |   70 | 0.42857143 |1585462019582 |      28 |    29.0 | 3,57 |mscpnre5.txt |4,0e+03 |
|14 | 2800 | 5000 |   70 | 0.42857143 |1585462019582 |      28 |    29.0 | 3,57 |mscpnre5.txt |4,2e+03 |
|14 | 2900 | 5000 |   70 | 0.42857143 |1585462019582 |      28 |    29.0 | 3,57 |mscpnre5.txt |4,3e+03 |
|14 | 3000 | 5000 |   75 |        0.4 |1585462019582 |      28 |    29.0 | 3,57 |mscpnre5.txt |4,5e+03 |
|14 | 3100 | 5000 |   75 |        0.4 |1585462019582 |      28 |    29.0 | 3,57 |mscpnre5.txt |4,7e+03 |
|14 | 3200 | 5000 |   75 |        0.4 |1585462019582 |      28 |    29.0 | 3,57 |mscpnre5.txt |4,9e+03 |
|14 | 3300 | 5000 |   75 |        0.4 |1585462019582 |      28 |    29.0 | 3,57 |mscpnre5.txt |5,0e+03 |
|14 | 3400 | 5000 |   80 |     0.4125 |1585462019582 |      28 |    29.0 | 3,57 |mscpnre5.txt |5,2e+03 |
|14 | 3500 | 5000 |   80 |     0.4125 |1585462019582 |      28 |    29.0 | 3,57 |mscpnre5.txt |5,5e+03 |
|14 | 3600 | 5000 |   80 |     0.4125 |1585462019582 |      28 |    29.0 | 3,57 |mscpnre5.txt |5,7e+03 |
|14 | 3700 | 5000 |   80 |     0.4125 |1585462019582 |      28 |    29.0 | 3,57 |mscpnre5.txt |5,9e+03 |
|14 | 3800 | 5000 |   85 |        0.4 |1585462019582 |      28 |    29.0 | 3,57 |mscpnre5.txt |6,1e+03 |
|14 | 3900 | 5000 |   85 |        0.4 |1585462019582 |      28 |    29.0 | 3,57 |mscpnre5.txt |6,4e+03 |
|14 | 4000 | 5000 |   85 |        0.4 |1585462019582 |      28 |    29.0 | 3,57 |mscpnre5.txt |6,6e+03 |
|14 | 4100 | 5000 |   85 |        0.4 |1585462019582 |      28 |    29.0 | 3,57 |mscpnre5.txt |6,8e+03 |
|14 | 4200 | 5000 |   90 |        0.4 |1585462019582 |      28 |    29.0 | 3,57 |mscpnre5.txt |7,1e+03 |
|14 | 4300 | 5000 |   90 |        0.4 |1585462019582 |      28 |    29.0 | 3,57 |mscpnre5.txt |7,4e+03 |
|14 | 4400 | 5000 |   90 |        0.4 |1585462019582 |      28 |    29.0 | 3,57 |mscpnre5.txt |7,6e+03 |
|14 | 4500 | 5000 |   90 |        0.4 |1585462019582 |      28 |    29.0 | 3,57 |mscpnre5.txt |7,9e+03 |
|14 | 4600 | 5000 |   95 | 0.43157893 |1585462019582 |      28 |    29.0 | 3,57 |mscpnre5.txt |8,2e+03 |
|14 | 4700 | 5000 |   95 | 0.43157893 |1585462019582 |      28 |    29.0 | 3,57 |mscpnre5.txt |8,5e+03 |
|14 | 4800 | 5000 |   95 | 0.43157893 |1585462019582 |      28 |    29.0 | 3,57 |mscpnre5.txt |8,8e+03 |
|14 | 4900 | 5000 |   95 | 0.43157893 |1585462019582 |      28 |    29.0 | 3,57 |mscpnre5.txt |9,1e+03 |
|14 | 5000 | 5000 |  100 |       0.45 |1585462019582 |      28 |    29.0 | 3,57 |mscpnre5.txt |9,4e+03 |
|14 |  500 | 5000 |  100 |       0.45 |1585462019582 |      28 |    29.0 | 3,57 |mscpnre5.txt |9,4e+03 |
|15 |    1 | 5000 |   35 |       0.25 |1585471458181 |      28 |  4363.0 |15482,14 |mscpnre5.txt |0,0080 |
|15 |  100 | 5000 |   35 |        0.4 |1585471458181 |      28 |  3773.0 |13375,00 |mscpnre5.txt | 0,82 |
|15 |  200 | 5000 |   35 |       0.45 |1585471458181 |      28 |  3489.0 |12360,71 |mscpnre5.txt |  1,7 |
|15 |  300 | 5000 |   35 | 0.37142858 |1585471458181 |      28 |  3366.0 |11921,43 |mscpnre5.txt |  2,4 |
|15 |  400 | 5000 |   40 |       0.45 |1585471458181 |      28 |    30.0 | 7,14 |mscpnre5.txt |   93 |
|15 |  500 | 5000 |   40 |       0.45 |1585471458181 |      28 |    30.0 | 7,14 |mscpnre5.txt |2,5e+02 |
|15 |  600 | 5000 |   40 |      0.375 |1585471458181 |      28 |    30.0 | 7,14 |mscpnre5.txt |4,3e+02 |
|15 |  700 | 5000 |   40 |      0.375 |1585471458181 |      28 |    30.0 | 7,14 |mscpnre5.txt |6,2e+02 |
|15 |  800 | 5000 |   45 | 0.42222223 |1585471458181 |      28 |    30.0 | 7,14 |mscpnre5.txt |7,4e+02 |
|15 |  900 | 5000 |   45 | 0.42222223 |1585471458181 |      28 |    30.0 | 7,14 |mscpnre5.txt |8,7e+02 |
|15 | 1000 | 5000 |   45 |        0.4 |1585471458181 |      28 |    30.0 | 7,14 |mscpnre5.txt |1,0e+03 |
|15 | 1100 | 5000 |   45 |        0.4 |1585471458181 |      28 |    30.0 | 7,14 |mscpnre5.txt |1,1e+03 |
|15 | 1200 | 5000 |   50 |       0.45 |1585471458181 |      28 |    30.0 | 7,14 |mscpnre5.txt |1,3e+03 |
|15 | 1300 | 5000 |   50 |       0.45 |1585471458181 |      28 |    30.0 | 7,14 |mscpnre5.txt |1,5e+03 |
|15 | 1400 | 5000 |   50 |       0.45 |1585471458181 |      28 |    30.0 | 7,14 |mscpnre5.txt |1,6e+03 |
|15 | 1500 | 5000 |   50 |       0.45 |1585471458181 |      28 |    30.0 | 7,14 |mscpnre5.txt |1,8e+03 |
|15 | 1600 | 5000 |   55 |       0.45 |1585471458181 |      28 |    30.0 | 7,14 |mscpnre5.txt |2,0e+03 |
|15 | 1700 | 5000 |   55 |       0.45 |1585471458181 |      28 |    30.0 | 7,14 |mscpnre5.txt |2,1e+03 |
|15 | 1800 | 5000 |   55 |       0.45 |1585471458181 |      28 |    30.0 | 7,14 |mscpnre5.txt |2,2e+03 |
|15 | 1900 | 5000 |   55 |       0.45 |1585471458181 |      28 |    30.0 | 7,14 |mscpnre5.txt |2,3e+03 |
|15 | 2000 | 5000 |   60 |       0.45 |1585471458181 |      28 |    30.0 | 7,14 |mscpnre5.txt |2,5e+03 |
|15 | 2100 | 5000 |   60 |       0.45 |1585471458181 |      28 |    30.0 | 7,14 |mscpnre5.txt |2,6e+03 |
|15 | 2200 | 5000 |   60 |       0.45 |1585471458181 |      28 |    30.0 | 7,14 |mscpnre5.txt |2,7e+03 |
|15 | 2300 | 5000 |   60 |       0.45 |1585471458181 |      28 |    30.0 | 7,14 |mscpnre5.txt |2,9e+03 |
|15 | 2400 | 5000 |   65 | 0.41538462 |1585471458181 |      28 |    30.0 | 7,14 |mscpnre5.txt |3,0e+03 |
|15 | 2500 | 5000 |   65 | 0.41538462 |1585471458181 |      28 |    30.0 | 7,14 |mscpnre5.txt |3,2e+03 |
|15 | 2600 | 5000 |   65 | 0.41538462 |1585471458181 |      28 |    30.0 | 7,14 |mscpnre5.txt |3,4e+03 |
|15 | 2700 | 5000 |   65 | 0.41538462 |1585471458181 |      28 |    30.0 | 7,14 |mscpnre5.txt |3,5e+03 |
|15 | 2800 | 5000 |   70 | 0.42857143 |1585471458181 |      28 |    30.0 | 7,14 |mscpnre5.txt |3,7e+03 |
|15 | 2900 | 5000 |   70 | 0.42857143 |1585471458181 |      28 |    30.0 | 7,14 |mscpnre5.txt |3,9e+03 |
|15 | 3000 | 5000 |   70 | 0.42857143 |1585471458181 |      28 |    30.0 | 7,14 |mscpnre5.txt |4,1e+03 |
|15 | 3100 | 5000 |   70 | 0.42857143 |1585471458181 |      28 |    30.0 | 7,14 |mscpnre5.txt |4,3e+03 |
|15 | 3200 | 5000 |   75 |       0.44 |1585471458181 |      28 |    30.0 | 7,14 |mscpnre5.txt |4,6e+03 |
|15 | 3300 | 5000 |   75 |       0.44 |1585471458181 |      28 |    30.0 | 7,14 |mscpnre5.txt |4,8e+03 |
|15 | 3400 | 5000 |   75 |       0.44 |1585471458181 |      28 |    30.0 | 7,14 |mscpnre5.txt |5,0e+03 |
|15 | 3500 | 5000 |   75 |       0.44 |1585471458181 |      28 |    30.0 | 7,14 |mscpnre5.txt |5,3e+03 |
|15 | 3600 | 5000 |   80 |       0.45 |1585471458181 |      28 |    30.0 | 7,14 |mscpnre5.txt |5,5e+03 |
|15 | 3700 | 5000 |   80 |       0.45 |1585471458181 |      28 |    30.0 | 7,14 |mscpnre5.txt |5,8e+03 |
|15 | 3800 | 5000 |   80 |       0.45 |1585471458181 |      28 |    30.0 | 7,14 |mscpnre5.txt |6,1e+03 |
|15 | 3900 | 5000 |   80 |       0.45 |1585471458181 |      28 |    30.0 | 7,14 |mscpnre5.txt |6,3e+03 |
|15 | 4000 | 5000 |   85 |       0.45 |1585471458181 |      28 |    30.0 | 7,14 |mscpnre5.txt |6,6e+03 |
|15 | 4100 | 5000 |   85 |       0.45 |1585471458181 |      28 |    30.0 | 7,14 |mscpnre5.txt |6,8e+03 |
|15 | 4200 | 5000 |   85 |       0.45 |1585471458181 |      28 |    30.0 | 7,14 |mscpnre5.txt |6,9e+03 |
|15 | 4300 | 5000 |   85 |       0.45 |1585471458181 |      28 |    30.0 | 7,14 |mscpnre5.txt |7,1e+03 |
|15 | 4400 | 5000 |   90 |       0.45 |1585471458181 |      28 |    30.0 | 7,14 |mscpnre5.txt |7,3e+03 |
|15 | 4500 | 5000 |   90 |       0.45 |1585471458181 |      28 |    30.0 | 7,14 |mscpnre5.txt |7,5e+03 |
|15 | 4600 | 5000 |   90 |       0.45 |1585471458181 |      28 |    30.0 | 7,14 |mscpnre5.txt |7,6e+03 |
|15 | 4700 | 5000 |   90 |       0.45 |1585471458181 |      28 |    30.0 | 7,14 |mscpnre5.txt |7,8e+03 |
|15 | 4800 | 5000 |   95 |       0.45 |1585471458181 |      28 |    30.0 | 7,14 |mscpnre5.txt |8,0e+03 |
|15 | 4900 | 5000 |   95 |       0.45 |1585471458181 |      28 |    30.0 | 7,14 |mscpnre5.txt |8,4e+03 |
|15 | 5000 | 5000 |   95 |       0.45 |1585471458181 |      28 |    30.0 | 7,14 |mscpnre5.txt |8,6e+03 |
|15 |  500 | 5000 |   95 |       0.45 |1585471458181 |      28 |    30.0 | 7,14 |mscpnre5.txt |8,6e+03 |
