| # |    #ITER | #IterMAX | Nest |      %Desc |      semilla | BestFit |GottedFit |  RDP |  instancia | time |
-------------------------------------------------------------------------------------------------
| 1 |    1 | 5000 |   35 |       0.25 |1585324481478 |     138 |   226.0 |63,77 | mscp61.txt | 0,11 |
| 1 |  100 | 5000 |   35 | 0.25714287 |1585324481478 |     138 |   172.0 |24,64 | mscp61.txt |  4,0 |
| 1 |  200 | 5000 |   35 |       0.45 |1585324481478 |     138 |   161.0 |16,67 | mscp61.txt |  8,2 |
| 1 |  300 | 5000 |   35 |        0.4 |1585324481478 |     138 |   156.0 |13,04 | mscp61.txt |   12 |
| 1 |  400 | 5000 |   35 | 0.34285715 |1585324481478 |     138 |   156.0 |13,04 | mscp61.txt |   17 |
| 1 |  500 | 5000 |   40 |       0.45 |1585324481478 |     138 |   156.0 |13,04 | mscp61.txt |   22 |
| 1 |  600 | 5000 |   40 |       0.45 |1585324481478 |     138 |   145.0 | 5,07 | mscp61.txt |   28 |
| 1 |  700 | 5000 |   40 |       0.45 |1585324481478 |     138 |   143.0 | 3,62 | mscp61.txt |   34 |
| 1 |  800 | 5000 |   40 |       0.45 |1585324481478 |     138 |   143.0 | 3,62 | mscp61.txt |   39 |
| 1 |  900 | 5000 |   45 | 0.42222223 |1585324481478 |     138 |   143.0 | 3,62 | mscp61.txt |   46 |
| 1 | 1000 | 5000 |   45 |       0.45 |1585324481478 |     138 |   143.0 | 3,62 | mscp61.txt |   53 |
| 1 | 1100 | 5000 |   45 |       0.45 |1585324481478 |     138 |   143.0 | 3,62 | mscp61.txt |   59 |
| 1 | 1200 | 5000 |   45 |       0.45 |1585324481478 |     138 |   142.0 | 2,90 | mscp61.txt |   66 |
| 1 | 1300 | 5000 |   50 |       0.45 |1585324481478 |     138 |   142.0 | 2,90 | mscp61.txt |   73 |
| 1 | 1400 | 5000 |   50 |       0.45 |1585324481478 |     138 |   142.0 | 2,90 | mscp61.txt |   80 |
| 1 | 1500 | 5000 |   50 |       0.45 |1585324481478 |     138 |   142.0 | 2,90 | mscp61.txt |   87 |
| 1 | 1600 | 5000 |   50 |       0.44 |1585324481478 |     138 |   142.0 | 2,90 | mscp61.txt |   94 |
| 1 | 1700 | 5000 |   55 |       0.45 |1585324481478 |     138 |   141.0 | 2,17 | mscp61.txt |1,0e+02 |
| 1 | 1800 | 5000 |   55 |       0.45 |1585324481478 |     138 |   141.0 | 2,17 | mscp61.txt |1,1e+02 |
| 1 | 1900 | 5000 |   55 |       0.45 |1585324481478 |     138 |   141.0 | 2,17 | mscp61.txt |1,2e+02 |
| 1 | 2000 | 5000 |   55 |       0.45 |1585324481478 |     138 |   141.0 | 2,17 | mscp61.txt |1,2e+02 |
| 1 | 2100 | 5000 |   60 | 0.41666666 |1585324481478 |     138 |   141.0 | 2,17 | mscp61.txt |1,3e+02 |
| 1 | 2200 | 5000 |   60 | 0.41666666 |1585324481478 |     138 |   141.0 | 2,17 | mscp61.txt |1,4e+02 |
| 1 | 2300 | 5000 |   60 |       0.45 |1585324481478 |     138 |   141.0 | 2,17 | mscp61.txt |1,5e+02 |
| 1 | 2400 | 5000 |   60 |       0.45 |1585324481478 |     138 |   141.0 | 2,17 | mscp61.txt |1,6e+02 |
| 1 | 2500 | 5000 |   65 |       0.45 |1585324481478 |     138 |   141.0 | 2,17 | mscp61.txt |1,7e+02 |
| 1 | 2600 | 5000 |   65 |       0.45 |1585324481478 |     138 |   141.0 | 2,17 | mscp61.txt |1,8e+02 |
| 1 | 2700 | 5000 |   65 |       0.45 |1585324481478 |     138 |   141.0 | 2,17 | mscp61.txt |1,9e+02 |
| 1 | 2800 | 5000 |   65 |       0.45 |1585324481478 |     138 |   141.0 | 2,17 | mscp61.txt |2,0e+02 |
| 1 | 2900 | 5000 |   70 |       0.45 |1585324481478 |     138 |   140.0 | 1,45 | mscp61.txt |2,1e+02 |
| 1 | 3000 | 5000 |   70 |       0.45 |1585324481478 |     138 |   139.0 | 0,72 | mscp61.txt |2,2e+02 |
| 1 | 3100 | 5000 |   70 |       0.45 |1585324481478 |     138 |   139.0 | 0,72 | mscp61.txt |2,4e+02 |
| 1 | 3200 | 5000 |   70 |       0.45 |1585324481478 |     138 |   139.0 | 0,72 | mscp61.txt |2,5e+02 |
| 1 | 3300 | 5000 |   75 |       0.45 |1585324481478 |     138 |   139.0 | 0,72 | mscp61.txt |2,6e+02 |
| 1 | 3400 | 5000 |   75 |       0.45 |1585324481478 |     138 |   139.0 | 0,72 | mscp61.txt |2,7e+02 |
| 1 | 3500 | 5000 |   75 |       0.45 |1585324481478 |     138 |   139.0 | 0,72 | mscp61.txt |2,9e+02 |
| 1 | 3600 | 5000 |   75 |       0.45 |1585324481478 |     138 |   139.0 | 0,72 | mscp61.txt |3,0e+02 |
| 1 | 3700 | 5000 |   80 |       0.45 |1585324481478 |     138 |   139.0 | 0,72 | mscp61.txt |3,2e+02 |
| 1 | 3800 | 5000 |   80 |       0.45 |1585324481478 |     138 |   139.0 | 0,72 | mscp61.txt |3,3e+02 |
| 1 | 3900 | 5000 |   80 |       0.45 |1585324481478 |     138 |   139.0 | 0,72 | mscp61.txt |3,4e+02 |
| 1 | 4000 | 5000 |   80 |       0.45 |1585324481478 |     138 |   139.0 | 0,72 | mscp61.txt |3,6e+02 |
| 1 | 4100 | 5000 |   85 |       0.45 |1585324481478 |     138 |   139.0 | 0,72 | mscp61.txt |3,8e+02 |
| 1 | 4200 | 5000 |   85 |       0.45 |1585324481478 |     138 |   139.0 | 0,72 | mscp61.txt |4,0e+02 |
| 1 | 4300 | 5000 |   85 |       0.45 |1585324481478 |     138 |   139.0 | 0,72 | mscp61.txt |4,1e+02 |
| 1 | 4400 | 5000 |   85 |       0.45 |1585324481478 |     138 |   139.0 | 0,72 | mscp61.txt |4,3e+02 |
| 1 | 4500 | 5000 |   90 |       0.45 |1585324481478 |     138 |   139.0 | 0,72 | mscp61.txt |4,6e+02 |
| 1 | 4600 | 5000 |   90 |       0.45 |1585324481478 |     138 |   139.0 | 0,72 | mscp61.txt |4,8e+02 |
| 1 |  200 | 5000 |   90 |       0.45 |1585324481478 |     138 |   138.0 | 0,00 | mscp61.txt |4,8e+02 |
| 2 |    1 | 5000 |   35 |       0.25 |1585324962008 |     138 |   212.0 |53,62 | mscp61.txt |0,055 |
| 2 |  100 | 5000 |   35 | 0.22857143 |1585324962008 |     138 |   175.0 |26,81 | mscp61.txt |  5,5 |
| 2 |  200 | 5000 |   35 |  0.2857143 |1585324962008 |     138 |   169.0 |22,46 | mscp61.txt |   13 |
| 2 |  300 | 5000 |   40 |       0.45 |1585324962008 |     138 |   151.0 | 9,42 | mscp61.txt |   22 |
| 2 |  400 | 5000 |   40 |       0.45 |1585324962008 |     138 |   148.0 | 7,25 | mscp61.txt |   32 |
| 2 |  500 | 5000 |   40 |       0.45 |1585324962008 |     138 |   144.0 | 4,35 | mscp61.txt |   42 |
| 2 |  600 | 5000 |   40 |       0.45 |1585324962008 |     138 |   144.0 | 4,35 | mscp61.txt |   52 |
| 2 |  700 | 5000 |   40 |        0.4 |1585324962008 |     138 |   144.0 | 4,35 | mscp61.txt |   62 |
| 2 |  800 | 5000 |   45 | 0.42222223 |1585324962008 |     138 |   144.0 | 4,35 | mscp61.txt |   73 |
| 2 |  900 | 5000 |   45 |       0.45 |1585324962008 |     138 |   144.0 | 4,35 | mscp61.txt |   87 |
| 2 | 1000 | 5000 |   45 |       0.45 |1585324962008 |     138 |   144.0 | 4,35 | mscp61.txt |   98 |
| 2 | 1100 | 5000 |   45 |       0.45 |1585324962008 |     138 |   144.0 | 4,35 | mscp61.txt |1,1e+02 |
| 2 | 1200 | 5000 |   50 |       0.45 |1585324962008 |     138 |   144.0 | 4,35 | mscp61.txt |1,3e+02 |
| 2 | 1300 | 5000 |   50 |       0.44 |1585324962008 |     138 |   144.0 | 4,35 | mscp61.txt |1,4e+02 |
| 2 | 1400 | 5000 |   50 |       0.42 |1585324962008 |     138 |   144.0 | 4,35 | mscp61.txt |1,6e+02 |
| 2 | 1500 | 5000 |   50 |       0.44 |1585324962008 |     138 |   144.0 | 4,35 | mscp61.txt |1,7e+02 |
| 2 | 1600 | 5000 |   55 |       0.45 |1585324962008 |     138 |   144.0 | 4,35 | mscp61.txt |1,8e+02 |
| 2 | 1700 | 5000 |   55 |       0.45 |1585324962008 |     138 |   144.0 | 4,35 | mscp61.txt |1,9e+02 |
| 2 | 1800 | 5000 |   55 |       0.45 |1585324962008 |     138 |   144.0 | 4,35 | mscp61.txt |2,0e+02 |
| 2 | 1900 | 5000 |   55 |       0.45 |1585324962008 |     138 |   144.0 | 4,35 | mscp61.txt |2,1e+02 |
| 2 | 2000 | 5000 |   60 |       0.45 |1585324962008 |     138 |   144.0 | 4,35 | mscp61.txt |2,2e+02 |
| 2 | 2100 | 5000 |   60 |       0.45 |1585324962008 |     138 |   144.0 | 4,35 | mscp61.txt |2,4e+02 |
| 2 | 2200 | 5000 |   60 |       0.45 |1585324962008 |     138 |   144.0 | 4,35 | mscp61.txt |2,5e+02 |
| 2 | 2300 | 5000 |   60 |       0.45 |1585324962008 |     138 |   144.0 | 4,35 | mscp61.txt |2,6e+02 |
| 2 | 2400 | 5000 |   65 |       0.45 |1585324962008 |     138 |   144.0 | 4,35 | mscp61.txt |2,7e+02 |
| 2 | 2500 | 5000 |   65 |       0.45 |1585324962008 |     138 |   144.0 | 4,35 | mscp61.txt |2,8e+02 |
| 2 | 2600 | 5000 |   65 |       0.45 |1585324962008 |     138 |   144.0 | 4,35 | mscp61.txt |2,9e+02 |
| 2 | 2700 | 5000 |   65 |       0.45 |1585324962008 |     138 |   144.0 | 4,35 | mscp61.txt |3,0e+02 |
| 2 | 2800 | 5000 |   70 |       0.45 |1585324962008 |     138 |   144.0 | 4,35 | mscp61.txt |3,2e+02 |
| 2 | 2900 | 5000 |   70 |       0.45 |1585324962008 |     138 |   144.0 | 4,35 | mscp61.txt |3,3e+02 |
| 2 | 3000 | 5000 |   70 |       0.45 |1585324962008 |     138 |   144.0 | 4,35 | mscp61.txt |3,3e+02 |
| 2 | 3100 | 5000 |   70 |       0.45 |1585324962008 |     138 |   144.0 | 4,35 | mscp61.txt |3,5e+02 |
| 2 | 3200 | 5000 |   75 |       0.45 |1585324962008 |     138 |   144.0 | 4,35 | mscp61.txt |3,6e+02 |
| 2 | 3300 | 5000 |   75 |       0.45 |1585324962008 |     138 |   144.0 | 4,35 | mscp61.txt |3,7e+02 |
| 2 | 3400 | 5000 |   75 |       0.45 |1585324962008 |     138 |   144.0 | 4,35 | mscp61.txt |3,8e+02 |
| 2 | 3500 | 5000 |   75 |       0.45 |1585324962008 |     138 |   144.0 | 4,35 | mscp61.txt |3,9e+02 |
| 2 | 3600 | 5000 |   80 |       0.45 |1585324962008 |     138 |   144.0 | 4,35 | mscp61.txt |4,1e+02 |
| 2 | 3700 | 5000 |   80 |       0.45 |1585324962008 |     138 |   144.0 | 4,35 | mscp61.txt |4,2e+02 |
| 2 | 3800 | 5000 |   80 |       0.45 |1585324962008 |     138 |   144.0 | 4,35 | mscp61.txt |4,3e+02 |
| 2 | 3900 | 5000 |   80 |       0.45 |1585324962008 |     138 |   144.0 | 4,35 | mscp61.txt |4,5e+02 |
| 2 | 4000 | 5000 |   85 |       0.45 |1585324962008 |     138 |   144.0 | 4,35 | mscp61.txt |4,6e+02 |
| 2 | 4100 | 5000 |   85 |       0.45 |1585324962008 |     138 |   144.0 | 4,35 | mscp61.txt |4,8e+02 |
| 2 | 4200 | 5000 |   85 |       0.45 |1585324962008 |     138 |   144.0 | 4,35 | mscp61.txt |4,9e+02 |
| 2 | 4300 | 5000 |   85 |       0.45 |1585324962008 |     138 |   144.0 | 4,35 | mscp61.txt |5,0e+02 |
| 2 | 4400 | 5000 |   90 |       0.45 |1585324962008 |     138 |   144.0 | 4,35 | mscp61.txt |5,2e+02 |
| 2 | 4500 | 5000 |   90 |       0.45 |1585324962008 |     138 |   144.0 | 4,35 | mscp61.txt |5,3e+02 |
| 2 | 4600 | 5000 |   90 |       0.45 |1585324962008 |     138 |   144.0 | 4,35 | mscp61.txt |5,4e+02 |
| 2 | 4700 | 5000 |   90 |       0.45 |1585324962008 |     138 |   144.0 | 4,35 | mscp61.txt |5,6e+02 |
| 2 | 4800 | 5000 |   95 |       0.45 |1585324962008 |     138 |   144.0 | 4,35 | mscp61.txt |5,7e+02 |
| 2 | 4900 | 5000 |   95 |       0.45 |1585324962008 |     138 |   144.0 | 4,35 | mscp61.txt |5,9e+02 |
| 2 | 5000 | 5000 |   95 |       0.45 |1585324962008 |     138 |   144.0 | 4,35 | mscp61.txt |6,0e+02 |
| 2 |  200 | 5000 |   95 |       0.45 |1585324962008 |     138 |   144.0 | 4,35 | mscp61.txt |6,0e+02 |
| 3 |    1 | 5000 |   35 |       0.25 |1585325565487 |     138 |   220.0 |59,42 | mscp61.txt |0,073 |
| 3 |  100 | 5000 |   35 |       0.45 |1585325565487 |     138 |   167.0 |21,01 | mscp61.txt |  7,5 |
| 3 |  200 | 5000 |   40 |       0.45 |1585325565487 |     138 |   153.0 |10,87 | mscp61.txt |   18 |
| 3 |  300 | 5000 |   40 |       0.45 |1585325565487 |     138 |   149.0 | 7,97 | mscp61.txt |   28 |
| 3 |  400 | 5000 |   40 |       0.45 |1585325565487 |     138 |   146.0 | 5,80 | mscp61.txt |   40 |
| 3 |  500 | 5000 |   40 |       0.45 |1585325565487 |     138 |   146.0 | 5,80 | mscp61.txt |   51 |
| 3 |  600 | 5000 |   45 |       0.45 |1585325565487 |     138 |   144.0 | 4,35 | mscp61.txt |   64 |
| 3 |  700 | 5000 |   45 |       0.45 |1585325565487 |     138 |   142.0 | 2,90 | mscp61.txt |   78 |
| 3 |  800 | 5000 |   45 |       0.45 |1585325565487 |     138 |   142.0 | 2,90 | mscp61.txt |   91 |
| 3 |  900 | 5000 |   45 |       0.45 |1585325565487 |     138 |   141.0 | 2,17 | mscp61.txt |1,0e+02 |
| 3 | 1000 | 5000 |   50 |       0.45 |1585325565487 |     138 |   140.0 | 1,45 | mscp61.txt |1,2e+02 |
| 3 | 1100 | 5000 |   50 |       0.45 |1585325565487 |     138 |   140.0 | 1,45 | mscp61.txt |1,4e+02 |
| 3 | 1200 | 5000 |   50 |       0.45 |1585325565487 |     138 |   140.0 | 1,45 | mscp61.txt |1,5e+02 |
| 3 | 1300 | 5000 |   50 |       0.45 |1585325565487 |     138 |   140.0 | 1,45 | mscp61.txt |1,7e+02 |
| 3 | 1400 | 5000 |   55 |       0.45 |1585325565487 |     138 |   140.0 | 1,45 | mscp61.txt |1,9e+02 |
| 3 | 1500 | 5000 |   55 |       0.45 |1585325565487 |     138 |   140.0 | 1,45 | mscp61.txt |2,0e+02 |
| 3 | 1600 | 5000 |   55 |       0.45 |1585325565487 |     138 |   140.0 | 1,45 | mscp61.txt |2,2e+02 |
| 3 | 1700 | 5000 |   55 |       0.45 |1585325565487 |     138 |   140.0 | 1,45 | mscp61.txt |2,4e+02 |
| 3 | 1800 | 5000 |   60 |       0.45 |1585325565487 |     138 |   140.0 | 1,45 | mscp61.txt |2,6e+02 |
| 3 | 1900 | 5000 |   60 |       0.45 |1585325565487 |     138 |   140.0 | 1,45 | mscp61.txt |2,8e+02 |
| 3 | 2000 | 5000 |   60 |       0.45 |1585325565487 |     138 |   140.0 | 1,45 | mscp61.txt |3,0e+02 |
| 3 | 2100 | 5000 |   60 |       0.45 |1585325565487 |     138 |   140.0 | 1,45 | mscp61.txt |3,2e+02 |
| 3 | 2200 | 5000 |   65 |       0.45 |1585325565487 |     138 |   140.0 | 1,45 | mscp61.txt |3,5e+02 |
| 3 | 2300 | 5000 |   65 |       0.45 |1585325565487 |     138 |   140.0 | 1,45 | mscp61.txt |3,7e+02 |
| 3 | 2400 | 5000 |   65 |       0.45 |1585325565487 |     138 |   140.0 | 1,45 | mscp61.txt |3,9e+02 |
| 3 | 2500 | 5000 |   65 |       0.45 |1585325565487 |     138 |   140.0 | 1,45 | mscp61.txt |4,1e+02 |
| 3 | 2600 | 5000 |   70 | 0.44285715 |1585325565487 |     138 |   140.0 | 1,45 | mscp61.txt |4,3e+02 |
| 3 | 2700 | 5000 |   70 |       0.45 |1585325565487 |     138 |   140.0 | 1,45 | mscp61.txt |4,5e+02 |
| 3 | 2800 | 5000 |   70 |       0.45 |1585325565487 |     138 |   140.0 | 1,45 | mscp61.txt |4,7e+02 |
| 3 | 2900 | 5000 |   70 |       0.45 |1585325565487 |     138 |   140.0 | 1,45 | mscp61.txt |5,0e+02 |
| 3 | 3000 | 5000 |   75 |       0.45 |1585325565487 |     138 |   140.0 | 1,45 | mscp61.txt |5,2e+02 |
| 3 | 3100 | 5000 |   75 |       0.45 |1585325565487 |     138 |   140.0 | 1,45 | mscp61.txt |5,5e+02 |
| 3 | 3200 | 5000 |   75 |       0.45 |1585325565487 |     138 |   140.0 | 1,45 | mscp61.txt |5,7e+02 |
| 3 | 3300 | 5000 |   75 |       0.45 |1585325565487 |     138 |   140.0 | 1,45 | mscp61.txt |6,0e+02 |
| 3 | 3400 | 5000 |   80 |     0.4375 |1585325565487 |     138 |   140.0 | 1,45 | mscp61.txt |6,3e+02 |
| 3 | 3500 | 5000 |   80 |     0.4375 |1585325565487 |     138 |   140.0 | 1,45 | mscp61.txt |6,5e+02 |
| 3 | 3600 | 5000 |   80 |     0.4375 |1585325565487 |     138 |   140.0 | 1,45 | mscp61.txt |6,8e+02 |
| 3 | 3700 | 5000 |   80 |     0.4375 |1585325565487 |     138 |   140.0 | 1,45 | mscp61.txt |7,0e+02 |
| 3 | 3800 | 5000 |   85 |  0.4117647 |1585325565487 |     138 |   140.0 | 1,45 | mscp61.txt |7,3e+02 |
| 3 | 3900 | 5000 |   85 |  0.4117647 |1585325565487 |     138 |   140.0 | 1,45 | mscp61.txt |7,6e+02 |
| 3 | 4000 | 5000 |   85 |  0.4117647 |1585325565487 |     138 |   140.0 | 1,45 | mscp61.txt |7,8e+02 |
| 3 | 4100 | 5000 |   85 |  0.4117647 |1585325565487 |     138 |   140.0 | 1,45 | mscp61.txt |8,1e+02 |
| 3 | 4200 | 5000 |   90 |  0.3888889 |1585325565487 |     138 |   140.0 | 1,45 | mscp61.txt |8,4e+02 |
| 3 | 4300 | 5000 |   90 |  0.3888889 |1585325565487 |     138 |   140.0 | 1,45 | mscp61.txt |8,7e+02 |
| 3 | 4400 | 5000 |   90 |  0.3888889 |1585325565487 |     138 |   140.0 | 1,45 | mscp61.txt |9,0e+02 |
| 3 | 4500 | 5000 |   90 |  0.3888889 |1585325565487 |     138 |   140.0 | 1,45 | mscp61.txt |9,3e+02 |
| 3 | 4600 | 5000 |   95 | 0.36842105 |1585325565487 |     138 |   140.0 | 1,45 | mscp61.txt |9,6e+02 |
| 3 | 4700 | 5000 |   95 | 0.36842105 |1585325565487 |     138 |   140.0 | 1,45 | mscp61.txt |1,0e+03 |
| 3 | 4800 | 5000 |   95 | 0.36842105 |1585325565487 |     138 |   140.0 | 1,45 | mscp61.txt |1,0e+03 |
| 3 | 4900 | 5000 |   95 | 0.36842105 |1585325565487 |     138 |   140.0 | 1,45 | mscp61.txt |1,1e+03 |
| 3 | 5000 | 5000 |  100 |       0.35 |1585325565487 |     138 |   140.0 | 1,45 | mscp61.txt |1,1e+03 |
| 3 |  200 | 5000 |  100 |       0.35 |1585325565487 |     138 |   140.0 | 1,45 | mscp61.txt |1,1e+03 |
| 4 |    1 | 5000 |   35 |       0.25 |1585326666656 |     138 |   197.0 |42,75 | mscp61.txt |0,049 |
| 4 |  100 | 5000 |   35 |  0.2857143 |1585326666656 |     138 |   174.0 |26,09 | mscp61.txt |  7,9 |
| 4 |  200 | 5000 |   35 | 0.37142858 |1585326666656 |     138 |   156.0 |13,04 | mscp61.txt |   17 |
| 4 |  300 | 5000 |   35 | 0.34285715 |1585326666656 |     138 |   156.0 |13,04 | mscp61.txt |   25 |
| 4 |  400 | 5000 |   40 |       0.45 |1585326666656 |     138 |   145.0 | 5,07 | mscp61.txt |   37 |
| 4 |  500 | 5000 |   40 |       0.45 |1585326666656 |     138 |   145.0 | 5,07 | mscp61.txt |   50 |
| 4 |  600 | 5000 |   40 |       0.45 |1585326666656 |     138 |   145.0 | 5,07 | mscp61.txt |   62 |
| 4 |  700 | 5000 |   40 |       0.45 |1585326666656 |     138 |   142.0 | 2,90 | mscp61.txt |   75 |
| 4 |  800 | 5000 |   45 | 0.44444445 |1585326666656 |     138 |   142.0 | 2,90 | mscp61.txt |   90 |
| 4 |  900 | 5000 |   45 |        0.4 |1585326666656 |     138 |   142.0 | 2,90 | mscp61.txt |1,0e+02 |
| 4 | 1000 | 5000 |   45 | 0.44444445 |1585326666656 |     138 |   142.0 | 2,90 | mscp61.txt |1,2e+02 |
| 4 | 1100 | 5000 |   45 | 0.44444445 |1585326666656 |     138 |   142.0 | 2,90 | mscp61.txt |1,3e+02 |
| 4 | 1200 | 5000 |   50 |       0.45 |1585326666656 |     138 |   142.0 | 2,90 | mscp61.txt |1,4e+02 |
| 4 | 1300 | 5000 |   50 |       0.45 |1585326666656 |     138 |   142.0 | 2,90 | mscp61.txt |1,6e+02 |
| 4 | 1400 | 5000 |   50 |       0.45 |1585326666656 |     138 |   142.0 | 2,90 | mscp61.txt |1,7e+02 |
| 4 | 1500 | 5000 |   50 |       0.45 |1585326666656 |     138 |   142.0 | 2,90 | mscp61.txt |1,9e+02 |
| 4 | 1600 | 5000 |   55 |       0.45 |1585326666656 |     138 |   142.0 | 2,90 | mscp61.txt |2,0e+02 |
| 4 | 1700 | 5000 |   55 |       0.45 |1585326666656 |     138 |   141.0 | 2,17 | mscp61.txt |2,2e+02 |
| 4 | 1800 | 5000 |   55 |       0.45 |1585326666656 |     138 |   141.0 | 2,17 | mscp61.txt |2,4e+02 |
| 4 | 1900 | 5000 |   55 |       0.45 |1585326666656 |     138 |   141.0 | 2,17 | mscp61.txt |2,5e+02 |
| 4 | 2000 | 5000 |   60 |       0.45 |1585326666656 |     138 |   141.0 | 2,17 | mscp61.txt |2,7e+02 |
| 4 | 2100 | 5000 |   60 |       0.45 |1585326666656 |     138 |   141.0 | 2,17 | mscp61.txt |2,9e+02 |
| 4 | 2200 | 5000 |   60 |       0.45 |1585326666656 |     138 |   141.0 | 2,17 | mscp61.txt |3,1e+02 |
| 4 | 2300 | 5000 |   60 |       0.45 |1585326666656 |     138 |   141.0 | 2,17 | mscp61.txt |3,2e+02 |
| 4 | 2400 | 5000 |   65 |       0.45 |1585326666656 |     138 |   141.0 | 2,17 | mscp61.txt |3,4e+02 |
| 4 | 2500 | 5000 |   65 |       0.45 |1585326666656 |     138 |   141.0 | 2,17 | mscp61.txt |3,6e+02 |
| 4 | 2600 | 5000 |   65 |       0.45 |1585326666656 |     138 |   141.0 | 2,17 | mscp61.txt |3,8e+02 |
| 4 | 2700 | 5000 |   65 |       0.45 |1585326666656 |     138 |   141.0 | 2,17 | mscp61.txt |4,0e+02 |
| 4 | 2800 | 5000 |   70 |       0.45 |1585326666656 |     138 |   141.0 | 2,17 | mscp61.txt |4,2e+02 |
| 4 | 2900 | 5000 |   70 |       0.45 |1585326666656 |     138 |   141.0 | 2,17 | mscp61.txt |4,5e+02 |
| 4 | 3000 | 5000 |   70 |       0.45 |1585326666656 |     138 |   141.0 | 2,17 | mscp61.txt |4,7e+02 |
| 4 | 3100 | 5000 |   70 |       0.45 |1585326666656 |     138 |   141.0 | 2,17 | mscp61.txt |4,9e+02 |
| 4 | 3200 | 5000 |   75 |       0.45 |1585326666656 |     138 |   141.0 | 2,17 | mscp61.txt |5,1e+02 |
| 4 | 3300 | 5000 |   75 |       0.45 |1585326666656 |     138 |   141.0 | 2,17 | mscp61.txt |5,4e+02 |
| 4 | 3400 | 5000 |   75 |       0.45 |1585326666656 |     138 |   141.0 | 2,17 | mscp61.txt |5,6e+02 |
| 4 | 3500 | 5000 |   75 |       0.45 |1585326666656 |     138 |   141.0 | 2,17 | mscp61.txt |5,8e+02 |
| 4 | 3600 | 5000 |   80 |     0.4375 |1585326666656 |     138 |   141.0 | 2,17 | mscp61.txt |6,1e+02 |
| 4 | 3700 | 5000 |   80 |     0.4375 |1585326666656 |     138 |   141.0 | 2,17 | mscp61.txt |6,3e+02 |
| 4 | 3800 | 5000 |   80 |     0.4375 |1585326666656 |     138 |   141.0 | 2,17 | mscp61.txt |6,6e+02 |
| 4 | 3900 | 5000 |   80 |     0.4375 |1585326666656 |     138 |   141.0 | 2,17 | mscp61.txt |6,8e+02 |
| 4 | 4000 | 5000 |   85 |  0.4117647 |1585326666656 |     138 |   141.0 | 2,17 | mscp61.txt |7,1e+02 |
| 4 | 4100 | 5000 |   85 |  0.4117647 |1585326666656 |     138 |   141.0 | 2,17 | mscp61.txt |7,4e+02 |
| 4 | 4200 | 5000 |   85 |  0.4117647 |1585326666656 |     138 |   141.0 | 2,17 | mscp61.txt |7,6e+02 |
| 4 | 4300 | 5000 |   85 |  0.4117647 |1585326666656 |     138 |   141.0 | 2,17 | mscp61.txt |7,9e+02 |
| 4 | 4400 | 5000 |   90 |  0.3888889 |1585326666656 |     138 |   141.0 | 2,17 | mscp61.txt |8,2e+02 |
| 4 | 4500 | 5000 |   90 |  0.3888889 |1585326666656 |     138 |   141.0 | 2,17 | mscp61.txt |8,5e+02 |
| 4 | 4600 | 5000 |   90 |  0.3888889 |1585326666656 |     138 |   141.0 | 2,17 | mscp61.txt |8,8e+02 |
| 4 | 4700 | 5000 |   90 |  0.3888889 |1585326666656 |     138 |   141.0 | 2,17 | mscp61.txt |9,1e+02 |
| 4 | 4800 | 5000 |   95 | 0.36842105 |1585326666656 |     138 |   141.0 | 2,17 | mscp61.txt |9,4e+02 |
| 4 | 4900 | 5000 |   95 | 0.36842105 |1585326666656 |     138 |   141.0 | 2,17 | mscp61.txt |9,7e+02 |
| 4 | 5000 | 5000 |   95 | 0.36842105 |1585326666656 |     138 |   141.0 | 2,17 | mscp61.txt |1,0e+03 |
| 4 |  200 | 5000 |   95 | 0.36842105 |1585326666656 |     138 |   141.0 | 2,17 | mscp61.txt |1,0e+03 |
| 5 |    1 | 5000 |   35 |       0.25 |1585327663302 |     138 |   208.0 |50,72 | mscp61.txt |0,029 |
| 5 |  100 | 5000 |   35 | 0.42857143 |1585327663302 |     138 |   161.0 |16,67 | mscp61.txt |  7,9 |
| 5 |  200 | 5000 |   40 |       0.45 |1585327663302 |     138 |   148.0 | 7,25 | mscp61.txt |   18 |
| 5 |  300 | 5000 |   40 |       0.45 |1585327663302 |     138 |   147.0 | 6,52 | mscp61.txt |   27 |
| 5 |  400 | 5000 |   40 |       0.45 |1585327663302 |     138 |   147.0 | 6,52 | mscp61.txt |   37 |
| 5 |  500 | 5000 |   40 |        0.4 |1585327663302 |     138 |   147.0 | 6,52 | mscp61.txt |   44 |
| 5 |  600 | 5000 |   45 |       0.45 |1585327663302 |     138 |   147.0 | 6,52 | mscp61.txt |   54 |
| 5 |  700 | 5000 |   45 |       0.45 |1585327663302 |     138 |   144.0 | 4,35 | mscp61.txt |   63 |
| 5 |  800 | 5000 |   45 |       0.45 |1585327663302 |     138 |   144.0 | 4,35 | mscp61.txt |   72 |
| 5 |  900 | 5000 |   45 |       0.45 |1585327663302 |     138 |   143.0 | 3,62 | mscp61.txt |   81 |
| 5 | 1000 | 5000 |   50 |       0.45 |1585327663302 |     138 |   143.0 | 3,62 | mscp61.txt |   92 |
| 5 | 1100 | 5000 |   50 |       0.45 |1585327663302 |     138 |   143.0 | 3,62 | mscp61.txt |1,0e+02 |
| 5 | 1200 | 5000 |   50 |       0.44 |1585327663302 |     138 |   143.0 | 3,62 | mscp61.txt |1,1e+02 |
| 5 | 1300 | 5000 |   50 |       0.44 |1585327663302 |     138 |   143.0 | 3,62 | mscp61.txt |1,2e+02 |
| 5 | 1400 | 5000 |   55 | 0.43636364 |1585327663302 |     138 |   143.0 | 3,62 | mscp61.txt |1,3e+02 |
| 5 | 1500 | 5000 |   55 |       0.45 |1585327663302 |     138 |   143.0 | 3,62 | mscp61.txt |1,4e+02 |
| 5 | 1600 | 5000 |   55 | 0.43636364 |1585327663302 |     138 |   143.0 | 3,62 | mscp61.txt |1,5e+02 |
| 5 | 1700 | 5000 |   55 | 0.43636364 |1585327663302 |     138 |   143.0 | 3,62 | mscp61.txt |1,6e+02 |
| 5 | 1800 | 5000 |   60 |       0.45 |1585327663302 |     138 |   143.0 | 3,62 | mscp61.txt |1,8e+02 |
| 5 | 1900 | 5000 |   60 |       0.45 |1585327663302 |     138 |   143.0 | 3,62 | mscp61.txt |1,9e+02 |
| 5 | 2000 | 5000 |   60 |       0.45 |1585327663302 |     138 |   143.0 | 3,62 | mscp61.txt |2,0e+02 |
| 5 | 2100 | 5000 |   60 |       0.45 |1585327663302 |     138 |   143.0 | 3,62 | mscp61.txt |2,1e+02 |
| 5 | 2200 | 5000 |   65 |       0.45 |1585327663302 |     138 |   143.0 | 3,62 | mscp61.txt |2,2e+02 |
| 5 | 2300 | 5000 |   65 |       0.45 |1585327663302 |     138 |   143.0 | 3,62 | mscp61.txt |2,3e+02 |
| 5 | 2400 | 5000 |   65 |       0.45 |1585327663302 |     138 |   143.0 | 3,62 | mscp61.txt |2,4e+02 |
| 5 | 2500 | 5000 |   65 |       0.45 |1585327663302 |     138 |   143.0 | 3,62 | mscp61.txt |2,5e+02 |
| 5 | 2600 | 5000 |   70 |       0.45 |1585327663302 |     138 |   143.0 | 3,62 | mscp61.txt |2,5e+02 |
| 5 | 2700 | 5000 |   70 |       0.45 |1585327663302 |     138 |   143.0 | 3,62 | mscp61.txt |2,6e+02 |
| 5 | 2800 | 5000 |   70 |       0.45 |1585327663302 |     138 |   143.0 | 3,62 | mscp61.txt |2,7e+02 |
| 5 | 2900 | 5000 |   70 |       0.45 |1585327663302 |     138 |   143.0 | 3,62 | mscp61.txt |2,8e+02 |
| 5 | 3000 | 5000 |   75 |       0.45 |1585327663302 |     138 |   143.0 | 3,62 | mscp61.txt |2,8e+02 |
| 5 | 3100 | 5000 |   75 |       0.45 |1585327663302 |     138 |   142.0 | 2,90 | mscp61.txt |2,9e+02 |
| 5 | 3200 | 5000 |   75 |       0.45 |1585327663302 |     138 |   142.0 | 2,90 | mscp61.txt |3,0e+02 |
| 5 | 3300 | 5000 |   75 |       0.45 |1585327663302 |     138 |   142.0 | 2,90 | mscp61.txt |3,1e+02 |
| 5 | 3400 | 5000 |   80 |       0.45 |1585327663302 |     138 |   142.0 | 2,90 | mscp61.txt |3,2e+02 |
| 5 | 3500 | 5000 |   80 |       0.45 |1585327663302 |     138 |   142.0 | 2,90 | mscp61.txt |3,2e+02 |
| 5 | 3600 | 5000 |   80 |       0.45 |1585327663302 |     138 |   142.0 | 2,90 | mscp61.txt |3,3e+02 |
| 5 | 3700 | 5000 |   80 |       0.45 |1585327663302 |     138 |   142.0 | 2,90 | mscp61.txt |3,4e+02 |
| 5 | 3800 | 5000 |   85 |       0.45 |1585327663302 |     138 |   142.0 | 2,90 | mscp61.txt |3,5e+02 |
| 5 | 3900 | 5000 |   85 |       0.45 |1585327663302 |     138 |   142.0 | 2,90 | mscp61.txt |3,6e+02 |
| 5 | 4000 | 5000 |   85 |       0.45 |1585327663302 |     138 |   142.0 | 2,90 | mscp61.txt |3,7e+02 |
| 5 | 4100 | 5000 |   85 |       0.45 |1585327663302 |     138 |   142.0 | 2,90 | mscp61.txt |3,8e+02 |
| 5 | 4200 | 5000 |   90 |       0.45 |1585327663302 |     138 |   142.0 | 2,90 | mscp61.txt |4,0e+02 |
| 5 | 4300 | 5000 |   90 |       0.45 |1585327663302 |     138 |   142.0 | 2,90 | mscp61.txt |4,1e+02 |
| 5 | 4400 | 5000 |   90 |       0.45 |1585327663302 |     138 |   142.0 | 2,90 | mscp61.txt |4,2e+02 |
| 5 | 4500 | 5000 |   90 |       0.45 |1585327663302 |     138 |   142.0 | 2,90 | mscp61.txt |4,3e+02 |
| 5 | 4600 | 5000 |   95 |       0.45 |1585327663302 |     138 |   142.0 | 2,90 | mscp61.txt |4,5e+02 |
| 5 | 4700 | 5000 |   95 |       0.45 |1585327663302 |     138 |   142.0 | 2,90 | mscp61.txt |4,6e+02 |
| 5 | 4800 | 5000 |   95 |       0.45 |1585327663302 |     138 |   142.0 | 2,90 | mscp61.txt |4,8e+02 |
| 5 | 4900 | 5000 |   95 |       0.45 |1585327663302 |     138 |   142.0 | 2,90 | mscp61.txt |4,9e+02 |
| 5 | 5000 | 5000 |  100 |       0.45 |1585327663302 |     138 |   142.0 | 2,90 | mscp61.txt |5,1e+02 |
| 5 |  200 | 5000 |  100 |       0.45 |1585327663302 |     138 |   142.0 | 2,90 | mscp61.txt |5,1e+02 |
| 6 |    1 | 5000 |   35 |       0.25 |1585328172414 |     138 |   208.0 |50,72 | mscp61.txt |0,028 |
| 6 |  100 | 5000 |   35 | 0.22857143 |1585328172414 |     138 |   174.0 |26,09 | mscp61.txt |  9,8 |
| 6 |  200 | 5000 |   35 |        0.4 |1585328172414 |     138 |   168.0 |21,74 | mscp61.txt |   18 |
| 6 |  300 | 5000 |   35 | 0.37142858 |1585328172414 |     138 |   160.0 |15,94 | mscp61.txt |   25 |
| 6 |  400 | 5000 |   35 |        0.4 |1585328172414 |     138 |   160.0 |15,94 | mscp61.txt |   33 |
| 6 |  500 | 5000 |   40 |       0.45 |1585328172414 |     138 |   159.0 |15,22 | mscp61.txt |   43 |
| 6 |  600 | 5000 |   40 |       0.45 |1585328172414 |     138 |   146.0 | 5,80 | mscp61.txt |   52 |
| 6 |  700 | 5000 |   40 |       0.45 |1585328172414 |     138 |   146.0 | 5,80 | mscp61.txt |   64 |
| 6 |  800 | 5000 |   40 |       0.45 |1585328172414 |     138 |   146.0 | 5,80 | mscp61.txt |   73 |
| 6 |  900 | 5000 |   45 |       0.45 |1585328172414 |     138 |   146.0 | 5,80 | mscp61.txt |   84 |
| 6 | 1000 | 5000 |   45 |       0.45 |1585328172414 |     138 |   145.0 | 5,07 | mscp61.txt |   95 |
| 6 | 1100 | 5000 |   45 |       0.45 |1585328172414 |     138 |   145.0 | 5,07 | mscp61.txt |1,1e+02 |
| 6 | 1200 | 5000 |   45 |       0.45 |1585328172414 |     138 |   145.0 | 5,07 | mscp61.txt |1,2e+02 |
| 6 | 1300 | 5000 |   50 |       0.45 |1585328172414 |     138 |   145.0 | 5,07 | mscp61.txt |1,3e+02 |
| 6 | 1400 | 5000 |   50 |       0.45 |1585328172414 |     138 |   145.0 | 5,07 | mscp61.txt |1,5e+02 |
| 6 | 1500 | 5000 |   50 |       0.36 |1585328172414 |     138 |   144.0 | 4,35 | mscp61.txt |1,6e+02 |
| 6 | 1600 | 5000 |   50 |       0.36 |1585328172414 |     138 |   144.0 | 4,35 | mscp61.txt |1,7e+02 |
| 6 | 1700 | 5000 |   55 |       0.45 |1585328172414 |     138 |   144.0 | 4,35 | mscp61.txt |1,8e+02 |
| 6 | 1800 | 5000 |   55 |       0.45 |1585328172414 |     138 |   144.0 | 4,35 | mscp61.txt |1,9e+02 |
| 6 | 1900 | 5000 |   55 |       0.45 |1585328172414 |     138 |   144.0 | 4,35 | mscp61.txt |2,0e+02 |
| 6 | 2000 | 5000 |   55 |       0.45 |1585328172414 |     138 |   142.0 | 2,90 | mscp61.txt |2,1e+02 |
| 6 | 2100 | 5000 |   60 |       0.45 |1585328172414 |     138 |   142.0 | 2,90 | mscp61.txt |2,3e+02 |
| 6 | 2200 | 5000 |   60 |       0.45 |1585328172414 |     138 |   142.0 | 2,90 | mscp61.txt |2,4e+02 |
| 6 | 2300 | 5000 |   60 |       0.45 |1585328172414 |     138 |   142.0 | 2,90 | mscp61.txt |2,6e+02 |
| 6 | 2400 | 5000 |   60 |       0.45 |1585328172414 |     138 |   142.0 | 2,90 | mscp61.txt |2,7e+02 |
| 6 | 2500 | 5000 |   65 |       0.45 |1585328172414 |     138 |   142.0 | 2,90 | mscp61.txt |2,9e+02 |
| 6 | 2600 | 5000 |   65 |       0.45 |1585328172414 |     138 |   142.0 | 2,90 | mscp61.txt |3,0e+02 |
| 6 | 2700 | 5000 |   65 |       0.45 |1585328172414 |     138 |   142.0 | 2,90 | mscp61.txt |3,2e+02 |
| 6 | 2800 | 5000 |   65 |       0.45 |1585328172414 |     138 |   142.0 | 2,90 | mscp61.txt |3,3e+02 |
| 6 | 2900 | 5000 |   70 |       0.45 |1585328172414 |     138 |   142.0 | 2,90 | mscp61.txt |3,5e+02 |
| 6 | 3000 | 5000 |   70 |       0.45 |1585328172414 |     138 |   142.0 | 2,90 | mscp61.txt |3,7e+02 |
| 6 | 3100 | 5000 |   70 |       0.45 |1585328172414 |     138 |   142.0 | 2,90 | mscp61.txt |3,8e+02 |
| 6 | 3200 | 5000 |   70 |       0.45 |1585328172414 |     138 |   142.0 | 2,90 | mscp61.txt |4,0e+02 |
| 6 | 3300 | 5000 |   75 |       0.44 |1585328172414 |     138 |   142.0 | 2,90 | mscp61.txt |4,2e+02 |
| 6 | 3400 | 5000 |   75 |       0.44 |1585328172414 |     138 |   142.0 | 2,90 | mscp61.txt |4,4e+02 |
| 6 | 3500 | 5000 |   75 | 0.42666668 |1585328172414 |     138 |   142.0 | 2,90 | mscp61.txt |4,6e+02 |
| 6 | 3600 | 5000 |   75 | 0.42666668 |1585328172414 |     138 |   142.0 | 2,90 | mscp61.txt |4,8e+02 |
| 6 | 3700 | 5000 |   80 |      0.425 |1585328172414 |     138 |   142.0 | 2,90 | mscp61.txt |5,0e+02 |
| 6 | 3800 | 5000 |   80 |      0.425 |1585328172414 |     138 |   142.0 | 2,90 | mscp61.txt |5,2e+02 |
| 6 | 3900 | 5000 |   80 |      0.425 |1585328172414 |     138 |   142.0 | 2,90 | mscp61.txt |5,4e+02 |
| 6 | 4000 | 5000 |   80 |      0.425 |1585328172414 |     138 |   142.0 | 2,90 | mscp61.txt |5,6e+02 |
| 6 | 4100 | 5000 |   85 | 0.42352942 |1585328172414 |     138 |   142.0 | 2,90 | mscp61.txt |5,9e+02 |
| 6 | 4200 | 5000 |   85 | 0.42352942 |1585328172414 |     138 |   142.0 | 2,90 | mscp61.txt |6,1e+02 |
| 6 | 4300 | 5000 |   85 | 0.42352942 |1585328172414 |     138 |   142.0 | 2,90 | mscp61.txt |6,3e+02 |
| 6 | 4400 | 5000 |   85 | 0.42352942 |1585328172414 |     138 |   142.0 | 2,90 | mscp61.txt |6,5e+02 |
| 6 | 4500 | 5000 |   90 | 0.43333334 |1585328172414 |     138 |   142.0 | 2,90 | mscp61.txt |6,8e+02 |
| 6 | 4600 | 5000 |   90 | 0.43333334 |1585328172414 |     138 |   142.0 | 2,90 | mscp61.txt |7,0e+02 |
| 6 | 4700 | 5000 |   90 | 0.43333334 |1585328172414 |     138 |   142.0 | 2,90 | mscp61.txt |7,3e+02 |
| 6 | 4800 | 5000 |   90 | 0.43333334 |1585328172414 |     138 |   142.0 | 2,90 | mscp61.txt |7,5e+02 |
| 6 | 4900 | 5000 |   95 |  0.4105263 |1585328172414 |     138 |   142.0 | 2,90 | mscp61.txt |7,8e+02 |
| 6 | 5000 | 5000 |   95 |  0.4105263 |1585328172414 |     138 |   142.0 | 2,90 | mscp61.txt |8,0e+02 |
| 6 |  200 | 5000 |   95 |  0.4105263 |1585328172414 |     138 |   142.0 | 2,90 | mscp61.txt |8,0e+02 |
| 7 |    1 | 5000 |   35 |       0.25 |1585328973605 |     138 |   217.0 |57,25 | mscp61.txt |0,035 |
| 7 |  100 | 5000 |   35 | 0.34285715 |1585328973605 |     138 |   170.0 |23,19 | mscp61.txt |  9,4 |
| 7 |  200 | 5000 |   35 | 0.31428573 |1585328973605 |     138 |   158.0 |14,49 | mscp61.txt |   17 |
| 7 |  300 | 5000 |   40 |       0.45 |1585328973605 |     138 |   149.0 | 7,97 | mscp61.txt |   28 |
| 7 |  400 | 5000 |   40 |       0.45 |1585328973605 |     138 |   147.0 | 6,52 | mscp61.txt |   37 |
| 7 |  500 | 5000 |   40 |       0.45 |1585328973605 |     138 |   147.0 | 6,52 | mscp61.txt |   47 |
| 7 |  600 | 5000 |   40 |       0.45 |1585328973605 |     138 |   144.0 | 4,35 | mscp61.txt |   57 |
| 7 |  700 | 5000 |   45 |       0.45 |1585328973605 |     138 |   144.0 | 4,35 | mscp61.txt |   68 |
| 7 |  800 | 5000 |   45 |       0.45 |1585328973605 |     138 |   144.0 | 4,35 | mscp61.txt |   79 |
| 7 |  900 | 5000 |   45 |       0.45 |1585328973605 |     138 |   143.0 | 3,62 | mscp61.txt |   90 |
| 7 | 1000 | 5000 |   45 |       0.45 |1585328973605 |     138 |   143.0 | 3,62 | mscp61.txt |1,0e+02 |
| 7 | 1100 | 5000 |   50 |       0.45 |1585328973605 |     138 |   143.0 | 3,62 | mscp61.txt |1,2e+02 |
| 7 | 1200 | 5000 |   50 |       0.45 |1585328973605 |     138 |   143.0 | 3,62 | mscp61.txt |1,3e+02 |
| 7 | 1300 | 5000 |   50 |       0.45 |1585328973605 |     138 |   143.0 | 3,62 | mscp61.txt |1,4e+02 |
| 7 | 1400 | 5000 |   50 |       0.45 |1585328973605 |     138 |   143.0 | 3,62 | mscp61.txt |1,6e+02 |
| 7 | 1500 | 5000 |   55 |       0.45 |1585328973605 |     138 |   143.0 | 3,62 | mscp61.txt |1,7e+02 |
| 7 | 1600 | 5000 |   55 |       0.45 |1585328973605 |     138 |   143.0 | 3,62 | mscp61.txt |1,9e+02 |
| 7 | 1700 | 5000 |   55 |       0.45 |1585328973605 |     138 |   143.0 | 3,62 | mscp61.txt |2,0e+02 |
| 7 | 1800 | 5000 |   55 |       0.45 |1585328973605 |     138 |   143.0 | 3,62 | mscp61.txt |2,2e+02 |
| 7 | 1900 | 5000 |   60 |       0.45 |1585328973605 |     138 |   143.0 | 3,62 | mscp61.txt |2,4e+02 |
| 7 | 2000 | 5000 |   60 |       0.45 |1585328973605 |     138 |   143.0 | 3,62 | mscp61.txt |2,6e+02 |
| 7 | 2100 | 5000 |   60 |       0.45 |1585328973605 |     138 |   143.0 | 3,62 | mscp61.txt |2,7e+02 |
| 7 | 2200 | 5000 |   60 |       0.45 |1585328973605 |     138 |   143.0 | 3,62 | mscp61.txt |2,9e+02 |
| 7 | 2300 | 5000 |   65 |       0.45 |1585328973605 |     138 |   142.0 | 2,90 | mscp61.txt |3,1e+02 |
| 7 | 2400 | 5000 |   65 |       0.45 |1585328973605 |     138 |   142.0 | 2,90 | mscp61.txt |3,3e+02 |
| 7 | 2500 | 5000 |   65 |       0.45 |1585328973605 |     138 |   142.0 | 2,90 | mscp61.txt |3,5e+02 |
| 7 | 2600 | 5000 |   65 |       0.45 |1585328973605 |     138 |   142.0 | 2,90 | mscp61.txt |3,7e+02 |
| 7 | 2700 | 5000 |   70 |       0.45 |1585328973605 |     138 |   142.0 | 2,90 | mscp61.txt |3,8e+02 |
| 7 | 2800 | 5000 |   70 |       0.45 |1585328973605 |     138 |   142.0 | 2,90 | mscp61.txt |4,0e+02 |
| 7 | 2900 | 5000 |   70 |       0.45 |1585328973605 |     138 |   141.0 | 2,17 | mscp61.txt |4,3e+02 |
| 7 | 3000 | 5000 |   70 |       0.45 |1585328973605 |     138 |   141.0 | 2,17 | mscp61.txt |4,5e+02 |
| 7 | 3100 | 5000 |   75 |       0.45 |1585328973605 |     138 |   141.0 | 2,17 | mscp61.txt |4,7e+02 |
| 7 | 3200 | 5000 |   75 |       0.45 |1585328973605 |     138 |   141.0 | 2,17 | mscp61.txt |4,9e+02 |
| 7 | 3300 | 5000 |   75 |       0.45 |1585328973605 |     138 |   141.0 | 2,17 | mscp61.txt |5,1e+02 |
| 7 | 3400 | 5000 |   75 |       0.45 |1585328973605 |     138 |   141.0 | 2,17 | mscp61.txt |5,3e+02 |
| 7 | 3500 | 5000 |   80 |       0.45 |1585328973605 |     138 |   141.0 | 2,17 | mscp61.txt |5,6e+02 |
| 7 | 3600 | 5000 |   80 |       0.45 |1585328973605 |     138 |   141.0 | 2,17 | mscp61.txt |5,8e+02 |
| 7 | 3700 | 5000 |   80 |       0.45 |1585328973605 |     138 |   141.0 | 2,17 | mscp61.txt |6,1e+02 |
| 7 | 3800 | 5000 |   80 |       0.45 |1585328973605 |     138 |   141.0 | 2,17 | mscp61.txt |6,3e+02 |
| 7 | 3900 | 5000 |   85 | 0.42352942 |1585328973605 |     138 |   141.0 | 2,17 | mscp61.txt |6,6e+02 |
| 7 | 4000 | 5000 |   85 | 0.42352942 |1585328973605 |     138 |   141.0 | 2,17 | mscp61.txt |6,8e+02 |
| 7 | 4100 | 5000 |   85 | 0.42352942 |1585328973605 |     138 |   141.0 | 2,17 | mscp61.txt |7,1e+02 |
| 7 | 4200 | 5000 |   85 | 0.42352942 |1585328973605 |     138 |   141.0 | 2,17 | mscp61.txt |7,4e+02 |
| 7 | 4300 | 5000 |   90 |        0.4 |1585328973605 |     138 |   141.0 | 2,17 | mscp61.txt |7,7e+02 |
| 7 | 4400 | 5000 |   90 |        0.4 |1585328973605 |     138 |   141.0 | 2,17 | mscp61.txt |8,0e+02 |
| 7 | 4500 | 5000 |   90 |        0.4 |1585328973605 |     138 |   139.0 | 0,72 | mscp61.txt |8,2e+02 |
| 7 | 4600 | 5000 |   90 |  0.3888889 |1585328973605 |     138 |   139.0 | 0,72 | mscp61.txt |8,5e+02 |
| 7 | 4700 | 5000 |   95 | 0.36842105 |1585328973605 |     138 |   139.0 | 0,72 | mscp61.txt |8,8e+02 |
| 7 | 4800 | 5000 |   95 | 0.36842105 |1585328973605 |     138 |   139.0 | 0,72 | mscp61.txt |9,1e+02 |
| 7 | 4900 | 5000 |   95 | 0.36842105 |1585328973605 |     138 |   139.0 | 0,72 | mscp61.txt |9,4e+02 |
| 7 | 5000 | 5000 |   95 | 0.36842105 |1585328973605 |     138 |   139.0 | 0,72 | mscp61.txt |9,7e+02 |
| 7 |  200 | 5000 |  100 | 0.36842105 |1585328973605 |     138 |   139.0 | 0,72 | mscp61.txt |9,7e+02 |
| 8 |    1 | 5000 |   35 |       0.25 |1585329941102 |     138 |   190.0 |37,68 | mscp61.txt |0,033 |
| 8 |  100 | 5000 |   35 | 0.37142858 |1585329941102 |     138 |   163.0 |18,12 | mscp61.txt |  7,5 |
| 8 |  200 | 5000 |   35 |       0.45 |1585329941102 |     138 |   156.0 |13,04 | mscp61.txt |   16 |
| 8 |  300 | 5000 |   35 |       0.45 |1585329941102 |     138 |   153.0 |10,87 | mscp61.txt |   25 |
| 8 |  400 | 5000 |   35 |       0.45 |1585329941102 |     138 |   151.0 | 9,42 | mscp61.txt |   32 |
| 8 |  500 | 5000 |   35 |       0.45 |1585329941102 |     138 |   149.0 | 7,97 | mscp61.txt |   40 |
| 8 |  600 | 5000 |   40 |       0.45 |1585329941102 |     138 |   147.0 | 6,52 | mscp61.txt |   50 |
| 8 |  700 | 5000 |   40 |      0.325 |1585329941102 |     138 |   147.0 | 6,52 | mscp61.txt |   58 |
| 8 |  800 | 5000 |   40 |        0.3 |1585329941102 |     138 |   144.0 | 4,35 | mscp61.txt |   64 |
| 8 |  900 | 5000 |   40 |       0.45 |1585329941102 |     138 |   142.0 | 2,90 | mscp61.txt |   72 |
| 8 | 1000 | 5000 |   45 |       0.45 |1585329941102 |     138 |   142.0 | 2,90 | mscp61.txt |   82 |
| 8 | 1100 | 5000 |   45 |       0.45 |1585329941102 |     138 |   142.0 | 2,90 | mscp61.txt |   92 |
| 8 | 1200 | 5000 |   45 |       0.45 |1585329941102 |     138 |   141.0 | 2,17 | mscp61.txt |1,0e+02 |
| 8 | 1300 | 5000 |   45 |       0.45 |1585329941102 |     138 |   141.0 | 2,17 | mscp61.txt |1,1e+02 |
| 8 | 1400 | 5000 |   50 |       0.44 |1585329941102 |     138 |   141.0 | 2,17 | mscp61.txt |1,2e+02 |
| 8 | 1500 | 5000 |   50 |       0.45 |1585329941102 |     138 |   141.0 | 2,17 | mscp61.txt |1,3e+02 |
| 8 | 1600 | 5000 |   50 |       0.45 |1585329941102 |     138 |   141.0 | 2,17 | mscp61.txt |1,4e+02 |
| 8 | 1700 | 5000 |   50 |       0.45 |1585329941102 |     138 |   141.0 | 2,17 | mscp61.txt |1,5e+02 |
| 8 | 1800 | 5000 |   55 |       0.45 |1585329941102 |     138 |   141.0 | 2,17 | mscp61.txt |1,6e+02 |
| 8 | 1900 | 5000 |   55 |       0.45 |1585329941102 |     138 |   141.0 | 2,17 | mscp61.txt |1,8e+02 |
| 8 | 2000 | 5000 |   55 |       0.45 |1585329941102 |     138 |   141.0 | 2,17 | mscp61.txt |1,8e+02 |
| 8 | 2100 | 5000 |   55 |       0.45 |1585329941102 |     138 |   141.0 | 2,17 | mscp61.txt |1,9e+02 |
| 8 | 2200 | 5000 |   60 |       0.45 |1585329941102 |     138 |   141.0 | 2,17 | mscp61.txt |2,1e+02 |
| 8 | 2300 | 5000 |   60 |       0.45 |1585329941102 |     138 |   141.0 | 2,17 | mscp61.txt |2,2e+02 |
| 8 | 2400 | 5000 |   60 |       0.45 |1585329941102 |     138 |   141.0 | 2,17 | mscp61.txt |2,3e+02 |
| 8 | 2500 | 5000 |   60 |       0.45 |1585329941102 |     138 |   141.0 | 2,17 | mscp61.txt |2,4e+02 |
| 8 | 2600 | 5000 |   65 |       0.45 |1585329941102 |     138 |   141.0 | 2,17 | mscp61.txt |2,5e+02 |
| 8 | 2700 | 5000 |   65 |       0.45 |1585329941102 |     138 |   141.0 | 2,17 | mscp61.txt |2,6e+02 |
| 8 | 2800 | 5000 |   65 |       0.45 |1585329941102 |     138 |   141.0 | 2,17 | mscp61.txt |2,7e+02 |
| 8 | 2900 | 5000 |   65 |       0.45 |1585329941102 |     138 |   141.0 | 2,17 | mscp61.txt |2,9e+02 |
| 8 | 3000 | 5000 |   70 |       0.45 |1585329941102 |     138 |   141.0 | 2,17 | mscp61.txt |3,0e+02 |
| 8 | 3100 | 5000 |   70 |       0.45 |1585329941102 |     138 |   141.0 | 2,17 | mscp61.txt |3,1e+02 |
| 8 | 3200 | 5000 |   70 |       0.45 |1585329941102 |     138 |   141.0 | 2,17 | mscp61.txt |3,2e+02 |
| 8 | 3300 | 5000 |   70 |       0.45 |1585329941102 |     138 |   141.0 | 2,17 | mscp61.txt |3,3e+02 |
| 8 | 3400 | 5000 |   75 |       0.45 |1585329941102 |     138 |   141.0 | 2,17 | mscp61.txt |3,4e+02 |
| 8 | 3500 | 5000 |   75 |       0.45 |1585329941102 |     138 |   141.0 | 2,17 | mscp61.txt |3,5e+02 |
| 8 | 3600 | 5000 |   75 |       0.45 |1585329941102 |     138 |   141.0 | 2,17 | mscp61.txt |3,6e+02 |
| 8 | 3700 | 5000 |   75 |       0.45 |1585329941102 |     138 |   141.0 | 2,17 | mscp61.txt |3,7e+02 |
| 8 | 3800 | 5000 |   80 |       0.45 |1585329941102 |     138 |   141.0 | 2,17 | mscp61.txt |3,8e+02 |
| 8 | 3900 | 5000 |   80 |       0.45 |1585329941102 |     138 |   141.0 | 2,17 | mscp61.txt |4,0e+02 |
| 8 | 4000 | 5000 |   80 |       0.45 |1585329941102 |     138 |   141.0 | 2,17 | mscp61.txt |4,1e+02 |
| 8 | 4100 | 5000 |   80 |       0.45 |1585329941102 |     138 |   141.0 | 2,17 | mscp61.txt |4,2e+02 |
| 8 | 4200 | 5000 |   85 |       0.45 |1585329941102 |     138 |   141.0 | 2,17 | mscp61.txt |4,4e+02 |
| 8 | 4300 | 5000 |   85 |       0.45 |1585329941102 |     138 |   141.0 | 2,17 | mscp61.txt |4,5e+02 |
| 8 | 4400 | 5000 |   85 |       0.45 |1585329941102 |     138 |   141.0 | 2,17 | mscp61.txt |4,6e+02 |
| 8 | 4500 | 5000 |   85 |       0.45 |1585329941102 |     138 |   141.0 | 2,17 | mscp61.txt |4,7e+02 |
| 8 | 4600 | 5000 |   90 |       0.45 |1585329941102 |     138 |   141.0 | 2,17 | mscp61.txt |4,9e+02 |
| 8 | 4700 | 5000 |   90 |       0.45 |1585329941102 |     138 |   141.0 | 2,17 | mscp61.txt |5,0e+02 |
| 8 | 4800 | 5000 |   90 |       0.45 |1585329941102 |     138 |   141.0 | 2,17 | mscp61.txt |5,1e+02 |
| 8 | 4900 | 5000 |   90 |       0.45 |1585329941102 |     138 |   141.0 | 2,17 | mscp61.txt |5,2e+02 |
| 8 | 5000 | 5000 |   95 |       0.45 |1585329941102 |     138 |   141.0 | 2,17 | mscp61.txt |5,4e+02 |
| 8 |  200 | 5000 |   95 |       0.45 |1585329941102 |     138 |   141.0 | 2,17 | mscp61.txt |5,4e+02 |
| 9 |    1 | 5000 |   35 |       0.25 |1585330484165 |     138 |   211.0 |52,90 | mscp61.txt |0,024 |
| 9 |  100 | 5000 |   35 | 0.31428573 |1585330484165 |     138 |   181.0 |31,16 | mscp61.txt |  7,1 |
| 9 |  200 | 5000 |   35 |       0.45 |1585330484165 |     138 |   153.0 |10,87 | mscp61.txt |   15 |
| 9 |  300 | 5000 |   35 |       0.45 |1585330484165 |     138 |   150.0 | 8,70 | mscp61.txt |   23 |
| 9 |  400 | 5000 |   40 |       0.45 |1585330484165 |     138 |   149.0 | 7,97 | mscp61.txt |   34 |
| 9 |  500 | 5000 |   40 |       0.45 |1585330484165 |     138 |   147.0 | 6,52 | mscp61.txt |   44 |
| 9 |  600 | 5000 |   40 |       0.45 |1585330484165 |     138 |   143.0 | 3,62 | mscp61.txt |   55 |
| 9 |  700 | 5000 |   40 |       0.45 |1585330484165 |     138 |   143.0 | 3,62 | mscp61.txt |   65 |
| 9 |  800 | 5000 |   45 |       0.45 |1585330484165 |     138 |   143.0 | 3,62 | mscp61.txt |   79 |
| 9 |  900 | 5000 |   45 |       0.45 |1585330484165 |     138 |   143.0 | 3,62 | mscp61.txt |   90 |
| 9 | 1000 | 5000 |   45 |       0.45 |1585330484165 |     138 |   143.0 | 3,62 | mscp61.txt |1,0e+02 |
| 9 | 1100 | 5000 |   45 | 0.44444445 |1585330484165 |     138 |   143.0 | 3,62 | mscp61.txt |1,2e+02 |
| 9 | 1200 | 5000 |   50 |       0.45 |1585330484165 |     138 |   143.0 | 3,62 | mscp61.txt |1,3e+02 |
| 9 | 1300 | 5000 |   50 |       0.42 |1585330484165 |     138 |   143.0 | 3,62 | mscp61.txt |1,4e+02 |
| 9 | 1400 | 5000 |   50 |       0.42 |1585330484165 |     138 |   143.0 | 3,62 | mscp61.txt |1,6e+02 |
| 9 | 1500 | 5000 |   50 |       0.44 |1585330484165 |     138 |   143.0 | 3,62 | mscp61.txt |1,7e+02 |
| 9 | 1600 | 5000 |   55 |       0.45 |1585330484165 |     138 |   143.0 | 3,62 | mscp61.txt |1,8e+02 |
| 9 | 1700 | 5000 |   55 |       0.45 |1585330484165 |     138 |   143.0 | 3,62 | mscp61.txt |2,0e+02 |
| 9 | 1800 | 5000 |   55 | 0.43636364 |1585330484165 |     138 |   143.0 | 3,62 | mscp61.txt |2,2e+02 |
| 9 | 1900 | 5000 |   55 |       0.45 |1585330484165 |     138 |   143.0 | 3,62 | mscp61.txt |2,3e+02 |
| 9 | 2000 | 5000 |   60 | 0.43333334 |1585330484165 |     138 |   143.0 | 3,62 | mscp61.txt |2,5e+02 |
| 9 | 2100 | 5000 |   60 | 0.43333334 |1585330484165 |     138 |   143.0 | 3,62 | mscp61.txt |2,7e+02 |
| 9 | 2200 | 5000 |   60 |       0.45 |1585330484165 |     138 |   143.0 | 3,62 | mscp61.txt |2,8e+02 |
| 9 | 2300 | 5000 |   60 | 0.41666666 |1585330484165 |     138 |   143.0 | 3,62 | mscp61.txt |3,0e+02 |
| 9 | 2400 | 5000 |   65 |       0.45 |1585330484165 |     138 |   143.0 | 3,62 | mscp61.txt |3,1e+02 |
| 9 | 2500 | 5000 |   65 |       0.45 |1585330484165 |     138 |   143.0 | 3,62 | mscp61.txt |3,2e+02 |
| 9 | 2600 | 5000 |   65 |       0.45 |1585330484165 |     138 |   143.0 | 3,62 | mscp61.txt |3,4e+02 |
| 9 | 2700 | 5000 |   65 |       0.45 |1585330484165 |     138 |   143.0 | 3,62 | mscp61.txt |3,5e+02 |
| 9 | 2800 | 5000 |   70 |       0.45 |1585330484165 |     138 |   143.0 | 3,62 | mscp61.txt |3,6e+02 |
| 9 | 2900 | 5000 |   70 |       0.45 |1585330484165 |     138 |   143.0 | 3,62 | mscp61.txt |3,7e+02 |
| 9 | 3000 | 5000 |   70 |       0.45 |1585330484165 |     138 |   141.0 | 2,17 | mscp61.txt |3,9e+02 |
| 9 | 3100 | 5000 |   70 |       0.45 |1585330484165 |     138 |   141.0 | 2,17 | mscp61.txt |4,0e+02 |
| 9 | 3200 | 5000 |   75 |       0.45 |1585330484165 |     138 |   141.0 | 2,17 | mscp61.txt |4,2e+02 |
| 9 | 3300 | 5000 |   75 |       0.45 |1585330484165 |     138 |   141.0 | 2,17 | mscp61.txt |4,3e+02 |
| 9 | 3400 | 5000 |   75 |       0.45 |1585330484165 |     138 |   141.0 | 2,17 | mscp61.txt |4,5e+02 |
| 9 | 3500 | 5000 |   75 |       0.45 |1585330484165 |     138 |   141.0 | 2,17 | mscp61.txt |4,6e+02 |
| 9 | 3600 | 5000 |   80 |       0.45 |1585330484165 |     138 |   141.0 | 2,17 | mscp61.txt |4,8e+02 |
| 9 | 3700 | 5000 |   80 |       0.45 |1585330484165 |     138 |   141.0 | 2,17 | mscp61.txt |5,0e+02 |
| 9 | 3800 | 5000 |   80 |       0.45 |1585330484165 |     138 |   141.0 | 2,17 | mscp61.txt |5,2e+02 |
| 9 | 3900 | 5000 |   80 |       0.45 |1585330484165 |     138 |   141.0 | 2,17 | mscp61.txt |5,3e+02 |
| 9 | 4000 | 5000 |   85 |       0.45 |1585330484165 |     138 |   141.0 | 2,17 | mscp61.txt |5,5e+02 |
| 9 | 4100 | 5000 |   85 |       0.45 |1585330484165 |     138 |   141.0 | 2,17 | mscp61.txt |5,7e+02 |
| 9 | 4200 | 5000 |   85 |       0.45 |1585330484165 |     138 |   141.0 | 2,17 | mscp61.txt |5,9e+02 |
| 9 | 4300 | 5000 |   85 |       0.45 |1585330484165 |     138 |   141.0 | 2,17 | mscp61.txt |6,1e+02 |
| 9 | 4400 | 5000 |   90 |       0.45 |1585330484165 |     138 |   141.0 | 2,17 | mscp61.txt |6,4e+02 |
| 9 | 4500 | 5000 |   90 |       0.45 |1585330484165 |     138 |   141.0 | 2,17 | mscp61.txt |6,6e+02 |
| 9 | 4600 | 5000 |   90 |       0.45 |1585330484165 |     138 |   141.0 | 2,17 | mscp61.txt |6,8e+02 |
| 9 | 4700 | 5000 |   90 |       0.45 |1585330484165 |     138 |   141.0 | 2,17 | mscp61.txt |7,0e+02 |
| 9 | 4800 | 5000 |   95 |       0.45 |1585330484165 |     138 |   141.0 | 2,17 | mscp61.txt |7,2e+02 |
| 9 | 4900 | 5000 |   95 |       0.45 |1585330484165 |     138 |   141.0 | 2,17 | mscp61.txt |7,4e+02 |
| 9 | 5000 | 5000 |   95 |       0.45 |1585330484165 |     138 |   141.0 | 2,17 | mscp61.txt |7,7e+02 |
| 9 |  200 | 5000 |   95 |       0.45 |1585330484165 |     138 |   141.0 | 2,17 | mscp61.txt |7,7e+02 |
|10 |    1 | 5000 |   35 |       0.25 |1585331249374 |     138 |   203.0 |47,10 | mscp61.txt |0,020 |
|10 |  100 | 5000 |   35 | 0.42857143 |1585331249374 |     138 |   159.0 |15,22 | mscp61.txt |  6,8 |
|10 |  200 | 5000 |   35 | 0.22857143 |1585331249374 |     138 |   146.0 | 5,80 | mscp61.txt |   14 |
|10 |  300 | 5000 |   40 |       0.45 |1585331249374 |     138 |   146.0 | 5,80 | mscp61.txt |   26 |
|10 |  400 | 5000 |   40 |        0.4 |1585331249374 |     138 |   145.0 | 5,07 | mscp61.txt |   35 |
|10 |  500 | 5000 |   40 |      0.425 |1585331249374 |     138 |   143.0 | 3,62 | mscp61.txt |   46 |
|10 |  600 | 5000 |   40 |      0.425 |1585331249374 |     138 |   143.0 | 3,62 | mscp61.txt |   56 |
|10 |  700 | 5000 |   45 |       0.45 |1585331249374 |     138 |   143.0 | 3,62 | mscp61.txt |   69 |
|10 |  800 | 5000 |   45 |       0.45 |1585331249374 |     138 |   142.0 | 2,90 | mscp61.txt |   81 |
|10 |  900 | 5000 |   45 |       0.45 |1585331249374 |     138 |   142.0 | 2,90 | mscp61.txt |   93 |
|10 | 1000 | 5000 |   45 |       0.45 |1585331249374 |     138 |   142.0 | 2,90 | mscp61.txt |1,1e+02 |
|10 | 1100 | 5000 |   50 |       0.44 |1585331249374 |     138 |   142.0 | 2,90 | mscp61.txt |1,2e+02 |
|10 | 1200 | 5000 |   50 |       0.44 |1585331249374 |     138 |   142.0 | 2,90 | mscp61.txt |1,4e+02 |
|10 | 1300 | 5000 |   50 |       0.45 |1585331249374 |     138 |   142.0 | 2,90 | mscp61.txt |1,5e+02 |
|10 | 1400 | 5000 |   50 |       0.45 |1585331249374 |     138 |   142.0 | 2,90 | mscp61.txt |1,7e+02 |
|10 | 1500 | 5000 |   55 |       0.45 |1585331249374 |     138 |   141.0 | 2,17 | mscp61.txt |1,8e+02 |
|10 | 1600 | 5000 |   55 |       0.45 |1585331249374 |     138 |   141.0 | 2,17 | mscp61.txt |2,0e+02 |
|10 | 1700 | 5000 |   55 |       0.45 |1585331249374 |     138 |   141.0 | 2,17 | mscp61.txt |2,2e+02 |
|10 | 1800 | 5000 |   55 |       0.45 |1585331249374 |     138 |   141.0 | 2,17 | mscp61.txt |2,3e+02 |
|10 | 1900 | 5000 |   60 |       0.45 |1585331249374 |     138 |   141.0 | 2,17 | mscp61.txt |2,5e+02 |
|10 | 2000 | 5000 |   60 |       0.45 |1585331249374 |     138 |   141.0 | 2,17 | mscp61.txt |2,7e+02 |
|10 | 2100 | 5000 |   60 |       0.45 |1585331249374 |     138 |   140.0 | 1,45 | mscp61.txt |2,9e+02 |
|10 | 2200 | 5000 |   60 |       0.45 |1585331249374 |     138 |   140.0 | 1,45 | mscp61.txt |3,1e+02 |
|10 | 2300 | 5000 |   65 |       0.45 |1585331249374 |     138 |   140.0 | 1,45 | mscp61.txt |3,3e+02 |
|10 | 2400 | 5000 |   65 |       0.45 |1585331249374 |     138 |   140.0 | 1,45 | mscp61.txt |3,5e+02 |
|10 | 2500 | 5000 |   65 |       0.45 |1585331249374 |     138 |   140.0 | 1,45 | mscp61.txt |3,7e+02 |
|10 | 2600 | 5000 |   65 |       0.45 |1585331249374 |     138 |   140.0 | 1,45 | mscp61.txt |3,9e+02 |
|10 | 2700 | 5000 |   70 |       0.45 |1585331249374 |     138 |   140.0 | 1,45 | mscp61.txt |4,1e+02 |
|10 | 2800 | 5000 |   70 |       0.45 |1585331249374 |     138 |   140.0 | 1,45 | mscp61.txt |4,3e+02 |
|10 | 2900 | 5000 |   70 |       0.45 |1585331249374 |     138 |   140.0 | 1,45 | mscp61.txt |4,6e+02 |
|10 | 3000 | 5000 |   70 |       0.45 |1585331249374 |     138 |   140.0 | 1,45 | mscp61.txt |4,8e+02 |
|10 | 3100 | 5000 |   75 |       0.45 |1585331249374 |     138 |   140.0 | 1,45 | mscp61.txt |5,0e+02 |
|10 | 3200 | 5000 |   75 |       0.45 |1585331249374 |     138 |   140.0 | 1,45 | mscp61.txt |5,2e+02 |
|10 | 3300 | 5000 |   75 |       0.45 |1585331249374 |     138 |   140.0 | 1,45 | mscp61.txt |5,5e+02 |
|10 | 3400 | 5000 |   75 |       0.45 |1585331249374 |     138 |   140.0 | 1,45 | mscp61.txt |5,7e+02 |
|10 | 3500 | 5000 |   80 |     0.4375 |1585331249374 |     138 |   140.0 | 1,45 | mscp61.txt |5,9e+02 |
|10 | 3600 | 5000 |   80 |     0.4375 |1585331249374 |     138 |   140.0 | 1,45 | mscp61.txt |6,2e+02 |
|10 | 3700 | 5000 |   80 |     0.4375 |1585331249374 |     138 |   140.0 | 1,45 | mscp61.txt |6,5e+02 |
|10 | 3800 | 5000 |   80 |     0.4375 |1585331249374 |     138 |   140.0 | 1,45 | mscp61.txt |6,7e+02 |
|10 | 3900 | 5000 |   85 |  0.4117647 |1585331249374 |     138 |   140.0 | 1,45 | mscp61.txt |7,0e+02 |
|10 | 4000 | 5000 |   85 |  0.4117647 |1585331249374 |     138 |   140.0 | 1,45 | mscp61.txt |7,3e+02 |
|10 | 4100 | 5000 |   85 |  0.4117647 |1585331249374 |     138 |   140.0 | 1,45 | mscp61.txt |7,5e+02 |
|10 | 4200 | 5000 |   85 |  0.4117647 |1585331249374 |     138 |   140.0 | 1,45 | mscp61.txt |7,8e+02 |
|10 | 4300 | 5000 |   90 |  0.3888889 |1585331249374 |     138 |   140.0 | 1,45 | mscp61.txt |8,1e+02 |
|10 | 4400 | 5000 |   90 |  0.3888889 |1585331249374 |     138 |   140.0 | 1,45 | mscp61.txt |8,4e+02 |
|10 | 4500 | 5000 |   90 |  0.3888889 |1585331249374 |     138 |   140.0 | 1,45 | mscp61.txt |8,7e+02 |
|10 | 4600 | 5000 |   90 |  0.3888889 |1585331249374 |     138 |   140.0 | 1,45 | mscp61.txt |8,9e+02 |
|10 | 4700 | 5000 |   95 | 0.36842105 |1585331249374 |     138 |   140.0 | 1,45 | mscp61.txt |9,3e+02 |
|10 | 4800 | 5000 |   95 | 0.36842105 |1585331249374 |     138 |   140.0 | 1,45 | mscp61.txt |9,6e+02 |
|10 | 4900 | 5000 |   95 | 0.36842105 |1585331249374 |     138 |   140.0 | 1,45 | mscp61.txt |9,9e+02 |
|10 | 5000 | 5000 |   95 | 0.36842105 |1585331249374 |     138 |   140.0 | 1,45 | mscp61.txt |1,0e+03 |
|10 |  200 | 5000 |  100 | 0.36842105 |1585331249374 |     138 |   140.0 | 1,45 | mscp61.txt |1,0e+03 |
|11 |    1 | 5000 |   35 |       0.25 |1585332269516 |     138 |   214.0 |55,07 | mscp61.txt |0,023 |
|11 |  100 | 5000 |   35 |       0.45 |1585332269516 |     138 |   166.0 |20,29 | mscp61.txt |  7,0 |
|11 |  200 | 5000 |   35 |       0.45 |1585332269516 |     138 |   166.0 |20,29 | mscp61.txt |   15 |
|11 |  300 | 5000 |   35 |       0.45 |1585332269516 |     138 |   166.0 |20,29 | mscp61.txt |   25 |
|11 |  400 | 5000 |   35 | 0.42857143 |1585332269516 |     138 |   166.0 |20,29 | mscp61.txt |   35 |
|11 |  500 | 5000 |   40 |       0.45 |1585332269516 |     138 |   143.0 | 3,62 | mscp61.txt |   44 |
|11 |  600 | 5000 |   40 |      0.375 |1585332269516 |     138 |   142.0 | 2,90 | mscp61.txt |   54 |
|11 |  700 | 5000 |   40 |      0.375 |1585332269516 |     138 |   141.0 | 2,17 | mscp61.txt |   64 |
|11 |  800 | 5000 |   40 |       0.35 |1585332269516 |     138 |   141.0 | 2,17 | mscp61.txt |   75 |
|11 |  900 | 5000 |   45 | 0.42222223 |1585332269516 |     138 |   141.0 | 2,17 | mscp61.txt |   88 |
|11 | 1000 | 5000 |   45 | 0.37777779 |1585332269516 |     138 |   141.0 | 2,17 | mscp61.txt |1,0e+02 |
|11 | 1100 | 5000 |   45 |        0.4 |1585332269516 |     138 |   140.0 | 1,45 | mscp61.txt |1,1e+02 |
|11 | 1200 | 5000 |   45 |        0.4 |1585332269516 |     138 |   140.0 | 1,45 | mscp61.txt |1,3e+02 |
|11 | 1300 | 5000 |   50 |       0.36 |1585332269516 |     138 |   139.0 | 0,72 | mscp61.txt |1,4e+02 |
|11 | 1400 | 5000 |   50 |       0.38 |1585332269516 |     138 |   139.0 | 0,72 | mscp61.txt |1,5e+02 |
|11 | 1500 | 5000 |   50 |       0.38 |1585332269516 |     138 |   139.0 | 0,72 | mscp61.txt |1,7e+02 |
|11 | 1600 | 5000 |   50 |        0.4 |1585332269516 |     138 |   139.0 | 0,72 | mscp61.txt |1,8e+02 |
|11 | 1700 | 5000 |   55 |  0.4181818 |1585332269516 |     138 |   139.0 | 0,72 | mscp61.txt |2,0e+02 |
|11 | 1800 | 5000 |   55 |  0.4181818 |1585332269516 |     138 |   139.0 | 0,72 | mscp61.txt |2,2e+02 |
|11 | 1900 | 5000 |   55 |  0.4181818 |1585332269516 |     138 |   139.0 | 0,72 | mscp61.txt |2,3e+02 |
|11 | 2000 | 5000 |   55 | 0.36363637 |1585332269516 |     138 |   139.0 | 0,72 | mscp61.txt |2,5e+02 |
|11 |  200 | 5000 |   60 | 0.36363637 |1585332269516 |     138 |   138.0 | 0,00 | mscp61.txt |2,6e+02 |
|12 |    1 | 5000 |   35 |       0.25 |1585332531895 |     138 |   210.0 |52,17 | mscp61.txt |0,051 |
|12 |  100 | 5000 |   35 | 0.42857143 |1585332531895 |     138 |   162.0 |17,39 | mscp61.txt |  6,5 |
|12 |  200 | 5000 |   35 | 0.31428573 |1585332531895 |     138 |   158.0 |14,49 | mscp61.txt |   14 |
|12 |  300 | 5000 |   35 | 0.37142858 |1585332531895 |     138 |   147.0 | 6,52 | mscp61.txt |   22 |
|12 |  400 | 5000 |   35 |        0.4 |1585332531895 |     138 |   147.0 | 6,52 | mscp61.txt |   30 |
|12 |  500 | 5000 |   40 |       0.45 |1585332531895 |     138 |   147.0 | 6,52 | mscp61.txt |   42 |
|12 |  600 | 5000 |   40 |       0.45 |1585332531895 |     138 |   145.0 | 5,07 | mscp61.txt |   52 |
|12 |  700 | 5000 |   40 |       0.45 |1585332531895 |     138 |   145.0 | 5,07 | mscp61.txt |   61 |
|12 |  800 | 5000 |   40 |       0.45 |1585332531895 |     138 |   145.0 | 5,07 | mscp61.txt |   71 |
|12 |  900 | 5000 |   45 |       0.45 |1585332531895 |     138 |   145.0 | 5,07 | mscp61.txt |   82 |
|12 | 1000 | 5000 |   45 |       0.45 |1585332531895 |     138 |   144.0 | 4,35 | mscp61.txt |   94 |
|12 | 1100 | 5000 |   45 |       0.45 |1585332531895 |     138 |   144.0 | 4,35 | mscp61.txt |1,1e+02 |
|12 | 1200 | 5000 |   45 |       0.45 |1585332531895 |     138 |   144.0 | 4,35 | mscp61.txt |1,2e+02 |
|12 | 1300 | 5000 |   50 |       0.45 |1585332531895 |     138 |   144.0 | 4,35 | mscp61.txt |1,3e+02 |
|12 | 1400 | 5000 |   50 |       0.45 |1585332531895 |     138 |   144.0 | 4,35 | mscp61.txt |1,5e+02 |
|12 | 1500 | 5000 |   50 |       0.45 |1585332531895 |     138 |   144.0 | 4,35 | mscp61.txt |1,6e+02 |
|12 | 1600 | 5000 |   50 |       0.45 |1585332531895 |     138 |   144.0 | 4,35 | mscp61.txt |1,8e+02 |
|12 | 1700 | 5000 |   55 |       0.45 |1585332531895 |     138 |   142.0 | 2,90 | mscp61.txt |1,9e+02 |
|12 | 1800 | 5000 |   55 |       0.45 |1585332531895 |     138 |   142.0 | 2,90 | mscp61.txt |2,1e+02 |
|12 | 1900 | 5000 |   55 |       0.45 |1585332531895 |     138 |   142.0 | 2,90 | mscp61.txt |2,3e+02 |
|12 | 2000 | 5000 |   55 |       0.45 |1585332531895 |     138 |   142.0 | 2,90 | mscp61.txt |2,4e+02 |
|12 | 2100 | 5000 |   60 |       0.45 |1585332531895 |     138 |   142.0 | 2,90 | mscp61.txt |2,6e+02 |
|12 | 2200 | 5000 |   60 |       0.45 |1585332531895 |     138 |   142.0 | 2,90 | mscp61.txt |2,8e+02 |
|12 | 2300 | 5000 |   60 |       0.45 |1585332531895 |     138 |   142.0 | 2,90 | mscp61.txt |3,0e+02 |
|12 | 2400 | 5000 |   60 |       0.45 |1585332531895 |     138 |   142.0 | 2,90 | mscp61.txt |3,2e+02 |
|12 | 2500 | 5000 |   65 |       0.45 |1585332531895 |     138 |   142.0 | 2,90 | mscp61.txt |3,5e+02 |
|12 | 2600 | 5000 |   65 |       0.45 |1585332531895 |     138 |   142.0 | 2,90 | mscp61.txt |3,7e+02 |
|12 | 2700 | 5000 |   65 |       0.45 |1585332531895 |     138 |   142.0 | 2,90 | mscp61.txt |3,9e+02 |
|12 | 2800 | 5000 |   65 |       0.45 |1585332531895 |     138 |   142.0 | 2,90 | mscp61.txt |4,1e+02 |
|12 | 2900 | 5000 |   70 |       0.45 |1585332531895 |     138 |   142.0 | 2,90 | mscp61.txt |4,3e+02 |
|12 | 3000 | 5000 |   70 |       0.45 |1585332531895 |     138 |   142.0 | 2,90 | mscp61.txt |4,6e+02 |
|12 | 3100 | 5000 |   70 |       0.45 |1585332531895 |     138 |   142.0 | 2,90 | mscp61.txt |4,9e+02 |
|12 | 3200 | 5000 |   70 |       0.45 |1585332531895 |     138 |   142.0 | 2,90 | mscp61.txt |5,1e+02 |
|12 | 3300 | 5000 |   75 |       0.45 |1585332531895 |     138 |   142.0 | 2,90 | mscp61.txt |5,4e+02 |
|12 | 3400 | 5000 |   75 |       0.45 |1585332531895 |     138 |   142.0 | 2,90 | mscp61.txt |5,7e+02 |
|12 | 3500 | 5000 |   75 |       0.45 |1585332531895 |     138 |   142.0 | 2,90 | mscp61.txt |5,9e+02 |
|12 | 3600 | 5000 |   75 |       0.45 |1585332531895 |     138 |   142.0 | 2,90 | mscp61.txt |6,2e+02 |
|12 | 3700 | 5000 |   80 |     0.4375 |1585332531895 |     138 |   142.0 | 2,90 | mscp61.txt |6,5e+02 |
|12 | 3800 | 5000 |   80 |     0.4375 |1585332531895 |     138 |   142.0 | 2,90 | mscp61.txt |6,8e+02 |
|12 | 3900 | 5000 |   80 |     0.4375 |1585332531895 |     138 |   142.0 | 2,90 | mscp61.txt |7,1e+02 |
|12 | 4000 | 5000 |   80 |     0.4375 |1585332531895 |     138 |   142.0 | 2,90 | mscp61.txt |7,4e+02 |
|12 | 4100 | 5000 |   85 |  0.4117647 |1585332531895 |     138 |   142.0 | 2,90 | mscp61.txt |7,8e+02 |
|12 | 4200 | 5000 |   85 |  0.4117647 |1585332531895 |     138 |   142.0 | 2,90 | mscp61.txt |8,1e+02 |
|12 | 4300 | 5000 |   85 |  0.4117647 |1585332531895 |     138 |   142.0 | 2,90 | mscp61.txt |8,4e+02 |
|12 | 4400 | 5000 |   85 |  0.4117647 |1585332531895 |     138 |   142.0 | 2,90 | mscp61.txt |8,6e+02 |
|12 | 4500 | 5000 |   90 |  0.3888889 |1585332531895 |     138 |   142.0 | 2,90 | mscp61.txt |8,9e+02 |
|12 | 4600 | 5000 |   90 |  0.3888889 |1585332531895 |     138 |   142.0 | 2,90 | mscp61.txt |9,3e+02 |
|12 | 4700 | 5000 |   90 |  0.3888889 |1585332531895 |     138 |   142.0 | 2,90 | mscp61.txt |9,6e+02 |
|12 | 4800 | 5000 |   90 |  0.3888889 |1585332531895 |     138 |   142.0 | 2,90 | mscp61.txt |9,9e+02 |
|12 | 4900 | 5000 |   95 | 0.36842105 |1585332531895 |     138 |   141.0 | 2,17 | mscp61.txt |1,0e+03 |
|12 | 5000 | 5000 |   95 | 0.36842105 |1585332531895 |     138 |   141.0 | 2,17 | mscp61.txt |1,1e+03 |
|12 |  200 | 5000 |   95 | 0.36842105 |1585332531895 |     138 |   141.0 | 2,17 | mscp61.txt |1,1e+03 |
|13 |    1 | 5000 |   35 |       0.25 |1585333595829 |     138 |   196.0 |42,03 | mscp61.txt |0,017 |
|13 |  100 | 5000 |   35 | 0.31428573 |1585333595829 |     138 |   166.0 |20,29 | mscp61.txt |  9,6 |
|13 |  200 | 5000 |   35 | 0.37142858 |1585333595829 |     138 |   166.0 |20,29 | mscp61.txt |   19 |
|13 |  300 | 5000 |   40 |       0.45 |1585333595829 |     138 |   157.0 |13,77 | mscp61.txt |   31 |
|13 |  400 | 5000 |   40 |       0.45 |1585333595829 |     138 |   149.0 | 7,97 | mscp61.txt |   45 |
|13 |  500 | 5000 |   40 |       0.45 |1585333595829 |     138 |   148.0 | 7,25 | mscp61.txt |   55 |
|13 |  600 | 5000 |   40 |       0.45 |1585333595829 |     138 |   148.0 | 7,25 | mscp61.txt |   66 |
|13 |  700 | 5000 |   45 |       0.45 |1585333595829 |     138 |   148.0 | 7,25 | mscp61.txt |   82 |
|13 |  800 | 5000 |   45 |       0.45 |1585333595829 |     138 |   147.0 | 6,52 | mscp61.txt |1,0e+02 |
|13 |  900 | 5000 |   45 |       0.45 |1585333595829 |     138 |   147.0 | 6,52 | mscp61.txt |1,1e+02 |
|13 | 1000 | 5000 |   45 |       0.45 |1585333595829 |     138 |   146.0 | 5,80 | mscp61.txt |1,3e+02 |
|13 | 1100 | 5000 |   50 |       0.45 |1585333595829 |     138 |   143.0 | 3,62 | mscp61.txt |1,4e+02 |
|13 | 1200 | 5000 |   50 |       0.45 |1585333595829 |     138 |   143.0 | 3,62 | mscp61.txt |1,6e+02 |
|13 | 1300 | 5000 |   50 |       0.45 |1585333595829 |     138 |   143.0 | 3,62 | mscp61.txt |1,8e+02 |
|13 | 1400 | 5000 |   50 |       0.45 |1585333595829 |     138 |   143.0 | 3,62 | mscp61.txt |1,9e+02 |
|13 | 1500 | 5000 |   55 |       0.45 |1585333595829 |     138 |   143.0 | 3,62 | mscp61.txt |2,1e+02 |
|13 | 1600 | 5000 |   55 |       0.45 |1585333595829 |     138 |   143.0 | 3,62 | mscp61.txt |2,3e+02 |
|13 | 1700 | 5000 |   55 |       0.45 |1585333595829 |     138 |   143.0 | 3,62 | mscp61.txt |2,5e+02 |
|13 | 1800 | 5000 |   55 |       0.45 |1585333595829 |     138 |   143.0 | 3,62 | mscp61.txt |2,6e+02 |
|13 | 1900 | 5000 |   60 |       0.45 |1585333595829 |     138 |   143.0 | 3,62 | mscp61.txt |2,8e+02 |
|13 | 2000 | 5000 |   60 |       0.45 |1585333595829 |     138 |   143.0 | 3,62 | mscp61.txt |3,0e+02 |
|13 | 2100 | 5000 |   60 |       0.45 |1585333595829 |     138 |   143.0 | 3,62 | mscp61.txt |3,2e+02 |
|13 | 2200 | 5000 |   60 |       0.45 |1585333595829 |     138 |   143.0 | 3,62 | mscp61.txt |3,4e+02 |
|13 | 2300 | 5000 |   65 | 0.43076923 |1585333595829 |     138 |   143.0 | 3,62 | mscp61.txt |3,6e+02 |
|13 | 2400 | 5000 |   65 | 0.43076923 |1585333595829 |     138 |   143.0 | 3,62 | mscp61.txt |3,8e+02 |
|13 | 2500 | 5000 |   65 | 0.43076923 |1585333595829 |     138 |   143.0 | 3,62 | mscp61.txt |4,0e+02 |
|13 | 2600 | 5000 |   65 | 0.43076923 |1585333595829 |     138 |   143.0 | 3,62 | mscp61.txt |4,3e+02 |
|13 | 2700 | 5000 |   70 | 0.41428572 |1585333595829 |     138 |   143.0 | 3,62 | mscp61.txt |4,5e+02 |
|13 | 2800 | 5000 |   70 |       0.45 |1585333595829 |     138 |   143.0 | 3,62 | mscp61.txt |4,7e+02 |
|13 | 2900 | 5000 |   70 |       0.45 |1585333595829 |     138 |   143.0 | 3,62 | mscp61.txt |4,8e+02 |
|13 | 3000 | 5000 |   70 |       0.45 |1585333595829 |     138 |   143.0 | 3,62 | mscp61.txt |4,9e+02 |
|13 | 3100 | 5000 |   75 |       0.45 |1585333595829 |     138 |   143.0 | 3,62 | mscp61.txt |5,0e+02 |
|13 | 3200 | 5000 |   75 |       0.45 |1585333595829 |     138 |   143.0 | 3,62 | mscp61.txt |5,1e+02 |
|13 | 3300 | 5000 |   75 | 0.29333332 |1585333595829 |     138 |   143.0 | 3,62 | mscp61.txt |5,1e+02 |
|13 | 3400 | 5000 |   75 | 0.29333332 |1585333595829 |     138 |   143.0 | 3,62 | mscp61.txt |5,2e+02 |
|13 | 3500 | 5000 |   80 |       0.45 |1585333595829 |     138 |   143.0 | 3,62 | mscp61.txt |5,3e+02 |
|13 | 3600 | 5000 |   80 |       0.45 |1585333595829 |     138 |   143.0 | 3,62 | mscp61.txt |5,4e+02 |
|13 | 3700 | 5000 |   80 |       0.45 |1585333595829 |     138 |   143.0 | 3,62 | mscp61.txt |5,5e+02 |
|13 | 3800 | 5000 |   80 |       0.45 |1585333595829 |     138 |   143.0 | 3,62 | mscp61.txt |5,6e+02 |
|13 | 3900 | 5000 |   85 |       0.45 |1585333595829 |     138 |   143.0 | 3,62 | mscp61.txt |5,7e+02 |
|13 | 4000 | 5000 |   85 |       0.45 |1585333595829 |     138 |   143.0 | 3,62 | mscp61.txt |5,8e+02 |
|13 | 4100 | 5000 |   85 |       0.45 |1585333595829 |     138 |   143.0 | 3,62 | mscp61.txt |5,9e+02 |
|13 | 4200 | 5000 |   85 |       0.45 |1585333595829 |     138 |   143.0 | 3,62 | mscp61.txt |6,0e+02 |
|13 | 4300 | 5000 |   90 |       0.45 |1585333595829 |     138 |   143.0 | 3,62 | mscp61.txt |6,1e+02 |
|13 | 4400 | 5000 |   90 |       0.45 |1585333595829 |     138 |   143.0 | 3,62 | mscp61.txt |6,3e+02 |
|13 | 4500 | 5000 |   90 |       0.45 |1585333595829 |     138 |   143.0 | 3,62 | mscp61.txt |6,4e+02 |
|13 | 4600 | 5000 |   90 |       0.45 |1585333595829 |     138 |   143.0 | 3,62 | mscp61.txt |6,5e+02 |
|13 | 4700 | 5000 |   95 |       0.45 |1585333595829 |     138 |   143.0 | 3,62 | mscp61.txt |6,6e+02 |
|13 | 4800 | 5000 |   95 |       0.45 |1585333595829 |     138 |   143.0 | 3,62 | mscp61.txt |6,8e+02 |
|13 | 4900 | 5000 |   95 |       0.45 |1585333595829 |     138 |   143.0 | 3,62 | mscp61.txt |6,9e+02 |
|13 | 5000 | 5000 |   95 |       0.45 |1585333595829 |     138 |   143.0 | 3,62 | mscp61.txt |7,1e+02 |
|13 |  200 | 5000 |  100 |       0.45 |1585333595829 |     138 |   143.0 | 3,62 | mscp61.txt |7,1e+02 |
|14 |    1 | 5000 |   35 |       0.25 |1585334300964 |     138 |   229.0 |65,94 | mscp61.txt |0,026 |
|14 |  100 | 5000 |   35 |        0.4 |1585334300964 |     138 |   171.0 |23,91 | mscp61.txt |  7,3 |
|14 |  200 | 5000 |   35 |       0.45 |1585334300964 |     138 |   165.0 |19,57 | mscp61.txt |   20 |
|14 |  300 | 5000 |   35 | 0.42857143 |1585334300964 |     138 |   160.0 |15,94 | mscp61.txt |   28 |
|14 |  400 | 5000 |   35 | 0.42857143 |1585334300964 |     138 |   155.0 |12,32 | mscp61.txt |   38 |
|14 |  500 | 5000 |   40 |       0.45 |1585334300964 |     138 |   144.0 | 4,35 | mscp61.txt |   49 |
|14 |  600 | 5000 |   40 |       0.45 |1585334300964 |     138 |   142.0 | 2,90 | mscp61.txt |   62 |
|14 |  700 | 5000 |   40 |       0.45 |1585334300964 |     138 |   142.0 | 2,90 | mscp61.txt |   75 |
|14 |  800 | 5000 |   40 |       0.45 |1585334300964 |     138 |   141.0 | 2,17 | mscp61.txt |   85 |
|14 |  900 | 5000 |   45 |       0.45 |1585334300964 |     138 |   141.0 | 2,17 | mscp61.txt |1,0e+02 |
|14 | 1000 | 5000 |   45 |       0.45 |1585334300964 |     138 |   141.0 | 2,17 | mscp61.txt |1,1e+02 |
|14 | 1100 | 5000 |   45 |       0.45 |1585334300964 |     138 |   141.0 | 2,17 | mscp61.txt |1,3e+02 |
|14 | 1200 | 5000 |   45 |       0.45 |1585334300964 |     138 |   141.0 | 2,17 | mscp61.txt |1,4e+02 |
|14 | 1300 | 5000 |   50 |       0.45 |1585334300964 |     138 |   141.0 | 2,17 | mscp61.txt |1,5e+02 |
|14 | 1400 | 5000 |   50 |       0.45 |1585334300964 |     138 |   141.0 | 2,17 | mscp61.txt |1,7e+02 |
|14 | 1500 | 5000 |   50 |       0.45 |1585334300964 |     138 |   141.0 | 2,17 | mscp61.txt |1,8e+02 |
|14 | 1600 | 5000 |   50 |       0.45 |1585334300964 |     138 |   141.0 | 2,17 | mscp61.txt |2,0e+02 |
|14 | 1700 | 5000 |   55 |       0.45 |1585334300964 |     138 |   141.0 | 2,17 | mscp61.txt |2,2e+02 |
|14 | 1800 | 5000 |   55 |  0.4181818 |1585334300964 |     138 |   141.0 | 2,17 | mscp61.txt |2,3e+02 |
|14 | 1900 | 5000 |   55 |  0.4181818 |1585334300964 |     138 |   141.0 | 2,17 | mscp61.txt |2,4e+02 |
|14 | 2000 | 5000 |   55 |  0.4181818 |1585334300964 |     138 |   141.0 | 2,17 | mscp61.txt |2,6e+02 |
|14 | 2100 | 5000 |   60 |       0.45 |1585334300964 |     138 |   141.0 | 2,17 | mscp61.txt |2,7e+02 |
|14 | 2200 | 5000 |   60 |       0.45 |1585334300964 |     138 |   141.0 | 2,17 | mscp61.txt |2,9e+02 |
|14 | 2300 | 5000 |   60 | 0.43333334 |1585334300964 |     138 |   141.0 | 2,17 | mscp61.txt |3,0e+02 |
|14 |  200 | 5000 |   60 | 0.43333334 |1585334300964 |     138 |   138.0 | 0,00 | mscp61.txt |3,1e+02 |
|15 |    1 | 5000 |   35 |       0.25 |1585334613151 |     138 |   206.0 |49,28 | mscp61.txt |0,059 |
|15 |  100 | 5000 |   35 |       0.45 |1585334613151 |     138 |   158.0 |14,49 | mscp61.txt |  8,8 |
|15 |  200 | 5000 |   40 |       0.45 |1585334613151 |     138 |   148.0 | 7,25 | mscp61.txt |   19 |
|15 |  300 | 5000 |   40 |       0.45 |1585334613151 |     138 |   148.0 | 7,25 | mscp61.txt |   31 |
|15 |  400 | 5000 |   40 |       0.45 |1585334613151 |     138 |   146.0 | 5,80 | mscp61.txt |   47 |
|15 |  500 | 5000 |   40 |       0.45 |1585334613151 |     138 |   144.0 | 4,35 | mscp61.txt |   58 |
|15 |  600 | 5000 |   45 |       0.45 |1585334613151 |     138 |   144.0 | 4,35 | mscp61.txt |   71 |
|15 |  700 | 5000 |   45 |       0.45 |1585334613151 |     138 |   142.0 | 2,90 | mscp61.txt |   84 |
|15 |  800 | 5000 |   45 |       0.45 |1585334613151 |     138 |   142.0 | 2,90 | mscp61.txt |1,0e+02 |
|15 |  900 | 5000 |   45 |       0.45 |1585334613151 |     138 |   142.0 | 2,90 | mscp61.txt |1,1e+02 |
|15 | 1000 | 5000 |   50 |       0.45 |1585334613151 |     138 |   142.0 | 2,90 | mscp61.txt |1,3e+02 |
|15 | 1100 | 5000 |   50 |       0.45 |1585334613151 |     138 |   140.0 | 1,45 | mscp61.txt |1,5e+02 |
|15 | 1200 | 5000 |   50 |       0.45 |1585334613151 |     138 |   140.0 | 1,45 | mscp61.txt |1,7e+02 |
|15 | 1300 | 5000 |   50 |       0.45 |1585334613151 |     138 |   140.0 | 1,45 | mscp61.txt |1,8e+02 |
|15 | 1400 | 5000 |   55 |       0.45 |1585334613151 |     138 |   140.0 | 1,45 | mscp61.txt |2,0e+02 |
|15 | 1500 | 5000 |   55 |       0.45 |1585334613151 |     138 |   140.0 | 1,45 | mscp61.txt |2,2e+02 |
|15 | 1600 | 5000 |   55 |       0.45 |1585334613151 |     138 |   140.0 | 1,45 | mscp61.txt |2,4e+02 |
|15 | 1700 | 5000 |   55 |       0.45 |1585334613151 |     138 |   140.0 | 1,45 | mscp61.txt |2,5e+02 |
|15 | 1800 | 5000 |   60 |       0.45 |1585334613151 |     138 |   140.0 | 1,45 | mscp61.txt |2,7e+02 |
|15 | 1900 | 5000 |   60 |       0.45 |1585334613151 |     138 |   140.0 | 1,45 | mscp61.txt |2,9e+02 |
|15 | 2000 | 5000 |   60 |       0.45 |1585334613151 |     138 |   140.0 | 1,45 | mscp61.txt |3,1e+02 |
|15 | 2100 | 5000 |   60 |       0.45 |1585334613151 |     138 |   140.0 | 1,45 | mscp61.txt |3,3e+02 |
|15 | 2200 | 5000 |   65 | 0.43076923 |1585334613151 |     138 |   140.0 | 1,45 | mscp61.txt |3,5e+02 |
|15 | 2300 | 5000 |   65 |       0.45 |1585334613151 |     138 |   140.0 | 1,45 | mscp61.txt |3,7e+02 |
|15 | 2400 | 5000 |   65 | 0.43076923 |1585334613151 |     138 |   140.0 | 1,45 | mscp61.txt |4,0e+02 |
|15 | 2500 | 5000 |   65 | 0.43076923 |1585334613151 |     138 |   140.0 | 1,45 | mscp61.txt |4,2e+02 |
|15 | 2600 | 5000 |   70 |        0.4 |1585334613151 |     138 |   140.0 | 1,45 | mscp61.txt |4,4e+02 |
|15 | 2700 | 5000 |   70 | 0.44285715 |1585334613151 |     138 |   140.0 | 1,45 | mscp61.txt |4,6e+02 |
|15 | 2800 | 5000 |   70 | 0.44285715 |1585334613151 |     138 |   140.0 | 1,45 | mscp61.txt |4,8e+02 |
|15 | 2900 | 5000 |   70 | 0.44285715 |1585334613151 |     138 |   140.0 | 1,45 | mscp61.txt |5,1e+02 |
|15 | 3000 | 5000 |   75 | 0.41333333 |1585334613151 |     138 |   140.0 | 1,45 | mscp61.txt |5,4e+02 |
|15 | 3100 | 5000 |   75 | 0.41333333 |1585334613151 |     138 |   140.0 | 1,45 | mscp61.txt |5,7e+02 |
|15 | 3200 | 5000 |   75 | 0.41333333 |1585334613151 |     138 |   140.0 | 1,45 | mscp61.txt |5,9e+02 |
|15 | 3300 | 5000 |   75 | 0.42666668 |1585334613151 |     138 |   140.0 | 1,45 | mscp61.txt |6,1e+02 |
|15 | 3400 | 5000 |   80 |        0.4 |1585334613151 |     138 |   140.0 | 1,45 | mscp61.txt |6,4e+02 |
|15 | 3500 | 5000 |   80 |        0.4 |1585334613151 |     138 |   140.0 | 1,45 | mscp61.txt |6,7e+02 |
|15 | 3600 | 5000 |   80 |        0.4 |1585334613151 |     138 |   140.0 | 1,45 | mscp61.txt |7,0e+02 |
|15 | 3700 | 5000 |   80 |        0.4 |1585334613151 |     138 |   140.0 | 1,45 | mscp61.txt |7,2e+02 |
|15 | 3800 | 5000 |   85 |  0.3764706 |1585334613151 |     138 |   140.0 | 1,45 | mscp61.txt |7,5e+02 |
|15 | 3900 | 5000 |   85 |  0.3764706 |1585334613151 |     138 |   140.0 | 1,45 | mscp61.txt |7,8e+02 |
|15 | 4000 | 5000 |   85 |  0.3764706 |1585334613151 |     138 |   140.0 | 1,45 | mscp61.txt |8,0e+02 |
|15 | 4100 | 5000 |   85 |  0.3764706 |1585334613151 |     138 |   140.0 | 1,45 | mscp61.txt |8,3e+02 |
|15 | 4200 | 5000 |   90 |  0.3888889 |1585334613151 |     138 |   140.0 | 1,45 | mscp61.txt |8,7e+02 |
|15 | 4300 | 5000 |   90 |  0.3888889 |1585334613151 |     138 |   140.0 | 1,45 | mscp61.txt |9,0e+02 |
|15 | 4400 | 5000 |   90 |  0.3888889 |1585334613151 |     138 |   140.0 | 1,45 | mscp61.txt |9,4e+02 |
|15 | 4500 | 5000 |   90 | 0.35555556 |1585334613151 |     138 |   140.0 | 1,45 | mscp61.txt |9,7e+02 |
|15 | 4600 | 5000 |   95 | 0.36842105 |1585334613151 |     138 |   140.0 | 1,45 | mscp61.txt |1,0e+03 |
|15 | 4700 | 5000 |   95 | 0.36842105 |1585334613151 |     138 |   140.0 | 1,45 | mscp61.txt |1,0e+03 |
|15 | 4800 | 5000 |   95 | 0.36842105 |1585334613151 |     138 |   140.0 | 1,45 | mscp61.txt |1,1e+03 |
|15 | 4900 | 5000 |   95 | 0.36842105 |1585334613151 |     138 |   140.0 | 1,45 | mscp61.txt |1,1e+03 |
|15 | 5000 | 5000 |  100 |       0.35 |1585334613151 |     138 |   140.0 | 1,45 | mscp61.txt |1,1e+03 |
|15 |  200 | 5000 |  100 |       0.35 |1585334613151 |     138 |   140.0 | 1,45 | mscp61.txt |1,1e+03 |
