| # |    #ITER | #IterMAX | Nest |      %Desc |      semilla | BestFit |GottedFit |  RDP |  instancia | time |
-------------------------------------------------------------------------------------------------
| 1 |    1 | 5000 |   35 |       0.25 |1585550640363 |      15 |  2232.0 |14780,00 |mscpnrf2.txt |0,0050 |
| 1 |  100 | 5000 |   35 |       0.45 |1585550640363 |      15 |  1851.0 |12240,00 |mscpnrf2.txt | 0,49 |
| 1 |  200 | 5000 |   35 | 0.37142858 |1585550640363 |      15 |  1715.0 |11333,33 |mscpnrf2.txt | 0,88 |
| 1 |  300 | 5000 |   40 |       0.45 |1585550640363 |      15 |    17.0 |13,33 |mscpnrf2.txt |   51 |
| 1 |  400 | 5000 |   40 |       0.45 |1585550640363 |      15 |    17.0 |13,33 |mscpnrf2.txt |1,6e+02 |
| 1 |  500 | 5000 |   40 |      0.375 |1585550640363 |      15 |    16.0 | 6,67 |mscpnrf2.txt |2,7e+02 |
| 1 |  600 | 5000 |   40 |      0.275 |1585550640363 |      15 |    16.0 | 6,67 |mscpnrf2.txt |4,0e+02 |
| 1 |  700 | 5000 |   45 | 0.26666668 |1585550640363 |      15 |    15.0 | 0,00 |mscpnrf2.txt |5,4e+02 |
| 1 |  500 | 5000 |   45 | 0.26666668 |1585550640363 |      15 |    15.0 | 0,00 |mscpnrf2.txt |5,4e+02 |
| 2 |    1 | 5000 |   35 |       0.25 |1585551183486 |      15 |  2266.0 |15006,67 |mscpnrf2.txt |0,0090 |
| 2 |  100 | 5000 |   35 | 0.42857143 |1585551183486 |      15 |  1935.0 |12800,00 |mscpnrf2.txt | 0,57 |
| 2 |  200 | 5000 |   35 |        0.4 |1585551183486 |      15 |  1697.0 |11213,33 |mscpnrf2.txt |  1,1 |
| 2 |  300 | 5000 |   35 | 0.31428573 |1585551183486 |      15 |  1583.0 |10453,33 |mscpnrf2.txt |  1,6 |
| 2 |  400 | 5000 |   35 | 0.37142858 |1585551183486 |      15 |  1473.0 |9720,00 |mscpnrf2.txt |  2,1 |
| 2 |  500 | 5000 |   40 |      0.425 |1585551183486 |      15 |    17.0 |13,33 |mscpnrf2.txt |   65 |
| 2 |  600 | 5000 |   40 |      0.325 |1585551183486 |      15 |    17.0 |13,33 |mscpnrf2.txt |1,8e+02 |
| 2 |  700 | 5000 |   40 |      0.275 |1585551183486 |      15 |    17.0 |13,33 |mscpnrf2.txt |3,0e+02 |
| 2 |  800 | 5000 |   40 |      0.375 |1585551183486 |      15 |    17.0 |13,33 |mscpnrf2.txt |3,6e+02 |
| 2 |  900 | 5000 |   45 | 0.33333334 |1585551183486 |      15 |    17.0 |13,33 |mscpnrf2.txt |4,5e+02 |
| 2 | 1000 | 5000 |   45 | 0.33333334 |1585551183486 |      15 |    17.0 |13,33 |mscpnrf2.txt |5,4e+02 |
| 2 | 1100 | 5000 |   45 | 0.33333334 |1585551183486 |      15 |    17.0 |13,33 |mscpnrf2.txt |6,3e+02 |
| 2 | 1200 | 5000 |   45 | 0.33333334 |1585551183486 |      15 |    17.0 |13,33 |mscpnrf2.txt |7,2e+02 |
| 2 | 1300 | 5000 |   50 |       0.32 |1585551183486 |      15 |    17.0 |13,33 |mscpnrf2.txt |8,3e+02 |
| 2 | 1400 | 5000 |   50 |       0.32 |1585551183486 |      15 |    17.0 |13,33 |mscpnrf2.txt |9,4e+02 |
| 2 | 1500 | 5000 |   50 |       0.32 |1585551183486 |      15 |    17.0 |13,33 |mscpnrf2.txt |1,0e+03 |
| 2 | 1600 | 5000 |   50 |       0.32 |1585551183486 |      15 |    17.0 |13,33 |mscpnrf2.txt |1,2e+03 |
| 2 | 1700 | 5000 |   55 |  0.3272727 |1585551183486 |      15 |    17.0 |13,33 |mscpnrf2.txt |1,3e+03 |
| 2 | 1800 | 5000 |   55 |  0.3272727 |1585551183486 |      15 |    17.0 |13,33 |mscpnrf2.txt |1,4e+03 |
| 2 | 1900 | 5000 |   55 | 0.34545454 |1585551183486 |      15 |    17.0 |13,33 |mscpnrf2.txt |1,5e+03 |
| 2 | 2000 | 5000 |   55 |       0.45 |1585551183486 |      15 |    17.0 |13,33 |mscpnrf2.txt |1,6e+03 |
| 2 | 2100 | 5000 |   60 |       0.45 |1585551183486 |      15 |    17.0 |13,33 |mscpnrf2.txt |1,7e+03 |
| 2 | 2200 | 5000 |   60 |       0.45 |1585551183486 |      15 |    17.0 |13,33 |mscpnrf2.txt |1,8e+03 |
| 2 | 2300 | 5000 |   60 |       0.45 |1585551183486 |      15 |    17.0 |13,33 |mscpnrf2.txt |1,9e+03 |
| 2 | 2400 | 5000 |   60 |       0.45 |1585551183486 |      15 |    17.0 |13,33 |mscpnrf2.txt |1,9e+03 |
| 2 | 2500 | 5000 |   65 |       0.45 |1585551183486 |      15 |    17.0 |13,33 |mscpnrf2.txt |2,0e+03 |
| 2 | 2600 | 5000 |   65 |       0.45 |1585551183486 |      15 |    17.0 |13,33 |mscpnrf2.txt |2,1e+03 |
| 2 | 2700 | 5000 |   65 |       0.45 |1585551183486 |      15 |    17.0 |13,33 |mscpnrf2.txt |2,2e+03 |
| 2 | 2800 | 5000 |   65 |       0.45 |1585551183486 |      15 |    16.0 | 6,67 |mscpnrf2.txt |2,3e+03 |
| 2 | 2900 | 5000 |   70 |       0.45 |1585551183486 |      15 |    16.0 | 6,67 |mscpnrf2.txt |2,4e+03 |
| 2 | 3000 | 5000 |   70 |       0.45 |1585551183486 |      15 |    16.0 | 6,67 |mscpnrf2.txt |2,5e+03 |
| 2 | 3100 | 5000 |   70 |       0.45 |1585551183486 |      15 |    16.0 | 6,67 |mscpnrf2.txt |2,6e+03 |
| 2 | 3200 | 5000 |   70 |       0.45 |1585551183486 |      15 |    16.0 | 6,67 |mscpnrf2.txt |2,7e+03 |
| 2 | 3300 | 5000 |   75 |       0.44 |1585551183486 |      15 |    16.0 | 6,67 |mscpnrf2.txt |2,8e+03 |
| 2 | 3400 | 5000 |   75 |       0.44 |1585551183486 |      15 |    16.0 | 6,67 |mscpnrf2.txt |2,9e+03 |
| 2 | 3500 | 5000 |   75 |       0.44 |1585551183486 |      15 |    16.0 | 6,67 |mscpnrf2.txt |3,1e+03 |
| 2 | 3600 | 5000 |   75 |       0.44 |1585551183486 |      15 |    16.0 | 6,67 |mscpnrf2.txt |3,2e+03 |
| 2 | 3700 | 5000 |   80 |     0.4125 |1585551183486 |      15 |    16.0 | 6,67 |mscpnrf2.txt |3,3e+03 |
| 2 | 3800 | 5000 |   80 |     0.4125 |1585551183486 |      15 |    16.0 | 6,67 |mscpnrf2.txt |3,4e+03 |
| 2 | 3900 | 5000 |   80 |     0.4125 |1585551183486 |      15 |    16.0 | 6,67 |mscpnrf2.txt |3,6e+03 |
| 2 | 4000 | 5000 |   80 |     0.4125 |1585551183486 |      15 |    16.0 | 6,67 |mscpnrf2.txt |3,7e+03 |
| 2 | 4100 | 5000 |   85 |  0.3882353 |1585551183486 |      15 |    16.0 | 6,67 |mscpnrf2.txt |3,9e+03 |
| 2 | 4200 | 5000 |   85 |  0.3882353 |1585551183486 |      15 |    16.0 | 6,67 |mscpnrf2.txt |4,0e+03 |
| 2 | 4300 | 5000 |   85 |  0.3882353 |1585551183486 |      15 |    16.0 | 6,67 |mscpnrf2.txt |4,1e+03 |
| 2 | 4400 | 5000 |   85 |  0.3882353 |1585551183486 |      15 |    16.0 | 6,67 |mscpnrf2.txt |4,3e+03 |
| 2 | 4500 | 5000 |   90 | 0.36666667 |1585551183486 |      15 |    16.0 | 6,67 |mscpnrf2.txt |4,5e+03 |
| 2 | 4600 | 5000 |   90 | 0.36666667 |1585551183486 |      15 |    16.0 | 6,67 |mscpnrf2.txt |4,6e+03 |
| 2 | 4700 | 5000 |   90 | 0.36666667 |1585551183486 |      15 |    16.0 | 6,67 |mscpnrf2.txt |4,8e+03 |
| 2 | 4800 | 5000 |   90 | 0.36666667 |1585551183486 |      15 |    16.0 | 6,67 |mscpnrf2.txt |4,9e+03 |
| 2 | 4900 | 5000 |   95 | 0.36842105 |1585551183486 |      15 |    16.0 | 6,67 |mscpnrf2.txt |5,1e+03 |
| 2 | 5000 | 5000 |   95 |       0.45 |1585551183486 |      15 |    16.0 | 6,67 |mscpnrf2.txt |5,2e+03 |
| 2 |  500 | 5000 |   95 |       0.45 |1585551183486 |      15 |    16.0 | 6,67 |mscpnrf2.txt |5,2e+03 |
| 3 |    1 | 5000 |   35 |       0.25 |1585556394408 |      15 |  2258.0 |14953,33 |mscpnrf2.txt |0,0060 |
| 3 |  100 | 5000 |   35 |       0.45 |1585556394408 |      15 |  1908.0 |12620,00 |mscpnrf2.txt | 0,44 |
| 3 |  200 | 5000 |   35 | 0.34285715 |1585556394408 |      15 |  1801.0 |11906,67 |mscpnrf2.txt | 0,86 |
| 3 |  300 | 5000 |   40 |       0.45 |1585556394408 |      15 |    17.0 |13,33 |mscpnrf2.txt |   50 |
| 3 |  400 | 5000 |   40 |      0.375 |1585556394408 |      15 |    16.0 | 6,67 |mscpnrf2.txt |1,5e+02 |
| 3 |  500 | 5000 |   40 |      0.325 |1585556394408 |      15 |    16.0 | 6,67 |mscpnrf2.txt |2,5e+02 |
| 3 |  600 | 5000 |   40 |       0.25 |1585556394408 |      15 |    16.0 | 6,67 |mscpnrf2.txt |3,6e+02 |
| 3 |  700 | 5000 |   45 | 0.24444444 |1585556394408 |      15 |    16.0 | 6,67 |mscpnrf2.txt |5,0e+02 |
| 3 |  800 | 5000 |   45 | 0.37777779 |1585556394408 |      15 |    16.0 | 6,67 |mscpnrf2.txt |5,7e+02 |
| 3 |  900 | 5000 |   45 | 0.37777779 |1585556394408 |      15 |    16.0 | 6,67 |mscpnrf2.txt |6,4e+02 |
| 3 | 1000 | 5000 |   45 | 0.37777779 |1585556394408 |      15 |    16.0 | 6,67 |mscpnrf2.txt |7,2e+02 |
| 3 | 1100 | 5000 |   50 |       0.34 |1585556394408 |      15 |    16.0 | 6,67 |mscpnrf2.txt |8,1e+02 |
| 3 | 1200 | 5000 |   50 |       0.34 |1585556394408 |      15 |    16.0 | 6,67 |mscpnrf2.txt |9,0e+02 |
| 3 | 1300 | 5000 |   50 |       0.34 |1585556394408 |      15 |    16.0 | 6,67 |mscpnrf2.txt |9,9e+02 |
| 3 | 1400 | 5000 |   50 |       0.34 |1585556394408 |      15 |    16.0 | 6,67 |mscpnrf2.txt |1,1e+03 |
| 3 | 1500 | 5000 |   55 |  0.3090909 |1585556394408 |      15 |    16.0 | 6,67 |mscpnrf2.txt |1,2e+03 |
| 3 | 1600 | 5000 |   55 |  0.3090909 |1585556394408 |      15 |    16.0 | 6,67 |mscpnrf2.txt |1,3e+03 |
| 3 | 1700 | 5000 |   55 |  0.3090909 |1585556394408 |      15 |    16.0 | 6,67 |mscpnrf2.txt |1,4e+03 |
| 3 | 1800 | 5000 |   55 |  0.3272727 |1585556394408 |      15 |    16.0 | 6,67 |mscpnrf2.txt |1,5e+03 |
| 3 | 1900 | 5000 |   60 | 0.31666666 |1585556394408 |      15 |    16.0 | 6,67 |mscpnrf2.txt |1,6e+03 |
| 3 | 2000 | 5000 |   60 | 0.31666666 |1585556394408 |      15 |    16.0 | 6,67 |mscpnrf2.txt |1,7e+03 |
| 3 | 2100 | 5000 |   60 | 0.31666666 |1585556394408 |      15 |    16.0 | 6,67 |mscpnrf2.txt |1,9e+03 |
| 3 | 2200 | 5000 |   60 | 0.31666666 |1585556394408 |      15 |    16.0 | 6,67 |mscpnrf2.txt |2,0e+03 |
| 3 | 2300 | 5000 |   65 | 0.30769232 |1585556394408 |      15 |    16.0 | 6,67 |mscpnrf2.txt |2,1e+03 |
| 3 | 2400 | 5000 |   65 | 0.33846155 |1585556394408 |      15 |    16.0 | 6,67 |mscpnrf2.txt |2,3e+03 |
| 3 | 2500 | 5000 |   65 |       0.45 |1585556394408 |      15 |    16.0 | 6,67 |mscpnrf2.txt |2,3e+03 |
| 3 | 2600 | 5000 |   65 |       0.45 |1585556394408 |      15 |    16.0 | 6,67 |mscpnrf2.txt |2,4e+03 |
| 3 | 2700 | 5000 |   70 |       0.45 |1585556394408 |      15 |    16.0 | 6,67 |mscpnrf2.txt |2,5e+03 |
| 3 | 2800 | 5000 |   70 |       0.45 |1585556394408 |      15 |    16.0 | 6,67 |mscpnrf2.txt |2,6e+03 |
| 3 | 2900 | 5000 |   70 |       0.45 |1585556394408 |      15 |    16.0 | 6,67 |mscpnrf2.txt |2,6e+03 |
| 3 | 3000 | 5000 |   70 |       0.45 |1585556394408 |      15 |    16.0 | 6,67 |mscpnrf2.txt |2,7e+03 |
| 3 | 3100 | 5000 |   75 |       0.45 |1585556394408 |      15 |    16.0 | 6,67 |mscpnrf2.txt |2,8e+03 |
| 3 | 3200 | 5000 |   75 |       0.45 |1585556394408 |      15 |    16.0 | 6,67 |mscpnrf2.txt |2,9e+03 |
| 3 | 3300 | 5000 |   75 |       0.45 |1585556394408 |      15 |    16.0 | 6,67 |mscpnrf2.txt |3,0e+03 |
| 3 | 3400 | 5000 |   75 |       0.45 |1585556394408 |      15 |    16.0 | 6,67 |mscpnrf2.txt |3,1e+03 |
| 3 | 3500 | 5000 |   80 |       0.45 |1585556394408 |      15 |    16.0 | 6,67 |mscpnrf2.txt |3,2e+03 |
| 3 | 3600 | 5000 |   80 |       0.45 |1585556394408 |      15 |    16.0 | 6,67 |mscpnrf2.txt |3,3e+03 |
| 3 | 3700 | 5000 |   80 |       0.45 |1585556394408 |      15 |    16.0 | 6,67 |mscpnrf2.txt |3,5e+03 |
| 3 | 3800 | 5000 |   80 |       0.45 |1585556394408 |      15 |    16.0 | 6,67 |mscpnrf2.txt |3,6e+03 |
| 3 | 3900 | 5000 |   85 |       0.45 |1585556394408 |      15 |    16.0 | 6,67 |mscpnrf2.txt |3,7e+03 |
| 3 | 4000 | 5000 |   85 |       0.45 |1585556394408 |      15 |    16.0 | 6,67 |mscpnrf2.txt |3,8e+03 |
| 3 | 4100 | 5000 |   85 |       0.45 |1585556394408 |      15 |    16.0 | 6,67 |mscpnrf2.txt |4,0e+03 |
| 3 | 4200 | 5000 |   85 |       0.45 |1585556394408 |      15 |    16.0 | 6,67 |mscpnrf2.txt |4,1e+03 |
| 3 | 4300 | 5000 |   90 | 0.43333334 |1585556394408 |      15 |    16.0 | 6,67 |mscpnrf2.txt |4,2e+03 |
| 3 | 4400 | 5000 |   90 | 0.43333334 |1585556394408 |      15 |    16.0 | 6,67 |mscpnrf2.txt |4,4e+03 |
| 3 | 4500 | 5000 |   90 | 0.43333334 |1585556394408 |      15 |    16.0 | 6,67 |mscpnrf2.txt |4,5e+03 |
| 3 | 4600 | 5000 |   90 | 0.43333334 |1585556394408 |      15 |    16.0 | 6,67 |mscpnrf2.txt |4,7e+03 |
| 3 | 4700 | 5000 |   95 |  0.4105263 |1585556394408 |      15 |    16.0 | 6,67 |mscpnrf2.txt |4,8e+03 |
| 3 | 4800 | 5000 |   95 |  0.4105263 |1585556394408 |      15 |    16.0 | 6,67 |mscpnrf2.txt |5,0e+03 |
| 3 | 4900 | 5000 |   95 |  0.4105263 |1585556394408 |      15 |    16.0 | 6,67 |mscpnrf2.txt |5,2e+03 |
| 3 | 5000 | 5000 |   95 |  0.4105263 |1585556394408 |      15 |    16.0 | 6,67 |mscpnrf2.txt |5,3e+03 |
| 3 |  500 | 5000 |  100 |  0.4105263 |1585556394408 |      15 |    16.0 | 6,67 |mscpnrf2.txt |5,3e+03 |
| 4 |    1 | 5000 |   35 |       0.25 |1585561708717 |      15 |  2263.0 |14986,67 |mscpnrf2.txt |0,0060 |
| 4 |  100 | 5000 |   35 |       0.45 |1585561708717 |      15 |  1922.0 |12713,33 |mscpnrf2.txt | 0,42 |
| 4 |  200 | 5000 |   35 |        0.4 |1585561708717 |      15 |  1800.0 |11900,00 |mscpnrf2.txt | 0,83 |
| 4 |  300 | 5000 |   35 | 0.31428573 |1585561708717 |      15 |  1674.0 |11060,00 |mscpnrf2.txt |  1,3 |
| 4 |  400 | 5000 |   35 | 0.42857143 |1585561708717 |      15 |  1513.0 |9986,67 |mscpnrf2.txt |  1,7 |
| 4 |  500 | 5000 |   40 |       0.45 |1585561708717 |      15 |    18.0 |20,00 |mscpnrf2.txt |   58 |
| 4 |  600 | 5000 |   40 |      0.375 |1585561708717 |      15 |    17.0 |13,33 |mscpnrf2.txt |1,6e+02 |
| 4 |  700 | 5000 |   40 |        0.4 |1585561708717 |      15 |    17.0 |13,33 |mscpnrf2.txt |2,8e+02 |
| 4 |  800 | 5000 |   40 |        0.3 |1585561708717 |      15 |    17.0 |13,33 |mscpnrf2.txt |3,6e+02 |
| 4 |  900 | 5000 |   45 | 0.26666668 |1585561708717 |      15 |    17.0 |13,33 |mscpnrf2.txt |4,4e+02 |
| 4 | 1000 | 5000 |   45 | 0.26666668 |1585561708717 |      15 |    17.0 |13,33 |mscpnrf2.txt |5,3e+02 |
| 4 | 1100 | 5000 |   45 | 0.26666668 |1585561708717 |      15 |    17.0 |13,33 |mscpnrf2.txt |6,2e+02 |
| 4 | 1200 | 5000 |   45 | 0.26666668 |1585561708717 |      15 |    17.0 |13,33 |mscpnrf2.txt |7,1e+02 |
| 4 | 1300 | 5000 |   50 |       0.26 |1585561708717 |      15 |    17.0 |13,33 |mscpnrf2.txt |8,2e+02 |
| 4 | 1400 | 5000 |   50 |       0.28 |1585561708717 |      15 |    17.0 |13,33 |mscpnrf2.txt |9,3e+02 |
| 4 | 1500 | 5000 |   50 |       0.28 |1585561708717 |      15 |    17.0 |13,33 |mscpnrf2.txt |1,0e+03 |
| 4 | 1600 | 5000 |   50 |        0.3 |1585561708717 |      15 |    17.0 |13,33 |mscpnrf2.txt |1,1e+03 |
| 4 | 1700 | 5000 |   55 |       0.45 |1585561708717 |      15 |    17.0 |13,33 |mscpnrf2.txt |1,2e+03 |
| 4 | 1800 | 5000 |   55 |       0.45 |1585561708717 |      15 |    17.0 |13,33 |mscpnrf2.txt |1,3e+03 |
| 4 | 1900 | 5000 |   55 |       0.45 |1585561708717 |      15 |    17.0 |13,33 |mscpnrf2.txt |1,3e+03 |
| 4 | 2000 | 5000 |   55 |       0.45 |1585561708717 |      15 |    17.0 |13,33 |mscpnrf2.txt |1,4e+03 |
| 4 | 2100 | 5000 |   60 |       0.45 |1585561708717 |      15 |    17.0 |13,33 |mscpnrf2.txt |1,5e+03 |
| 4 | 2200 | 5000 |   60 |       0.45 |1585561708717 |      15 |    17.0 |13,33 |mscpnrf2.txt |1,6e+03 |
| 4 | 2300 | 5000 |   60 |       0.45 |1585561708717 |      15 |    17.0 |13,33 |mscpnrf2.txt |1,7e+03 |
| 4 | 2400 | 5000 |   60 |       0.45 |1585561708717 |      15 |    17.0 |13,33 |mscpnrf2.txt |1,7e+03 |
| 4 | 2500 | 5000 |   65 |       0.45 |1585561708717 |      15 |    17.0 |13,33 |mscpnrf2.txt |1,9e+03 |
| 4 | 2600 | 5000 |   65 |       0.45 |1585561708717 |      15 |    17.0 |13,33 |mscpnrf2.txt |2,0e+03 |
| 4 | 2700 | 5000 |   65 |       0.45 |1585561708717 |      15 |    17.0 |13,33 |mscpnrf2.txt |2,0e+03 |
| 4 | 2800 | 5000 |   65 |       0.45 |1585561708717 |      15 |    17.0 |13,33 |mscpnrf2.txt |2,1e+03 |
| 4 | 2900 | 5000 |   70 | 0.42857143 |1585561708717 |      15 |    17.0 |13,33 |mscpnrf2.txt |2,3e+03 |
| 4 | 3000 | 5000 |   70 |       0.45 |1585561708717 |      15 |    17.0 |13,33 |mscpnrf2.txt |2,3e+03 |
| 4 | 3100 | 5000 |   70 |       0.45 |1585561708717 |      15 |    17.0 |13,33 |mscpnrf2.txt |2,3e+03 |
| 4 | 3200 | 5000 |   70 |       0.45 |1585561708717 |      15 |    17.0 |13,33 |mscpnrf2.txt |2,4e+03 |
| 4 | 3300 | 5000 |   75 |       0.45 |1585561708717 |      15 |    17.0 |13,33 |mscpnrf2.txt |2,4e+03 |
| 4 | 3400 | 5000 |   75 |       0.45 |1585561708717 |      15 |    17.0 |13,33 |mscpnrf2.txt |2,4e+03 |
| 4 | 3500 | 5000 |   75 |       0.45 |1585561708717 |      15 |    17.0 |13,33 |mscpnrf2.txt |2,4e+03 |
| 4 | 3600 | 5000 |   75 |       0.45 |1585561708717 |      15 |    17.0 |13,33 |mscpnrf2.txt |2,4e+03 |
| 4 | 3700 | 5000 |   80 |       0.45 |1585561708717 |      15 |    17.0 |13,33 |mscpnrf2.txt |2,4e+03 |
| 4 | 3800 | 5000 |   80 |       0.45 |1585561708717 |      15 |    17.0 |13,33 |mscpnrf2.txt |2,4e+03 |
| 4 | 3900 | 5000 |   80 |       0.45 |1585561708717 |      15 |    17.0 |13,33 |mscpnrf2.txt |2,4e+03 |
| 4 | 4000 | 5000 |   80 |       0.45 |1585561708717 |      15 |    17.0 |13,33 |mscpnrf2.txt |2,4e+03 |
| 4 | 4100 | 5000 |   85 |       0.45 |1585561708717 |      15 |    17.0 |13,33 |mscpnrf2.txt |2,5e+03 |
| 4 | 4200 | 5000 |   85 |       0.45 |1585561708717 |      15 |    17.0 |13,33 |mscpnrf2.txt |2,5e+03 |
| 4 | 4300 | 5000 |   85 |       0.45 |1585561708717 |      15 |    17.0 |13,33 |mscpnrf2.txt |2,5e+03 |
| 4 | 4400 | 5000 |   85 |       0.45 |1585561708717 |      15 |    17.0 |13,33 |mscpnrf2.txt |2,5e+03 |
| 4 | 4500 | 5000 |   90 |       0.45 |1585561708717 |      15 |    17.0 |13,33 |mscpnrf2.txt |2,5e+03 |
| 4 | 4600 | 5000 |   90 |       0.45 |1585561708717 |      15 |    17.0 |13,33 |mscpnrf2.txt |2,5e+03 |
| 4 | 4700 | 5000 |   90 |       0.45 |1585561708717 |      15 |    17.0 |13,33 |mscpnrf2.txt |2,5e+03 |
| 4 | 4800 | 5000 |   90 |       0.45 |1585561708717 |      15 |    17.0 |13,33 |mscpnrf2.txt |2,5e+03 |
| 4 | 4900 | 5000 |   95 |       0.45 |1585561708717 |      15 |    17.0 |13,33 |mscpnrf2.txt |2,5e+03 |
| 4 | 5000 | 5000 |   95 |       0.45 |1585561708717 |      15 |    17.0 |13,33 |mscpnrf2.txt |2,6e+03 |
| 4 |  500 | 5000 |   95 |       0.45 |1585561708717 |      15 |    17.0 |13,33 |mscpnrf2.txt |2,6e+03 |
| 5 |    1 | 5000 |   35 |       0.25 |1585564266787 |      15 |  2269.0 |15026,67 |mscpnrf2.txt |0,0060 |
| 5 |  100 | 5000 |   35 |        0.4 |1585564266787 |      15 |  1958.0 |12953,33 |mscpnrf2.txt | 0,46 |
| 5 |  200 | 5000 |   35 |       0.45 |1585564266787 |      15 |  1733.0 |11453,33 |mscpnrf2.txt | 0,89 |
| 5 |  300 | 5000 |   40 |       0.45 |1585564266787 |      15 |    18.0 |20,00 |mscpnrf2.txt |   40 |
| 5 |  400 | 5000 |   40 |      0.275 |1585564266787 |      15 |    17.0 |13,33 |mscpnrf2.txt |1,4e+02 |
| 5 |  500 | 5000 |   40 |        0.2 |1585564266787 |      15 |    17.0 |13,33 |mscpnrf2.txt |2,5e+02 |
| 5 |  600 | 5000 |   40 |       0.15 |1585564266787 |      15 |    16.0 | 6,67 |mscpnrf2.txt |3,7e+02 |
| 5 |  700 | 5000 |   45 | 0.26666668 |1585564266787 |      15 |    16.0 | 6,67 |mscpnrf2.txt |5,2e+02 |
| 5 |  800 | 5000 |   45 | 0.37777779 |1585564266787 |      15 |    16.0 | 6,67 |mscpnrf2.txt |5,9e+02 |
| 5 |  900 | 5000 |   45 | 0.37777779 |1585564266787 |      15 |    16.0 | 6,67 |mscpnrf2.txt |6,7e+02 |
| 5 | 1000 | 5000 |   45 | 0.37777779 |1585564266787 |      15 |    16.0 | 6,67 |mscpnrf2.txt |7,4e+02 |
| 5 | 1100 | 5000 |   50 |       0.34 |1585564266787 |      15 |    16.0 | 6,67 |mscpnrf2.txt |8,3e+02 |
| 5 | 1200 | 5000 |   50 |       0.34 |1585564266787 |      15 |    16.0 | 6,67 |mscpnrf2.txt |9,3e+02 |
| 5 | 1300 | 5000 |   50 |       0.34 |1585564266787 |      15 |    16.0 | 6,67 |mscpnrf2.txt |1,0e+03 |
| 5 | 1400 | 5000 |   50 |       0.34 |1585564266787 |      15 |    16.0 | 6,67 |mscpnrf2.txt |1,1e+03 |
| 5 | 1500 | 5000 |   55 |  0.3090909 |1585564266787 |      15 |    16.0 | 6,67 |mscpnrf2.txt |1,2e+03 |
| 5 | 1600 | 5000 |   55 |  0.3090909 |1585564266787 |      15 |    16.0 | 6,67 |mscpnrf2.txt |1,3e+03 |
| 5 | 1700 | 5000 |   55 |  0.3090909 |1585564266787 |      15 |    16.0 | 6,67 |mscpnrf2.txt |1,4e+03 |
| 5 | 1800 | 5000 |   55 |  0.3090909 |1585564266787 |      15 |    16.0 | 6,67 |mscpnrf2.txt |1,5e+03 |
| 5 | 1900 | 5000 |   60 | 0.31666666 |1585564266787 |      15 |    16.0 | 6,67 |mscpnrf2.txt |1,7e+03 |
| 5 | 2000 | 5000 |   60 |       0.45 |1585564266787 |      15 |    16.0 | 6,67 |mscpnrf2.txt |1,7e+03 |
| 5 | 2100 | 5000 |   60 |       0.45 |1585564266787 |      15 |    16.0 | 6,67 |mscpnrf2.txt |1,8e+03 |
| 5 | 2200 | 5000 |   60 |       0.45 |1585564266787 |      15 |    16.0 | 6,67 |mscpnrf2.txt |1,8e+03 |
| 5 | 2300 | 5000 |   65 |       0.45 |1585564266787 |      15 |    16.0 | 6,67 |mscpnrf2.txt |1,9e+03 |
| 5 | 2400 | 5000 |   65 |       0.45 |1585564266787 |      15 |    16.0 | 6,67 |mscpnrf2.txt |1,9e+03 |
| 5 | 2500 | 5000 |   65 |       0.45 |1585564266787 |      15 |    16.0 | 6,67 |mscpnrf2.txt |2,0e+03 |
| 5 | 2600 | 5000 |   65 |       0.45 |1585564266787 |      15 |    16.0 | 6,67 |mscpnrf2.txt |2,0e+03 |
| 5 | 2700 | 5000 |   70 |       0.45 |1585564266787 |      15 |    16.0 | 6,67 |mscpnrf2.txt |2,0e+03 |
| 5 | 2800 | 5000 |   70 |       0.45 |1585564266787 |      15 |    16.0 | 6,67 |mscpnrf2.txt |2,0e+03 |
| 5 | 2900 | 5000 |   70 |       0.45 |1585564266787 |      15 |    16.0 | 6,67 |mscpnrf2.txt |2,0e+03 |
| 5 | 3000 | 5000 |   70 | 0.42857143 |1585564266787 |      15 |    16.0 | 6,67 |mscpnrf2.txt |2,0e+03 |
| 5 | 3100 | 5000 |   75 |       0.45 |1585564266787 |      15 |    16.0 | 6,67 |mscpnrf2.txt |2,0e+03 |
| 5 | 3200 | 5000 |   75 |       0.45 |1585564266787 |      15 |    16.0 | 6,67 |mscpnrf2.txt |2,1e+03 |
| 5 | 3300 | 5000 |   75 |       0.45 |1585564266787 |      15 |    16.0 | 6,67 |mscpnrf2.txt |2,1e+03 |
| 5 | 3400 | 5000 |   75 |       0.45 |1585564266787 |      15 |    16.0 | 6,67 |mscpnrf2.txt |2,1e+03 |
| 5 | 3500 | 5000 |   80 |       0.45 |1585564266787 |      15 |    16.0 | 6,67 |mscpnrf2.txt |2,1e+03 |
| 5 | 3600 | 5000 |   80 |       0.45 |1585564266787 |      15 |    16.0 | 6,67 |mscpnrf2.txt |2,2e+03 |
| 5 | 3700 | 5000 |   80 |       0.45 |1585564266787 |      15 |    16.0 | 6,67 |mscpnrf2.txt |2,2e+03 |
| 5 | 3800 | 5000 |   80 |       0.45 |1585564266787 |      15 |    16.0 | 6,67 |mscpnrf2.txt |2,2e+03 |
| 5 | 3900 | 5000 |   85 |       0.45 |1585564266787 |      15 |    16.0 | 6,67 |mscpnrf2.txt |2,2e+03 |
| 5 | 4000 | 5000 |   85 |       0.45 |1585564266787 |      15 |    16.0 | 6,67 |mscpnrf2.txt |2,3e+03 |
| 5 | 4100 | 5000 |   85 |       0.45 |1585564266787 |      15 |    16.0 | 6,67 |mscpnrf2.txt |2,3e+03 |
| 5 | 4200 | 5000 |   85 |       0.45 |1585564266787 |      15 |    16.0 | 6,67 |mscpnrf2.txt |2,3e+03 |
| 5 | 4300 | 5000 |   90 |       0.45 |1585564266787 |      15 |    16.0 | 6,67 |mscpnrf2.txt |2,3e+03 |
| 5 | 4400 | 5000 |   90 |       0.45 |1585564266787 |      15 |    16.0 | 6,67 |mscpnrf2.txt |2,3e+03 |
| 5 | 4500 | 5000 |   90 |       0.45 |1585564266787 |      15 |    16.0 | 6,67 |mscpnrf2.txt |2,3e+03 |
| 5 | 4600 | 5000 |   90 |       0.45 |1585564266787 |      15 |    16.0 | 6,67 |mscpnrf2.txt |2,3e+03 |
| 5 | 4700 | 5000 |   95 |       0.45 |1585564266787 |      15 |    16.0 | 6,67 |mscpnrf2.txt |2,3e+03 |
| 5 | 4800 | 5000 |   95 |       0.45 |1585564266787 |      15 |    16.0 | 6,67 |mscpnrf2.txt |2,4e+03 |
| 5 | 4900 | 5000 |   95 |       0.45 |1585564266787 |      15 |    16.0 | 6,67 |mscpnrf2.txt |2,4e+03 |
| 5 | 5000 | 5000 |   95 |       0.45 |1585564266787 |      15 |    16.0 | 6,67 |mscpnrf2.txt |2,4e+03 |
| 5 |  500 | 5000 |  100 |       0.45 |1585564266787 |      15 |    16.0 | 6,67 |mscpnrf2.txt |2,4e+03 |
| 6 |    1 | 5000 |   35 |       0.25 |1585566651411 |      15 |  2271.0 |15040,00 |mscpnrf2.txt |0,0060 |
| 6 |  100 | 5000 |   35 |       0.45 |1585566651411 |      15 |  1918.0 |12686,67 |mscpnrf2.txt | 0,43 |
| 6 |  200 | 5000 |   35 |       0.45 |1585566651411 |      15 |  1813.0 |11986,67 |mscpnrf2.txt | 0,81 |
| 6 |  300 | 5000 |   35 | 0.37142858 |1585566651411 |      15 |  1717.0 |11346,67 |mscpnrf2.txt |  1,3 |
| 6 |  400 | 5000 |   35 |  0.2857143 |1585566651411 |      15 |  1656.0 |10940,00 |mscpnrf2.txt |  1,7 |
| 6 |  500 | 5000 |   40 |        0.4 |1585566651411 |      15 |    16.0 | 6,67 |mscpnrf2.txt |   64 |
| 6 |  600 | 5000 |   40 |       0.35 |1585566651411 |      15 |    16.0 | 6,67 |mscpnrf2.txt |1,7e+02 |
| 6 |  700 | 5000 |   40 |        0.2 |1585566651411 |      15 |    16.0 | 6,67 |mscpnrf2.txt |2,9e+02 |
| 6 |  800 | 5000 |   40 |        0.2 |1585566651411 |      15 |    16.0 | 6,67 |mscpnrf2.txt |4,1e+02 |
| 6 |  900 | 5000 |   45 | 0.35555556 |1585566651411 |      15 |    16.0 | 6,67 |mscpnrf2.txt |4,8e+02 |
| 6 | 1000 | 5000 |   45 | 0.35555556 |1585566651411 |      15 |    16.0 | 6,67 |mscpnrf2.txt |5,5e+02 |
| 6 | 1100 | 5000 |   45 | 0.35555556 |1585566651411 |      15 |    16.0 | 6,67 |mscpnrf2.txt |6,1e+02 |
| 6 | 1200 | 5000 |   45 | 0.35555556 |1585566651411 |      15 |    16.0 | 6,67 |mscpnrf2.txt |6,8e+02 |
| 6 | 1300 | 5000 |   50 |       0.32 |1585566651411 |      15 |    16.0 | 6,67 |mscpnrf2.txt |7,6e+02 |
| 6 | 1400 | 5000 |   50 |       0.32 |1585566651411 |      15 |    16.0 | 6,67 |mscpnrf2.txt |8,4e+02 |
| 6 | 1500 | 5000 |   50 |       0.32 |1585566651411 |      15 |    16.0 | 6,67 |mscpnrf2.txt |9,1e+02 |
| 6 | 1600 | 5000 |   50 |       0.32 |1585566651411 |      15 |    16.0 | 6,67 |mscpnrf2.txt |9,9e+02 |
| 6 | 1700 | 5000 |   55 | 0.29090908 |1585566651411 |      15 |    16.0 | 6,67 |mscpnrf2.txt |1,1e+03 |
| 6 | 1800 | 5000 |   55 | 0.29090908 |1585566651411 |      15 |    16.0 | 6,67 |mscpnrf2.txt |1,2e+03 |
| 6 | 1900 | 5000 |   55 | 0.29090908 |1585566651411 |      15 |    16.0 | 6,67 |mscpnrf2.txt |1,3e+03 |
| 6 | 2000 | 5000 |   55 | 0.29090908 |1585566651411 |      15 |    16.0 | 6,67 |mscpnrf2.txt |1,4e+03 |
| 6 | 2100 | 5000 |   60 | 0.28333333 |1585566651411 |      15 |    16.0 | 6,67 |mscpnrf2.txt |1,5e+03 |
| 6 | 2200 | 5000 |   60 | 0.28333333 |1585566651411 |      15 |    16.0 | 6,67 |mscpnrf2.txt |1,7e+03 |
| 6 | 2300 | 5000 |   60 | 0.28333333 |1585566651411 |      15 |    16.0 | 6,67 |mscpnrf2.txt |1,8e+03 |
| 6 | 2400 | 5000 |   60 | 0.28333333 |1585566651411 |      15 |    16.0 | 6,67 |mscpnrf2.txt |1,9e+03 |
| 6 | 2500 | 5000 |   65 |  0.2923077 |1585566651411 |      15 |    16.0 | 6,67 |mscpnrf2.txt |2,0e+03 |
| 6 | 2600 | 5000 |   65 |       0.45 |1585566651411 |      15 |    16.0 | 6,67 |mscpnrf2.txt |2,1e+03 |
| 6 | 2700 | 5000 |   65 |       0.45 |1585566651411 |      15 |    16.0 | 6,67 |mscpnrf2.txt |2,2e+03 |
| 6 | 2800 | 5000 |   65 |       0.45 |1585566651411 |      15 |    16.0 | 6,67 |mscpnrf2.txt |2,3e+03 |
| 6 | 2900 | 5000 |   70 |       0.45 |1585566651411 |      15 |    16.0 | 6,67 |mscpnrf2.txt |2,4e+03 |
| 6 | 3000 | 5000 |   70 |       0.45 |1585566651411 |      15 |    16.0 | 6,67 |mscpnrf2.txt |2,5e+03 |
| 6 | 3100 | 5000 |   70 |       0.45 |1585566651411 |      15 |    16.0 | 6,67 |mscpnrf2.txt |2,6e+03 |
| 6 | 3200 | 5000 |   70 |       0.45 |1585566651411 |      15 |    16.0 | 6,67 |mscpnrf2.txt |2,6e+03 |
| 6 | 3300 | 5000 |   75 |       0.45 |1585566651411 |      15 |    16.0 | 6,67 |mscpnrf2.txt |2,7e+03 |
| 6 | 3400 | 5000 |   75 |       0.45 |1585566651411 |      15 |    16.0 | 6,67 |mscpnrf2.txt |2,7e+03 |
| 6 | 3500 | 5000 |   75 |       0.45 |1585566651411 |      15 |    16.0 | 6,67 |mscpnrf2.txt |2,8e+03 |
| 6 | 3600 | 5000 |   75 |       0.45 |1585566651411 |      15 |    16.0 | 6,67 |mscpnrf2.txt |2,8e+03 |
| 6 | 3700 | 5000 |   80 |       0.45 |1585566651411 |      15 |    16.0 | 6,67 |mscpnrf2.txt |2,8e+03 |
| 6 | 3800 | 5000 |   80 |       0.45 |1585566651411 |      15 |    16.0 | 6,67 |mscpnrf2.txt |2,8e+03 |
| 6 | 3900 | 5000 |   80 |       0.45 |1585566651411 |      15 |    16.0 | 6,67 |mscpnrf2.txt |2,8e+03 |
| 6 | 4000 | 5000 |   80 |       0.45 |1585566651411 |      15 |    16.0 | 6,67 |mscpnrf2.txt |2,8e+03 |
| 6 | 4100 | 5000 |   85 |       0.45 |1585566651411 |      15 |    16.0 | 6,67 |mscpnrf2.txt |2,9e+03 |
| 6 | 4200 | 5000 |   85 |       0.45 |1585566651411 |      15 |    16.0 | 6,67 |mscpnrf2.txt |2,9e+03 |
| 6 | 4300 | 5000 |   85 |       0.45 |1585566651411 |      15 |    16.0 | 6,67 |mscpnrf2.txt |2,9e+03 |
| 6 | 4400 | 5000 |   85 |       0.45 |1585566651411 |      15 |    16.0 | 6,67 |mscpnrf2.txt |2,9e+03 |
| 6 | 4500 | 5000 |   90 |       0.45 |1585566651411 |      15 |    16.0 | 6,67 |mscpnrf2.txt |2,9e+03 |
| 6 | 4600 | 5000 |   90 |       0.45 |1585566651411 |      15 |    16.0 | 6,67 |mscpnrf2.txt |2,9e+03 |
| 6 | 4700 | 5000 |   90 |       0.45 |1585566651411 |      15 |    16.0 | 6,67 |mscpnrf2.txt |2,9e+03 |
| 6 | 4800 | 5000 |   90 |       0.45 |1585566651411 |      15 |    16.0 | 6,67 |mscpnrf2.txt |3,0e+03 |
| 6 | 4900 | 5000 |   95 |       0.45 |1585566651411 |      15 |    16.0 | 6,67 |mscpnrf2.txt |3,0e+03 |
| 6 | 5000 | 5000 |   95 |       0.45 |1585566651411 |      15 |    16.0 | 6,67 |mscpnrf2.txt |3,0e+03 |
| 6 |  500 | 5000 |   95 |       0.45 |1585566651411 |      15 |    16.0 | 6,67 |mscpnrf2.txt |3,0e+03 |
| 7 |    1 | 5000 |   35 |       0.25 |1585569658002 |      15 |  2301.0 |15240,00 |mscpnrf2.txt |0,0040 |
| 7 |  100 | 5000 |   35 |       0.45 |1585569658002 |      15 |  1973.0 |13053,33 |mscpnrf2.txt | 0,42 |
| 7 |  200 | 5000 |   35 | 0.42857143 |1585569658002 |      15 |  1862.0 |12313,33 |mscpnrf2.txt | 0,84 |
| 7 |  300 | 5000 |   35 |       0.45 |1585569658002 |      15 |  1735.0 |11466,67 |mscpnrf2.txt |  1,3 |
| 7 |  400 | 5000 |   40 |       0.45 |1585569658002 |      15 |    18.0 |20,00 |mscpnrf2.txt |   49 |
| 7 |  500 | 5000 |   40 |      0.425 |1585569658002 |      15 |    17.0 |13,33 |mscpnrf2.txt |1,5e+02 |
| 7 |  600 | 5000 |   40 |       0.35 |1585569658002 |      15 |    17.0 |13,33 |mscpnrf2.txt |2,7e+02 |
| 7 |  700 | 5000 |   40 |      0.325 |1585569658002 |      15 |    17.0 |13,33 |mscpnrf2.txt |3,8e+02 |
| 7 |  800 | 5000 |   45 | 0.31111112 |1585569658002 |      15 |    17.0 |13,33 |mscpnrf2.txt |4,6e+02 |
| 7 |  900 | 5000 |   45 | 0.31111112 |1585569658002 |      15 |    17.0 |13,33 |mscpnrf2.txt |5,4e+02 |
| 7 | 1000 | 5000 |   45 | 0.31111112 |1585569658002 |      15 |    17.0 |13,33 |mscpnrf2.txt |6,2e+02 |
| 7 | 1100 | 5000 |   45 | 0.31111112 |1585569658002 |      15 |    17.0 |13,33 |mscpnrf2.txt |7,0e+02 |
| 7 | 1200 | 5000 |   50 |       0.32 |1585569658002 |      15 |    17.0 |13,33 |mscpnrf2.txt |8,0e+02 |
| 7 | 1300 | 5000 |   50 |       0.32 |1585569658002 |      15 |    17.0 |13,33 |mscpnrf2.txt |9,0e+02 |
| 7 | 1400 | 5000 |   50 |       0.32 |1585569658002 |      15 |    17.0 |13,33 |mscpnrf2.txt |1,0e+03 |
| 7 | 1500 | 5000 |   50 |       0.32 |1585569658002 |      15 |    17.0 |13,33 |mscpnrf2.txt |1,1e+03 |
| 7 | 1600 | 5000 |   55 | 0.34545454 |1585569658002 |      15 |    17.0 |13,33 |mscpnrf2.txt |1,2e+03 |
| 7 | 1700 | 5000 |   55 | 0.34545454 |1585569658002 |      15 |    16.0 | 6,67 |mscpnrf2.txt |1,3e+03 |
| 7 | 1800 | 5000 |   55 | 0.34545454 |1585569658002 |      15 |    16.0 | 6,67 |mscpnrf2.txt |1,4e+03 |
| 7 | 1900 | 5000 |   55 |  0.3272727 |1585569658002 |      15 |    16.0 | 6,67 |mscpnrf2.txt |1,6e+03 |
| 7 | 2000 | 5000 |   60 | 0.33333334 |1585569658002 |      15 |    16.0 | 6,67 |mscpnrf2.txt |1,7e+03 |
| 7 | 2100 | 5000 |   60 | 0.33333334 |1585569658002 |      15 |    16.0 | 6,67 |mscpnrf2.txt |1,8e+03 |
| 7 | 2200 | 5000 |   60 | 0.33333334 |1585569658002 |      15 |    16.0 | 6,67 |mscpnrf2.txt |2,0e+03 |
| 7 | 2300 | 5000 |   60 | 0.33333334 |1585569658002 |      15 |    16.0 | 6,67 |mscpnrf2.txt |2,1e+03 |
| 7 | 2400 | 5000 |   65 | 0.30769232 |1585569658002 |      15 |    16.0 | 6,67 |mscpnrf2.txt |2,2e+03 |
| 7 | 2500 | 5000 |   65 | 0.30769232 |1585569658002 |      15 |    16.0 | 6,67 |mscpnrf2.txt |2,4e+03 |
| 7 | 2600 | 5000 |   65 | 0.30769232 |1585569658002 |      15 |    16.0 | 6,67 |mscpnrf2.txt |2,6e+03 |
| 7 | 2700 | 5000 |   65 | 0.30769232 |1585569658002 |      15 |    16.0 | 6,67 |mscpnrf2.txt |2,7e+03 |
| 7 | 2800 | 5000 |   70 |       0.45 |1585569658002 |      15 |    16.0 | 6,67 |mscpnrf2.txt |2,8e+03 |
| 7 | 2900 | 5000 |   70 |       0.45 |1585569658002 |      15 |    16.0 | 6,67 |mscpnrf2.txt |2,9e+03 |
| 7 | 3000 | 5000 |   70 |       0.45 |1585569658002 |      15 |    16.0 | 6,67 |mscpnrf2.txt |3,0e+03 |
| 7 | 3100 | 5000 |   70 |       0.45 |1585569658002 |      15 |    16.0 | 6,67 |mscpnrf2.txt |3,0e+03 |
| 7 | 3200 | 5000 |   75 |       0.45 |1585569658002 |      15 |    16.0 | 6,67 |mscpnrf2.txt |3,2e+03 |
| 7 | 3300 | 5000 |   75 |       0.45 |1585569658002 |      15 |    16.0 | 6,67 |mscpnrf2.txt |3,3e+03 |
| 7 | 3400 | 5000 |   75 |       0.45 |1585569658002 |      15 |    16.0 | 6,67 |mscpnrf2.txt |3,4e+03 |
| 7 | 3500 | 5000 |   75 |       0.45 |1585569658002 |      15 |    16.0 | 6,67 |mscpnrf2.txt |3,5e+03 |
| 7 | 3600 | 5000 |   80 |       0.45 |1585569658002 |      15 |    16.0 | 6,67 |mscpnrf2.txt |3,6e+03 |
| 7 | 3700 | 5000 |   80 |       0.45 |1585569658002 |      15 |    16.0 | 6,67 |mscpnrf2.txt |3,7e+03 |
| 7 | 3800 | 5000 |   80 |       0.45 |1585569658002 |      15 |    16.0 | 6,67 |mscpnrf2.txt |3,8e+03 |
| 7 | 3900 | 5000 |   80 |       0.45 |1585569658002 |      15 |    16.0 | 6,67 |mscpnrf2.txt |3,9e+03 |
| 7 | 4000 | 5000 |   85 | 0.43529412 |1585569658002 |      15 |    16.0 | 6,67 |mscpnrf2.txt |4,1e+03 |
| 7 | 4100 | 5000 |   85 | 0.43529412 |1585569658002 |      15 |    16.0 | 6,67 |mscpnrf2.txt |4,2e+03 |
| 7 | 4200 | 5000 |   85 | 0.43529412 |1585569658002 |      15 |    16.0 | 6,67 |mscpnrf2.txt |4,3e+03 |
| 7 | 4300 | 5000 |   85 | 0.43529412 |1585569658002 |      15 |    16.0 | 6,67 |mscpnrf2.txt |4,5e+03 |
| 7 | 4400 | 5000 |   90 | 0.41111112 |1585569658002 |      15 |    16.0 | 6,67 |mscpnrf2.txt |4,6e+03 |
| 7 | 4500 | 5000 |   90 | 0.41111112 |1585569658002 |      15 |    16.0 | 6,67 |mscpnrf2.txt |4,8e+03 |
| 7 | 4600 | 5000 |   90 | 0.41111112 |1585569658002 |      15 |    16.0 | 6,67 |mscpnrf2.txt |4,9e+03 |
| 7 | 4700 | 5000 |   90 | 0.41111112 |1585569658002 |      15 |    16.0 | 6,67 |mscpnrf2.txt |5,1e+03 |
| 7 | 4800 | 5000 |   95 | 0.38947368 |1585569658002 |      15 |    16.0 | 6,67 |mscpnrf2.txt |5,2e+03 |
| 7 | 4900 | 5000 |   95 | 0.38947368 |1585569658002 |      15 |    16.0 | 6,67 |mscpnrf2.txt |5,4e+03 |
| 7 | 5000 | 5000 |   95 | 0.38947368 |1585569658002 |      15 |    16.0 | 6,67 |mscpnrf2.txt |5,6e+03 |
| 7 |  500 | 5000 |   95 | 0.38947368 |1585569658002 |      15 |    16.0 | 6,67 |mscpnrf2.txt |5,6e+03 |
| 8 |    1 | 5000 |   35 |       0.25 |1585575244194 |      15 |  2272.0 |15046,67 |mscpnrf2.txt |0,0070 |
| 8 |  100 | 5000 |   35 | 0.42857143 |1585575244194 |      15 |  1914.0 |12660,00 |mscpnrf2.txt | 0,47 |
| 8 |  200 | 5000 |   40 |       0.45 |1585575244194 |      15 |    18.0 |20,00 |mscpnrf2.txt |   45 |
| 8 |  300 | 5000 |   40 |      0.425 |1585575244194 |      15 |    18.0 |20,00 |mscpnrf2.txt |1,5e+02 |
| 8 |  400 | 5000 |   40 |       0.25 |1585575244194 |      15 |    17.0 |13,33 |mscpnrf2.txt |2,6e+02 |
| 8 |  500 | 5000 |   40 |      0.225 |1585575244194 |      15 |    17.0 |13,33 |mscpnrf2.txt |3,8e+02 |
| 8 |  600 | 5000 |   45 | 0.35555556 |1585575244194 |      15 |    17.0 |13,33 |mscpnrf2.txt |4,5e+02 |
| 8 |  700 | 5000 |   45 | 0.35555556 |1585575244194 |      15 |    17.0 |13,33 |mscpnrf2.txt |5,3e+02 |
| 8 |  800 | 5000 |   45 | 0.35555556 |1585575244194 |      15 |    17.0 |13,33 |mscpnrf2.txt |6,1e+02 |
| 8 |  900 | 5000 |   45 | 0.35555556 |1585575244194 |      15 |    17.0 |13,33 |mscpnrf2.txt |6,9e+02 |
| 8 | 1000 | 5000 |   50 |       0.34 |1585575244194 |      15 |    17.0 |13,33 |mscpnrf2.txt |7,9e+02 |
| 8 | 1100 | 5000 |   50 |       0.32 |1585575244194 |      15 |    17.0 |13,33 |mscpnrf2.txt |8,9e+02 |
| 8 | 1200 | 5000 |   50 |       0.32 |1585575244194 |      15 |    17.0 |13,33 |mscpnrf2.txt |9,8e+02 |
| 8 | 1300 | 5000 |   50 |       0.32 |1585575244194 |      15 |    17.0 |13,33 |mscpnrf2.txt |1,1e+03 |
| 8 | 1400 | 5000 |   55 | 0.38181818 |1585575244194 |      15 |    17.0 |13,33 |mscpnrf2.txt |1,2e+03 |
| 8 | 1500 | 5000 |   55 | 0.38181818 |1585575244194 |      15 |    17.0 |13,33 |mscpnrf2.txt |1,3e+03 |
| 8 | 1600 | 5000 |   55 | 0.38181818 |1585575244194 |      15 |    17.0 |13,33 |mscpnrf2.txt |1,4e+03 |
| 8 | 1700 | 5000 |   55 | 0.38181818 |1585575244194 |      15 |    17.0 |13,33 |mscpnrf2.txt |1,5e+03 |
| 8 | 1800 | 5000 |   60 |       0.35 |1585575244194 |      15 |    17.0 |13,33 |mscpnrf2.txt |1,6e+03 |
| 8 | 1900 | 5000 |   60 | 0.36666667 |1585575244194 |      15 |    17.0 |13,33 |mscpnrf2.txt |1,7e+03 |
| 8 | 2000 | 5000 |   60 |       0.45 |1585575244194 |      15 |    17.0 |13,33 |mscpnrf2.txt |1,8e+03 |
| 8 | 2100 | 5000 |   60 |       0.45 |1585575244194 |      15 |    17.0 |13,33 |mscpnrf2.txt |1,8e+03 |
| 8 | 2200 | 5000 |   65 |       0.45 |1585575244194 |      15 |    17.0 |13,33 |mscpnrf2.txt |1,9e+03 |
| 8 | 2300 | 5000 |   65 |       0.45 |1585575244194 |      15 |    17.0 |13,33 |mscpnrf2.txt |2,0e+03 |
| 8 | 2400 | 5000 |   65 |       0.45 |1585575244194 |      15 |    17.0 |13,33 |mscpnrf2.txt |2,1e+03 |
| 8 | 2500 | 5000 |   65 |       0.45 |1585575244194 |      15 |    17.0 |13,33 |mscpnrf2.txt |2,2e+03 |
| 8 | 2600 | 5000 |   70 |       0.45 |1585575244194 |      15 |    17.0 |13,33 |mscpnrf2.txt |2,3e+03 |
| 8 | 2700 | 5000 |   70 |       0.45 |1585575244194 |      15 |    17.0 |13,33 |mscpnrf2.txt |2,4e+03 |
| 8 | 2800 | 5000 |   70 |       0.45 |1585575244194 |      15 |    17.0 |13,33 |mscpnrf2.txt |2,5e+03 |
| 8 | 2900 | 5000 |   70 |       0.45 |1585575244194 |      15 |    17.0 |13,33 |mscpnrf2.txt |2,6e+03 |
| 8 | 3000 | 5000 |   75 |       0.45 |1585575244194 |      15 |    17.0 |13,33 |mscpnrf2.txt |2,8e+03 |
| 8 | 3100 | 5000 |   75 |       0.45 |1585575244194 |      15 |    17.0 |13,33 |mscpnrf2.txt |2,9e+03 |
| 8 | 3200 | 5000 |   75 |       0.45 |1585575244194 |      15 |    17.0 |13,33 |mscpnrf2.txt |3,0e+03 |
| 8 | 3300 | 5000 |   75 |       0.45 |1585575244194 |      15 |    17.0 |13,33 |mscpnrf2.txt |3,1e+03 |
| 8 | 3400 | 5000 |   80 |     0.4375 |1585575244194 |      15 |    17.0 |13,33 |mscpnrf2.txt |3,2e+03 |
| 8 | 3500 | 5000 |   80 |     0.4375 |1585575244194 |      15 |    17.0 |13,33 |mscpnrf2.txt |3,3e+03 |
| 8 | 3600 | 5000 |   80 |     0.4375 |1585575244194 |      15 |    17.0 |13,33 |mscpnrf2.txt |3,5e+03 |
| 8 | 3700 | 5000 |   80 |     0.4375 |1585575244194 |      15 |    17.0 |13,33 |mscpnrf2.txt |3,6e+03 |
| 8 | 3800 | 5000 |   85 |  0.4117647 |1585575244194 |      15 |    17.0 |13,33 |mscpnrf2.txt |3,7e+03 |
| 8 | 3900 | 5000 |   85 |  0.4117647 |1585575244194 |      15 |    17.0 |13,33 |mscpnrf2.txt |3,9e+03 |
| 8 | 4000 | 5000 |   85 |  0.4117647 |1585575244194 |      15 |    17.0 |13,33 |mscpnrf2.txt |4,0e+03 |
| 8 | 4100 | 5000 |   85 |  0.4117647 |1585575244194 |      15 |    17.0 |13,33 |mscpnrf2.txt |4,2e+03 |
| 8 | 4200 | 5000 |   90 |  0.3888889 |1585575244194 |      15 |    17.0 |13,33 |mscpnrf2.txt |4,4e+03 |
| 8 | 4300 | 5000 |   90 |  0.3888889 |1585575244194 |      15 |    17.0 |13,33 |mscpnrf2.txt |4,6e+03 |
| 8 | 4400 | 5000 |   90 |  0.3888889 |1585575244194 |      15 |    17.0 |13,33 |mscpnrf2.txt |4,8e+03 |
| 8 | 4500 | 5000 |   90 |  0.3888889 |1585575244194 |      15 |    17.0 |13,33 |mscpnrf2.txt |4,9e+03 |
| 8 | 4600 | 5000 |   95 | 0.37894738 |1585575244194 |      15 |    17.0 |13,33 |mscpnrf2.txt |5,1e+03 |
| 8 | 4700 | 5000 |   95 | 0.37894738 |1585575244194 |      15 |    17.0 |13,33 |mscpnrf2.txt |5,3e+03 |
| 8 | 4800 | 5000 |   95 | 0.37894738 |1585575244194 |      15 |    17.0 |13,33 |mscpnrf2.txt |5,5e+03 |
| 8 | 4900 | 5000 |   95 | 0.37894738 |1585575244194 |      15 |    17.0 |13,33 |mscpnrf2.txt |5,7e+03 |
| 8 | 5000 | 5000 |  100 |       0.37 |1585575244194 |      15 |    17.0 |13,33 |mscpnrf2.txt |5,8e+03 |
| 8 |  500 | 5000 |  100 |       0.37 |1585575244194 |      15 |    17.0 |13,33 |mscpnrf2.txt |5,8e+03 |
| 9 |    1 | 5000 |   35 |       0.25 |1585581090732 |      15 |  2255.0 |14933,33 |mscpnrf2.txt |0,0050 |
| 9 |  100 | 5000 |   35 |        0.4 |1585581090732 |      15 |  1873.0 |12386,67 |mscpnrf2.txt | 0,43 |
| 9 |  200 | 5000 |   35 | 0.37142858 |1585581090732 |      15 |  1749.0 |11560,00 |mscpnrf2.txt | 0,87 |
| 9 |  300 | 5000 |   35 | 0.42857143 |1585581090732 |      15 |  1668.0 |11020,00 |mscpnrf2.txt |  1,3 |
| 9 |  400 | 5000 |   35 | 0.42857143 |1585581090732 |      15 |  1555.0 |10266,67 |mscpnrf2.txt |  1,7 |
| 9 |  500 | 5000 |   35 | 0.37142858 |1585581090732 |      15 |  1503.0 |9920,00 |mscpnrf2.txt |  2,2 |
| 9 |  600 | 5000 |   40 |       0.45 |1585581090732 |      15 |    16.0 | 6,67 |mscpnrf2.txt |   57 |
| 9 |  700 | 5000 |   40 |      0.375 |1585581090732 |      15 |    16.0 | 6,67 |mscpnrf2.txt |1,6e+02 |
| 9 |  800 | 5000 |   40 |      0.275 |1585581090732 |      15 |    16.0 | 6,67 |mscpnrf2.txt |3,0e+02 |
| 9 |  900 | 5000 |   40 |      0.375 |1585581090732 |      15 |    16.0 | 6,67 |mscpnrf2.txt |3,8e+02 |
| 9 | 1000 | 5000 |   45 | 0.33333334 |1585581090732 |      15 |    16.0 | 6,67 |mscpnrf2.txt |4,9e+02 |
| 9 | 1100 | 5000 |   45 | 0.33333334 |1585581090732 |      15 |    16.0 | 6,67 |mscpnrf2.txt |5,7e+02 |
| 9 | 1200 | 5000 |   45 | 0.33333334 |1585581090732 |      15 |    16.0 | 6,67 |mscpnrf2.txt |6,5e+02 |
| 9 | 1300 | 5000 |   45 | 0.33333334 |1585581090732 |      15 |    16.0 | 6,67 |mscpnrf2.txt |7,3e+02 |
| 9 | 1400 | 5000 |   50 |        0.3 |1585581090732 |      15 |    16.0 | 6,67 |mscpnrf2.txt |8,1e+02 |
| 9 | 1500 | 5000 |   50 |        0.3 |1585581090732 |      15 |    16.0 | 6,67 |mscpnrf2.txt |9,0e+02 |
| 9 | 1600 | 5000 |   50 |        0.3 |1585581090732 |      15 |    16.0 | 6,67 |mscpnrf2.txt |9,8e+02 |
| 9 | 1700 | 5000 |   50 |        0.3 |1585581090732 |      15 |    16.0 | 6,67 |mscpnrf2.txt |1,1e+03 |
| 9 | 1800 | 5000 |   55 | 0.27272728 |1585581090732 |      15 |    16.0 | 6,67 |mscpnrf2.txt |1,2e+03 |
| 9 | 1900 | 5000 |   55 | 0.27272728 |1585581090732 |      15 |    16.0 | 6,67 |mscpnrf2.txt |1,2e+03 |
| 9 | 2000 | 5000 |   55 | 0.27272728 |1585581090732 |      15 |    16.0 | 6,67 |mscpnrf2.txt |1,4e+03 |
| 9 | 2100 | 5000 |   55 | 0.27272728 |1585581090732 |      15 |    16.0 | 6,67 |mscpnrf2.txt |1,5e+03 |
| 9 | 2200 | 5000 |   60 |        0.3 |1585581090732 |      15 |    16.0 | 6,67 |mscpnrf2.txt |1,7e+03 |
| 9 | 2300 | 5000 |   60 |        0.3 |1585581090732 |      15 |    16.0 | 6,67 |mscpnrf2.txt |1,9e+03 |
| 9 | 2400 | 5000 |   60 |        0.3 |1585581090732 |      15 |    16.0 | 6,67 |mscpnrf2.txt |2,1e+03 |
| 9 | 2500 | 5000 |   60 |        0.3 |1585581090732 |      15 |    16.0 | 6,67 |mscpnrf2.txt |2,2e+03 |
| 9 | 2600 | 5000 |   65 | 0.30769232 |1585581090732 |      15 |    16.0 | 6,67 |mscpnrf2.txt |2,4e+03 |
| 9 | 2700 | 5000 |   65 | 0.30769232 |1585581090732 |      15 |    16.0 | 6,67 |mscpnrf2.txt |2,5e+03 |
| 9 | 2800 | 5000 |   65 | 0.30769232 |1585581090732 |      15 |    16.0 | 6,67 |mscpnrf2.txt |2,6e+03 |
| 9 | 2900 | 5000 |   65 | 0.30769232 |1585581090732 |      15 |    16.0 | 6,67 |mscpnrf2.txt |2,8e+03 |
| 9 | 3000 | 5000 |   70 | 0.31428573 |1585581090732 |      15 |    16.0 | 6,67 |mscpnrf2.txt |2,9e+03 |
| 9 | 3100 | 5000 |   70 |       0.45 |1585581090732 |      15 |    16.0 | 6,67 |mscpnrf2.txt |3,0e+03 |
| 9 | 3200 | 5000 |   70 |       0.45 |1585581090732 |      15 |    16.0 | 6,67 |mscpnrf2.txt |3,1e+03 |
| 9 | 3300 | 5000 |   70 |       0.45 |1585581090732 |      15 |    16.0 | 6,67 |mscpnrf2.txt |3,2e+03 |
| 9 | 3400 | 5000 |   75 |       0.45 |1585581090732 |      15 |    16.0 | 6,67 |mscpnrf2.txt |3,3e+03 |
| 9 | 3500 | 5000 |   75 |       0.45 |1585581090732 |      15 |    16.0 | 6,67 |mscpnrf2.txt |3,3e+03 |
| 9 | 3600 | 5000 |   75 |       0.45 |1585581090732 |      15 |    16.0 | 6,67 |mscpnrf2.txt |3,4e+03 |
| 9 | 3700 | 5000 |   75 |       0.45 |1585581090732 |      15 |    16.0 | 6,67 |mscpnrf2.txt |3,5e+03 |
| 9 | 3800 | 5000 |   80 |       0.45 |1585581090732 |      15 |    16.0 | 6,67 |mscpnrf2.txt |3,6e+03 |
| 9 | 3900 | 5000 |   80 |       0.45 |1585581090732 |      15 |    16.0 | 6,67 |mscpnrf2.txt |3,7e+03 |
| 9 | 4000 | 5000 |   80 |       0.45 |1585581090732 |      15 |    16.0 | 6,67 |mscpnrf2.txt |3,9e+03 |
| 9 | 4100 | 5000 |   80 |       0.45 |1585581090732 |      15 |    16.0 | 6,67 |mscpnrf2.txt |4,0e+03 |
| 9 | 4200 | 5000 |   85 |       0.45 |1585581090732 |      15 |    16.0 | 6,67 |mscpnrf2.txt |4,1e+03 |
| 9 | 4300 | 5000 |   85 |       0.45 |1585581090732 |      15 |    16.0 | 6,67 |mscpnrf2.txt |4,2e+03 |
| 9 | 4400 | 5000 |   85 |       0.45 |1585581090732 |      15 |    16.0 | 6,67 |mscpnrf2.txt |4,4e+03 |
| 9 | 4500 | 5000 |   85 |       0.45 |1585581090732 |      15 |    16.0 | 6,67 |mscpnrf2.txt |4,5e+03 |
| 9 | 4600 | 5000 |   90 | 0.43333334 |1585581090732 |      15 |    16.0 | 6,67 |mscpnrf2.txt |4,6e+03 |
| 9 | 4700 | 5000 |   90 | 0.43333334 |1585581090732 |      15 |    16.0 | 6,67 |mscpnrf2.txt |4,8e+03 |
| 9 | 4800 | 5000 |   90 | 0.43333334 |1585581090732 |      15 |    16.0 | 6,67 |mscpnrf2.txt |4,9e+03 |
| 9 | 4900 | 5000 |   90 | 0.43333334 |1585581090732 |      15 |    16.0 | 6,67 |mscpnrf2.txt |5,1e+03 |
| 9 | 5000 | 5000 |   95 |  0.4105263 |1585581090732 |      15 |    16.0 | 6,67 |mscpnrf2.txt |5,2e+03 |
| 9 |  500 | 5000 |   95 |  0.4105263 |1585581090732 |      15 |    16.0 | 6,67 |mscpnrf2.txt |5,2e+03 |
|10 |    1 | 5000 |   35 |       0.25 |1585586338721 |      15 |  2253.0 |14920,00 |mscpnrf2.txt |0,0040 |
|10 |  100 | 5000 |   35 | 0.42857143 |1585586338721 |      15 |  1959.0 |12960,00 |mscpnrf2.txt | 0,44 |
|10 |  200 | 5000 |   35 |       0.45 |1585586338721 |      15 |  1784.0 |11793,33 |mscpnrf2.txt | 0,94 |
|10 |  300 | 5000 |   35 | 0.31428573 |1585586338721 |      15 |  1687.0 |11146,67 |mscpnrf2.txt |  1,4 |
|10 |  400 | 5000 |   35 | 0.31428573 |1585586338721 |      15 |  1528.0 |10086,67 |mscpnrf2.txt |  1,8 |
|10 |  500 | 5000 |   40 |       0.45 |1585586338721 |      15 |    17.0 |13,33 |mscpnrf2.txt |   60 |
|10 |  600 | 5000 |   40 |      0.375 |1585586338721 |      15 |    17.0 |13,33 |mscpnrf2.txt |1,6e+02 |
|10 |  700 | 5000 |   40 |      0.325 |1585586338721 |      15 |    17.0 |13,33 |mscpnrf2.txt |2,8e+02 |
|10 |  800 | 5000 |   40 |      0.275 |1585586338721 |      15 |    17.0 |13,33 |mscpnrf2.txt |4,0e+02 |
|10 |  900 | 5000 |   45 | 0.33333334 |1585586338721 |      15 |    17.0 |13,33 |mscpnrf2.txt |4,9e+02 |
|10 | 1000 | 5000 |   45 | 0.33333334 |1585586338721 |      15 |    17.0 |13,33 |mscpnrf2.txt |6,1e+02 |
|10 | 1100 | 5000 |   45 | 0.33333334 |1585586338721 |      15 |    17.0 |13,33 |mscpnrf2.txt |7,5e+02 |
|10 | 1200 | 5000 |   45 | 0.33333334 |1585586338721 |      15 |    17.0 |13,33 |mscpnrf2.txt |8,5e+02 |
|10 | 1300 | 5000 |   50 |       0.32 |1585586338721 |      15 |    16.0 | 6,67 |mscpnrf2.txt |9,7e+02 |
|10 | 1400 | 5000 |   50 |       0.32 |1585586338721 |      15 |    16.0 | 6,67 |mscpnrf2.txt |1,1e+03 |
|10 | 1500 | 5000 |   50 |       0.32 |1585586338721 |      15 |    16.0 | 6,67 |mscpnrf2.txt |1,2e+03 |
|10 | 1600 | 5000 |   50 |       0.32 |1585586338721 |      15 |    16.0 | 6,67 |mscpnrf2.txt |1,3e+03 |
|10 | 1700 | 5000 |   55 |  0.3272727 |1585586338721 |      15 |    16.0 | 6,67 |mscpnrf2.txt |1,4e+03 |
|10 | 1800 | 5000 |   55 |       0.45 |1585586338721 |      15 |    16.0 | 6,67 |mscpnrf2.txt |1,5e+03 |
|10 | 1900 | 5000 |   55 |       0.45 |1585586338721 |      15 |    16.0 | 6,67 |mscpnrf2.txt |1,6e+03 |
|10 | 2000 | 5000 |   55 |       0.45 |1585586338721 |      15 |    16.0 | 6,67 |mscpnrf2.txt |1,6e+03 |
|10 | 2100 | 5000 |   60 |       0.45 |1585586338721 |      15 |    16.0 | 6,67 |mscpnrf2.txt |1,7e+03 |
|10 | 2200 | 5000 |   60 |       0.45 |1585586338721 |      15 |    16.0 | 6,67 |mscpnrf2.txt |1,8e+03 |
|10 | 2300 | 5000 |   60 |       0.45 |1585586338721 |      15 |    16.0 | 6,67 |mscpnrf2.txt |1,9e+03 |
|10 | 2400 | 5000 |   60 |       0.45 |1585586338721 |      15 |    16.0 | 6,67 |mscpnrf2.txt |1,9e+03 |
|10 | 2500 | 5000 |   65 |       0.45 |1585586338721 |      15 |    16.0 | 6,67 |mscpnrf2.txt |2,0e+03 |
|10 | 2600 | 5000 |   65 |       0.45 |1585586338721 |      15 |    16.0 | 6,67 |mscpnrf2.txt |2,1e+03 |
|10 | 2700 | 5000 |   65 |       0.45 |1585586338721 |      15 |    16.0 | 6,67 |mscpnrf2.txt |2,2e+03 |
|10 | 2800 | 5000 |   65 |       0.45 |1585586338721 |      15 |    16.0 | 6,67 |mscpnrf2.txt |2,3e+03 |
|10 | 2900 | 5000 |   70 |       0.45 |1585586338721 |      15 |    16.0 | 6,67 |mscpnrf2.txt |2,4e+03 |
|10 | 3000 | 5000 |   70 |       0.45 |1585586338721 |      15 |    16.0 | 6,67 |mscpnrf2.txt |2,6e+03 |
|10 | 3100 | 5000 |   70 |       0.45 |1585586338721 |      15 |    16.0 | 6,67 |mscpnrf2.txt |2,7e+03 |
|10 | 3200 | 5000 |   70 |       0.45 |1585586338721 |      15 |    16.0 | 6,67 |mscpnrf2.txt |2,8e+03 |
|10 | 3300 | 5000 |   75 |       0.45 |1585586338721 |      15 |    16.0 | 6,67 |mscpnrf2.txt |2,9e+03 |
|10 | 3400 | 5000 |   75 |       0.45 |1585586338721 |      15 |    16.0 | 6,67 |mscpnrf2.txt |3,0e+03 |
|10 | 3500 | 5000 |   75 |       0.45 |1585586338721 |      15 |    16.0 | 6,67 |mscpnrf2.txt |3,0e+03 |
|10 | 3600 | 5000 |   75 |       0.45 |1585586338721 |      15 |    16.0 | 6,67 |mscpnrf2.txt |3,0e+03 |
|10 | 3700 | 5000 |   80 |       0.45 |1585586338721 |      15 |    16.0 | 6,67 |mscpnrf2.txt |3,0e+03 |
|10 | 3800 | 5000 |   80 |       0.45 |1585586338721 |      15 |    16.0 | 6,67 |mscpnrf2.txt |3,1e+03 |
|10 | 3900 | 5000 |   80 |       0.45 |1585586338721 |      15 |    16.0 | 6,67 |mscpnrf2.txt |3,1e+03 |
|10 | 4000 | 5000 |   80 |       0.45 |1585586338721 |      15 |    16.0 | 6,67 |mscpnrf2.txt |3,1e+03 |
|10 | 4100 | 5000 |   85 |       0.45 |1585586338721 |      15 |    16.0 | 6,67 |mscpnrf2.txt |3,1e+03 |
|10 | 4200 | 5000 |   85 |       0.45 |1585586338721 |      15 |    16.0 | 6,67 |mscpnrf2.txt |3,2e+03 |
|10 | 4300 | 5000 |   85 |       0.45 |1585586338721 |      15 |    16.0 | 6,67 |mscpnrf2.txt |3,2e+03 |
|10 | 4400 | 5000 |   85 |       0.45 |1585586338721 |      15 |    16.0 | 6,67 |mscpnrf2.txt |3,2e+03 |
|10 | 4500 | 5000 |   90 |       0.45 |1585586338721 |      15 |    16.0 | 6,67 |mscpnrf2.txt |3,2e+03 |
|10 | 4600 | 5000 |   90 |       0.45 |1585586338721 |      15 |    16.0 | 6,67 |mscpnrf2.txt |3,2e+03 |
|10 | 4700 | 5000 |   90 |       0.45 |1585586338721 |      15 |    16.0 | 6,67 |mscpnrf2.txt |3,2e+03 |
|10 | 4800 | 5000 |   90 |       0.45 |1585586338721 |      15 |    16.0 | 6,67 |mscpnrf2.txt |3,2e+03 |
|10 | 4900 | 5000 |   95 |       0.45 |1585586338721 |      15 |    16.0 | 6,67 |mscpnrf2.txt |3,3e+03 |
|10 | 5000 | 5000 |   95 |       0.45 |1585586338721 |      15 |    16.0 | 6,67 |mscpnrf2.txt |3,3e+03 |
|10 |  500 | 5000 |   95 |       0.45 |1585586338721 |      15 |    16.0 | 6,67 |mscpnrf2.txt |3,3e+03 |
|11 |    1 | 5000 |   35 |       0.25 |1585589620612 |      15 |  2195.0 |14533,33 |mscpnrf2.txt |0,0050 |
|11 |  100 | 5000 |   35 |        0.4 |1585589620612 |      15 |  1912.0 |12646,67 |mscpnrf2.txt | 0,40 |
|11 |  200 | 5000 |   35 | 0.42857143 |1585589620612 |      15 |  1774.0 |11726,67 |mscpnrf2.txt | 0,79 |
|11 |  300 | 5000 |   40 |       0.45 |1585589620612 |      15 |    17.0 |13,33 |mscpnrf2.txt |   44 |
|11 |  400 | 5000 |   40 |        0.4 |1585589620612 |      15 |    17.0 |13,33 |mscpnrf2.txt |1,4e+02 |
|11 |  500 | 5000 |   40 |      0.325 |1585589620612 |      15 |    17.0 |13,33 |mscpnrf2.txt |2,4e+02 |
|11 |  600 | 5000 |   40 |       0.35 |1585589620612 |      15 |    17.0 |13,33 |mscpnrf2.txt |3,0e+02 |
|11 |  700 | 5000 |   45 | 0.31111112 |1585589620612 |      15 |    17.0 |13,33 |mscpnrf2.txt |3,9e+02 |
|11 |  800 | 5000 |   45 | 0.31111112 |1585589620612 |      15 |    17.0 |13,33 |mscpnrf2.txt |4,7e+02 |
|11 |  900 | 5000 |   45 | 0.31111112 |1585589620612 |      15 |    17.0 |13,33 |mscpnrf2.txt |5,6e+02 |
|11 | 1000 | 5000 |   45 | 0.31111112 |1585589620612 |      15 |    17.0 |13,33 |mscpnrf2.txt |6,6e+02 |
|11 | 1100 | 5000 |   50 |       0.28 |1585589620612 |      15 |    17.0 |13,33 |mscpnrf2.txt |7,7e+02 |
|11 | 1200 | 5000 |   50 |       0.28 |1585589620612 |      15 |    17.0 |13,33 |mscpnrf2.txt |8,9e+02 |
|11 | 1300 | 5000 |   50 |       0.28 |1585589620612 |      15 |    16.0 | 6,67 |mscpnrf2.txt |9,9e+02 |
|11 | 1400 | 5000 |   50 |        0.3 |1585589620612 |      15 |    16.0 | 6,67 |mscpnrf2.txt |1,1e+03 |
|11 | 1500 | 5000 |   55 |  0.3272727 |1585589620612 |      15 |    16.0 | 6,67 |mscpnrf2.txt |1,2e+03 |
|11 | 1600 | 5000 |   55 |  0.3272727 |1585589620612 |      15 |    16.0 | 6,67 |mscpnrf2.txt |1,3e+03 |
|11 | 1700 | 5000 |   55 |  0.3272727 |1585589620612 |      15 |    16.0 | 6,67 |mscpnrf2.txt |1,5e+03 |
|11 | 1800 | 5000 |   55 |  0.3272727 |1585589620612 |      15 |    16.0 | 6,67 |mscpnrf2.txt |1,6e+03 |
|11 | 1900 | 5000 |   60 | 0.31666666 |1585589620612 |      15 |    16.0 | 6,67 |mscpnrf2.txt |1,7e+03 |
|11 | 2000 | 5000 |   60 |       0.45 |1585589620612 |      15 |    16.0 | 6,67 |mscpnrf2.txt |1,8e+03 |
|11 | 2100 | 5000 |   60 |       0.45 |1585589620612 |      15 |    16.0 | 6,67 |mscpnrf2.txt |1,9e+03 |
|11 | 2200 | 5000 |   60 |       0.45 |1585589620612 |      15 |    16.0 | 6,67 |mscpnrf2.txt |1,9e+03 |
|11 | 2300 | 5000 |   65 |       0.45 |1585589620612 |      15 |    16.0 | 6,67 |mscpnrf2.txt |2,0e+03 |
|11 | 2400 | 5000 |   65 |       0.45 |1585589620612 |      15 |    16.0 | 6,67 |mscpnrf2.txt |2,1e+03 |
|11 | 2500 | 5000 |   65 |       0.45 |1585589620612 |      15 |    16.0 | 6,67 |mscpnrf2.txt |2,2e+03 |
|11 | 2600 | 5000 |   65 |       0.45 |1585589620612 |      15 |    16.0 | 6,67 |mscpnrf2.txt |2,3e+03 |
|11 | 2700 | 5000 |   70 |       0.45 |1585589620612 |      15 |    16.0 | 6,67 |mscpnrf2.txt |2,4e+03 |
|11 | 2800 | 5000 |   70 |       0.45 |1585589620612 |      15 |    16.0 | 6,67 |mscpnrf2.txt |2,5e+03 |
|11 | 2900 | 5000 |   70 |       0.45 |1585589620612 |      15 |    16.0 | 6,67 |mscpnrf2.txt |2,6e+03 |
|11 | 3000 | 5000 |   70 |       0.45 |1585589620612 |      15 |    16.0 | 6,67 |mscpnrf2.txt |2,7e+03 |
|11 | 3100 | 5000 |   75 |       0.45 |1585589620612 |      15 |    16.0 | 6,67 |mscpnrf2.txt |2,8e+03 |
|11 | 3200 | 5000 |   75 |       0.45 |1585589620612 |      15 |    16.0 | 6,67 |mscpnrf2.txt |2,9e+03 |
|11 | 3300 | 5000 |   75 |       0.45 |1585589620612 |      15 |    16.0 | 6,67 |mscpnrf2.txt |3,0e+03 |
|11 | 3400 | 5000 |   75 |       0.45 |1585589620612 |      15 |    16.0 | 6,67 |mscpnrf2.txt |3,1e+03 |
|11 | 3500 | 5000 |   80 |     0.4375 |1585589620612 |      15 |    16.0 | 6,67 |mscpnrf2.txt |3,3e+03 |
|11 | 3600 | 5000 |   80 |     0.4375 |1585589620612 |      15 |    16.0 | 6,67 |mscpnrf2.txt |3,4e+03 |
|11 | 3700 | 5000 |   80 |     0.4375 |1585589620612 |      15 |    16.0 | 6,67 |mscpnrf2.txt |3,5e+03 |
|11 | 3800 | 5000 |   80 |     0.4375 |1585589620612 |      15 |    16.0 | 6,67 |mscpnrf2.txt |3,7e+03 |
|11 | 3900 | 5000 |   85 |  0.4117647 |1585589620612 |      15 |    16.0 | 6,67 |mscpnrf2.txt |3,8e+03 |
|11 | 4000 | 5000 |   85 |  0.4117647 |1585589620612 |      15 |    16.0 | 6,67 |mscpnrf2.txt |4,0e+03 |
|11 | 4100 | 5000 |   85 |  0.4117647 |1585589620612 |      15 |    16.0 | 6,67 |mscpnrf2.txt |4,2e+03 |
|11 | 4200 | 5000 |   85 |  0.4117647 |1585589620612 |      15 |    16.0 | 6,67 |mscpnrf2.txt |4,4e+03 |
|11 | 4300 | 5000 |   90 |  0.3888889 |1585589620612 |      15 |    16.0 | 6,67 |mscpnrf2.txt |4,6e+03 |
|11 | 4400 | 5000 |   90 |  0.3888889 |1585589620612 |      15 |    16.0 | 6,67 |mscpnrf2.txt |4,8e+03 |
|11 | 4500 | 5000 |   90 |  0.3888889 |1585589620612 |      15 |    16.0 | 6,67 |mscpnrf2.txt |5,0e+03 |
|11 | 4600 | 5000 |   90 |       0.45 |1585589620612 |      15 |    16.0 | 6,67 |mscpnrf2.txt |5,1e+03 |
|11 | 4700 | 5000 |   95 |       0.45 |1585589620612 |      15 |    16.0 | 6,67 |mscpnrf2.txt |5,2e+03 |
|11 | 4800 | 5000 |   95 |       0.45 |1585589620612 |      15 |    16.0 | 6,67 |mscpnrf2.txt |5,2e+03 |
|11 | 4900 | 5000 |   95 |       0.45 |1585589620612 |      15 |    16.0 | 6,67 |mscpnrf2.txt |5,2e+03 |
|11 | 5000 | 5000 |   95 |       0.45 |1585589620612 |      15 |    16.0 | 6,67 |mscpnrf2.txt |5,2e+03 |
|11 |  500 | 5000 |  100 |       0.45 |1585589620612 |      15 |    16.0 | 6,67 |mscpnrf2.txt |5,2e+03 |
|12 |    1 | 5000 |   35 |       0.25 |1585594860326 |      15 |  2255.0 |14933,33 |mscpnrf2.txt |0,0050 |
|12 |  100 | 5000 |   35 | 0.37142858 |1585594860326 |      15 |  1947.0 |12880,00 |mscpnrf2.txt | 0,50 |
|12 |  200 | 5000 |   35 |       0.45 |1585594860326 |      15 |  1766.0 |11673,33 |mscpnrf2.txt | 0,94 |
|12 |  300 | 5000 |   35 | 0.37142858 |1585594860326 |      15 |  1727.0 |11413,33 |mscpnrf2.txt |  1,4 |
|12 |  400 | 5000 |   35 |       0.45 |1585594860326 |      15 |  1638.0 |10820,00 |mscpnrf2.txt |  1,8 |
|12 |  500 | 5000 |   35 | 0.37142858 |1585594860326 |      15 |  1542.0 |10180,00 |mscpnrf2.txt |  2,3 |
|12 |  600 | 5000 |   40 |      0.425 |1585594860326 |      15 |    17.0 |13,33 |mscpnrf2.txt |   64 |
|12 |  700 | 5000 |   40 |        0.3 |1585594860326 |      15 |    17.0 |13,33 |mscpnrf2.txt |1,9e+02 |
|12 |  800 | 5000 |   40 |        0.3 |1585594860326 |      15 |    17.0 |13,33 |mscpnrf2.txt |3,3e+02 |
|12 |  900 | 5000 |   40 |       0.35 |1585594860326 |      15 |    17.0 |13,33 |mscpnrf2.txt |4,0e+02 |
|12 | 1000 | 5000 |   45 | 0.31111112 |1585594860326 |      15 |    17.0 |13,33 |mscpnrf2.txt |5,3e+02 |
|12 | 1100 | 5000 |   45 | 0.31111112 |1585594860326 |      15 |    17.0 |13,33 |mscpnrf2.txt |6,5e+02 |
|12 | 1200 | 5000 |   45 | 0.31111112 |1585594860326 |      15 |    17.0 |13,33 |mscpnrf2.txt |7,8e+02 |
|12 | 1300 | 5000 |   45 | 0.31111112 |1585594860326 |      15 |    17.0 |13,33 |mscpnrf2.txt |8,9e+02 |
|12 | 1400 | 5000 |   50 |       0.32 |1585594860326 |      15 |    17.0 |13,33 |mscpnrf2.txt |1,0e+03 |
|12 | 1500 | 5000 |   50 |       0.32 |1585594860326 |      15 |    17.0 |13,33 |mscpnrf2.txt |1,2e+03 |
|12 | 1600 | 5000 |   50 |       0.32 |1585594860326 |      15 |    17.0 |13,33 |mscpnrf2.txt |1,3e+03 |
|12 | 1700 | 5000 |   50 |       0.32 |1585594860326 |      15 |    17.0 |13,33 |mscpnrf2.txt |1,6e+03 |
|12 | 1800 | 5000 |   55 | 0.29090908 |1585594860326 |      15 |    17.0 |13,33 |mscpnrf2.txt |1,8e+03 |
|12 | 1900 | 5000 |   55 |       0.45 |1585594860326 |      15 |    17.0 |13,33 |mscpnrf2.txt |1,9e+03 |
|12 | 2000 | 5000 |   55 |       0.45 |1585594860326 |      15 |    17.0 |13,33 |mscpnrf2.txt |1,9e+03 |
|12 | 2100 | 5000 |   55 |       0.45 |1585594860326 |      15 |    17.0 |13,33 |mscpnrf2.txt |2,0e+03 |
|12 | 2200 | 5000 |   60 |       0.45 |1585594860326 |      15 |    17.0 |13,33 |mscpnrf2.txt |2,1e+03 |
|12 | 2300 | 5000 |   60 |       0.45 |1585594860326 |      15 |    17.0 |13,33 |mscpnrf2.txt |2,2e+03 |
|12 | 2400 | 5000 |   60 |       0.45 |1585594860326 |      15 |    17.0 |13,33 |mscpnrf2.txt |2,3e+03 |
|12 | 2500 | 5000 |   60 |       0.45 |1585594860326 |      15 |    17.0 |13,33 |mscpnrf2.txt |2,3e+03 |
|12 | 2600 | 5000 |   65 |       0.45 |1585594860326 |      15 |    17.0 |13,33 |mscpnrf2.txt |2,4e+03 |
|12 | 2700 | 5000 |   65 |       0.45 |1585594860326 |      15 |    17.0 |13,33 |mscpnrf2.txt |2,5e+03 |
|12 | 2800 | 5000 |   65 |       0.45 |1585594860326 |      15 |    17.0 |13,33 |mscpnrf2.txt |2,5e+03 |
|12 | 2900 | 5000 |   65 |       0.45 |1585594860326 |      15 |    17.0 |13,33 |mscpnrf2.txt |2,5e+03 |
|12 | 3000 | 5000 |   70 |       0.45 |1585594860326 |      15 |    17.0 |13,33 |mscpnrf2.txt |2,5e+03 |
|12 | 3100 | 5000 |   70 |       0.45 |1585594860326 |      15 |    17.0 |13,33 |mscpnrf2.txt |2,5e+03 |
|12 | 3200 | 5000 |   70 |       0.45 |1585594860326 |      15 |    17.0 |13,33 |mscpnrf2.txt |2,6e+03 |
|12 | 3300 | 5000 |   70 |       0.45 |1585594860326 |      15 |    17.0 |13,33 |mscpnrf2.txt |2,6e+03 |
|12 | 3400 | 5000 |   75 |       0.45 |1585594860326 |      15 |    17.0 |13,33 |mscpnrf2.txt |2,6e+03 |
|12 | 3500 | 5000 |   75 |       0.45 |1585594860326 |      15 |    17.0 |13,33 |mscpnrf2.txt |2,6e+03 |
|12 | 3600 | 5000 |   75 |       0.45 |1585594860326 |      15 |    17.0 |13,33 |mscpnrf2.txt |2,6e+03 |
|12 | 3700 | 5000 |   75 |       0.45 |1585594860326 |      15 |    17.0 |13,33 |mscpnrf2.txt |2,7e+03 |
|12 | 3800 | 5000 |   80 |       0.45 |1585594860326 |      15 |    17.0 |13,33 |mscpnrf2.txt |2,7e+03 |
|12 | 3900 | 5000 |   80 |       0.45 |1585594860326 |      15 |    17.0 |13,33 |mscpnrf2.txt |2,7e+03 |
|12 | 4000 | 5000 |   80 |       0.45 |1585594860326 |      15 |    17.0 |13,33 |mscpnrf2.txt |2,7e+03 |
|12 | 4100 | 5000 |   80 |       0.45 |1585594860326 |      15 |    17.0 |13,33 |mscpnrf2.txt |2,7e+03 |
|12 | 4200 | 5000 |   85 |       0.45 |1585594860326 |      15 |    17.0 |13,33 |mscpnrf2.txt |2,8e+03 |
|12 | 4300 | 5000 |   85 |       0.45 |1585594860326 |      15 |    17.0 |13,33 |mscpnrf2.txt |2,8e+03 |
|12 | 4400 | 5000 |   85 |       0.45 |1585594860326 |      15 |    17.0 |13,33 |mscpnrf2.txt |2,8e+03 |
|12 | 4500 | 5000 |   85 |       0.45 |1585594860326 |      15 |    17.0 |13,33 |mscpnrf2.txt |2,8e+03 |
|12 | 4600 | 5000 |   90 |       0.45 |1585594860326 |      15 |    17.0 |13,33 |mscpnrf2.txt |2,9e+03 |
|12 | 4700 | 5000 |   90 |       0.45 |1585594860326 |      15 |    17.0 |13,33 |mscpnrf2.txt |2,9e+03 |
|12 | 4800 | 5000 |   90 |       0.45 |1585594860326 |      15 |    17.0 |13,33 |mscpnrf2.txt |2,9e+03 |
|12 | 4900 | 5000 |   90 |       0.45 |1585594860326 |      15 |    17.0 |13,33 |mscpnrf2.txt |2,9e+03 |
|12 | 5000 | 5000 |   95 |       0.45 |1585594860326 |      15 |    17.0 |13,33 |mscpnrf2.txt |2,9e+03 |
|12 |  500 | 5000 |   95 |       0.45 |1585594860326 |      15 |    17.0 |13,33 |mscpnrf2.txt |2,9e+03 |
|13 |    1 | 5000 |   35 |       0.25 |1585597808888 |      15 |  2327.0 |15413,33 |mscpnrf2.txt |0,0050 |
|13 |  100 | 5000 |   35 |        0.4 |1585597808888 |      15 |  1863.0 |12320,00 |mscpnrf2.txt | 0,65 |
|13 |  200 | 5000 |   35 | 0.34285715 |1585597808888 |      15 |  1737.0 |11480,00 |mscpnrf2.txt |  1,2 |
|13 |  300 | 5000 |   35 |        0.4 |1585597808888 |      15 |  1619.0 |10693,33 |mscpnrf2.txt |  1,7 |
|13 |  400 | 5000 |   35 | 0.22857143 |1585597808888 |      15 |  1515.0 |10000,00 |mscpnrf2.txt |  2,3 |
|13 |  500 | 5000 |   35 | 0.31428573 |1585597808888 |      15 |  1432.0 |9446,67 |mscpnrf2.txt |  2,9 |
|13 |  600 | 5000 |   40 |       0.35 |1585597808888 |      15 |    17.0 |13,33 |mscpnrf2.txt |   91 |
|13 |  700 | 5000 |   40 |        0.3 |1585597808888 |      15 |    17.0 |13,33 |mscpnrf2.txt |2,1e+02 |
|13 |  800 | 5000 |   40 |      0.175 |1585597808888 |      15 |    16.0 | 6,67 |mscpnrf2.txt |3,5e+02 |
|13 |  900 | 5000 |   40 |      0.175 |1585597808888 |      15 |    16.0 | 6,67 |mscpnrf2.txt |5,0e+02 |
|13 | 1000 | 5000 |   45 | 0.37777779 |1585597808888 |      15 |    16.0 | 6,67 |mscpnrf2.txt |6,0e+02 |
|13 | 1100 | 5000 |   45 | 0.37777779 |1585597808888 |      15 |    16.0 | 6,67 |mscpnrf2.txt |7,1e+02 |
|13 | 1200 | 5000 |   45 | 0.37777779 |1585597808888 |      15 |    16.0 | 6,67 |mscpnrf2.txt |8,2e+02 |
|13 | 1300 | 5000 |   45 | 0.37777779 |1585597808888 |      15 |    16.0 | 6,67 |mscpnrf2.txt |9,2e+02 |
|13 | 1400 | 5000 |   50 |       0.34 |1585597808888 |      15 |    16.0 | 6,67 |mscpnrf2.txt |1,1e+03 |
|13 | 1500 | 5000 |   50 |       0.34 |1585597808888 |      15 |    16.0 | 6,67 |mscpnrf2.txt |1,2e+03 |
|13 | 1600 | 5000 |   50 |       0.34 |1585597808888 |      15 |    16.0 | 6,67 |mscpnrf2.txt |1,3e+03 |
|13 | 1700 | 5000 |   50 |       0.34 |1585597808888 |      15 |    16.0 | 6,67 |mscpnrf2.txt |1,5e+03 |
|13 | 1800 | 5000 |   55 |  0.3090909 |1585597808888 |      15 |    16.0 | 6,67 |mscpnrf2.txt |1,6e+03 |
|13 | 1900 | 5000 |   55 |  0.3090909 |1585597808888 |      15 |    16.0 | 6,67 |mscpnrf2.txt |1,8e+03 |
|13 | 2000 | 5000 |   55 |  0.3090909 |1585597808888 |      15 |    16.0 | 6,67 |mscpnrf2.txt |1,9e+03 |
|13 | 2100 | 5000 |   55 |  0.3090909 |1585597808888 |      15 |    16.0 | 6,67 |mscpnrf2.txt |2,1e+03 |
|13 | 2200 | 5000 |   60 |        0.3 |1585597808888 |      15 |    16.0 | 6,67 |mscpnrf2.txt |2,3e+03 |
|13 | 2300 | 5000 |   60 |        0.3 |1585597808888 |      15 |    16.0 | 6,67 |mscpnrf2.txt |2,4e+03 |
|13 | 2400 | 5000 |   60 |        0.3 |1585597808888 |      15 |    16.0 | 6,67 |mscpnrf2.txt |2,6e+03 |
|13 | 2500 | 5000 |   60 |        0.3 |1585597808888 |      15 |    16.0 | 6,67 |mscpnrf2.txt |2,7e+03 |
|13 | 2600 | 5000 |   65 |       0.45 |1585597808888 |      15 |    16.0 | 6,67 |mscpnrf2.txt |2,8e+03 |
|13 | 2700 | 5000 |   65 |       0.45 |1585597808888 |      15 |    16.0 | 6,67 |mscpnrf2.txt |2,8e+03 |
|13 | 2800 | 5000 |   65 |       0.45 |1585597808888 |      15 |    16.0 | 6,67 |mscpnrf2.txt |2,9e+03 |
|13 | 2900 | 5000 |   65 |       0.45 |1585597808888 |      15 |    16.0 | 6,67 |mscpnrf2.txt |2,9e+03 |
|13 | 3000 | 5000 |   70 |       0.45 |1585597808888 |      15 |    16.0 | 6,67 |mscpnrf2.txt |2,9e+03 |
|13 | 3100 | 5000 |   70 |       0.45 |1585597808888 |      15 |    16.0 | 6,67 |mscpnrf2.txt |2,9e+03 |
|13 | 3200 | 5000 |   70 |       0.45 |1585597808888 |      15 |    16.0 | 6,67 |mscpnrf2.txt |2,9e+03 |
|13 | 3300 | 5000 |   70 |       0.45 |1585597808888 |      15 |    16.0 | 6,67 |mscpnrf2.txt |3,0e+03 |
|13 | 3400 | 5000 |   75 |       0.45 |1585597808888 |      15 |    16.0 | 6,67 |mscpnrf2.txt |3,0e+03 |
|13 | 3500 | 5000 |   75 |       0.45 |1585597808888 |      15 |    16.0 | 6,67 |mscpnrf2.txt |3,0e+03 |
|13 | 3600 | 5000 |   75 |       0.45 |1585597808888 |      15 |    16.0 | 6,67 |mscpnrf2.txt |3,0e+03 |
|13 | 3700 | 5000 |   75 |       0.45 |1585597808888 |      15 |    16.0 | 6,67 |mscpnrf2.txt |3,0e+03 |
|13 | 3800 | 5000 |   80 |       0.45 |1585597808888 |      15 |    16.0 | 6,67 |mscpnrf2.txt |3,1e+03 |
|13 | 3900 | 5000 |   80 |       0.45 |1585597808888 |      15 |    16.0 | 6,67 |mscpnrf2.txt |3,1e+03 |
|13 | 4000 | 5000 |   80 |       0.45 |1585597808888 |      15 |    16.0 | 6,67 |mscpnrf2.txt |3,1e+03 |
|13 | 4100 | 5000 |   80 |       0.45 |1585597808888 |      15 |    16.0 | 6,67 |mscpnrf2.txt |3,1e+03 |
|13 | 4200 | 5000 |   85 |       0.45 |1585597808888 |      15 |    16.0 | 6,67 |mscpnrf2.txt |3,1e+03 |
|13 | 4300 | 5000 |   85 |       0.45 |1585597808888 |      15 |    16.0 | 6,67 |mscpnrf2.txt |3,1e+03 |
|13 | 4400 | 5000 |   85 |       0.45 |1585597808888 |      15 |    16.0 | 6,67 |mscpnrf2.txt |3,2e+03 |
|13 | 4500 | 5000 |   85 |       0.45 |1585597808888 |      15 |    16.0 | 6,67 |mscpnrf2.txt |3,2e+03 |
|13 | 4600 | 5000 |   90 |       0.45 |1585597808888 |      15 |    16.0 | 6,67 |mscpnrf2.txt |3,2e+03 |
|13 | 4700 | 5000 |   90 |       0.45 |1585597808888 |      15 |    16.0 | 6,67 |mscpnrf2.txt |3,3e+03 |
|13 | 4800 | 5000 |   90 |       0.45 |1585597808888 |      15 |    16.0 | 6,67 |mscpnrf2.txt |3,3e+03 |
|13 | 4900 | 5000 |   90 |       0.45 |1585597808888 |      15 |    16.0 | 6,67 |mscpnrf2.txt |3,3e+03 |
|13 | 5000 | 5000 |   95 |       0.45 |1585597808888 |      15 |    16.0 | 6,67 |mscpnrf2.txt |3,3e+03 |
|13 |  500 | 5000 |   95 |       0.45 |1585597808888 |      15 |    16.0 | 6,67 |mscpnrf2.txt |3,3e+03 |
|14 |    1 | 5000 |   35 |       0.25 |1585601154637 |      15 |  2287.0 |15146,67 |mscpnrf2.txt |0,0060 |
|14 |  100 | 5000 |   35 | 0.42857143 |1585601154637 |      15 |  1940.0 |12833,33 |mscpnrf2.txt | 0,44 |
|14 |  200 | 5000 |   35 |       0.45 |1585601154637 |      15 |  1818.0 |12020,00 |mscpnrf2.txt | 0,86 |
|14 |  300 | 5000 |   35 |  0.2857143 |1585601154637 |      15 |  1695.0 |11200,00 |mscpnrf2.txt |  1,2 |
|14 |  400 | 5000 |   40 |       0.45 |1585601154637 |      15 |    18.0 |20,00 |mscpnrf2.txt |   50 |
|14 |  500 | 5000 |   40 |        0.3 |1585601154637 |      15 |    16.0 | 6,67 |mscpnrf2.txt |1,6e+02 |
|14 |  600 | 5000 |   40 |      0.225 |1585601154637 |      15 |    16.0 | 6,67 |mscpnrf2.txt |3,2e+02 |
|14 |  700 | 5000 |   40 |        0.2 |1585601154637 |      15 |    16.0 | 6,67 |mscpnrf2.txt |4,8e+02 |
|14 |  800 | 5000 |   45 | 0.24444444 |1585601154637 |      15 |    16.0 | 6,67 |mscpnrf2.txt |6,4e+02 |
|14 |  900 | 5000 |   45 | 0.22222222 |1585601154637 |      15 |    16.0 | 6,67 |mscpnrf2.txt |8,1e+02 |
|14 | 1000 | 5000 |   45 |        0.4 |1585601154637 |      15 |    16.0 | 6,67 |mscpnrf2.txt |8,8e+02 |
|14 | 1100 | 5000 |   45 |        0.4 |1585601154637 |      15 |    16.0 | 6,67 |mscpnrf2.txt |9,4e+02 |
|14 | 1200 | 5000 |   50 |       0.36 |1585601154637 |      15 |    16.0 | 6,67 |mscpnrf2.txt |1,0e+03 |
|14 | 1300 | 5000 |   50 |       0.36 |1585601154637 |      15 |    16.0 | 6,67 |mscpnrf2.txt |1,1e+03 |
|14 | 1400 | 5000 |   50 |       0.36 |1585601154637 |      15 |    16.0 | 6,67 |mscpnrf2.txt |1,2e+03 |
|14 | 1500 | 5000 |   50 |       0.36 |1585601154637 |      15 |    16.0 | 6,67 |mscpnrf2.txt |1,3e+03 |
|14 | 1600 | 5000 |   55 | 0.34545454 |1585601154637 |      15 |    16.0 | 6,67 |mscpnrf2.txt |1,4e+03 |
|14 | 1700 | 5000 |   55 | 0.34545454 |1585601154637 |      15 |    16.0 | 6,67 |mscpnrf2.txt |1,6e+03 |
|14 | 1800 | 5000 |   55 | 0.34545454 |1585601154637 |      15 |    16.0 | 6,67 |mscpnrf2.txt |1,7e+03 |
|14 | 1900 | 5000 |   55 | 0.34545454 |1585601154637 |      15 |    16.0 | 6,67 |mscpnrf2.txt |1,9e+03 |
|14 | 2000 | 5000 |   60 | 0.38333333 |1585601154637 |      15 |    16.0 | 6,67 |mscpnrf2.txt |2,1e+03 |
|14 | 2100 | 5000 |   60 | 0.38333333 |1585601154637 |      15 |    16.0 | 6,67 |mscpnrf2.txt |2,2e+03 |
|14 | 2200 | 5000 |   60 | 0.38333333 |1585601154637 |      15 |    16.0 | 6,67 |mscpnrf2.txt |2,4e+03 |
|14 | 2300 | 5000 |   60 | 0.38333333 |1585601154637 |      15 |    16.0 | 6,67 |mscpnrf2.txt |2,5e+03 |
|14 | 2400 | 5000 |   65 | 0.35384616 |1585601154637 |      15 |    16.0 | 6,67 |mscpnrf2.txt |2,7e+03 |
|14 | 2500 | 5000 |   65 |       0.45 |1585601154637 |      15 |    16.0 | 6,67 |mscpnrf2.txt |2,8e+03 |
|14 | 2600 | 5000 |   65 |       0.45 |1585601154637 |      15 |    16.0 | 6,67 |mscpnrf2.txt |2,9e+03 |
|14 | 2700 | 5000 |   65 |       0.45 |1585601154637 |      15 |    16.0 | 6,67 |mscpnrf2.txt |3,0e+03 |
|14 | 2800 | 5000 |   70 |       0.45 |1585601154637 |      15 |    16.0 | 6,67 |mscpnrf2.txt |3,1e+03 |
|14 | 2900 | 5000 |   70 |       0.45 |1585601154637 |      15 |    16.0 | 6,67 |mscpnrf2.txt |3,2e+03 |
|14 | 3000 | 5000 |   70 |       0.45 |1585601154637 |      15 |    16.0 | 6,67 |mscpnrf2.txt |3,3e+03 |
|14 | 3100 | 5000 |   70 |       0.45 |1585601154637 |      15 |    16.0 | 6,67 |mscpnrf2.txt |3,4e+03 |
|14 | 3200 | 5000 |   75 |       0.45 |1585601154637 |      15 |    16.0 | 6,67 |mscpnrf2.txt |3,5e+03 |
|14 | 3300 | 5000 |   75 |       0.45 |1585601154637 |      15 |    16.0 | 6,67 |mscpnrf2.txt |3,6e+03 |
|14 | 3400 | 5000 |   75 |       0.45 |1585601154637 |      15 |    16.0 | 6,67 |mscpnrf2.txt |3,7e+03 |
|14 | 3500 | 5000 |   75 |       0.45 |1585601154637 |      15 |    16.0 | 6,67 |mscpnrf2.txt |3,8e+03 |
|14 | 3600 | 5000 |   80 |       0.45 |1585601154637 |      15 |    16.0 | 6,67 |mscpnrf2.txt |3,9e+03 |
|14 | 3700 | 5000 |   80 |       0.45 |1585601154637 |      15 |    16.0 | 6,67 |mscpnrf2.txt |4,1e+03 |
|14 | 3800 | 5000 |   80 |       0.45 |1585601154637 |      15 |    16.0 | 6,67 |mscpnrf2.txt |4,2e+03 |
|14 | 3900 | 5000 |   80 |       0.45 |1585601154637 |      15 |    16.0 | 6,67 |mscpnrf2.txt |4,3e+03 |
|14 | 4000 | 5000 |   85 |       0.45 |1585601154637 |      15 |    16.0 | 6,67 |mscpnrf2.txt |4,5e+03 |
|14 | 4100 | 5000 |   85 |       0.45 |1585601154637 |      15 |    16.0 | 6,67 |mscpnrf2.txt |4,6e+03 |
|14 | 4200 | 5000 |   85 |       0.45 |1585601154637 |      15 |    16.0 | 6,67 |mscpnrf2.txt |4,8e+03 |
|14 | 4300 | 5000 |   85 |       0.45 |1585601154637 |      15 |    16.0 | 6,67 |mscpnrf2.txt |5,0e+03 |
|14 | 4400 | 5000 |   90 |       0.45 |1585601154637 |      15 |    16.0 | 6,67 |mscpnrf2.txt |5,0e+03 |
|14 | 4500 | 5000 |   90 |       0.45 |1585601154637 |      15 |    16.0 | 6,67 |mscpnrf2.txt |5,1e+03 |
|14 | 4600 | 5000 |   90 |       0.45 |1585601154637 |      15 |    16.0 | 6,67 |mscpnrf2.txt |5,1e+03 |
|14 | 4700 | 5000 |   90 |       0.45 |1585601154637 |      15 |    16.0 | 6,67 |mscpnrf2.txt |5,1e+03 |
|14 | 4800 | 5000 |   95 |       0.45 |1585601154637 |      15 |    16.0 | 6,67 |mscpnrf2.txt |5,2e+03 |
|14 | 4900 | 5000 |   95 |       0.45 |1585601154637 |      15 |    16.0 | 6,67 |mscpnrf2.txt |5,2e+03 |
|14 | 5000 | 5000 |   95 |       0.45 |1585601154637 |      15 |    16.0 | 6,67 |mscpnrf2.txt |5,2e+03 |
|14 |  500 | 5000 |   95 |       0.45 |1585601154637 |      15 |    16.0 | 6,67 |mscpnrf2.txt |5,2e+03 |
|15 |    1 | 5000 |   35 |       0.25 |1585606351030 |      15 |  2242.0 |14846,67 |mscpnrf2.txt |0,0070 |
|15 |  100 | 5000 |   35 | 0.37142858 |1585606351030 |      15 |  1917.0 |12680,00 |mscpnrf2.txt | 0,39 |
|15 |  200 | 5000 |   35 | 0.37142858 |1585606351030 |      15 |  1735.0 |11466,67 |mscpnrf2.txt | 0,82 |
|15 |  300 | 5000 |   40 |       0.45 |1585606351030 |      15 |    17.0 |13,33 |mscpnrf2.txt |   44 |
|15 |  400 | 5000 |   40 |        0.4 |1585606351030 |      15 |    17.0 |13,33 |mscpnrf2.txt |1,4e+02 |
|15 |  500 | 5000 |   40 |        0.3 |1585606351030 |      15 |    16.0 | 6,67 |mscpnrf2.txt |2,4e+02 |
|15 |  600 | 5000 |   40 |      0.325 |1585606351030 |      15 |    16.0 | 6,67 |mscpnrf2.txt |3,5e+02 |
|15 |  700 | 5000 |   45 | 0.31111112 |1585606351030 |      15 |    16.0 | 6,67 |mscpnrf2.txt |4,3e+02 |
|15 |  800 | 5000 |   45 | 0.31111112 |1585606351030 |      15 |    16.0 | 6,67 |mscpnrf2.txt |5,2e+02 |
|15 |  900 | 5000 |   45 | 0.31111112 |1585606351030 |      15 |    16.0 | 6,67 |mscpnrf2.txt |6,1e+02 |
|15 | 1000 | 5000 |   45 | 0.31111112 |1585606351030 |      15 |    16.0 | 6,67 |mscpnrf2.txt |7,2e+02 |
|15 | 1100 | 5000 |   50 |       0.28 |1585606351030 |      15 |    16.0 | 6,67 |mscpnrf2.txt |8,4e+02 |
|15 | 1200 | 5000 |   50 |       0.28 |1585606351030 |      15 |    16.0 | 6,67 |mscpnrf2.txt |9,5e+02 |
|15 | 1300 | 5000 |   50 |        0.3 |1585606351030 |      15 |    16.0 | 6,67 |mscpnrf2.txt |1,1e+03 |
|15 | 1400 | 5000 |   50 |       0.45 |1585606351030 |      15 |    16.0 | 6,67 |mscpnrf2.txt |1,1e+03 |
|15 | 1500 | 5000 |   55 |       0.45 |1585606351030 |      15 |    16.0 | 6,67 |mscpnrf2.txt |1,2e+03 |
|15 | 1600 | 5000 |   55 |       0.45 |1585606351030 |      15 |    16.0 | 6,67 |mscpnrf2.txt |1,2e+03 |
|15 | 1700 | 5000 |   55 |       0.45 |1585606351030 |      15 |    16.0 | 6,67 |mscpnrf2.txt |1,2e+03 |
|15 | 1800 | 5000 |   55 |       0.45 |1585606351030 |      15 |    16.0 | 6,67 |mscpnrf2.txt |1,2e+03 |
|15 | 1900 | 5000 |   60 |       0.45 |1585606351030 |      15 |    16.0 | 6,67 |mscpnrf2.txt |1,2e+03 |
|15 | 2000 | 5000 |   60 |       0.45 |1585606351030 |      15 |    16.0 | 6,67 |mscpnrf2.txt |1,3e+03 |
|15 | 2100 | 5000 |   60 |       0.45 |1585606351030 |      15 |    16.0 | 6,67 |mscpnrf2.txt |1,3e+03 |
|15 | 2200 | 5000 |   60 |        0.4 |1585606351030 |      15 |    16.0 | 6,67 |mscpnrf2.txt |1,3e+03 |
|15 | 2300 | 5000 |   65 |       0.45 |1585606351030 |      15 |    16.0 | 6,67 |mscpnrf2.txt |1,3e+03 |
|15 | 2400 | 5000 |   65 |       0.45 |1585606351030 |      15 |    16.0 | 6,67 |mscpnrf2.txt |1,3e+03 |
|15 | 2500 | 5000 |   65 |       0.45 |1585606351030 |      15 |    16.0 | 6,67 |mscpnrf2.txt |1,3e+03 |
|15 | 2600 | 5000 |   65 |       0.45 |1585606351030 |      15 |    16.0 | 6,67 |mscpnrf2.txt |1,4e+03 |
|15 | 2700 | 5000 |   70 |       0.45 |1585606351030 |      15 |    16.0 | 6,67 |mscpnrf2.txt |1,4e+03 |
|15 | 2800 | 5000 |   70 |       0.45 |1585606351030 |      15 |    16.0 | 6,67 |mscpnrf2.txt |1,4e+03 |
|15 | 2900 | 5000 |   70 |       0.45 |1585606351030 |      15 |    16.0 | 6,67 |mscpnrf2.txt |1,4e+03 |
|15 | 3000 | 5000 |   70 | 0.35714287 |1585606351030 |      15 |    16.0 | 6,67 |mscpnrf2.txt |1,4e+03 |
|15 | 3100 | 5000 |   75 |       0.45 |1585606351030 |      15 |    16.0 | 6,67 |mscpnrf2.txt |1,4e+03 |
|15 | 3200 | 5000 |   75 |       0.45 |1585606351030 |      15 |    16.0 | 6,67 |mscpnrf2.txt |1,5e+03 |
|15 | 3300 | 5000 |   75 |       0.45 |1585606351030 |      15 |    16.0 | 6,67 |mscpnrf2.txt |1,5e+03 |
|15 | 3400 | 5000 |   75 |       0.45 |1585606351030 |      15 |    16.0 | 6,67 |mscpnrf2.txt |1,5e+03 |
|15 | 3500 | 5000 |   80 |       0.45 |1585606351030 |      15 |    16.0 | 6,67 |mscpnrf2.txt |1,5e+03 |
|15 | 3600 | 5000 |   80 |       0.45 |1585606351030 |      15 |    16.0 | 6,67 |mscpnrf2.txt |1,6e+03 |
|15 | 3700 | 5000 |   80 |       0.45 |1585606351030 |      15 |    16.0 | 6,67 |mscpnrf2.txt |1,6e+03 |
|15 | 3800 | 5000 |   80 |       0.45 |1585606351030 |      15 |    16.0 | 6,67 |mscpnrf2.txt |1,6e+03 |
|15 | 3900 | 5000 |   85 |       0.45 |1585606351030 |      15 |    16.0 | 6,67 |mscpnrf2.txt |1,6e+03 |
|15 | 4000 | 5000 |   85 |       0.45 |1585606351030 |      15 |    16.0 | 6,67 |mscpnrf2.txt |1,6e+03 |
|15 | 4100 | 5000 |   85 |       0.45 |1585606351030 |      15 |    16.0 | 6,67 |mscpnrf2.txt |1,7e+03 |
|15 | 4200 | 5000 |   85 |       0.45 |1585606351030 |      15 |    16.0 | 6,67 |mscpnrf2.txt |1,7e+03 |
|15 | 4300 | 5000 |   90 |       0.45 |1585606351030 |      15 |    16.0 | 6,67 |mscpnrf2.txt |1,7e+03 |
|15 | 4400 | 5000 |   90 |       0.45 |1585606351030 |      15 |    16.0 | 6,67 |mscpnrf2.txt |1,7e+03 |
|15 | 4500 | 5000 |   90 |       0.45 |1585606351030 |      15 |    16.0 | 6,67 |mscpnrf2.txt |1,7e+03 |
|15 | 4600 | 5000 |   90 | 0.35555556 |1585606351030 |      15 |    16.0 | 6,67 |mscpnrf2.txt |1,7e+03 |
|15 | 4700 | 5000 |   95 |       0.45 |1585606351030 |      15 |    16.0 | 6,67 |mscpnrf2.txt |1,8e+03 |
|15 | 4800 | 5000 |   95 |       0.45 |1585606351030 |      15 |    16.0 | 6,67 |mscpnrf2.txt |1,8e+03 |
|15 | 4900 | 5000 |   95 |       0.45 |1585606351030 |      15 |    16.0 | 6,67 |mscpnrf2.txt |1,8e+03 |
|15 | 5000 | 5000 |   95 |       0.45 |1585606351030 |      15 |    16.0 | 6,67 |mscpnrf2.txt |1,8e+03 |
|15 |  500 | 5000 |  100 |       0.45 |1585606351030 |      15 |    16.0 | 6,67 |mscpnrf2.txt |1,8e+03 |
