| # |    #ITER | #IterMAX | Nest |      %Desc |      semilla | BestFit |GottedFit |  RDP |  instancia | time |
-------------------------------------------------------------------------------------------------
| 1 |    1 | 5000 |   35 |       0.25 |1585608162107 |      14 |  2724.0 |19357,14 |mscpnrf3.txt |0,0070 |
| 1 |  100 | 5000 |   35 | 0.34285715 |1585608162107 |      14 |  2365.0 |16792,86 |mscpnrf3.txt | 0,66 |
| 1 |  200 | 5000 |   35 |        0.4 |1585608162107 |      14 |  2172.0 |15414,29 |mscpnrf3.txt |  1,3 |
| 1 |  300 | 5000 |   35 | 0.34285715 |1585608162107 |      14 |  2031.0 |14407,14 |mscpnrf3.txt |  1,8 |
| 1 |  400 | 5000 |   35 |       0.45 |1585608162107 |      14 |  1965.0 |13935,71 |mscpnrf3.txt |  2,4 |
| 1 |  500 | 5000 |   35 |       0.45 |1585608162107 |      14 |  1892.0 |13414,29 |mscpnrf3.txt |  2,9 |
| 1 |  600 | 5000 |   40 |       0.45 |1585608162107 |      14 |    17.0 |21,43 |mscpnrf3.txt |   67 |
| 1 |  700 | 5000 |   40 |       0.45 |1585608162107 |      14 |    17.0 |21,43 |mscpnrf3.txt |1,9e+02 |
| 1 |  800 | 5000 |   40 |      0.375 |1585608162107 |      14 |    17.0 |21,43 |mscpnrf3.txt |3,3e+02 |
| 1 |  900 | 5000 |   40 |      0.325 |1585608162107 |      14 |    17.0 |21,43 |mscpnrf3.txt |5,0e+02 |
| 1 | 1000 | 5000 |   45 | 0.31111112 |1585608162107 |      14 |    17.0 |21,43 |mscpnrf3.txt |6,2e+02 |
| 1 | 1100 | 5000 |   45 | 0.31111112 |1585608162107 |      14 |    17.0 |21,43 |mscpnrf3.txt |7,4e+02 |
| 1 | 1200 | 5000 |   45 | 0.31111112 |1585608162107 |      14 |    17.0 |21,43 |mscpnrf3.txt |8,7e+02 |
| 1 | 1300 | 5000 |   45 | 0.31111112 |1585608162107 |      14 |    17.0 |21,43 |mscpnrf3.txt |9,9e+02 |
| 1 | 1400 | 5000 |   50 |        0.3 |1585608162107 |      14 |    17.0 |21,43 |mscpnrf3.txt |1,2e+03 |
| 1 | 1500 | 5000 |   50 |        0.3 |1585608162107 |      14 |    17.0 |21,43 |mscpnrf3.txt |1,3e+03 |
| 1 | 1600 | 5000 |   50 |        0.3 |1585608162107 |      14 |    17.0 |21,43 |mscpnrf3.txt |1,5e+03 |
| 1 | 1700 | 5000 |   50 |        0.3 |1585608162107 |      14 |    17.0 |21,43 |mscpnrf3.txt |1,6e+03 |
| 1 | 1800 | 5000 |   55 | 0.34545454 |1585608162107 |      14 |    17.0 |21,43 |mscpnrf3.txt |1,8e+03 |
| 1 | 1900 | 5000 |   55 | 0.34545454 |1585608162107 |      14 |    17.0 |21,43 |mscpnrf3.txt |1,9e+03 |
| 1 | 2000 | 5000 |   55 | 0.34545454 |1585608162107 |      14 |    17.0 |21,43 |mscpnrf3.txt |2,1e+03 |
| 1 | 2100 | 5000 |   55 | 0.34545454 |1585608162107 |      14 |    17.0 |21,43 |mscpnrf3.txt |2,3e+03 |
| 1 | 2200 | 5000 |   60 | 0.38333333 |1585608162107 |      14 |    17.0 |21,43 |mscpnrf3.txt |2,5e+03 |
| 1 | 2300 | 5000 |   60 |       0.45 |1585608162107 |      14 |    17.0 |21,43 |mscpnrf3.txt |2,6e+03 |
| 1 | 2400 | 5000 |   60 |       0.45 |1585608162107 |      14 |    17.0 |21,43 |mscpnrf3.txt |2,7e+03 |
| 1 | 2500 | 5000 |   60 |       0.45 |1585608162107 |      14 |    17.0 |21,43 |mscpnrf3.txt |2,9e+03 |
| 1 | 2600 | 5000 |   65 |       0.45 |1585608162107 |      14 |    17.0 |21,43 |mscpnrf3.txt |3,0e+03 |
| 1 | 2700 | 5000 |   65 |       0.45 |1585608162107 |      14 |    17.0 |21,43 |mscpnrf3.txt |3,1e+03 |
| 1 | 2800 | 5000 |   65 |       0.45 |1585608162107 |      14 |    17.0 |21,43 |mscpnrf3.txt |3,3e+03 |
| 1 | 2900 | 5000 |   65 |       0.45 |1585608162107 |      14 |    17.0 |21,43 |mscpnrf3.txt |3,4e+03 |
| 1 | 3000 | 5000 |   70 |       0.45 |1585608162107 |      14 |    17.0 |21,43 |mscpnrf3.txt |3,6e+03 |
| 1 | 3100 | 5000 |   70 |       0.45 |1585608162107 |      14 |    17.0 |21,43 |mscpnrf3.txt |3,8e+03 |
| 1 | 3200 | 5000 |   70 |       0.45 |1585608162107 |      14 |    17.0 |21,43 |mscpnrf3.txt |4,0e+03 |
| 1 | 3300 | 5000 |   70 |       0.45 |1585608162107 |      14 |    17.0 |21,43 |mscpnrf3.txt |4,1e+03 |
| 1 | 3400 | 5000 |   75 |       0.44 |1585608162107 |      14 |    17.0 |21,43 |mscpnrf3.txt |4,3e+03 |
| 1 | 3500 | 5000 |   75 |       0.44 |1585608162107 |      14 |    17.0 |21,43 |mscpnrf3.txt |4,5e+03 |
| 1 | 3600 | 5000 |   75 |       0.44 |1585608162107 |      14 |    17.0 |21,43 |mscpnrf3.txt |4,8e+03 |
| 1 | 3700 | 5000 |   75 |       0.44 |1585608162107 |      14 |    17.0 |21,43 |mscpnrf3.txt |5,0e+03 |
| 1 | 3800 | 5000 |   80 |     0.4125 |1585608162107 |      14 |    17.0 |21,43 |mscpnrf3.txt |5,2e+03 |
| 1 | 3900 | 5000 |   80 |     0.4125 |1585608162107 |      14 |    17.0 |21,43 |mscpnrf3.txt |5,5e+03 |
| 1 | 4000 | 5000 |   80 |     0.4125 |1585608162107 |      14 |    17.0 |21,43 |mscpnrf3.txt |5,7e+03 |
| 1 | 4100 | 5000 |   80 |     0.4125 |1585608162107 |      14 |    17.0 |21,43 |mscpnrf3.txt |6,0e+03 |
| 1 | 4200 | 5000 |   85 |  0.3882353 |1585608162107 |      14 |    17.0 |21,43 |mscpnrf3.txt |6,3e+03 |
| 1 | 4300 | 5000 |   85 |  0.3882353 |1585608162107 |      14 |    17.0 |21,43 |mscpnrf3.txt |6,6e+03 |
| 1 | 4400 | 5000 |   85 |  0.3882353 |1585608162107 |      14 |    17.0 |21,43 |mscpnrf3.txt |6,8e+03 |
| 1 | 4500 | 5000 |   85 |  0.3882353 |1585608162107 |      14 |    17.0 |21,43 |mscpnrf3.txt |7,1e+03 |
| 1 | 4600 | 5000 |   90 | 0.36666667 |1585608162107 |      14 |    17.0 |21,43 |mscpnrf3.txt |7,5e+03 |
| 1 | 4700 | 5000 |   90 | 0.36666667 |1585608162107 |      14 |    17.0 |21,43 |mscpnrf3.txt |7,8e+03 |
| 1 | 4800 | 5000 |   90 | 0.36666667 |1585608162107 |      14 |    17.0 |21,43 |mscpnrf3.txt |8,2e+03 |
| 1 | 4900 | 5000 |   90 | 0.36666667 |1585608162107 |      14 |    17.0 |21,43 |mscpnrf3.txt |8,4e+03 |
| 1 | 5000 | 5000 |   95 | 0.35789475 |1585608162107 |      14 |    17.0 |21,43 |mscpnrf3.txt |8,6e+03 |
| 1 |  500 | 5000 |   95 | 0.35789475 |1585608162107 |      14 |    17.0 |21,43 |mscpnrf3.txt |8,6e+03 |
| 2 |    1 | 5000 |   35 |       0.25 |1585616794334 |      14 |  2790.0 |19828,57 |mscpnrf3.txt |0,0080 |
| 2 |  100 | 5000 |   35 | 0.37142858 |1585616794334 |      14 |  2336.0 |16585,71 |mscpnrf3.txt | 0,51 |
| 2 |  200 | 5000 |   35 | 0.37142858 |1585616794334 |      14 |  2141.0 |15192,86 |mscpnrf3.txt | 0,96 |
| 2 |  300 | 5000 |   35 |  0.2857143 |1585616794334 |      14 |  2050.0 |14542,86 |mscpnrf3.txt |  1,5 |
| 2 |  400 | 5000 |   40 |       0.45 |1585616794334 |      14 |    17.0 |21,43 |mscpnrf3.txt |   54 |
| 2 |  500 | 5000 |   40 |        0.4 |1585616794334 |      14 |    17.0 |21,43 |mscpnrf3.txt |1,7e+02 |
| 2 |  600 | 5000 |   40 |      0.325 |1585616794334 |      14 |    17.0 |21,43 |mscpnrf3.txt |3,1e+02 |
| 2 |  700 | 5000 |   40 |      0.325 |1585616794334 |      14 |    17.0 |21,43 |mscpnrf3.txt |4,5e+02 |
| 2 |  800 | 5000 |   45 | 0.31111112 |1585616794334 |      14 |    17.0 |21,43 |mscpnrf3.txt |5,6e+02 |
| 2 |  900 | 5000 |   45 | 0.31111112 |1585616794334 |      14 |    17.0 |21,43 |mscpnrf3.txt |6,6e+02 |
| 2 | 1000 | 5000 |   45 | 0.31111112 |1585616794334 |      14 |    17.0 |21,43 |mscpnrf3.txt |7,8e+02 |
| 2 | 1100 | 5000 |   45 | 0.31111112 |1585616794334 |      14 |    17.0 |21,43 |mscpnrf3.txt |8,9e+02 |
| 2 | 1200 | 5000 |   50 |        0.3 |1585616794334 |      14 |    17.0 |21,43 |mscpnrf3.txt |1,0e+03 |
| 2 | 1300 | 5000 |   50 |        0.3 |1585616794334 |      14 |    17.0 |21,43 |mscpnrf3.txt |1,1e+03 |
| 2 | 1400 | 5000 |   50 |        0.3 |1585616794334 |      14 |    17.0 |21,43 |mscpnrf3.txt |1,3e+03 |
| 2 | 1500 | 5000 |   50 |        0.3 |1585616794334 |      14 |    17.0 |21,43 |mscpnrf3.txt |1,4e+03 |
| 2 | 1600 | 5000 |   55 |  0.3090909 |1585616794334 |      14 |    17.0 |21,43 |mscpnrf3.txt |1,6e+03 |
| 2 | 1700 | 5000 |   55 |  0.3090909 |1585616794334 |      14 |    17.0 |21,43 |mscpnrf3.txt |1,7e+03 |
| 2 | 1800 | 5000 |   55 |  0.3090909 |1585616794334 |      14 |    17.0 |21,43 |mscpnrf3.txt |1,9e+03 |
| 2 | 1900 | 5000 |   55 |  0.3090909 |1585616794334 |      14 |    17.0 |21,43 |mscpnrf3.txt |2,1e+03 |
| 2 | 2000 | 5000 |   60 | 0.31666666 |1585616794334 |      14 |    17.0 |21,43 |mscpnrf3.txt |2,3e+03 |
| 2 | 2100 | 5000 |   60 |       0.45 |1585616794334 |      14 |    17.0 |21,43 |mscpnrf3.txt |2,3e+03 |
| 2 | 2200 | 5000 |   60 |       0.45 |1585616794334 |      14 |    17.0 |21,43 |mscpnrf3.txt |2,4e+03 |
| 2 | 2300 | 5000 |   60 |       0.45 |1585616794334 |      14 |    17.0 |21,43 |mscpnrf3.txt |2,5e+03 |
| 2 | 2400 | 5000 |   65 |       0.45 |1585616794334 |      14 |    17.0 |21,43 |mscpnrf3.txt |2,6e+03 |
| 2 | 2500 | 5000 |   65 |       0.45 |1585616794334 |      14 |    17.0 |21,43 |mscpnrf3.txt |2,7e+03 |
| 2 | 2600 | 5000 |   65 |       0.45 |1585616794334 |      14 |    17.0 |21,43 |mscpnrf3.txt |2,8e+03 |
| 2 | 2700 | 5000 |   65 |       0.45 |1585616794334 |      14 |    17.0 |21,43 |mscpnrf3.txt |2,8e+03 |
| 2 | 2800 | 5000 |   70 |       0.45 |1585616794334 |      14 |    17.0 |21,43 |mscpnrf3.txt |2,9e+03 |
| 2 | 2900 | 5000 |   70 |       0.45 |1585616794334 |      14 |    17.0 |21,43 |mscpnrf3.txt |3,0e+03 |
| 2 | 3000 | 5000 |   70 |       0.45 |1585616794334 |      14 |    17.0 |21,43 |mscpnrf3.txt |3,1e+03 |
| 2 | 3100 | 5000 |   70 |       0.45 |1585616794334 |      14 |    17.0 |21,43 |mscpnrf3.txt |3,2e+03 |
| 2 | 3200 | 5000 |   75 |       0.45 |1585616794334 |      14 |    17.0 |21,43 |mscpnrf3.txt |3,4e+03 |
| 2 | 3300 | 5000 |   75 |       0.45 |1585616794334 |      14 |    17.0 |21,43 |mscpnrf3.txt |3,5e+03 |
| 2 | 3400 | 5000 |   75 |       0.45 |1585616794334 |      14 |    17.0 |21,43 |mscpnrf3.txt |3,6e+03 |
| 2 | 3500 | 5000 |   75 |       0.45 |1585616794334 |      14 |    17.0 |21,43 |mscpnrf3.txt |3,7e+03 |
| 2 | 3600 | 5000 |   80 |     0.4375 |1585616794334 |      14 |    17.0 |21,43 |mscpnrf3.txt |3,8e+03 |
| 2 | 3700 | 5000 |   80 |     0.4375 |1585616794334 |      14 |    17.0 |21,43 |mscpnrf3.txt |4,0e+03 |
| 2 | 3800 | 5000 |   80 |     0.4375 |1585616794334 |      14 |    17.0 |21,43 |mscpnrf3.txt |4,1e+03 |
| 2 | 3900 | 5000 |   80 |     0.4375 |1585616794334 |      14 |    17.0 |21,43 |mscpnrf3.txt |4,2e+03 |
| 2 | 4000 | 5000 |   85 |  0.4117647 |1585616794334 |      14 |    17.0 |21,43 |mscpnrf3.txt |4,4e+03 |
| 2 | 4100 | 5000 |   85 |  0.4117647 |1585616794334 |      14 |    17.0 |21,43 |mscpnrf3.txt |4,6e+03 |
| 2 | 4200 | 5000 |   85 |  0.4117647 |1585616794334 |      14 |    17.0 |21,43 |mscpnrf3.txt |4,8e+03 |
| 2 | 4300 | 5000 |   85 |  0.4117647 |1585616794334 |      14 |    17.0 |21,43 |mscpnrf3.txt |4,9e+03 |
| 2 | 4400 | 5000 |   90 |  0.3888889 |1585616794334 |      14 |    17.0 |21,43 |mscpnrf3.txt |5,1e+03 |
| 2 | 4500 | 5000 |   90 |  0.3888889 |1585616794334 |      14 |    17.0 |21,43 |mscpnrf3.txt |5,3e+03 |
| 2 | 4600 | 5000 |   90 |  0.3888889 |1585616794334 |      14 |    17.0 |21,43 |mscpnrf3.txt |5,5e+03 |
| 2 | 4700 | 5000 |   90 |       0.45 |1585616794334 |      14 |    17.0 |21,43 |mscpnrf3.txt |5,6e+03 |
| 2 | 4800 | 5000 |   95 |       0.45 |1585616794334 |      14 |    17.0 |21,43 |mscpnrf3.txt |5,7e+03 |
| 2 | 4900 | 5000 |   95 |       0.45 |1585616794334 |      14 |    17.0 |21,43 |mscpnrf3.txt |5,7e+03 |
| 2 | 5000 | 5000 |   95 |       0.45 |1585616794334 |      14 |    17.0 |21,43 |mscpnrf3.txt |5,7e+03 |
| 2 |  500 | 5000 |   95 |       0.45 |1585616794334 |      14 |    17.0 |21,43 |mscpnrf3.txt |5,7e+03 |
| 3 |    1 | 5000 |   35 |       0.25 |1585622521456 |      14 |  2806.0 |19942,86 |mscpnrf3.txt |0,0070 |
| 3 |  100 | 5000 |   35 |       0.45 |1585622521456 |      14 |  2378.0 |16885,71 |mscpnrf3.txt | 0,52 |
| 3 |  200 | 5000 |   40 |       0.45 |1585622521456 |      14 |    17.0 |21,43 |mscpnrf3.txt |   38 |
| 3 |  300 | 5000 |   40 |       0.45 |1585622521456 |      14 |    17.0 |21,43 |mscpnrf3.txt |1,3e+02 |
| 3 |  400 | 5000 |   40 |        0.4 |1585622521456 |      14 |    17.0 |21,43 |mscpnrf3.txt |2,4e+02 |
| 3 |  500 | 5000 |   40 |       0.35 |1585622521456 |      14 |    17.0 |21,43 |mscpnrf3.txt |3,6e+02 |
| 3 |  600 | 5000 |   45 |  0.2888889 |1585622521456 |      14 |    17.0 |21,43 |mscpnrf3.txt |4,5e+02 |
| 3 |  700 | 5000 |   45 |  0.2888889 |1585622521456 |      14 |    17.0 |21,43 |mscpnrf3.txt |5,5e+02 |
| 3 |  800 | 5000 |   45 |  0.2888889 |1585622521456 |      14 |    17.0 |21,43 |mscpnrf3.txt |6,4e+02 |
| 3 |  900 | 5000 |   45 |  0.2888889 |1585622521456 |      14 |    17.0 |21,43 |mscpnrf3.txt |7,4e+02 |
| 3 | 1000 | 5000 |   50 |       0.34 |1585622521456 |      14 |    17.0 |21,43 |mscpnrf3.txt |8,5e+02 |
| 3 | 1100 | 5000 |   50 |       0.34 |1585622521456 |      14 |    17.0 |21,43 |mscpnrf3.txt |9,7e+02 |
| 3 | 1200 | 5000 |   50 |       0.34 |1585622521456 |      14 |    17.0 |21,43 |mscpnrf3.txt |1,1e+03 |
| 3 | 1300 | 5000 |   50 |       0.36 |1585622521456 |      14 |    17.0 |21,43 |mscpnrf3.txt |1,2e+03 |
| 3 | 1400 | 5000 |   55 |  0.4181818 |1585622521456 |      14 |    17.0 |21,43 |mscpnrf3.txt |1,4e+03 |
| 3 | 1500 | 5000 |   55 |       0.45 |1585622521456 |      14 |    17.0 |21,43 |mscpnrf3.txt |1,4e+03 |
| 3 | 1600 | 5000 |   55 |       0.45 |1585622521456 |      14 |    17.0 |21,43 |mscpnrf3.txt |1,5e+03 |
| 3 | 1700 | 5000 |   55 |       0.45 |1585622521456 |      14 |    17.0 |21,43 |mscpnrf3.txt |1,6e+03 |
| 3 | 1800 | 5000 |   60 |       0.45 |1585622521456 |      14 |    17.0 |21,43 |mscpnrf3.txt |1,7e+03 |
| 3 | 1900 | 5000 |   60 |       0.45 |1585622521456 |      14 |    17.0 |21,43 |mscpnrf3.txt |1,8e+03 |
| 3 | 2000 | 5000 |   60 |       0.45 |1585622521456 |      14 |    17.0 |21,43 |mscpnrf3.txt |1,9e+03 |
| 3 | 2100 | 5000 |   60 |       0.45 |1585622521456 |      14 |    17.0 |21,43 |mscpnrf3.txt |1,9e+03 |
| 3 | 2200 | 5000 |   65 | 0.44615385 |1585622521456 |      14 |    17.0 |21,43 |mscpnrf3.txt |2,1e+03 |
| 3 | 2300 | 5000 |   65 | 0.44615385 |1585622521456 |      14 |    17.0 |21,43 |mscpnrf3.txt |2,2e+03 |
| 3 | 2400 | 5000 |   65 | 0.44615385 |1585622521456 |      14 |    17.0 |21,43 |mscpnrf3.txt |2,3e+03 |
| 3 | 2500 | 5000 |   65 | 0.44615385 |1585622521456 |      14 |    17.0 |21,43 |mscpnrf3.txt |2,4e+03 |
| 3 | 2600 | 5000 |   70 | 0.41428572 |1585622521456 |      14 |    17.0 |21,43 |mscpnrf3.txt |2,5e+03 |
| 3 | 2700 | 5000 |   70 | 0.41428572 |1585622521456 |      14 |    17.0 |21,43 |mscpnrf3.txt |2,7e+03 |
| 3 | 2800 | 5000 |   70 | 0.41428572 |1585622521456 |      14 |    17.0 |21,43 |mscpnrf3.txt |2,8e+03 |
| 3 | 2900 | 5000 |   70 | 0.41428572 |1585622521456 |      14 |    17.0 |21,43 |mscpnrf3.txt |2,9e+03 |
| 3 | 3000 | 5000 |   75 | 0.38666666 |1585622521456 |      14 |    17.0 |21,43 |mscpnrf3.txt |3,1e+03 |
| 3 | 3100 | 5000 |   75 | 0.38666666 |1585622521456 |      14 |    17.0 |21,43 |mscpnrf3.txt |3,3e+03 |
| 3 | 3200 | 5000 |   75 | 0.38666666 |1585622521456 |      14 |    17.0 |21,43 |mscpnrf3.txt |3,4e+03 |
| 3 | 3300 | 5000 |   75 | 0.38666666 |1585622521456 |      14 |    17.0 |21,43 |mscpnrf3.txt |3,6e+03 |
| 3 | 3400 | 5000 |   80 |     0.3625 |1585622521456 |      14 |    17.0 |21,43 |mscpnrf3.txt |3,7e+03 |
| 3 | 3500 | 5000 |   80 |     0.3625 |1585622521456 |      14 |    17.0 |21,43 |mscpnrf3.txt |3,9e+03 |
| 3 | 3600 | 5000 |   80 |     0.3625 |1585622521456 |      14 |    17.0 |21,43 |mscpnrf3.txt |4,1e+03 |
| 3 | 3700 | 5000 |   80 |     0.3625 |1585622521456 |      14 |    17.0 |21,43 |mscpnrf3.txt |4,3e+03 |
| 3 | 3800 | 5000 |   85 |  0.3882353 |1585622521456 |      14 |    17.0 |21,43 |mscpnrf3.txt |4,5e+03 |
| 3 | 3900 | 5000 |   85 |  0.3882353 |1585622521456 |      14 |    17.0 |21,43 |mscpnrf3.txt |4,6e+03 |
| 3 | 4000 | 5000 |   85 |  0.3882353 |1585622521456 |      14 |    17.0 |21,43 |mscpnrf3.txt |4,8e+03 |
| 3 | 4100 | 5000 |   85 |  0.3882353 |1585622521456 |      14 |    17.0 |21,43 |mscpnrf3.txt |5,0e+03 |
| 3 | 4200 | 5000 |   90 |  0.3888889 |1585622521456 |      14 |    17.0 |21,43 |mscpnrf3.txt |5,3e+03 |
| 3 | 4300 | 5000 |   90 |       0.45 |1585622521456 |      14 |    17.0 |21,43 |mscpnrf3.txt |5,4e+03 |
| 3 | 4400 | 5000 |   90 |       0.45 |1585622521456 |      14 |    17.0 |21,43 |mscpnrf3.txt |5,5e+03 |
| 3 | 4500 | 5000 |   90 |       0.45 |1585622521456 |      14 |    17.0 |21,43 |mscpnrf3.txt |5,6e+03 |
| 3 | 4600 | 5000 |   95 |       0.45 |1585622521456 |      14 |    17.0 |21,43 |mscpnrf3.txt |5,7e+03 |
| 3 | 4700 | 5000 |   95 |       0.45 |1585622521456 |      14 |    17.0 |21,43 |mscpnrf3.txt |5,8e+03 |
| 3 | 4800 | 5000 |   95 |       0.45 |1585622521456 |      14 |    17.0 |21,43 |mscpnrf3.txt |6,0e+03 |
| 3 | 4900 | 5000 |   95 |       0.45 |1585622521456 |      14 |    17.0 |21,43 |mscpnrf3.txt |6,1e+03 |
| 3 | 5000 | 5000 |  100 |       0.45 |1585622521456 |      14 |    17.0 |21,43 |mscpnrf3.txt |6,2e+03 |
| 3 |  500 | 5000 |  100 |       0.45 |1585622521456 |      14 |    17.0 |21,43 |mscpnrf3.txt |6,2e+03 |
| 4 |    1 | 5000 |   35 |       0.25 |1585628746883 |      14 |  2786.0 |19800,00 |mscpnrf3.txt |0,0060 |
| 4 |  100 | 5000 |   35 |  0.2857143 |1585628746883 |      14 |  2397.0 |17021,43 |mscpnrf3.txt | 0,56 |
| 4 |  200 | 5000 |   35 | 0.37142858 |1585628746883 |      14 |  2190.0 |15542,86 |mscpnrf3.txt |  1,1 |
| 4 |  300 | 5000 |   35 | 0.37142858 |1585628746883 |      14 |  2091.0 |14835,71 |mscpnrf3.txt |  1,6 |
| 4 |  400 | 5000 |   40 |       0.45 |1585628746883 |      14 |    17.0 |21,43 |mscpnrf3.txt |   48 |
| 4 |  500 | 5000 |   40 |       0.45 |1585628746883 |      14 |    17.0 |21,43 |mscpnrf3.txt |1,5e+02 |
| 4 |  600 | 5000 |   40 |      0.375 |1585628746883 |      14 |    17.0 |21,43 |mscpnrf3.txt |2,7e+02 |
| 4 |  700 | 5000 |   40 |      0.325 |1585628746883 |      14 |    17.0 |21,43 |mscpnrf3.txt |3,4e+02 |
| 4 |  800 | 5000 |   45 | 0.31111112 |1585628746883 |      14 |    17.0 |21,43 |mscpnrf3.txt |4,2e+02 |
| 4 |  900 | 5000 |   45 | 0.31111112 |1585628746883 |      14 |    17.0 |21,43 |mscpnrf3.txt |5,2e+02 |
| 4 | 1000 | 5000 |   45 | 0.31111112 |1585628746883 |      14 |    17.0 |21,43 |mscpnrf3.txt |6,1e+02 |
| 4 | 1100 | 5000 |   45 | 0.31111112 |1585628746883 |      14 |    17.0 |21,43 |mscpnrf3.txt |7,1e+02 |
| 4 | 1200 | 5000 |   50 |       0.28 |1585628746883 |      14 |    17.0 |21,43 |mscpnrf3.txt |8,2e+02 |
| 4 | 1300 | 5000 |   50 |        0.3 |1585628746883 |      14 |    17.0 |21,43 |mscpnrf3.txt |9,4e+02 |
| 4 | 1400 | 5000 |   50 |        0.3 |1585628746883 |      14 |    17.0 |21,43 |mscpnrf3.txt |1,1e+03 |
| 4 | 1500 | 5000 |   50 |        0.3 |1585628746883 |      14 |    17.0 |21,43 |mscpnrf3.txt |1,2e+03 |
| 4 | 1600 | 5000 |   55 | 0.38181818 |1585628746883 |      14 |    17.0 |21,43 |mscpnrf3.txt |1,3e+03 |
| 4 | 1700 | 5000 |   55 | 0.38181818 |1585628746883 |      14 |    17.0 |21,43 |mscpnrf3.txt |1,4e+03 |
| 4 | 1800 | 5000 |   55 | 0.38181818 |1585628746883 |      14 |    17.0 |21,43 |mscpnrf3.txt |1,6e+03 |
| 4 | 1900 | 5000 |   55 | 0.38181818 |1585628746883 |      14 |    17.0 |21,43 |mscpnrf3.txt |1,7e+03 |
| 4 | 2000 | 5000 |   60 | 0.36666667 |1585628746883 |      14 |    17.0 |21,43 |mscpnrf3.txt |1,9e+03 |
| 4 | 2100 | 5000 |   60 |       0.45 |1585628746883 |      14 |    17.0 |21,43 |mscpnrf3.txt |2,0e+03 |
| 4 | 2200 | 5000 |   60 |       0.45 |1585628746883 |      14 |    17.0 |21,43 |mscpnrf3.txt |2,0e+03 |
| 4 | 2300 | 5000 |   60 |       0.45 |1585628746883 |      14 |    17.0 |21,43 |mscpnrf3.txt |2,1e+03 |
| 4 | 2400 | 5000 |   65 |       0.45 |1585628746883 |      14 |    17.0 |21,43 |mscpnrf3.txt |2,2e+03 |
| 4 | 2500 | 5000 |   65 |       0.45 |1585628746883 |      14 |    17.0 |21,43 |mscpnrf3.txt |2,3e+03 |
| 4 | 2600 | 5000 |   65 |       0.45 |1585628746883 |      14 |    17.0 |21,43 |mscpnrf3.txt |2,4e+03 |
| 4 | 2700 | 5000 |   65 |       0.45 |1585628746883 |      14 |    17.0 |21,43 |mscpnrf3.txt |2,5e+03 |
| 4 | 2800 | 5000 |   70 |       0.45 |1585628746883 |      14 |    17.0 |21,43 |mscpnrf3.txt |2,7e+03 |
| 4 | 2900 | 5000 |   70 |       0.45 |1585628746883 |      14 |    17.0 |21,43 |mscpnrf3.txt |2,8e+03 |
| 4 | 3000 | 5000 |   70 |       0.45 |1585628746883 |      14 |    17.0 |21,43 |mscpnrf3.txt |2,9e+03 |
| 4 | 3100 | 5000 |   70 |       0.45 |1585628746883 |      14 |    17.0 |21,43 |mscpnrf3.txt |3,0e+03 |
| 4 | 3200 | 5000 |   75 | 0.42666668 |1585628746883 |      14 |    17.0 |21,43 |mscpnrf3.txt |3,1e+03 |
| 4 | 3300 | 5000 |   75 | 0.42666668 |1585628746883 |      14 |    17.0 |21,43 |mscpnrf3.txt |3,3e+03 |
| 4 | 3400 | 5000 |   75 | 0.42666668 |1585628746883 |      14 |    17.0 |21,43 |mscpnrf3.txt |3,4e+03 |
| 4 | 3500 | 5000 |   75 | 0.42666668 |1585628746883 |      14 |    17.0 |21,43 |mscpnrf3.txt |3,5e+03 |
| 4 | 3600 | 5000 |   80 |        0.4 |1585628746883 |      14 |    17.0 |21,43 |mscpnrf3.txt |3,7e+03 |
| 4 | 3700 | 5000 |   80 |        0.4 |1585628746883 |      14 |    17.0 |21,43 |mscpnrf3.txt |3,8e+03 |
| 4 | 3800 | 5000 |   80 |        0.4 |1585628746883 |      14 |    17.0 |21,43 |mscpnrf3.txt |4,0e+03 |
| 4 | 3900 | 5000 |   80 |        0.4 |1585628746883 |      14 |    17.0 |21,43 |mscpnrf3.txt |4,1e+03 |
| 4 | 4000 | 5000 |   85 |  0.3882353 |1585628746883 |      14 |    17.0 |21,43 |mscpnrf3.txt |4,3e+03 |
| 4 | 4100 | 5000 |   85 |  0.3882353 |1585628746883 |      14 |    17.0 |21,43 |mscpnrf3.txt |4,5e+03 |
| 4 | 4200 | 5000 |   85 |  0.3882353 |1585628746883 |      14 |    17.0 |21,43 |mscpnrf3.txt |4,7e+03 |
| 4 | 4300 | 5000 |   85 |  0.3882353 |1585628746883 |      14 |    17.0 |21,43 |mscpnrf3.txt |4,8e+03 |
| 4 | 4400 | 5000 |   90 | 0.36666667 |1585628746883 |      14 |    17.0 |21,43 |mscpnrf3.txt |5,0e+03 |
| 4 | 4500 | 5000 |   90 | 0.36666667 |1585628746883 |      14 |    17.0 |21,43 |mscpnrf3.txt |5,2e+03 |
| 4 | 4600 | 5000 |   90 | 0.36666667 |1585628746883 |      14 |    17.0 |21,43 |mscpnrf3.txt |5,4e+03 |
| 4 | 4700 | 5000 |   90 | 0.36666667 |1585628746883 |      14 |    17.0 |21,43 |mscpnrf3.txt |5,6e+03 |
| 4 | 4800 | 5000 |   95 | 0.34736842 |1585628746883 |      14 |    17.0 |21,43 |mscpnrf3.txt |5,8e+03 |
| 4 | 4900 | 5000 |   95 | 0.35789475 |1585628746883 |      14 |    17.0 |21,43 |mscpnrf3.txt |6,1e+03 |
| 4 | 5000 | 5000 |   95 | 0.35789475 |1585628746883 |      14 |    17.0 |21,43 |mscpnrf3.txt |6,3e+03 |
| 4 |  500 | 5000 |   95 | 0.35789475 |1585628746883 |      14 |    17.0 |21,43 |mscpnrf3.txt |6,3e+03 |
| 5 |    1 | 5000 |   35 |       0.25 |1585635023026 |      14 |  2792.0 |19842,86 |mscpnrf3.txt |0,0060 |
| 5 |  100 | 5000 |   35 |  0.2857143 |1585635023026 |      14 |  2387.0 |16950,00 |mscpnrf3.txt | 0,47 |
| 5 |  200 | 5000 |   40 |       0.45 |1585635023026 |      14 |    17.0 |21,43 |mscpnrf3.txt |   57 |
| 5 |  300 | 5000 |   40 |        0.3 |1585635023026 |      14 |    17.0 |21,43 |mscpnrf3.txt |1,8e+02 |
| 5 |  400 | 5000 |   40 |       0.35 |1585635023026 |      14 |    17.0 |21,43 |mscpnrf3.txt |2,6e+02 |
| 5 |  500 | 5000 |   40 |       0.35 |1585635023026 |      14 |    17.0 |21,43 |mscpnrf3.txt |3,4e+02 |
| 5 |  600 | 5000 |   45 | 0.31111112 |1585635023026 |      14 |    17.0 |21,43 |mscpnrf3.txt |4,5e+02 |
| 5 |  700 | 5000 |   45 | 0.31111112 |1585635023026 |      14 |    17.0 |21,43 |mscpnrf3.txt |5,5e+02 |
| 5 |  800 | 5000 |   45 | 0.31111112 |1585635023026 |      14 |    17.0 |21,43 |mscpnrf3.txt |6,6e+02 |
| 5 |  900 | 5000 |   45 | 0.31111112 |1585635023026 |      14 |    17.0 |21,43 |mscpnrf3.txt |7,7e+02 |
| 5 | 1000 | 5000 |   50 |       0.36 |1585635023026 |      14 |    17.0 |21,43 |mscpnrf3.txt |9,1e+02 |
| 5 | 1100 | 5000 |   50 |       0.45 |1585635023026 |      14 |    17.0 |21,43 |mscpnrf3.txt |9,7e+02 |
| 5 | 1200 | 5000 |   50 |       0.45 |1585635023026 |      14 |    17.0 |21,43 |mscpnrf3.txt |1,0e+03 |
| 5 | 1300 | 5000 |   50 |       0.45 |1585635023026 |      14 |    17.0 |21,43 |mscpnrf3.txt |1,1e+03 |
| 5 | 1400 | 5000 |   55 |       0.45 |1585635023026 |      14 |    17.0 |21,43 |mscpnrf3.txt |1,2e+03 |
| 5 | 1500 | 5000 |   55 |       0.45 |1585635023026 |      14 |    17.0 |21,43 |mscpnrf3.txt |1,3e+03 |
| 5 | 1600 | 5000 |   55 |       0.45 |1585635023026 |      14 |    17.0 |21,43 |mscpnrf3.txt |1,4e+03 |
| 5 | 1700 | 5000 |   55 |       0.45 |1585635023026 |      14 |    17.0 |21,43 |mscpnrf3.txt |1,4e+03 |
| 5 | 1800 | 5000 |   60 |       0.45 |1585635023026 |      14 |    17.0 |21,43 |mscpnrf3.txt |1,5e+03 |
| 5 | 1900 | 5000 |   60 |       0.45 |1585635023026 |      14 |    17.0 |21,43 |mscpnrf3.txt |1,6e+03 |
| 5 | 2000 | 5000 |   60 |       0.45 |1585635023026 |      14 |    17.0 |21,43 |mscpnrf3.txt |1,8e+03 |
| 5 | 2100 | 5000 |   60 |       0.45 |1585635023026 |      14 |    17.0 |21,43 |mscpnrf3.txt |1,9e+03 |
| 5 | 2200 | 5000 |   65 |       0.45 |1585635023026 |      14 |    17.0 |21,43 |mscpnrf3.txt |2,0e+03 |
| 5 | 2300 | 5000 |   65 |       0.45 |1585635023026 |      14 |    17.0 |21,43 |mscpnrf3.txt |2,1e+03 |
| 5 | 2400 | 5000 |   65 |       0.45 |1585635023026 |      14 |    17.0 |21,43 |mscpnrf3.txt |2,3e+03 |
| 5 | 2500 | 5000 |   65 |       0.45 |1585635023026 |      14 |    17.0 |21,43 |mscpnrf3.txt |2,4e+03 |
| 5 | 2600 | 5000 |   70 | 0.42857143 |1585635023026 |      14 |    17.0 |21,43 |mscpnrf3.txt |2,6e+03 |
| 5 | 2700 | 5000 |   70 | 0.42857143 |1585635023026 |      14 |    17.0 |21,43 |mscpnrf3.txt |2,7e+03 |
| 5 | 2800 | 5000 |   70 | 0.42857143 |1585635023026 |      14 |    17.0 |21,43 |mscpnrf3.txt |2,9e+03 |
| 5 | 2900 | 5000 |   70 | 0.42857143 |1585635023026 |      14 |    17.0 |21,43 |mscpnrf3.txt |3,1e+03 |
| 5 | 3000 | 5000 |   75 |        0.4 |1585635023026 |      14 |    17.0 |21,43 |mscpnrf3.txt |3,2e+03 |
| 5 | 3100 | 5000 |   75 |        0.4 |1585635023026 |      14 |    17.0 |21,43 |mscpnrf3.txt |3,4e+03 |
| 5 | 3200 | 5000 |   75 |        0.4 |1585635023026 |      14 |    17.0 |21,43 |mscpnrf3.txt |3,6e+03 |
| 5 | 3300 | 5000 |   75 |        0.4 |1585635023026 |      14 |    17.0 |21,43 |mscpnrf3.txt |3,8e+03 |
| 5 | 3400 | 5000 |   80 |      0.375 |1585635023026 |      14 |    17.0 |21,43 |mscpnrf3.txt |4,0e+03 |
| 5 | 3500 | 5000 |   80 |       0.45 |1585635023026 |      14 |    17.0 |21,43 |mscpnrf3.txt |4,1e+03 |
| 5 | 3600 | 5000 |   80 |       0.45 |1585635023026 |      14 |    17.0 |21,43 |mscpnrf3.txt |4,1e+03 |
| 5 | 3700 | 5000 |   80 |       0.45 |1585635023026 |      14 |    17.0 |21,43 |mscpnrf3.txt |4,1e+03 |
| 5 | 3800 | 5000 |   85 |       0.45 |1585635023026 |      14 |    17.0 |21,43 |mscpnrf3.txt |4,2e+03 |
| 5 | 3900 | 5000 |   85 |       0.45 |1585635023026 |      14 |    17.0 |21,43 |mscpnrf3.txt |4,2e+03 |
| 5 | 4000 | 5000 |   85 |       0.45 |1585635023026 |      14 |    17.0 |21,43 |mscpnrf3.txt |4,2e+03 |
| 5 | 4100 | 5000 |   85 |       0.45 |1585635023026 |      14 |    17.0 |21,43 |mscpnrf3.txt |4,2e+03 |
| 5 | 4200 | 5000 |   90 |       0.45 |1585635023026 |      14 |    17.0 |21,43 |mscpnrf3.txt |4,2e+03 |
| 5 | 4300 | 5000 |   90 |       0.45 |1585635023026 |      14 |    17.0 |21,43 |mscpnrf3.txt |4,2e+03 |
| 5 | 4400 | 5000 |   90 |       0.45 |1585635023026 |      14 |    17.0 |21,43 |mscpnrf3.txt |4,2e+03 |
| 5 | 4500 | 5000 |   90 |       0.45 |1585635023026 |      14 |    17.0 |21,43 |mscpnrf3.txt |4,3e+03 |
| 5 | 4600 | 5000 |   95 |       0.45 |1585635023026 |      14 |    17.0 |21,43 |mscpnrf3.txt |4,3e+03 |
| 5 | 4700 | 5000 |   95 |       0.45 |1585635023026 |      14 |    17.0 |21,43 |mscpnrf3.txt |4,3e+03 |
| 5 | 4800 | 5000 |   95 |  0.2736842 |1585635023026 |      14 |    17.0 |21,43 |mscpnrf3.txt |4,3e+03 |
| 5 | 4900 | 5000 |   95 | 0.30526316 |1585635023026 |      14 |    17.0 |21,43 |mscpnrf3.txt |4,3e+03 |
| 5 | 5000 | 5000 |  100 |       0.45 |1585635023026 |      14 |    17.0 |21,43 |mscpnrf3.txt |4,3e+03 |
| 5 |  500 | 5000 |  100 |       0.45 |1585635023026 |      14 |    17.0 |21,43 |mscpnrf3.txt |4,3e+03 |
| 6 |    1 | 5000 |   35 |       0.25 |1585639346965 |      14 |  2767.0 |19664,29 |mscpnrf3.txt |0,0060 |
| 6 |  100 | 5000 |   35 | 0.37142858 |1585639346965 |      14 |  2304.0 |16357,14 |mscpnrf3.txt | 0,54 |
| 6 |  200 | 5000 |   35 |        0.4 |1585639346965 |      14 |  2166.0 |15371,43 |mscpnrf3.txt |  1,0 |
| 6 |  300 | 5000 |   35 |        0.4 |1585639346965 |      14 |  2008.0 |14242,86 |mscpnrf3.txt |  1,5 |
| 6 |  400 | 5000 |   40 |       0.45 |1585639346965 |      14 |    17.0 |21,43 |mscpnrf3.txt |   60 |
| 6 |  500 | 5000 |   40 |        0.4 |1585639346965 |      14 |    17.0 |21,43 |mscpnrf3.txt |1,8e+02 |
| 6 |  600 | 5000 |   40 |      0.375 |1585639346965 |      14 |    17.0 |21,43 |mscpnrf3.txt |3,1e+02 |
| 6 |  700 | 5000 |   40 |      0.325 |1585639346965 |      14 |    17.0 |21,43 |mscpnrf3.txt |3,9e+02 |
| 6 |  800 | 5000 |   45 |  0.2888889 |1585639346965 |      14 |    17.0 |21,43 |mscpnrf3.txt |5,0e+02 |
| 6 |  900 | 5000 |   45 |  0.2888889 |1585639346965 |      14 |    17.0 |21,43 |mscpnrf3.txt |6,1e+02 |
| 6 | 1000 | 5000 |   45 |  0.2888889 |1585639346965 |      14 |    17.0 |21,43 |mscpnrf3.txt |7,2e+02 |
| 6 | 1100 | 5000 |   45 |  0.2888889 |1585639346965 |      14 |    17.0 |21,43 |mscpnrf3.txt |8,3e+02 |
| 6 | 1200 | 5000 |   50 |       0.32 |1585639346965 |      14 |    17.0 |21,43 |mscpnrf3.txt |9,7e+02 |
| 6 | 1300 | 5000 |   50 |       0.34 |1585639346965 |      14 |    17.0 |21,43 |mscpnrf3.txt |1,1e+03 |
| 6 | 1400 | 5000 |   50 |       0.34 |1585639346965 |      14 |    17.0 |21,43 |mscpnrf3.txt |1,2e+03 |
| 6 | 1500 | 5000 |   50 |       0.34 |1585639346965 |      14 |    17.0 |21,43 |mscpnrf3.txt |1,4e+03 |
| 6 | 1600 | 5000 |   55 | 0.34545454 |1585639346965 |      14 |    17.0 |21,43 |mscpnrf3.txt |1,6e+03 |
| 6 | 1700 | 5000 |   55 |       0.45 |1585639346965 |      14 |    17.0 |21,43 |mscpnrf3.txt |1,6e+03 |
| 6 | 1800 | 5000 |   55 |       0.45 |1585639346965 |      14 |    17.0 |21,43 |mscpnrf3.txt |1,7e+03 |
| 6 | 1900 | 5000 |   55 |       0.45 |1585639346965 |      14 |    17.0 |21,43 |mscpnrf3.txt |1,8e+03 |
| 6 | 2000 | 5000 |   60 |       0.45 |1585639346965 |      14 |    17.0 |21,43 |mscpnrf3.txt |1,9e+03 |
| 6 | 2100 | 5000 |   60 |       0.45 |1585639346965 |      14 |    17.0 |21,43 |mscpnrf3.txt |2,0e+03 |
| 6 | 2200 | 5000 |   60 |       0.45 |1585639346965 |      14 |    17.0 |21,43 |mscpnrf3.txt |2,1e+03 |
| 6 | 2300 | 5000 |   60 |       0.45 |1585639346965 |      14 |    17.0 |21,43 |mscpnrf3.txt |2,2e+03 |
| 6 | 2400 | 5000 |   65 |       0.45 |1585639346965 |      14 |    17.0 |21,43 |mscpnrf3.txt |2,4e+03 |
| 6 | 2500 | 5000 |   65 |       0.45 |1585639346965 |      14 |    17.0 |21,43 |mscpnrf3.txt |2,5e+03 |
| 6 | 2600 | 5000 |   65 |       0.45 |1585639346965 |      14 |    17.0 |21,43 |mscpnrf3.txt |2,6e+03 |
| 6 | 2700 | 5000 |   65 |       0.45 |1585639346965 |      14 |    17.0 |21,43 |mscpnrf3.txt |2,7e+03 |
| 6 | 2800 | 5000 |   70 | 0.44285715 |1585639346965 |      14 |    17.0 |21,43 |mscpnrf3.txt |2,8e+03 |
| 6 | 2900 | 5000 |   70 | 0.44285715 |1585639346965 |      14 |    17.0 |21,43 |mscpnrf3.txt |3,0e+03 |
| 6 | 3000 | 5000 |   70 | 0.44285715 |1585639346965 |      14 |    17.0 |21,43 |mscpnrf3.txt |3,1e+03 |
| 6 | 3100 | 5000 |   70 | 0.44285715 |1585639346965 |      14 |    17.0 |21,43 |mscpnrf3.txt |3,2e+03 |
| 6 | 3200 | 5000 |   75 | 0.41333333 |1585639346965 |      14 |    17.0 |21,43 |mscpnrf3.txt |3,4e+03 |
| 6 | 3300 | 5000 |   75 | 0.41333333 |1585639346965 |      14 |    17.0 |21,43 |mscpnrf3.txt |3,5e+03 |
| 6 | 3400 | 5000 |   75 | 0.41333333 |1585639346965 |      14 |    17.0 |21,43 |mscpnrf3.txt |3,7e+03 |
| 6 | 3500 | 5000 |   75 | 0.41333333 |1585639346965 |      14 |    17.0 |21,43 |mscpnrf3.txt |3,8e+03 |
| 6 | 3600 | 5000 |   80 |     0.3875 |1585639346965 |      14 |    17.0 |21,43 |mscpnrf3.txt |4,0e+03 |
| 6 | 3700 | 5000 |   80 |     0.3875 |1585639346965 |      14 |    17.0 |21,43 |mscpnrf3.txt |4,2e+03 |
| 6 | 3800 | 5000 |   80 |     0.3875 |1585639346965 |      14 |    17.0 |21,43 |mscpnrf3.txt |4,4e+03 |
| 6 | 3900 | 5000 |   80 |     0.3875 |1585639346965 |      14 |    17.0 |21,43 |mscpnrf3.txt |4,5e+03 |
| 6 | 4000 | 5000 |   85 |  0.3647059 |1585639346965 |      14 |    17.0 |21,43 |mscpnrf3.txt |4,7e+03 |
| 6 | 4100 | 5000 |   85 |  0.3647059 |1585639346965 |      14 |    17.0 |21,43 |mscpnrf3.txt |4,9e+03 |
| 6 | 4200 | 5000 |   85 |  0.3647059 |1585639346965 |      14 |    17.0 |21,43 |mscpnrf3.txt |5,1e+03 |
| 6 | 4300 | 5000 |   85 |  0.3647059 |1585639346965 |      14 |    17.0 |21,43 |mscpnrf3.txt |5,3e+03 |
| 6 | 4400 | 5000 |   90 | 0.35555556 |1585639346965 |      14 |    17.0 |21,43 |mscpnrf3.txt |5,5e+03 |
| 6 | 4500 | 5000 |   90 | 0.35555556 |1585639346965 |      14 |    17.0 |21,43 |mscpnrf3.txt |5,7e+03 |
| 6 | 4600 | 5000 |   90 | 0.35555556 |1585639346965 |      14 |    17.0 |21,43 |mscpnrf3.txt |5,9e+03 |
| 6 | 4700 | 5000 |   90 | 0.35555556 |1585639346965 |      14 |    17.0 |21,43 |mscpnrf3.txt |6,1e+03 |
| 6 | 4800 | 5000 |   95 | 0.35789475 |1585639346965 |      14 |    17.0 |21,43 |mscpnrf3.txt |6,4e+03 |
| 6 | 4900 | 5000 |   95 |       0.45 |1585639346965 |      14 |    17.0 |21,43 |mscpnrf3.txt |6,5e+03 |
| 6 | 5000 | 5000 |   95 |       0.45 |1585639346965 |      14 |    17.0 |21,43 |mscpnrf3.txt |6,5e+03 |
| 6 |  500 | 5000 |   95 |       0.45 |1585639346965 |      14 |    17.0 |21,43 |mscpnrf3.txt |6,5e+03 |
| 7 |    1 | 5000 |   35 |       0.25 |1585645862985 |      14 |  2743.0 |19492,86 |mscpnrf3.txt |0,0070 |
| 7 |  100 | 5000 |   35 |       0.45 |1585645862985 |      14 |  2388.0 |16957,14 |mscpnrf3.txt | 0,47 |
| 7 |  200 | 5000 |   40 |       0.45 |1585645862985 |      14 |    17.0 |21,43 |mscpnrf3.txt |   41 |
| 7 |  300 | 5000 |   40 |        0.4 |1585645862985 |      14 |    17.0 |21,43 |mscpnrf3.txt |1,4e+02 |
| 7 |  400 | 5000 |   40 |      0.325 |1585645862985 |      14 |    17.0 |21,43 |mscpnrf3.txt |2,7e+02 |
| 7 |  500 | 5000 |   40 |       0.35 |1585645862985 |      14 |    17.0 |21,43 |mscpnrf3.txt |3,4e+02 |
| 7 |  600 | 5000 |   45 | 0.31111112 |1585645862985 |      14 |    17.0 |21,43 |mscpnrf3.txt |4,3e+02 |
| 7 |  700 | 5000 |   45 | 0.31111112 |1585645862985 |      14 |    17.0 |21,43 |mscpnrf3.txt |5,2e+02 |
| 7 |  800 | 5000 |   45 | 0.31111112 |1585645862985 |      14 |    17.0 |21,43 |mscpnrf3.txt |6,1e+02 |
| 7 |  900 | 5000 |   45 | 0.31111112 |1585645862985 |      14 |    17.0 |21,43 |mscpnrf3.txt |6,9e+02 |
| 7 | 1000 | 5000 |   50 |       0.28 |1585645862985 |      14 |    17.0 |21,43 |mscpnrf3.txt |8,0e+02 |
| 7 | 1100 | 5000 |   50 |       0.28 |1585645862985 |      14 |    17.0 |21,43 |mscpnrf3.txt |9,2e+02 |
| 7 | 1200 | 5000 |   50 |       0.28 |1585645862985 |      14 |    17.0 |21,43 |mscpnrf3.txt |1,0e+03 |
| 7 | 1300 | 5000 |   50 |       0.28 |1585645862985 |      14 |    17.0 |21,43 |mscpnrf3.txt |1,1e+03 |
| 7 | 1400 | 5000 |   55 |  0.3090909 |1585645862985 |      14 |    17.0 |21,43 |mscpnrf3.txt |1,3e+03 |
| 7 | 1500 | 5000 |   55 |  0.3090909 |1585645862985 |      14 |    17.0 |21,43 |mscpnrf3.txt |1,4e+03 |
| 7 | 1600 | 5000 |   55 |  0.3272727 |1585645862985 |      14 |    17.0 |21,43 |mscpnrf3.txt |1,5e+03 |
| 7 | 1700 | 5000 |   55 |  0.3272727 |1585645862985 |      14 |    17.0 |21,43 |mscpnrf3.txt |1,7e+03 |
| 7 | 1800 | 5000 |   60 | 0.36666667 |1585645862985 |      14 |    17.0 |21,43 |mscpnrf3.txt |1,8e+03 |
| 7 | 1900 | 5000 |   60 |       0.45 |1585645862985 |      14 |    17.0 |21,43 |mscpnrf3.txt |1,9e+03 |
| 7 | 2000 | 5000 |   60 |       0.45 |1585645862985 |      14 |    17.0 |21,43 |mscpnrf3.txt |2,0e+03 |
| 7 | 2100 | 5000 |   60 |       0.45 |1585645862985 |      14 |    17.0 |21,43 |mscpnrf3.txt |2,1e+03 |
| 7 | 2200 | 5000 |   65 |       0.45 |1585645862985 |      14 |    17.0 |21,43 |mscpnrf3.txt |2,2e+03 |
| 7 | 2300 | 5000 |   65 |       0.45 |1585645862985 |      14 |    17.0 |21,43 |mscpnrf3.txt |2,3e+03 |
| 7 | 2400 | 5000 |   65 |       0.45 |1585645862985 |      14 |    17.0 |21,43 |mscpnrf3.txt |2,4e+03 |
| 7 | 2500 | 5000 |   65 |       0.45 |1585645862985 |      14 |    17.0 |21,43 |mscpnrf3.txt |2,5e+03 |
| 7 | 2600 | 5000 |   70 |       0.45 |1585645862985 |      14 |    17.0 |21,43 |mscpnrf3.txt |2,6e+03 |
| 7 | 2700 | 5000 |   70 |       0.45 |1585645862985 |      14 |    17.0 |21,43 |mscpnrf3.txt |2,7e+03 |
| 7 | 2800 | 5000 |   70 |       0.45 |1585645862985 |      14 |    17.0 |21,43 |mscpnrf3.txt |2,8e+03 |
| 7 | 2900 | 5000 |   70 |       0.45 |1585645862985 |      14 |    17.0 |21,43 |mscpnrf3.txt |2,9e+03 |
| 7 | 3000 | 5000 |   75 |       0.44 |1585645862985 |      14 |    17.0 |21,43 |mscpnrf3.txt |3,1e+03 |
| 7 | 3100 | 5000 |   75 |       0.44 |1585645862985 |      14 |    17.0 |21,43 |mscpnrf3.txt |3,2e+03 |
| 7 | 3200 | 5000 |   75 |       0.44 |1585645862985 |      14 |    17.0 |21,43 |mscpnrf3.txt |3,4e+03 |
| 7 | 3300 | 5000 |   75 |       0.44 |1585645862985 |      14 |    17.0 |21,43 |mscpnrf3.txt |3,5e+03 |
| 7 | 3400 | 5000 |   80 |     0.4125 |1585645862985 |      14 |    17.0 |21,43 |mscpnrf3.txt |3,7e+03 |
| 7 | 3500 | 5000 |   80 |     0.4125 |1585645862985 |      14 |    17.0 |21,43 |mscpnrf3.txt |3,8e+03 |
| 7 | 3600 | 5000 |   80 |     0.4125 |1585645862985 |      14 |    17.0 |21,43 |mscpnrf3.txt |4,0e+03 |
| 7 | 3700 | 5000 |   80 |     0.4125 |1585645862985 |      14 |    17.0 |21,43 |mscpnrf3.txt |4,1e+03 |
| 7 | 3800 | 5000 |   85 |  0.3882353 |1585645862985 |      14 |    17.0 |21,43 |mscpnrf3.txt |4,3e+03 |
| 7 | 3900 | 5000 |   85 |  0.3882353 |1585645862985 |      14 |    17.0 |21,43 |mscpnrf3.txt |4,5e+03 |
| 7 | 4000 | 5000 |   85 |  0.3882353 |1585645862985 |      14 |    17.0 |21,43 |mscpnrf3.txt |4,7e+03 |
| 7 | 4100 | 5000 |   85 |  0.3882353 |1585645862985 |      14 |    17.0 |21,43 |mscpnrf3.txt |4,9e+03 |
| 7 | 4200 | 5000 |   90 | 0.36666667 |1585645862985 |      14 |    17.0 |21,43 |mscpnrf3.txt |5,1e+03 |
| 7 | 4300 | 5000 |   90 | 0.36666667 |1585645862985 |      14 |    17.0 |21,43 |mscpnrf3.txt |5,2e+03 |
| 7 | 4400 | 5000 |   90 | 0.36666667 |1585645862985 |      14 |    17.0 |21,43 |mscpnrf3.txt |5,4e+03 |
| 7 | 4500 | 5000 |   90 | 0.36666667 |1585645862985 |      14 |    17.0 |21,43 |mscpnrf3.txt |5,6e+03 |
| 7 | 4600 | 5000 |   95 | 0.34736842 |1585645862985 |      14 |    17.0 |21,43 |mscpnrf3.txt |5,8e+03 |
| 7 | 4700 | 5000 |   95 | 0.34736842 |1585645862985 |      14 |    17.0 |21,43 |mscpnrf3.txt |5,9e+03 |
| 7 | 4800 | 5000 |   95 | 0.34736842 |1585645862985 |      14 |    17.0 |21,43 |mscpnrf3.txt |6,1e+03 |
| 7 | 4900 | 5000 |   95 | 0.34736842 |1585645862985 |      14 |    17.0 |21,43 |mscpnrf3.txt |6,3e+03 |
| 7 | 5000 | 5000 |  100 |       0.34 |1585645862985 |      14 |    17.0 |21,43 |mscpnrf3.txt |6,5e+03 |
| 7 |  500 | 5000 |  100 |       0.34 |1585645862985 |      14 |    17.0 |21,43 |mscpnrf3.txt |6,5e+03 |
| 8 |    1 | 5000 |   35 |       0.25 |1585652372633 |      14 |  2766.0 |19657,14 |mscpnrf3.txt |0,0050 |
| 8 |  100 | 5000 |   35 | 0.37142858 |1585652372633 |      14 |  2275.0 |16150,00 |mscpnrf3.txt | 0,38 |
| 8 |  200 | 5000 |   35 | 0.42857143 |1585652372633 |      14 |  2227.0 |15807,14 |mscpnrf3.txt | 0,76 |
| 8 |  300 | 5000 |   35 |        0.4 |1585652372633 |      14 |  2103.0 |14921,43 |mscpnrf3.txt |  1,1 |
| 8 |  400 | 5000 |   35 | 0.37142858 |1585652372633 |      14 |  2009.0 |14250,00 |mscpnrf3.txt |  1,5 |
| 8 |  500 | 5000 |   35 | 0.37142858 |1585652372633 |      14 |  1902.0 |13485,71 |mscpnrf3.txt |  1,9 |
| 8 |  600 | 5000 |   35 | 0.31428573 |1585652372633 |      14 |  1826.0 |12942,86 |mscpnrf3.txt |  2,3 |
| 8 |  700 | 5000 |   40 |       0.45 |1585652372633 |      14 |    17.0 |21,43 |mscpnrf3.txt |   52 |
| 8 |  800 | 5000 |   40 |      0.375 |1585652372633 |      14 |    17.0 |21,43 |mscpnrf3.txt |1,4e+02 |
| 8 |  900 | 5000 |   40 |       0.35 |1585652372633 |      14 |    17.0 |21,43 |mscpnrf3.txt |2,5e+02 |
| 8 | 1000 | 5000 |   40 |      0.325 |1585652372633 |      14 |    17.0 |21,43 |mscpnrf3.txt |3,1e+02 |
| 8 | 1100 | 5000 |   45 |  0.2888889 |1585652372633 |      14 |    17.0 |21,43 |mscpnrf3.txt |4,0e+02 |
| 8 | 1200 | 5000 |   45 |  0.2888889 |1585652372633 |      14 |    17.0 |21,43 |mscpnrf3.txt |4,8e+02 |
| 8 | 1300 | 5000 |   45 |  0.2888889 |1585652372633 |      14 |    17.0 |21,43 |mscpnrf3.txt |5,6e+02 |
| 8 | 1400 | 5000 |   45 |  0.2888889 |1585652372633 |      14 |    17.0 |21,43 |mscpnrf3.txt |6,5e+02 |
| 8 | 1500 | 5000 |   50 |       0.32 |1585652372633 |      14 |    17.0 |21,43 |mscpnrf3.txt |7,6e+02 |
| 8 | 1600 | 5000 |   50 |       0.34 |1585652372633 |      14 |    17.0 |21,43 |mscpnrf3.txt |8,7e+02 |
| 8 | 1700 | 5000 |   50 |       0.45 |1585652372633 |      14 |    17.0 |21,43 |mscpnrf3.txt |9,2e+02 |
| 8 | 1800 | 5000 |   50 |       0.45 |1585652372633 |      14 |    17.0 |21,43 |mscpnrf3.txt |9,7e+02 |
| 8 | 1900 | 5000 |   55 |       0.45 |1585652372633 |      14 |    17.0 |21,43 |mscpnrf3.txt |1,0e+03 |
| 8 | 2000 | 5000 |   55 |       0.45 |1585652372633 |      14 |    17.0 |21,43 |mscpnrf3.txt |1,1e+03 |
| 8 | 2100 | 5000 |   55 |       0.45 |1585652372633 |      14 |    17.0 |21,43 |mscpnrf3.txt |1,2e+03 |
| 8 | 2200 | 5000 |   55 |       0.45 |1585652372633 |      14 |    17.0 |21,43 |mscpnrf3.txt |1,2e+03 |
| 8 | 2300 | 5000 |   60 |       0.45 |1585652372633 |      14 |    17.0 |21,43 |mscpnrf3.txt |1,3e+03 |
| 8 | 2400 | 5000 |   60 |       0.45 |1585652372633 |      14 |    17.0 |21,43 |mscpnrf3.txt |1,4e+03 |
| 8 | 2500 | 5000 |   60 |       0.45 |1585652372633 |      14 |    17.0 |21,43 |mscpnrf3.txt |1,5e+03 |
| 8 | 2600 | 5000 |   60 |       0.45 |1585652372633 |      14 |    17.0 |21,43 |mscpnrf3.txt |1,6e+03 |
| 8 | 2700 | 5000 |   65 |       0.45 |1585652372633 |      14 |    17.0 |21,43 |mscpnrf3.txt |1,8e+03 |
| 8 | 2800 | 5000 |   65 |       0.45 |1585652372633 |      14 |    17.0 |21,43 |mscpnrf3.txt |1,9e+03 |
| 8 | 2900 | 5000 |   65 |       0.45 |1585652372633 |      14 |    17.0 |21,43 |mscpnrf3.txt |2,0e+03 |
| 8 | 3000 | 5000 |   65 |       0.45 |1585652372633 |      14 |    17.0 |21,43 |mscpnrf3.txt |2,1e+03 |
| 8 | 3100 | 5000 |   70 | 0.42857143 |1585652372633 |      14 |    17.0 |21,43 |mscpnrf3.txt |2,3e+03 |
| 8 | 3200 | 5000 |   70 | 0.42857143 |1585652372633 |      14 |    17.0 |21,43 |mscpnrf3.txt |2,4e+03 |
| 8 | 3300 | 5000 |   70 | 0.42857143 |1585652372633 |      14 |    17.0 |21,43 |mscpnrf3.txt |2,6e+03 |
| 8 | 3400 | 5000 |   70 | 0.42857143 |1585652372633 |      14 |    17.0 |21,43 |mscpnrf3.txt |2,7e+03 |
| 8 | 3500 | 5000 |   75 |        0.4 |1585652372633 |      14 |    17.0 |21,43 |mscpnrf3.txt |2,8e+03 |
| 8 | 3600 | 5000 |   75 |        0.4 |1585652372633 |      14 |    17.0 |21,43 |mscpnrf3.txt |3,0e+03 |
| 8 | 3700 | 5000 |   75 |        0.4 |1585652372633 |      14 |    17.0 |21,43 |mscpnrf3.txt |3,1e+03 |
| 8 | 3800 | 5000 |   75 |        0.4 |1585652372633 |      14 |    17.0 |21,43 |mscpnrf3.txt |3,3e+03 |
| 8 | 3900 | 5000 |   80 |      0.375 |1585652372633 |      14 |    17.0 |21,43 |mscpnrf3.txt |3,5e+03 |
| 8 | 4000 | 5000 |   80 |      0.375 |1585652372633 |      14 |    17.0 |21,43 |mscpnrf3.txt |3,6e+03 |
| 8 | 4100 | 5000 |   80 |      0.375 |1585652372633 |      14 |    17.0 |21,43 |mscpnrf3.txt |3,8e+03 |
| 8 | 4200 | 5000 |   80 |      0.375 |1585652372633 |      14 |    17.0 |21,43 |mscpnrf3.txt |4,0e+03 |
| 8 | 4300 | 5000 |   85 |  0.3529412 |1585652372633 |      14 |    17.0 |21,43 |mscpnrf3.txt |4,2e+03 |
| 8 | 4400 | 5000 |   85 |  0.3529412 |1585652372633 |      14 |    17.0 |21,43 |mscpnrf3.txt |4,4e+03 |
| 8 | 4500 | 5000 |   85 |  0.3529412 |1585652372633 |      14 |    17.0 |21,43 |mscpnrf3.txt |4,6e+03 |
| 8 | 4600 | 5000 |   85 |  0.3529412 |1585652372633 |      14 |    17.0 |21,43 |mscpnrf3.txt |4,7e+03 |
| 8 | 4700 | 5000 |   90 |       0.45 |1585652372633 |      14 |    17.0 |21,43 |mscpnrf3.txt |4,8e+03 |
| 8 | 4800 | 5000 |   90 |       0.45 |1585652372633 |      14 |    17.0 |21,43 |mscpnrf3.txt |4,9e+03 |
| 8 | 4900 | 5000 |   90 |       0.45 |1585652372633 |      14 |    17.0 |21,43 |mscpnrf3.txt |4,9e+03 |
| 8 | 5000 | 5000 |   90 |       0.45 |1585652372633 |      14 |    17.0 |21,43 |mscpnrf3.txt |4,9e+03 |
| 8 |  500 | 5000 |   95 |       0.45 |1585652372633 |      14 |    17.0 |21,43 |mscpnrf3.txt |4,9e+03 |
| 9 |    1 | 5000 |   35 |       0.25 |1585657286574 |      14 |  2741.0 |19478,57 |mscpnrf3.txt |0,0060 |
| 9 |  100 | 5000 |   35 | 0.31428573 |1585657286574 |      14 |  2241.0 |15907,14 |mscpnrf3.txt | 0,45 |
| 9 |  200 | 5000 |   35 | 0.37142858 |1585657286574 |      14 |  2105.0 |14935,71 |mscpnrf3.txt | 0,87 |
| 9 |  300 | 5000 |   35 |  0.2857143 |1585657286574 |      14 |  2030.0 |14400,00 |mscpnrf3.txt |  1,3 |
| 9 |  400 | 5000 |   35 |       0.45 |1585657286574 |      14 |  1897.0 |13450,00 |mscpnrf3.txt |  1,8 |
| 9 |  500 | 5000 |   40 |       0.45 |1585657286574 |      14 |    17.0 |21,43 |mscpnrf3.txt |   48 |
| 9 |  600 | 5000 |   40 |       0.45 |1585657286574 |      14 |    17.0 |21,43 |mscpnrf3.txt |1,5e+02 |
| 9 |  700 | 5000 |   40 |      0.425 |1585657286574 |      14 |    17.0 |21,43 |mscpnrf3.txt |2,6e+02 |
| 9 |  800 | 5000 |   40 |        0.3 |1585657286574 |      14 |    17.0 |21,43 |mscpnrf3.txt |4,0e+02 |
| 9 |  900 | 5000 |   45 | 0.33333334 |1585657286574 |      14 |    17.0 |21,43 |mscpnrf3.txt |5,8e+02 |
| 9 | 1000 | 5000 |   45 | 0.33333334 |1585657286574 |      14 |    17.0 |21,43 |mscpnrf3.txt |6,8e+02 |
| 9 | 1100 | 5000 |   45 | 0.33333334 |1585657286574 |      14 |    17.0 |21,43 |mscpnrf3.txt |7,9e+02 |
| 9 | 1200 | 5000 |   45 | 0.33333334 |1585657286574 |      14 |    17.0 |21,43 |mscpnrf3.txt |8,9e+02 |
| 9 | 1300 | 5000 |   50 |        0.3 |1585657286574 |      14 |    17.0 |21,43 |mscpnrf3.txt |1,0e+03 |
| 9 | 1400 | 5000 |   50 |        0.3 |1585657286574 |      14 |    17.0 |21,43 |mscpnrf3.txt |1,1e+03 |
| 9 | 1500 | 5000 |   50 |        0.3 |1585657286574 |      14 |    17.0 |21,43 |mscpnrf3.txt |1,2e+03 |
| 9 | 1600 | 5000 |   50 |        0.3 |1585657286574 |      14 |    17.0 |21,43 |mscpnrf3.txt |1,4e+03 |
| 9 | 1700 | 5000 |   55 | 0.29090908 |1585657286574 |      14 |    17.0 |21,43 |mscpnrf3.txt |1,5e+03 |
| 9 | 1800 | 5000 |   55 | 0.29090908 |1585657286574 |      14 |    17.0 |21,43 |mscpnrf3.txt |1,6e+03 |
| 9 | 1900 | 5000 |   55 | 0.29090908 |1585657286574 |      14 |    17.0 |21,43 |mscpnrf3.txt |1,8e+03 |
| 9 | 2000 | 5000 |   55 | 0.29090908 |1585657286574 |      14 |    17.0 |21,43 |mscpnrf3.txt |1,9e+03 |
| 9 | 2100 | 5000 |   60 | 0.31666666 |1585657286574 |      14 |    17.0 |21,43 |mscpnrf3.txt |2,1e+03 |
| 9 | 2200 | 5000 |   60 | 0.31666666 |1585657286574 |      14 |    17.0 |21,43 |mscpnrf3.txt |2,2e+03 |
| 9 | 2300 | 5000 |   60 | 0.31666666 |1585657286574 |      14 |    17.0 |21,43 |mscpnrf3.txt |2,4e+03 |
| 9 | 2400 | 5000 |   60 | 0.31666666 |1585657286574 |      14 |    17.0 |21,43 |mscpnrf3.txt |2,6e+03 |
| 9 | 2500 | 5000 |   65 | 0.35384616 |1585657286574 |      14 |    17.0 |21,43 |mscpnrf3.txt |2,8e+03 |
| 9 | 2600 | 5000 |   65 |       0.45 |1585657286574 |      14 |    17.0 |21,43 |mscpnrf3.txt |2,9e+03 |
| 9 | 2700 | 5000 |   65 |       0.45 |1585657286574 |      14 |    17.0 |21,43 |mscpnrf3.txt |3,0e+03 |
| 9 | 2800 | 5000 |   65 |       0.45 |1585657286574 |      14 |    17.0 |21,43 |mscpnrf3.txt |3,1e+03 |
| 9 | 2900 | 5000 |   70 |       0.45 |1585657286574 |      14 |    17.0 |21,43 |mscpnrf3.txt |3,2e+03 |
| 9 | 3000 | 5000 |   70 |       0.45 |1585657286574 |      14 |    17.0 |21,43 |mscpnrf3.txt |3,3e+03 |
| 9 | 3100 | 5000 |   70 |       0.45 |1585657286574 |      14 |    17.0 |21,43 |mscpnrf3.txt |3,4e+03 |
| 9 | 3200 | 5000 |   70 |       0.45 |1585657286574 |      14 |    17.0 |21,43 |mscpnrf3.txt |3,5e+03 |
| 9 | 3300 | 5000 |   75 |       0.45 |1585657286574 |      14 |    17.0 |21,43 |mscpnrf3.txt |3,6e+03 |
| 9 | 3400 | 5000 |   75 |       0.45 |1585657286574 |      14 |    17.0 |21,43 |mscpnrf3.txt |3,8e+03 |
| 9 | 3500 | 5000 |   75 |       0.45 |1585657286574 |      14 |    17.0 |21,43 |mscpnrf3.txt |3,9e+03 |
| 9 | 3600 | 5000 |   75 |       0.45 |1585657286574 |      14 |    17.0 |21,43 |mscpnrf3.txt |4,1e+03 |
| 9 | 3700 | 5000 |   80 |       0.45 |1585657286574 |      14 |    17.0 |21,43 |mscpnrf3.txt |4,2e+03 |
| 9 | 3800 | 5000 |   80 |       0.45 |1585657286574 |      14 |    17.0 |21,43 |mscpnrf3.txt |4,4e+03 |
| 9 | 3900 | 5000 |   80 |       0.45 |1585657286574 |      14 |    17.0 |21,43 |mscpnrf3.txt |4,5e+03 |
| 9 | 4000 | 5000 |   80 |       0.45 |1585657286574 |      14 |    17.0 |21,43 |mscpnrf3.txt |4,7e+03 |
| 9 | 4100 | 5000 |   85 | 0.42352942 |1585657286574 |      14 |    17.0 |21,43 |mscpnrf3.txt |4,8e+03 |
| 9 | 4200 | 5000 |   85 | 0.42352942 |1585657286574 |      14 |    17.0 |21,43 |mscpnrf3.txt |5,0e+03 |
| 9 | 4300 | 5000 |   85 | 0.42352942 |1585657286574 |      14 |    17.0 |21,43 |mscpnrf3.txt |5,2e+03 |
| 9 | 4400 | 5000 |   85 | 0.42352942 |1585657286574 |      14 |    17.0 |21,43 |mscpnrf3.txt |5,4e+03 |
| 9 | 4500 | 5000 |   90 |        0.4 |1585657286574 |      14 |    17.0 |21,43 |mscpnrf3.txt |5,6e+03 |
| 9 | 4600 | 5000 |   90 |        0.4 |1585657286574 |      14 |    17.0 |21,43 |mscpnrf3.txt |5,9e+03 |
| 9 | 4700 | 5000 |   90 |        0.4 |1585657286574 |      14 |    17.0 |21,43 |mscpnrf3.txt |6,1e+03 |
| 9 | 4800 | 5000 |   90 |        0.4 |1585657286574 |      14 |    17.0 |21,43 |mscpnrf3.txt |6,3e+03 |
| 9 | 4900 | 5000 |   95 | 0.37894738 |1585657286574 |      14 |    17.0 |21,43 |mscpnrf3.txt |6,6e+03 |
| 9 | 5000 | 5000 |   95 | 0.37894738 |1585657286574 |      14 |    17.0 |21,43 |mscpnrf3.txt |6,8e+03 |
| 9 |  500 | 5000 |   95 | 0.37894738 |1585657286574 |      14 |    17.0 |21,43 |mscpnrf3.txt |6,8e+03 |
|10 |    1 | 5000 |   35 |       0.25 |1585664112550 |      14 |  2734.0 |19428,57 |mscpnrf3.txt |0,0070 |
|10 |  100 | 5000 |   35 |       0.45 |1585664112550 |      14 |  2284.0 |16214,29 |mscpnrf3.txt | 0,66 |
|10 |  200 | 5000 |   35 |       0.45 |1585664112550 |      14 |  2121.0 |15050,00 |mscpnrf3.txt |  1,2 |
|10 |  300 | 5000 |   40 |       0.45 |1585664112550 |      14 |    17.0 |21,43 |mscpnrf3.txt |   74 |
|10 |  400 | 5000 |   40 |        0.4 |1585664112550 |      14 |    17.0 |21,43 |mscpnrf3.txt |2,2e+02 |
|10 |  500 | 5000 |   40 |        0.3 |1585664112550 |      14 |    17.0 |21,43 |mscpnrf3.txt |3,6e+02 |
|10 |  600 | 5000 |   40 |      0.225 |1585664112550 |      14 |    17.0 |21,43 |mscpnrf3.txt |5,1e+02 |
|10 |  700 | 5000 |   45 | 0.35555556 |1585664112550 |      14 |    17.0 |21,43 |mscpnrf3.txt |6,1e+02 |
|10 |  800 | 5000 |   45 | 0.35555556 |1585664112550 |      14 |    17.0 |21,43 |mscpnrf3.txt |6,9e+02 |
|10 |  900 | 5000 |   45 | 0.35555556 |1585664112550 |      14 |    17.0 |21,43 |mscpnrf3.txt |8,1e+02 |
|10 | 1000 | 5000 |   45 | 0.35555556 |1585664112550 |      14 |    17.0 |21,43 |mscpnrf3.txt |9,4e+02 |
|10 | 1100 | 5000 |   50 |       0.34 |1585664112550 |      14 |    17.0 |21,43 |mscpnrf3.txt |1,1e+03 |
|10 | 1200 | 5000 |   50 |       0.34 |1585664112550 |      14 |    17.0 |21,43 |mscpnrf3.txt |1,2e+03 |
|10 | 1300 | 5000 |   50 |       0.34 |1585664112550 |      14 |    17.0 |21,43 |mscpnrf3.txt |1,3e+03 |
|10 | 1400 | 5000 |   50 |       0.34 |1585664112550 |      14 |    17.0 |21,43 |mscpnrf3.txt |1,4e+03 |
|10 | 1500 | 5000 |   55 |  0.3272727 |1585664112550 |      14 |    17.0 |21,43 |mscpnrf3.txt |1,6e+03 |
|10 | 1600 | 5000 |   55 |  0.3272727 |1585664112550 |      14 |    17.0 |21,43 |mscpnrf3.txt |1,8e+03 |
|10 | 1700 | 5000 |   55 |  0.3272727 |1585664112550 |      14 |    17.0 |21,43 |mscpnrf3.txt |1,9e+03 |
|10 | 1800 | 5000 |   55 |  0.3272727 |1585664112550 |      14 |    17.0 |21,43 |mscpnrf3.txt |2,1e+03 |
|10 | 1900 | 5000 |   60 |       0.35 |1585664112550 |      14 |    17.0 |21,43 |mscpnrf3.txt |2,3e+03 |
|10 | 2000 | 5000 |   60 |       0.45 |1585664112550 |      14 |    17.0 |21,43 |mscpnrf3.txt |2,4e+03 |
|10 | 2100 | 5000 |   60 |       0.45 |1585664112550 |      14 |    17.0 |21,43 |mscpnrf3.txt |2,4e+03 |
|10 | 2200 | 5000 |   60 |       0.45 |1585664112550 |      14 |    17.0 |21,43 |mscpnrf3.txt |2,5e+03 |
|10 | 2300 | 5000 |   65 |       0.45 |1585664112550 |      14 |    17.0 |21,43 |mscpnrf3.txt |2,6e+03 |
|10 | 2400 | 5000 |   65 |       0.45 |1585664112550 |      14 |    17.0 |21,43 |mscpnrf3.txt |2,7e+03 |
|10 | 2500 | 5000 |   65 |       0.45 |1585664112550 |      14 |    17.0 |21,43 |mscpnrf3.txt |2,8e+03 |
|10 | 2600 | 5000 |   65 |       0.45 |1585664112550 |      14 |    17.0 |21,43 |mscpnrf3.txt |2,9e+03 |
|10 | 2700 | 5000 |   70 |       0.45 |1585664112550 |      14 |    17.0 |21,43 |mscpnrf3.txt |3,0e+03 |
|10 | 2800 | 5000 |   70 |       0.45 |1585664112550 |      14 |    17.0 |21,43 |mscpnrf3.txt |3,1e+03 |
|10 | 2900 | 5000 |   70 |       0.45 |1585664112550 |      14 |    17.0 |21,43 |mscpnrf3.txt |3,3e+03 |
|10 | 3000 | 5000 |   70 |       0.45 |1585664112550 |      14 |    17.0 |21,43 |mscpnrf3.txt |3,4e+03 |
|10 | 3100 | 5000 |   75 |       0.45 |1585664112550 |      14 |    17.0 |21,43 |mscpnrf3.txt |3,5e+03 |
|10 | 3200 | 5000 |   75 |       0.45 |1585664112550 |      14 |    17.0 |21,43 |mscpnrf3.txt |3,6e+03 |
|10 | 3300 | 5000 |   75 |       0.45 |1585664112550 |      14 |    17.0 |21,43 |mscpnrf3.txt |3,8e+03 |
|10 | 3400 | 5000 |   75 |       0.45 |1585664112550 |      14 |    17.0 |21,43 |mscpnrf3.txt |3,9e+03 |
|10 | 3500 | 5000 |   80 |       0.45 |1585664112550 |      14 |    17.0 |21,43 |mscpnrf3.txt |4,1e+03 |
|10 | 3600 | 5000 |   80 |       0.45 |1585664112550 |      14 |    17.0 |21,43 |mscpnrf3.txt |4,3e+03 |
|10 | 3700 | 5000 |   80 |       0.45 |1585664112550 |      14 |    17.0 |21,43 |mscpnrf3.txt |4,5e+03 |
|10 | 3800 | 5000 |   80 |       0.45 |1585664112550 |      14 |    17.0 |21,43 |mscpnrf3.txt |4,6e+03 |
|10 | 3900 | 5000 |   85 | 0.43529412 |1585664112550 |      14 |    17.0 |21,43 |mscpnrf3.txt |4,8e+03 |
|10 | 4000 | 5000 |   85 | 0.43529412 |1585664112550 |      14 |    17.0 |21,43 |mscpnrf3.txt |5,0e+03 |
|10 | 4100 | 5000 |   85 | 0.43529412 |1585664112550 |      14 |    17.0 |21,43 |mscpnrf3.txt |5,1e+03 |
|10 | 4200 | 5000 |   85 | 0.43529412 |1585664112550 |      14 |    17.0 |21,43 |mscpnrf3.txt |5,3e+03 |
|10 | 4300 | 5000 |   90 | 0.41111112 |1585664112550 |      14 |    17.0 |21,43 |mscpnrf3.txt |5,4e+03 |
|10 | 4400 | 5000 |   90 | 0.41111112 |1585664112550 |      14 |    17.0 |21,43 |mscpnrf3.txt |5,6e+03 |
|10 | 4500 | 5000 |   90 | 0.41111112 |1585664112550 |      14 |    17.0 |21,43 |mscpnrf3.txt |5,8e+03 |
|10 | 4600 | 5000 |   90 | 0.41111112 |1585664112550 |      14 |    17.0 |21,43 |mscpnrf3.txt |6,0e+03 |
|10 | 4700 | 5000 |   95 | 0.38947368 |1585664112550 |      14 |    17.0 |21,43 |mscpnrf3.txt |6,2e+03 |
|10 | 4800 | 5000 |   95 | 0.38947368 |1585664112550 |      14 |    17.0 |21,43 |mscpnrf3.txt |6,4e+03 |
|10 | 4900 | 5000 |   95 | 0.38947368 |1585664112550 |      14 |    17.0 |21,43 |mscpnrf3.txt |6,6e+03 |
|10 | 5000 | 5000 |   95 | 0.38947368 |1585664112550 |      14 |    17.0 |21,43 |mscpnrf3.txt |6,8e+03 |
|10 |  500 | 5000 |  100 | 0.38947368 |1585664112550 |      14 |    17.0 |21,43 |mscpnrf3.txt |6,8e+03 |
|11 |    1 | 5000 |   35 |       0.25 |1585670879812 |      14 |  2795.0 |19864,29 |mscpnrf3.txt |0,0040 |
|11 |  100 | 5000 |   35 |        0.4 |1585670879812 |      14 |  2327.0 |16521,43 |mscpnrf3.txt | 0,44 |
|11 |  200 | 5000 |   35 |        0.4 |1585670879812 |      14 |  2180.0 |15471,43 |mscpnrf3.txt | 0,85 |
|11 |  300 | 5000 |   35 | 0.42857143 |1585670879812 |      14 |  2062.0 |14628,57 |mscpnrf3.txt |  1,3 |
|11 |  400 | 5000 |   35 | 0.31428573 |1585670879812 |      14 |  1927.0 |13664,29 |mscpnrf3.txt |  1,7 |
|11 |  500 | 5000 |   35 | 0.31428573 |1585670879812 |      14 |  1833.0 |12992,86 |mscpnrf3.txt |  2,1 |
|11 |  600 | 5000 |   40 |       0.45 |1585670879812 |      14 |    17.0 |21,43 |mscpnrf3.txt |   71 |
|11 |  700 | 5000 |   40 |       0.35 |1585670879812 |      14 |    17.0 |21,43 |mscpnrf3.txt |1,8e+02 |
|11 |  800 | 5000 |   40 |      0.275 |1585670879812 |      14 |    17.0 |21,43 |mscpnrf3.txt |3,1e+02 |
|11 |  900 | 5000 |   40 |      0.375 |1585670879812 |      14 |    17.0 |21,43 |mscpnrf3.txt |3,7e+02 |
|11 | 1000 | 5000 |   45 | 0.33333334 |1585670879812 |      14 |    17.0 |21,43 |mscpnrf3.txt |4,6e+02 |
|11 | 1100 | 5000 |   45 | 0.33333334 |1585670879812 |      14 |    17.0 |21,43 |mscpnrf3.txt |5,5e+02 |
|11 | 1200 | 5000 |   45 | 0.33333334 |1585670879812 |      14 |    17.0 |21,43 |mscpnrf3.txt |6,5e+02 |
|11 | 1300 | 5000 |   45 | 0.33333334 |1585670879812 |      14 |    17.0 |21,43 |mscpnrf3.txt |7,5e+02 |
|11 | 1400 | 5000 |   50 |       0.32 |1585670879812 |      14 |    17.0 |21,43 |mscpnrf3.txt |8,6e+02 |
|11 | 1500 | 5000 |   50 |       0.32 |1585670879812 |      14 |    17.0 |21,43 |mscpnrf3.txt |9,8e+02 |
|11 | 1600 | 5000 |   50 |       0.34 |1585670879812 |      14 |    17.0 |21,43 |mscpnrf3.txt |1,1e+03 |
|11 | 1700 | 5000 |   50 |       0.45 |1585670879812 |      14 |    17.0 |21,43 |mscpnrf3.txt |1,2e+03 |
|11 | 1800 | 5000 |   55 |       0.45 |1585670879812 |      14 |    17.0 |21,43 |mscpnrf3.txt |1,3e+03 |
|11 | 1900 | 5000 |   55 |       0.45 |1585670879812 |      14 |    17.0 |21,43 |mscpnrf3.txt |1,4e+03 |
|11 | 2000 | 5000 |   55 |       0.45 |1585670879812 |      14 |    17.0 |21,43 |mscpnrf3.txt |1,4e+03 |
|11 | 2100 | 5000 |   55 |       0.45 |1585670879812 |      14 |    17.0 |21,43 |mscpnrf3.txt |1,5e+03 |
|11 | 2200 | 5000 |   60 |       0.45 |1585670879812 |      14 |    17.0 |21,43 |mscpnrf3.txt |1,7e+03 |
|11 | 2300 | 5000 |   60 |       0.45 |1585670879812 |      14 |    17.0 |21,43 |mscpnrf3.txt |1,8e+03 |
|11 | 2400 | 5000 |   60 |       0.45 |1585670879812 |      14 |    17.0 |21,43 |mscpnrf3.txt |1,9e+03 |
|11 | 2500 | 5000 |   60 |       0.45 |1585670879812 |      14 |    17.0 |21,43 |mscpnrf3.txt |2,0e+03 |
|11 | 2600 | 5000 |   65 |       0.45 |1585670879812 |      14 |    17.0 |21,43 |mscpnrf3.txt |2,1e+03 |
|11 | 2700 | 5000 |   65 |       0.45 |1585670879812 |      14 |    17.0 |21,43 |mscpnrf3.txt |2,1e+03 |
|11 | 2800 | 5000 |   65 |       0.45 |1585670879812 |      14 |    17.0 |21,43 |mscpnrf3.txt |2,2e+03 |
|11 | 2900 | 5000 |   65 |       0.45 |1585670879812 |      14 |    17.0 |21,43 |mscpnrf3.txt |2,2e+03 |
|11 | 3000 | 5000 |   70 |       0.45 |1585670879812 |      14 |    17.0 |21,43 |mscpnrf3.txt |2,2e+03 |
|11 | 3100 | 5000 |   70 |       0.45 |1585670879812 |      14 |    17.0 |21,43 |mscpnrf3.txt |2,2e+03 |
|11 | 3200 | 5000 |   70 |       0.45 |1585670879812 |      14 |    17.0 |21,43 |mscpnrf3.txt |2,2e+03 |
|11 | 3300 | 5000 |   70 |       0.45 |1585670879812 |      14 |    17.0 |21,43 |mscpnrf3.txt |2,2e+03 |
|11 | 3400 | 5000 |   75 |       0.45 |1585670879812 |      14 |    17.0 |21,43 |mscpnrf3.txt |2,3e+03 |
|11 | 3500 | 5000 |   75 |       0.45 |1585670879812 |      14 |    17.0 |21,43 |mscpnrf3.txt |2,3e+03 |
|11 | 3600 | 5000 |   75 |       0.45 |1585670879812 |      14 |    17.0 |21,43 |mscpnrf3.txt |2,3e+03 |
|11 | 3700 | 5000 |   75 |       0.45 |1585670879812 |      14 |    17.0 |21,43 |mscpnrf3.txt |2,3e+03 |
|11 | 3800 | 5000 |   80 |       0.45 |1585670879812 |      14 |    17.0 |21,43 |mscpnrf3.txt |2,3e+03 |
|11 | 3900 | 5000 |   80 |       0.45 |1585670879812 |      14 |    17.0 |21,43 |mscpnrf3.txt |2,3e+03 |
|11 | 4000 | 5000 |   80 |       0.45 |1585670879812 |      14 |    17.0 |21,43 |mscpnrf3.txt |2,3e+03 |
|11 | 4100 | 5000 |   80 |       0.45 |1585670879812 |      14 |    17.0 |21,43 |mscpnrf3.txt |2,4e+03 |
|11 | 4200 | 5000 |   85 |       0.45 |1585670879812 |      14 |    17.0 |21,43 |mscpnrf3.txt |2,4e+03 |
|11 | 4300 | 5000 |   85 |       0.45 |1585670879812 |      14 |    17.0 |21,43 |mscpnrf3.txt |2,4e+03 |
|11 | 4400 | 5000 |   85 |       0.45 |1585670879812 |      14 |    17.0 |21,43 |mscpnrf3.txt |2,4e+03 |
|11 | 4500 | 5000 |   85 |       0.45 |1585670879812 |      14 |    17.0 |21,43 |mscpnrf3.txt |2,4e+03 |
|11 | 4600 | 5000 |   90 |       0.45 |1585670879812 |      14 |    17.0 |21,43 |mscpnrf3.txt |2,4e+03 |
|11 | 4700 | 5000 |   90 |       0.45 |1585670879812 |      14 |    17.0 |21,43 |mscpnrf3.txt |2,5e+03 |
|11 | 4800 | 5000 |   90 |       0.45 |1585670879812 |      14 |    17.0 |21,43 |mscpnrf3.txt |2,5e+03 |
|11 | 4900 | 5000 |   90 |       0.45 |1585670879812 |      14 |    17.0 |21,43 |mscpnrf3.txt |2,5e+03 |
|11 | 5000 | 5000 |   95 |       0.45 |1585670879812 |      14 |    17.0 |21,43 |mscpnrf3.txt |2,5e+03 |
|11 |  500 | 5000 |   95 |       0.45 |1585670879812 |      14 |    17.0 |21,43 |mscpnrf3.txt |2,5e+03 |
|12 |    1 | 5000 |   35 |       0.25 |1585673373865 |      14 |  2751.0 |19550,00 |mscpnrf3.txt |0,0050 |
|12 |  100 | 5000 |   35 | 0.37142858 |1585673373865 |      14 |  2398.0 |17028,57 |mscpnrf3.txt | 0,44 |
|12 |  200 | 5000 |   35 |       0.45 |1585673373865 |      14 |  2253.0 |15992,86 |mscpnrf3.txt | 0,88 |
|12 |  300 | 5000 |   35 | 0.34285715 |1585673373865 |      14 |  2119.0 |15035,71 |mscpnrf3.txt |  1,3 |
|12 |  400 | 5000 |   40 |       0.45 |1585673373865 |      14 |    17.0 |21,43 |mscpnrf3.txt |   46 |
|12 |  500 | 5000 |   40 |        0.4 |1585673373865 |      14 |    17.0 |21,43 |mscpnrf3.txt |1,3e+02 |
|12 |  600 | 5000 |   40 |      0.325 |1585673373865 |      14 |    17.0 |21,43 |mscpnrf3.txt |2,4e+02 |
|12 |  700 | 5000 |   40 |      0.275 |1585673373865 |      14 |    16.0 |14,29 |mscpnrf3.txt |4,1e+02 |
|12 |  800 | 5000 |   45 | 0.24444444 |1585673373865 |      14 |    16.0 |14,29 |mscpnrf3.txt |6,1e+02 |
|12 |  900 | 5000 |   45 | 0.37777779 |1585673373865 |      14 |    16.0 |14,29 |mscpnrf3.txt |6,9e+02 |
|12 | 1000 | 5000 |   45 | 0.37777779 |1585673373865 |      14 |    16.0 |14,29 |mscpnrf3.txt |7,7e+02 |
|12 | 1100 | 5000 |   45 | 0.37777779 |1585673373865 |      14 |    16.0 |14,29 |mscpnrf3.txt |8,5e+02 |
|12 | 1200 | 5000 |   50 |       0.34 |1585673373865 |      14 |    16.0 |14,29 |mscpnrf3.txt |9,5e+02 |
|12 | 1300 | 5000 |   50 |       0.34 |1585673373865 |      14 |    16.0 |14,29 |mscpnrf3.txt |1,0e+03 |
|12 | 1400 | 5000 |   50 |       0.34 |1585673373865 |      14 |    16.0 |14,29 |mscpnrf3.txt |1,1e+03 |
|12 | 1500 | 5000 |   50 |       0.34 |1585673373865 |      14 |    16.0 |14,29 |mscpnrf3.txt |1,2e+03 |
|12 | 1600 | 5000 |   55 | 0.36363637 |1585673373865 |      14 |    16.0 |14,29 |mscpnrf3.txt |1,3e+03 |
|12 | 1700 | 5000 |   55 | 0.36363637 |1585673373865 |      14 |    16.0 |14,29 |mscpnrf3.txt |1,5e+03 |
|12 | 1800 | 5000 |   55 | 0.36363637 |1585673373865 |      14 |    16.0 |14,29 |mscpnrf3.txt |1,6e+03 |
|12 | 1900 | 5000 |   55 | 0.36363637 |1585673373865 |      14 |    16.0 |14,29 |mscpnrf3.txt |1,7e+03 |
|12 | 2000 | 5000 |   60 | 0.43333334 |1585673373865 |      14 |    16.0 |14,29 |mscpnrf3.txt |1,8e+03 |
|12 | 2100 | 5000 |   60 | 0.43333334 |1585673373865 |      14 |    16.0 |14,29 |mscpnrf3.txt |1,9e+03 |
|12 | 2200 | 5000 |   60 |       0.45 |1585673373865 |      14 |    16.0 |14,29 |mscpnrf3.txt |2,0e+03 |
|12 | 2300 | 5000 |   60 |       0.45 |1585673373865 |      14 |    16.0 |14,29 |mscpnrf3.txt |2,0e+03 |
|12 | 2400 | 5000 |   65 |       0.45 |1585673373865 |      14 |    16.0 |14,29 |mscpnrf3.txt |2,1e+03 |
|12 | 2500 | 5000 |   65 |       0.45 |1585673373865 |      14 |    16.0 |14,29 |mscpnrf3.txt |2,2e+03 |
|12 | 2600 | 5000 |   65 |       0.45 |1585673373865 |      14 |    16.0 |14,29 |mscpnrf3.txt |2,3e+03 |
|12 | 2700 | 5000 |   65 |       0.45 |1585673373865 |      14 |    16.0 |14,29 |mscpnrf3.txt |2,4e+03 |
|12 | 2800 | 5000 |   70 |       0.45 |1585673373865 |      14 |    16.0 |14,29 |mscpnrf3.txt |2,5e+03 |
|12 | 2900 | 5000 |   70 |       0.45 |1585673373865 |      14 |    16.0 |14,29 |mscpnrf3.txt |2,6e+03 |
|12 | 3000 | 5000 |   70 |       0.45 |1585673373865 |      14 |    16.0 |14,29 |mscpnrf3.txt |2,7e+03 |
|12 | 3100 | 5000 |   70 |       0.45 |1585673373865 |      14 |    16.0 |14,29 |mscpnrf3.txt |2,8e+03 |
|12 | 3200 | 5000 |   75 |       0.45 |1585673373865 |      14 |    16.0 |14,29 |mscpnrf3.txt |3,0e+03 |
|12 | 3300 | 5000 |   75 |       0.45 |1585673373865 |      14 |    16.0 |14,29 |mscpnrf3.txt |3,1e+03 |
|12 | 3400 | 5000 |   75 |       0.45 |1585673373865 |      14 |    16.0 |14,29 |mscpnrf3.txt |3,2e+03 |
|12 | 3500 | 5000 |   75 |       0.45 |1585673373865 |      14 |    16.0 |14,29 |mscpnrf3.txt |3,4e+03 |
|12 | 3600 | 5000 |   80 |      0.425 |1585673373865 |      14 |    16.0 |14,29 |mscpnrf3.txt |3,5e+03 |
|12 | 3700 | 5000 |   80 |      0.425 |1585673373865 |      14 |    16.0 |14,29 |mscpnrf3.txt |3,7e+03 |
|12 | 3800 | 5000 |   80 |      0.425 |1585673373865 |      14 |    16.0 |14,29 |mscpnrf3.txt |3,9e+03 |
|12 | 3900 | 5000 |   80 |      0.425 |1585673373865 |      14 |    16.0 |14,29 |mscpnrf3.txt |4,0e+03 |
|12 | 4000 | 5000 |   85 |        0.4 |1585673373865 |      14 |    16.0 |14,29 |mscpnrf3.txt |4,2e+03 |
|12 | 4100 | 5000 |   85 |        0.4 |1585673373865 |      14 |    16.0 |14,29 |mscpnrf3.txt |4,4e+03 |
|12 | 4200 | 5000 |   85 |        0.4 |1585673373865 |      14 |    16.0 |14,29 |mscpnrf3.txt |4,5e+03 |
|12 | 4300 | 5000 |   85 |        0.4 |1585673373865 |      14 |    16.0 |14,29 |mscpnrf3.txt |4,7e+03 |
|12 | 4400 | 5000 |   90 | 0.37777779 |1585673373865 |      14 |    16.0 |14,29 |mscpnrf3.txt |4,9e+03 |
|12 | 4500 | 5000 |   90 | 0.37777779 |1585673373865 |      14 |    16.0 |14,29 |mscpnrf3.txt |5,1e+03 |
|12 | 4600 | 5000 |   90 | 0.37777779 |1585673373865 |      14 |    16.0 |14,29 |mscpnrf3.txt |5,3e+03 |
|12 | 4700 | 5000 |   90 | 0.37777779 |1585673373865 |      14 |    16.0 |14,29 |mscpnrf3.txt |5,5e+03 |
|12 | 4800 | 5000 |   95 | 0.37894738 |1585673373865 |      14 |    16.0 |14,29 |mscpnrf3.txt |5,7e+03 |
|12 | 4900 | 5000 |   95 | 0.37894738 |1585673373865 |      14 |    16.0 |14,29 |mscpnrf3.txt |5,9e+03 |
|12 | 5000 | 5000 |   95 | 0.37894738 |1585673373865 |      14 |    16.0 |14,29 |mscpnrf3.txt |6,1e+03 |
|12 |  500 | 5000 |   95 | 0.37894738 |1585673373865 |      14 |    16.0 |14,29 |mscpnrf3.txt |6,1e+03 |
|13 |    1 | 5000 |   35 |       0.25 |1585679505593 |      14 |  2740.0 |19471,43 |mscpnrf3.txt |0,0070 |
|13 |  100 | 5000 |   35 |        0.4 |1585679505593 |      14 |  2303.0 |16350,00 |mscpnrf3.txt | 0,54 |
|13 |  200 | 5000 |   40 |       0.45 |1585679505593 |      14 |    17.0 |21,43 |mscpnrf3.txt |   37 |
|13 |  300 | 5000 |   40 |       0.45 |1585679505593 |      14 |    17.0 |21,43 |mscpnrf3.txt |1,2e+02 |
|13 |  400 | 5000 |   40 |      0.375 |1585679505593 |      14 |    17.0 |21,43 |mscpnrf3.txt |2,3e+02 |
|13 |  500 | 5000 |   40 |      0.275 |1585679505593 |      14 |    17.0 |21,43 |mscpnrf3.txt |3,7e+02 |
|13 |  600 | 5000 |   45 | 0.33333334 |1585679505593 |      14 |    17.0 |21,43 |mscpnrf3.txt |4,6e+02 |
|13 |  700 | 5000 |   45 | 0.33333334 |1585679505593 |      14 |    17.0 |21,43 |mscpnrf3.txt |5,5e+02 |
|13 |  800 | 5000 |   45 | 0.33333334 |1585679505593 |      14 |    17.0 |21,43 |mscpnrf3.txt |6,5e+02 |
|13 |  900 | 5000 |   45 | 0.33333334 |1585679505593 |      14 |    17.0 |21,43 |mscpnrf3.txt |7,5e+02 |
|13 | 1000 | 5000 |   50 |        0.3 |1585679505593 |      14 |    17.0 |21,43 |mscpnrf3.txt |8,9e+02 |
|13 | 1100 | 5000 |   50 |        0.3 |1585679505593 |      14 |    17.0 |21,43 |mscpnrf3.txt |1,0e+03 |
|13 | 1200 | 5000 |   50 |        0.3 |1585679505593 |      14 |    17.0 |21,43 |mscpnrf3.txt |1,1e+03 |
|13 | 1300 | 5000 |   50 |        0.3 |1585679505593 |      14 |    17.0 |21,43 |mscpnrf3.txt |1,3e+03 |
|13 | 1400 | 5000 |   55 | 0.34545454 |1585679505593 |      14 |    17.0 |21,43 |mscpnrf3.txt |1,4e+03 |
|13 | 1500 | 5000 |   55 | 0.34545454 |1585679505593 |      14 |    17.0 |21,43 |mscpnrf3.txt |1,6e+03 |
|13 | 1600 | 5000 |   55 | 0.34545454 |1585679505593 |      14 |    17.0 |21,43 |mscpnrf3.txt |1,8e+03 |
|13 | 1700 | 5000 |   55 |       0.45 |1585679505593 |      14 |    17.0 |21,43 |mscpnrf3.txt |1,9e+03 |
|13 | 1800 | 5000 |   60 |       0.45 |1585679505593 |      14 |    17.0 |21,43 |mscpnrf3.txt |2,1e+03 |
|13 | 1900 | 5000 |   60 |       0.45 |1585679505593 |      14 |    17.0 |21,43 |mscpnrf3.txt |2,2e+03 |
|13 | 2000 | 5000 |   60 |       0.45 |1585679505593 |      14 |    17.0 |21,43 |mscpnrf3.txt |2,4e+03 |
|13 | 2100 | 5000 |   60 |       0.45 |1585679505593 |      14 |    17.0 |21,43 |mscpnrf3.txt |2,5e+03 |
|13 | 2200 | 5000 |   65 |       0.45 |1585679505593 |      14 |    17.0 |21,43 |mscpnrf3.txt |2,7e+03 |
|13 | 2300 | 5000 |   65 |       0.45 |1585679505593 |      14 |    17.0 |21,43 |mscpnrf3.txt |2,9e+03 |
|13 | 2400 | 5000 |   65 |       0.45 |1585679505593 |      14 |    17.0 |21,43 |mscpnrf3.txt |3,0e+03 |
|13 | 2500 | 5000 |   65 |       0.45 |1585679505593 |      14 |    17.0 |21,43 |mscpnrf3.txt |3,2e+03 |
|13 | 2600 | 5000 |   70 |       0.45 |1585679505593 |      14 |    17.0 |21,43 |mscpnrf3.txt |3,4e+03 |
|13 | 2700 | 5000 |   70 |       0.45 |1585679505593 |      14 |    17.0 |21,43 |mscpnrf3.txt |3,7e+03 |
|13 | 2800 | 5000 |   70 |       0.45 |1585679505593 |      14 |    17.0 |21,43 |mscpnrf3.txt |3,9e+03 |
|13 | 2900 | 5000 |   70 |       0.45 |1585679505593 |      14 |    17.0 |21,43 |mscpnrf3.txt |4,1e+03 |
|13 | 3000 | 5000 |   75 |       0.44 |1585679505593 |      14 |    17.0 |21,43 |mscpnrf3.txt |4,3e+03 |
|13 | 3100 | 5000 |   75 |       0.44 |1585679505593 |      14 |    17.0 |21,43 |mscpnrf3.txt |4,6e+03 |
|13 | 3200 | 5000 |   75 |       0.44 |1585679505593 |      14 |    17.0 |21,43 |mscpnrf3.txt |4,8e+03 |
|13 | 3300 | 5000 |   75 |       0.44 |1585679505593 |      14 |    17.0 |21,43 |mscpnrf3.txt |5,1e+03 |
|13 | 3400 | 5000 |   80 |     0.4125 |1585679505593 |      14 |    17.0 |21,43 |mscpnrf3.txt |5,4e+03 |
|13 | 3500 | 5000 |   80 |     0.4125 |1585679505593 |      14 |    17.0 |21,43 |mscpnrf3.txt |5,7e+03 |
|13 | 3600 | 5000 |   80 |       0.45 |1585679505593 |      14 |    17.0 |21,43 |mscpnrf3.txt |5,8e+03 |
|13 | 3700 | 5000 |   80 |       0.45 |1585679505593 |      14 |    17.0 |21,43 |mscpnrf3.txt |5,9e+03 |
|13 | 3800 | 5000 |   85 |       0.45 |1585679505593 |      14 |    17.0 |21,43 |mscpnrf3.txt |5,9e+03 |
|13 | 3900 | 5000 |   85 |       0.45 |1585679505593 |      14 |    17.0 |21,43 |mscpnrf3.txt |6,0e+03 |
|13 | 4000 | 5000 |   85 |       0.45 |1585679505593 |      14 |    17.0 |21,43 |mscpnrf3.txt |6,0e+03 |
|13 | 4100 | 5000 |   85 |       0.45 |1585679505593 |      14 |    17.0 |21,43 |mscpnrf3.txt |6,0e+03 |
|13 | 4200 | 5000 |   90 |       0.45 |1585679505593 |      14 |    17.0 |21,43 |mscpnrf3.txt |6,0e+03 |
|13 | 4300 | 5000 |   90 |       0.45 |1585679505593 |      14 |    17.0 |21,43 |mscpnrf3.txt |6,1e+03 |
|13 | 4400 | 5000 |   90 |       0.45 |1585679505593 |      14 |    17.0 |21,43 |mscpnrf3.txt |6,1e+03 |
|13 | 4500 | 5000 |   90 |       0.45 |1585679505593 |      14 |    17.0 |21,43 |mscpnrf3.txt |6,1e+03 |
|13 | 4600 | 5000 |   95 |       0.45 |1585679505593 |      14 |    17.0 |21,43 |mscpnrf3.txt |6,1e+03 |
|13 | 4700 | 5000 |   95 |       0.45 |1585679505593 |      14 |    17.0 |21,43 |mscpnrf3.txt |6,2e+03 |
|13 | 4800 | 5000 |   95 |       0.45 |1585679505593 |      14 |    17.0 |21,43 |mscpnrf3.txt |6,2e+03 |
|13 | 4900 | 5000 |   95 |       0.45 |1585679505593 |      14 |    17.0 |21,43 |mscpnrf3.txt |6,2e+03 |
|13 | 5000 | 5000 |  100 |       0.45 |1585679505593 |      14 |    17.0 |21,43 |mscpnrf3.txt |6,2e+03 |
|13 |  500 | 5000 |  100 |       0.45 |1585679505593 |      14 |    17.0 |21,43 |mscpnrf3.txt |6,2e+03 |
|14 |    1 | 5000 |   35 |       0.25 |1585685744860 |      14 |  2777.0 |19735,71 |mscpnrf3.txt |0,0090 |
|14 |  100 | 5000 |   35 | 0.42857143 |1585685744860 |      14 |  2334.0 |16571,43 |mscpnrf3.txt | 0,69 |
|14 |  200 | 5000 |   35 |       0.45 |1585685744860 |      14 |  2234.0 |15857,14 |mscpnrf3.txt |  1,4 |
|14 |  300 | 5000 |   35 | 0.37142858 |1585685744860 |      14 |  2108.0 |14957,14 |mscpnrf3.txt |  2,2 |
|14 |  400 | 5000 |   40 |       0.45 |1585685744860 |      14 |    17.0 |21,43 |mscpnrf3.txt |1,1e+02 |
|14 |  500 | 5000 |   40 |      0.375 |1585685744860 |      14 |    17.0 |21,43 |mscpnrf3.txt |3,1e+02 |
|14 |  600 | 5000 |   40 |      0.325 |1585685744860 |      14 |    17.0 |21,43 |mscpnrf3.txt |5,1e+02 |
|14 |  700 | 5000 |   40 |       0.35 |1585685744860 |      14 |    17.0 |21,43 |mscpnrf3.txt |6,1e+02 |
|14 |  800 | 5000 |   45 | 0.31111112 |1585685744860 |      14 |    17.0 |21,43 |mscpnrf3.txt |7,5e+02 |
|14 |  900 | 5000 |   45 | 0.31111112 |1585685744860 |      14 |    16.0 |14,29 |mscpnrf3.txt |9,0e+02 |
|14 | 1000 | 5000 |   45 | 0.31111112 |1585685744860 |      14 |    16.0 |14,29 |mscpnrf3.txt |1,0e+03 |
|14 | 1100 | 5000 |   45 | 0.31111112 |1585685744860 |      14 |    16.0 |14,29 |mscpnrf3.txt |1,2e+03 |
|14 | 1200 | 5000 |   50 |        0.3 |1585685744860 |      14 |    16.0 |14,29 |mscpnrf3.txt |1,4e+03 |
|14 | 1300 | 5000 |   50 |        0.3 |1585685744860 |      14 |    16.0 |14,29 |mscpnrf3.txt |1,6e+03 |
|14 | 1400 | 5000 |   50 |        0.3 |1585685744860 |      14 |    16.0 |14,29 |mscpnrf3.txt |1,7e+03 |
|14 | 1500 | 5000 |   50 |        0.3 |1585685744860 |      14 |    16.0 |14,29 |mscpnrf3.txt |1,9e+03 |
|14 | 1600 | 5000 |   55 | 0.36363637 |1585685744860 |      14 |    16.0 |14,29 |mscpnrf3.txt |2,1e+03 |
|14 | 1700 | 5000 |   55 | 0.36363637 |1585685744860 |      14 |    16.0 |14,29 |mscpnrf3.txt |2,4e+03 |
|14 | 1800 | 5000 |   55 | 0.36363637 |1585685744860 |      14 |    16.0 |14,29 |mscpnrf3.txt |2,6e+03 |
|14 | 1900 | 5000 |   55 | 0.36363637 |1585685744860 |      14 |    16.0 |14,29 |mscpnrf3.txt |2,8e+03 |
|14 | 2000 | 5000 |   60 |       0.35 |1585685744860 |      14 |    16.0 |14,29 |mscpnrf3.txt |3,1e+03 |
|14 | 2100 | 5000 |   60 |       0.45 |1585685744860 |      14 |    16.0 |14,29 |mscpnrf3.txt |3,2e+03 |
|14 | 2200 | 5000 |   60 |       0.45 |1585685744860 |      14 |    16.0 |14,29 |mscpnrf3.txt |3,3e+03 |
|14 | 2300 | 5000 |   60 |       0.45 |1585685744860 |      14 |    16.0 |14,29 |mscpnrf3.txt |3,4e+03 |
|14 | 2400 | 5000 |   65 |       0.45 |1585685744860 |      14 |    16.0 |14,29 |mscpnrf3.txt |3,6e+03 |
|14 | 2500 | 5000 |   65 |       0.45 |1585685744860 |      14 |    16.0 |14,29 |mscpnrf3.txt |3,7e+03 |
|14 | 2600 | 5000 |   65 |       0.45 |1585685744860 |      14 |    16.0 |14,29 |mscpnrf3.txt |3,9e+03 |
|14 | 2700 | 5000 |   65 |       0.45 |1585685744860 |      14 |    16.0 |14,29 |mscpnrf3.txt |4,0e+03 |
|14 | 2800 | 5000 |   70 |       0.45 |1585685744860 |      14 |    16.0 |14,29 |mscpnrf3.txt |4,2e+03 |
|14 | 2900 | 5000 |   70 |       0.45 |1585685744860 |      14 |    16.0 |14,29 |mscpnrf3.txt |4,4e+03 |
|14 | 3000 | 5000 |   70 |       0.45 |1585685744860 |      14 |    16.0 |14,29 |mscpnrf3.txt |4,6e+03 |
|14 | 3100 | 5000 |   70 |       0.45 |1585685744860 |      14 |    16.0 |14,29 |mscpnrf3.txt |4,8e+03 |
|14 | 3200 | 5000 |   75 |       0.45 |1585685744860 |      14 |    16.0 |14,29 |mscpnrf3.txt |5,0e+03 |
|14 | 3300 | 5000 |   75 |       0.45 |1585685744860 |      14 |    16.0 |14,29 |mscpnrf3.txt |5,2e+03 |
|14 | 3400 | 5000 |   75 |       0.45 |1585685744860 |      14 |    16.0 |14,29 |mscpnrf3.txt |5,4e+03 |
|14 | 3500 | 5000 |   75 |       0.45 |1585685744860 |      14 |    16.0 |14,29 |mscpnrf3.txt |5,7e+03 |
|14 | 3600 | 5000 |   80 |      0.425 |1585685744860 |      14 |    16.0 |14,29 |mscpnrf3.txt |5,9e+03 |
|14 | 3700 | 5000 |   80 |      0.425 |1585685744860 |      14 |    16.0 |14,29 |mscpnrf3.txt |6,2e+03 |
|14 | 3800 | 5000 |   80 |      0.425 |1585685744860 |      14 |    16.0 |14,29 |mscpnrf3.txt |6,4e+03 |
|14 | 3900 | 5000 |   80 |      0.425 |1585685744860 |      14 |    16.0 |14,29 |mscpnrf3.txt |6,7e+03 |
|14 | 4000 | 5000 |   85 |        0.4 |1585685744860 |      14 |    16.0 |14,29 |mscpnrf3.txt |6,9e+03 |
|14 | 4100 | 5000 |   85 |        0.4 |1585685744860 |      14 |    16.0 |14,29 |mscpnrf3.txt |7,2e+03 |
|14 | 4200 | 5000 |   85 |        0.4 |1585685744860 |      14 |    16.0 |14,29 |mscpnrf3.txt |7,5e+03 |
|14 | 4300 | 5000 |   85 |        0.4 |1585685744860 |      14 |    16.0 |14,29 |mscpnrf3.txt |7,7e+03 |
|14 | 4400 | 5000 |   90 |  0.3888889 |1585685744860 |      14 |    16.0 |14,29 |mscpnrf3.txt |8,1e+03 |
|14 | 4500 | 5000 |   90 |  0.3888889 |1585685744860 |      14 |    16.0 |14,29 |mscpnrf3.txt |8,5e+03 |
|14 | 4600 | 5000 |   90 |  0.3888889 |1585685744860 |      14 |    16.0 |14,29 |mscpnrf3.txt |8,9e+03 |
|14 | 4700 | 5000 |   90 |  0.3888889 |1585685744860 |      14 |    16.0 |14,29 |mscpnrf3.txt |9,3e+03 |
|14 | 4800 | 5000 |   95 | 0.38947368 |1585685744860 |      14 |    16.0 |14,29 |mscpnrf3.txt |9,8e+03 |
|14 | 4900 | 5000 |   95 | 0.38947368 |1585685744860 |      14 |    16.0 |14,29 |mscpnrf3.txt |1,0e+04 |
|14 | 5000 | 5000 |   95 | 0.38947368 |1585685744860 |      14 |    16.0 |14,29 |mscpnrf3.txt |1,1e+04 |
|14 |  500 | 5000 |   95 | 0.38947368 |1585685744860 |      14 |    16.0 |14,29 |mscpnrf3.txt |1,1e+04 |
|15 |    1 | 5000 |   35 |       0.25 |1585696282396 |      14 |  2829.0 |20107,14 |mscpnrf3.txt |0,0060 |
|15 |  100 | 5000 |   35 | 0.37142858 |1585696282396 |      14 |  2392.0 |16985,71 |mscpnrf3.txt | 0,92 |
|15 |  200 | 5000 |   40 |       0.45 |1585696282396 |      14 |    17.0 |21,43 |mscpnrf3.txt |   68 |
|15 |  300 | 5000 |   40 |       0.45 |1585696282396 |      14 |    17.0 |21,43 |mscpnrf3.txt |2,4e+02 |
|15 |  400 | 5000 |   40 |        0.4 |1585696282396 |      14 |    17.0 |21,43 |mscpnrf3.txt |4,4e+02 |
|15 |  500 | 5000 |   40 |       0.35 |1585696282396 |      14 |    17.0 |21,43 |mscpnrf3.txt |6,5e+02 |
|15 |  600 | 5000 |   45 | 0.35555556 |1585696282396 |      14 |    17.0 |21,43 |mscpnrf3.txt |9,0e+02 |
|15 |  700 | 5000 |   45 | 0.37777779 |1585696282396 |      14 |    17.0 |21,43 |mscpnrf3.txt |1,2e+03 |
|15 |  800 | 5000 |   45 | 0.31111112 |1585696282396 |      14 |    17.0 |21,43 |mscpnrf3.txt |1,3e+03 |
|15 |  900 | 5000 |   45 | 0.31111112 |1585696282396 |      14 |    17.0 |21,43 |mscpnrf3.txt |1,5e+03 |
|15 | 1000 | 5000 |   50 |       0.28 |1585696282396 |      14 |    17.0 |21,43 |mscpnrf3.txt |1,7e+03 |
|15 | 1100 | 5000 |   50 |       0.28 |1585696282396 |      14 |    17.0 |21,43 |mscpnrf3.txt |1,8e+03 |
|15 | 1200 | 5000 |   50 |        0.3 |1585696282396 |      14 |    17.0 |21,43 |mscpnrf3.txt |2,0e+03 |
|15 | 1300 | 5000 |   50 |        0.3 |1585696282396 |      14 |    17.0 |21,43 |mscpnrf3.txt |2,3e+03 |
|15 | 1400 | 5000 |   55 | 0.36363637 |1585696282396 |      14 |    17.0 |21,43 |mscpnrf3.txt |2,5e+03 |
|15 | 1500 | 5000 |   55 | 0.36363637 |1585696282396 |      14 |    17.0 |21,43 |mscpnrf3.txt |2,8e+03 |
|15 | 1600 | 5000 |   55 | 0.38181818 |1585696282396 |      14 |    17.0 |21,43 |mscpnrf3.txt |3,0e+03 |
|15 | 1700 | 5000 |   55 |       0.45 |1585696282396 |      14 |    17.0 |21,43 |mscpnrf3.txt |3,1e+03 |
|15 | 1800 | 5000 |   60 |       0.45 |1585696282396 |      14 |    17.0 |21,43 |mscpnrf3.txt |3,3e+03 |
|15 | 1900 | 5000 |   60 |       0.45 |1585696282396 |      14 |    17.0 |21,43 |mscpnrf3.txt |3,5e+03 |
|15 | 2000 | 5000 |   60 |       0.45 |1585696282396 |      14 |    17.0 |21,43 |mscpnrf3.txt |3,6e+03 |
|15 | 2100 | 5000 |   60 |       0.45 |1585696282396 |      14 |    17.0 |21,43 |mscpnrf3.txt |3,8e+03 |
|15 | 2200 | 5000 |   65 |       0.45 |1585696282396 |      14 |    17.0 |21,43 |mscpnrf3.txt |4,0e+03 |
|15 | 2300 | 5000 |   65 |       0.45 |1585696282396 |      14 |    17.0 |21,43 |mscpnrf3.txt |4,2e+03 |
|15 | 2400 | 5000 |   65 |       0.45 |1585696282396 |      14 |    17.0 |21,43 |mscpnrf3.txt |4,4e+03 |
|15 | 2500 | 5000 |   65 |       0.45 |1585696282396 |      14 |    17.0 |21,43 |mscpnrf3.txt |4,6e+03 |
|15 | 2600 | 5000 |   70 |       0.45 |1585696282396 |      14 |    17.0 |21,43 |mscpnrf3.txt |4,8e+03 |
|15 | 2700 | 5000 |   70 |       0.45 |1585696282396 |      14 |    17.0 |21,43 |mscpnrf3.txt |5,0e+03 |
|15 | 2800 | 5000 |   70 |       0.45 |1585696282396 |      14 |    17.0 |21,43 |mscpnrf3.txt |5,2e+03 |
|15 | 2900 | 5000 |   70 |       0.45 |1585696282396 |      14 |    17.0 |21,43 |mscpnrf3.txt |5,4e+03 |
|15 | 3000 | 5000 |   75 | 0.42666668 |1585696282396 |      14 |    17.0 |21,43 |mscpnrf3.txt |5,7e+03 |
|15 | 3100 | 5000 |   75 | 0.42666668 |1585696282396 |      14 |    17.0 |21,43 |mscpnrf3.txt |5,9e+03 |
|15 | 3200 | 5000 |   75 | 0.42666668 |1585696282396 |      14 |    17.0 |21,43 |mscpnrf3.txt |6,2e+03 |
|15 | 3300 | 5000 |   75 | 0.42666668 |1585696282396 |      14 |    17.0 |21,43 |mscpnrf3.txt |6,4e+03 |
|15 | 3400 | 5000 |   80 |        0.4 |1585696282396 |      14 |    17.0 |21,43 |mscpnrf3.txt |6,7e+03 |
|15 | 3500 | 5000 |   80 |        0.4 |1585696282396 |      14 |    17.0 |21,43 |mscpnrf3.txt |7,0e+03 |
|15 | 3600 | 5000 |   80 |        0.4 |1585696282396 |      14 |    17.0 |21,43 |mscpnrf3.txt |7,3e+03 |
|15 | 3700 | 5000 |   80 |        0.4 |1585696282396 |      14 |    17.0 |21,43 |mscpnrf3.txt |7,6e+03 |
|15 | 3800 | 5000 |   85 |  0.3764706 |1585696282396 |      14 |    17.0 |21,43 |mscpnrf3.txt |7,9e+03 |
|15 | 3900 | 5000 |   85 |  0.3764706 |1585696282396 |      14 |    17.0 |21,43 |mscpnrf3.txt |8,2e+03 |
|15 | 4000 | 5000 |   85 |  0.3764706 |1585696282396 |      14 |    17.0 |21,43 |mscpnrf3.txt |8,5e+03 |
|15 | 4100 | 5000 |   85 |  0.3764706 |1585696282396 |      14 |    17.0 |21,43 |mscpnrf3.txt |8,9e+03 |
|15 | 4200 | 5000 |   90 | 0.35555556 |1585696282396 |      14 |    17.0 |21,43 |mscpnrf3.txt |9,3e+03 |
|15 | 4300 | 5000 |   90 | 0.35555556 |1585696282396 |      14 |    17.0 |21,43 |mscpnrf3.txt |9,8e+03 |
|15 | 4400 | 5000 |   90 | 0.35555556 |1585696282396 |      14 |    17.0 |21,43 |mscpnrf3.txt |1,0e+04 |
|15 | 4500 | 5000 |   90 | 0.35555556 |1585696282396 |      14 |    17.0 |21,43 |mscpnrf3.txt |1,1e+04 |
|15 | 4600 | 5000 |   95 | 0.38947368 |1585696282396 |      14 |    17.0 |21,43 |mscpnrf3.txt |1,1e+04 |
|15 | 4700 | 5000 |   95 |       0.45 |1585696282396 |      14 |    17.0 |21,43 |mscpnrf3.txt |1,1e+04 |
|15 | 4800 | 5000 |   95 |       0.45 |1585696282396 |      14 |    17.0 |21,43 |mscpnrf3.txt |1,2e+04 |
|15 | 4900 | 5000 |   95 |       0.45 |1585696282396 |      14 |    17.0 |21,43 |mscpnrf3.txt |1,2e+04 |
|15 | 5000 | 5000 |  100 |       0.45 |1585696282396 |      14 |    17.0 |21,43 |mscpnrf3.txt |1,2e+04 |
|15 |  500 | 5000 |  100 |       0.45 |1585696282396 |      14 |    17.0 |21,43 |mscpnrf3.txt |1,2e+04 |
