| # |    #ITER | #IterMAX | Nest |      %Desc |      semilla | BestFit |GottedFit |  RDP |  instancia | time |
-------------------------------------------------------------------------------------------------
| 1 |    1 | 5000 |   35 |       0.25 |1585567803183 |     234 |   326.0 |39,32 | mscpa4.txt | 0,12 |
| 1 |  100 | 5000 |   35 |       0.45 |1585567803183 |     234 |   294.0 |25,64 | mscpa4.txt |   10 |
| 1 |  200 | 5000 |   40 |      0.375 |1585567803183 |     234 |   243.0 | 3,85 | mscpa4.txt |   26 |
| 1 |  300 | 5000 |   40 |      0.325 |1585567803183 |     234 |   243.0 | 3,85 | mscpa4.txt |   43 |
| 1 |  400 | 5000 |   40 |       0.25 |1585567803183 |     234 |   243.0 | 3,85 | mscpa4.txt |   60 |
| 1 |  500 | 5000 |   40 |       0.45 |1585567803183 |     234 |   243.0 | 3,85 | mscpa4.txt |   75 |
| 1 |  600 | 5000 |   45 |       0.45 |1585567803183 |     234 |   243.0 | 3,85 | mscpa4.txt |   92 |
| 1 |  700 | 5000 |   45 |       0.45 |1585567803183 |     234 |   243.0 | 3,85 | mscpa4.txt |1,1e+02 |
| 1 |  800 | 5000 |   45 |       0.25 |1585567803183 |     234 |   243.0 | 3,85 | mscpa4.txt |1,2e+02 |
| 1 |  900 | 5000 |   45 |       0.25 |1585567803183 |     234 |   243.0 | 3,85 | mscpa4.txt |1,4e+02 |
| 1 | 1000 | 5000 |   50 |       0.45 |1585567803183 |     234 |   243.0 | 3,85 | mscpa4.txt |1,6e+02 |
| 1 | 1100 | 5000 |   50 |       0.45 |1585567803183 |     234 |   243.0 | 3,85 | mscpa4.txt |1,7e+02 |
| 1 | 1200 | 5000 |   50 |       0.45 |1585567803183 |     234 |   243.0 | 3,85 | mscpa4.txt |1,9e+02 |
| 1 | 1300 | 5000 |   50 |       0.45 |1585567803183 |     234 |   243.0 | 3,85 | mscpa4.txt |2,1e+02 |
| 1 | 1400 | 5000 |   55 |       0.45 |1585567803183 |     234 |   243.0 | 3,85 | mscpa4.txt |2,3e+02 |
| 1 | 1500 | 5000 |   55 |       0.45 |1585567803183 |     234 |   243.0 | 3,85 | mscpa4.txt |2,5e+02 |
| 1 | 1600 | 5000 |   55 |       0.45 |1585567803183 |     234 |   242.0 | 3,42 | mscpa4.txt |2,7e+02 |
| 1 | 1700 | 5000 |   55 |       0.45 |1585567803183 |     234 |   242.0 | 3,42 | mscpa4.txt |2,9e+02 |
| 1 | 1800 | 5000 |   60 |       0.45 |1585567803183 |     234 |   242.0 | 3,42 | mscpa4.txt |3,1e+02 |
| 1 | 1900 | 5000 |   60 |       0.45 |1585567803183 |     234 |   242.0 | 3,42 | mscpa4.txt |3,3e+02 |
| 1 | 2000 | 5000 |   60 |       0.45 |1585567803183 |     234 |   242.0 | 3,42 | mscpa4.txt |3,5e+02 |
| 1 | 2100 | 5000 |   60 |       0.45 |1585567803183 |     234 |   242.0 | 3,42 | mscpa4.txt |3,7e+02 |
| 1 | 2200 | 5000 |   65 |       0.45 |1585567803183 |     234 |   242.0 | 3,42 | mscpa4.txt |4,0e+02 |
| 1 | 2300 | 5000 |   65 |       0.45 |1585567803183 |     234 |   242.0 | 3,42 | mscpa4.txt |4,2e+02 |
| 1 | 2400 | 5000 |   65 |       0.45 |1585567803183 |     234 |   242.0 | 3,42 | mscpa4.txt |4,4e+02 |
| 1 | 2500 | 5000 |   65 |       0.45 |1585567803183 |     234 |   242.0 | 3,42 | mscpa4.txt |4,6e+02 |
| 1 | 2600 | 5000 |   70 |       0.45 |1585567803183 |     234 |   242.0 | 3,42 | mscpa4.txt |4,9e+02 |
| 1 | 2700 | 5000 |   70 |       0.45 |1585567803183 |     234 |   242.0 | 3,42 | mscpa4.txt |5,1e+02 |
| 1 | 2800 | 5000 |   70 |       0.45 |1585567803183 |     234 |   242.0 | 3,42 | mscpa4.txt |5,4e+02 |
| 1 | 2900 | 5000 |   70 |       0.45 |1585567803183 |     234 |   242.0 | 3,42 | mscpa4.txt |5,6e+02 |
| 1 | 3000 | 5000 |   75 |       0.45 |1585567803183 |     234 |   242.0 | 3,42 | mscpa4.txt |5,9e+02 |
| 1 | 3100 | 5000 |   75 |       0.45 |1585567803183 |     234 |   242.0 | 3,42 | mscpa4.txt |6,1e+02 |
| 1 | 3200 | 5000 |   75 |       0.45 |1585567803183 |     234 |   242.0 | 3,42 | mscpa4.txt |6,4e+02 |
| 1 | 3300 | 5000 |   75 |       0.45 |1585567803183 |     234 |   242.0 | 3,42 | mscpa4.txt |6,6e+02 |
| 1 | 3400 | 5000 |   80 |       0.45 |1585567803183 |     234 |   242.0 | 3,42 | mscpa4.txt |6,9e+02 |
| 1 | 3500 | 5000 |   80 |       0.45 |1585567803183 |     234 |   242.0 | 3,42 | mscpa4.txt |7,2e+02 |
| 1 | 3600 | 5000 |   80 |       0.45 |1585567803183 |     234 |   242.0 | 3,42 | mscpa4.txt |7,5e+02 |
| 1 | 3700 | 5000 |   80 |       0.45 |1585567803183 |     234 |   242.0 | 3,42 | mscpa4.txt |7,7e+02 |
| 1 | 3800 | 5000 |   85 |       0.45 |1585567803183 |     234 |   242.0 | 3,42 | mscpa4.txt |8,0e+02 |
| 1 | 3900 | 5000 |   85 |       0.45 |1585567803183 |     234 |   242.0 | 3,42 | mscpa4.txt |8,3e+02 |
| 1 | 4000 | 5000 |   85 |       0.45 |1585567803183 |     234 |   242.0 | 3,42 | mscpa4.txt |8,6e+02 |
| 1 | 4100 | 5000 |   85 |       0.45 |1585567803183 |     234 |   242.0 | 3,42 | mscpa4.txt |8,9e+02 |
| 1 | 4200 | 5000 |   90 |       0.45 |1585567803183 |     234 |   242.0 | 3,42 | mscpa4.txt |9,2e+02 |
| 1 | 4300 | 5000 |   90 |       0.45 |1585567803183 |     234 |   242.0 | 3,42 | mscpa4.txt |9,7e+02 |
| 1 | 4400 | 5000 |   90 |       0.45 |1585567803183 |     234 |   242.0 | 3,42 | mscpa4.txt |1,0e+03 |
| 1 | 4500 | 5000 |   90 |       0.45 |1585567803183 |     234 |   242.0 | 3,42 | mscpa4.txt |1,0e+03 |
| 1 | 4600 | 5000 |   95 |       0.45 |1585567803183 |     234 |   242.0 | 3,42 | mscpa4.txt |1,1e+03 |
| 1 | 4700 | 5000 |   95 |       0.45 |1585567803183 |     234 |   242.0 | 3,42 | mscpa4.txt |1,1e+03 |
| 1 | 4800 | 5000 |   95 |       0.45 |1585567803183 |     234 |   242.0 | 3,42 | mscpa4.txt |1,2e+03 |
| 1 | 4900 | 5000 |   95 |       0.45 |1585567803183 |     234 |   242.0 | 3,42 | mscpa4.txt |1,2e+03 |
| 1 | 5000 | 5000 |  100 |       0.45 |1585567803183 |     234 |   242.0 | 3,42 | mscpa4.txt |1,2e+03 |
| 1 |  300 | 5000 |  100 |       0.45 |1585567803183 |     234 |   242.0 | 3,42 | mscpa4.txt |1,2e+03 |
| 2 |    1 | 5000 |   35 |       0.25 |1585569024359 |     234 |   352.0 |50,43 | mscpa4.txt | 0,29 |
| 2 |  100 | 5000 |   35 |       0.45 |1585569024359 |     234 |   308.0 |31,62 | mscpa4.txt |   14 |
| 2 |  200 | 5000 |   35 |       0.45 |1585569024359 |     234 |   291.0 |24,36 | mscpa4.txt |   28 |
| 2 |  300 | 5000 |   35 |        0.4 |1585569024359 |     234 |   282.0 |20,51 | mscpa4.txt |   42 |
| 2 |  400 | 5000 |   40 |       0.45 |1585569024359 |     234 |   245.0 | 4,70 | mscpa4.txt |   59 |
| 2 |  500 | 5000 |   40 |      0.425 |1585569024359 |     234 |   244.0 | 4,27 | mscpa4.txt |   75 |
| 2 |  600 | 5000 |   40 |      0.375 |1585569024359 |     234 |   240.0 | 2,56 | mscpa4.txt |   93 |
| 2 |  700 | 5000 |   40 |        0.4 |1585569024359 |     234 |   240.0 | 2,56 | mscpa4.txt |1,1e+02 |
| 2 |  800 | 5000 |   45 | 0.37777779 |1585569024359 |     234 |   240.0 | 2,56 | mscpa4.txt |1,3e+02 |
| 2 |  900 | 5000 |   45 |        0.4 |1585569024359 |     234 |   240.0 | 2,56 | mscpa4.txt |1,5e+02 |
| 2 | 1000 | 5000 |   45 | 0.37777779 |1585569024359 |     234 |   240.0 | 2,56 | mscpa4.txt |1,7e+02 |
| 2 | 1100 | 5000 |   45 | 0.37777779 |1585569024359 |     234 |   237.0 | 1,28 | mscpa4.txt |1,9e+02 |
| 2 | 1200 | 5000 |   50 |       0.45 |1585569024359 |     234 |   237.0 | 1,28 | mscpa4.txt |2,1e+02 |
| 2 | 1300 | 5000 |   50 |       0.45 |1585569024359 |     234 |   237.0 | 1,28 | mscpa4.txt |2,4e+02 |
| 2 | 1400 | 5000 |   50 |       0.45 |1585569024359 |     234 |   237.0 | 1,28 | mscpa4.txt |2,6e+02 |
| 2 | 1500 | 5000 |   50 |       0.44 |1585569024359 |     234 |   236.0 | 0,85 | mscpa4.txt |2,8e+02 |
| 2 | 1600 | 5000 |   55 |       0.45 |1585569024359 |     234 |   236.0 | 0,85 | mscpa4.txt |3,1e+02 |
| 2 | 1700 | 5000 |   55 |       0.45 |1585569024359 |     234 |   236.0 | 0,85 | mscpa4.txt |3,3e+02 |
| 2 | 1800 | 5000 |   55 |       0.45 |1585569024359 |     234 |   236.0 | 0,85 | mscpa4.txt |3,6e+02 |
| 2 | 1900 | 5000 |   55 | 0.43636364 |1585569024359 |     234 |   236.0 | 0,85 | mscpa4.txt |3,8e+02 |
| 2 | 2000 | 5000 |   60 |       0.45 |1585569024359 |     234 |   236.0 | 0,85 | mscpa4.txt |4,1e+02 |
| 2 | 2100 | 5000 |   60 |       0.45 |1585569024359 |     234 |   236.0 | 0,85 | mscpa4.txt |4,4e+02 |
| 2 | 2200 | 5000 |   60 |       0.45 |1585569024359 |     234 |   235.0 | 0,43 | mscpa4.txt |4,7e+02 |
| 2 | 2300 | 5000 |   60 |       0.45 |1585569024359 |     234 |   235.0 | 0,43 | mscpa4.txt |5,0e+02 |
| 2 | 2400 | 5000 |   65 |       0.45 |1585569024359 |     234 |   235.0 | 0,43 | mscpa4.txt |5,3e+02 |
| 2 | 2500 | 5000 |   65 |       0.45 |1585569024359 |     234 |   235.0 | 0,43 | mscpa4.txt |5,6e+02 |
| 2 | 2600 | 5000 |   65 |       0.45 |1585569024359 |     234 |   235.0 | 0,43 | mscpa4.txt |5,9e+02 |
| 2 | 2700 | 5000 |   65 | 0.43076923 |1585569024359 |     234 |   235.0 | 0,43 | mscpa4.txt |6,2e+02 |
| 2 | 2800 | 5000 |   70 | 0.44285715 |1585569024359 |     234 |   235.0 | 0,43 | mscpa4.txt |6,6e+02 |
| 2 | 2900 | 5000 |   70 | 0.44285715 |1585569024359 |     234 |   235.0 | 0,43 | mscpa4.txt |6,9e+02 |
| 2 | 3000 | 5000 |   70 | 0.44285715 |1585569024359 |     234 |   235.0 | 0,43 | mscpa4.txt |7,3e+02 |
| 2 | 3100 | 5000 |   70 |        0.4 |1585569024359 |     234 |   235.0 | 0,43 | mscpa4.txt |7,6e+02 |
| 2 | 3200 | 5000 |   75 | 0.41333333 |1585569024359 |     234 |   235.0 | 0,43 | mscpa4.txt |8,0e+02 |
| 2 | 3300 | 5000 |   75 | 0.41333333 |1585569024359 |     234 |   235.0 | 0,43 | mscpa4.txt |8,3e+02 |
| 2 | 3400 | 5000 |   75 | 0.41333333 |1585569024359 |     234 |   235.0 | 0,43 | mscpa4.txt |8,7e+02 |
| 2 | 3500 | 5000 |   75 | 0.42666668 |1585569024359 |     234 |   235.0 | 0,43 | mscpa4.txt |9,1e+02 |
| 2 | 3600 | 5000 |   80 |        0.4 |1585569024359 |     234 |   235.0 | 0,43 | mscpa4.txt |9,4e+02 |
| 2 | 3700 | 5000 |   80 |        0.4 |1585569024359 |     234 |   235.0 | 0,43 | mscpa4.txt |9,8e+02 |
| 2 | 3800 | 5000 |   80 |     0.3875 |1585569024359 |     234 |   235.0 | 0,43 | mscpa4.txt |1,0e+03 |
| 2 | 3900 | 5000 |   80 |     0.3875 |1585569024359 |     234 |   235.0 | 0,43 | mscpa4.txt |1,1e+03 |
| 2 | 4000 | 5000 |   85 |  0.3882353 |1585569024359 |     234 |   235.0 | 0,43 | mscpa4.txt |1,1e+03 |
| 2 | 4100 | 5000 |   85 |  0.3764706 |1585569024359 |     234 |   235.0 | 0,43 | mscpa4.txt |1,1e+03 |
| 2 | 4200 | 5000 |   85 |  0.3764706 |1585569024359 |     234 |   235.0 | 0,43 | mscpa4.txt |1,2e+03 |
| 2 | 4300 | 5000 |   85 |  0.3764706 |1585569024359 |     234 |   235.0 | 0,43 | mscpa4.txt |1,2e+03 |
| 2 | 4400 | 5000 |   90 | 0.35555556 |1585569024359 |     234 |   235.0 | 0,43 | mscpa4.txt |1,3e+03 |
| 2 | 4500 | 5000 |   90 | 0.36666667 |1585569024359 |     234 |   235.0 | 0,43 | mscpa4.txt |1,3e+03 |
| 2 | 4600 | 5000 |   90 | 0.36666667 |1585569024359 |     234 |   235.0 | 0,43 | mscpa4.txt |1,3e+03 |
| 2 | 4700 | 5000 |   90 | 0.36666667 |1585569024359 |     234 |   235.0 | 0,43 | mscpa4.txt |1,4e+03 |
| 2 | 4800 | 5000 |   95 | 0.35789475 |1585569024359 |     234 |   235.0 | 0,43 | mscpa4.txt |1,4e+03 |
| 2 | 4900 | 5000 |   95 | 0.35789475 |1585569024359 |     234 |   235.0 | 0,43 | mscpa4.txt |1,5e+03 |
| 2 | 5000 | 5000 |   95 | 0.35789475 |1585569024359 |     234 |   235.0 | 0,43 | mscpa4.txt |1,5e+03 |
| 2 |  300 | 5000 |   95 | 0.35789475 |1585569024359 |     234 |   235.0 | 0,43 | mscpa4.txt |1,5e+03 |
| 3 |    1 | 5000 |   35 |       0.25 |1585570521639 |     234 |   350.0 |49,57 | mscpa4.txt | 0,20 |
| 3 |  100 | 5000 |   35 | 0.42857143 |1585570521639 |     234 |   295.0 |26,07 | mscpa4.txt |   11 |
| 3 |  200 | 5000 |   40 |      0.375 |1585570521639 |     234 |   244.0 | 4,27 | mscpa4.txt |   26 |
| 3 |  300 | 5000 |   40 |      0.275 |1585570521639 |     234 |   243.0 | 3,85 | mscpa4.txt |   39 |
| 3 |  400 | 5000 |   40 |       0.25 |1585570521639 |     234 |   243.0 | 3,85 | mscpa4.txt |   54 |
| 3 |  500 | 5000 |   40 |       0.45 |1585570521639 |     234 |   243.0 | 3,85 | mscpa4.txt |   67 |
| 3 |  600 | 5000 |   45 |       0.45 |1585570521639 |     234 |   242.0 | 3,42 | mscpa4.txt |   81 |
| 3 |  700 | 5000 |   45 |       0.45 |1585570521639 |     234 |   242.0 | 3,42 | mscpa4.txt |   96 |
| 3 |  800 | 5000 |   45 |       0.45 |1585570521639 |     234 |   242.0 | 3,42 | mscpa4.txt |1,1e+02 |
| 3 |  900 | 5000 |   45 |       0.45 |1585570521639 |     234 |   242.0 | 3,42 | mscpa4.txt |1,3e+02 |
| 3 | 1000 | 5000 |   50 |       0.45 |1585570521639 |     234 |   242.0 | 3,42 | mscpa4.txt |1,4e+02 |
| 3 | 1100 | 5000 |   50 |       0.45 |1585570521639 |     234 |   242.0 | 3,42 | mscpa4.txt |1,6e+02 |
| 3 | 1200 | 5000 |   50 |       0.45 |1585570521639 |     234 |   242.0 | 3,42 | mscpa4.txt |1,8e+02 |
| 3 | 1300 | 5000 |   50 |       0.45 |1585570521639 |     234 |   242.0 | 3,42 | mscpa4.txt |1,9e+02 |
| 3 | 1400 | 5000 |   55 |       0.45 |1585570521639 |     234 |   242.0 | 3,42 | mscpa4.txt |2,1e+02 |
| 3 | 1500 | 5000 |   55 |       0.45 |1585570521639 |     234 |   242.0 | 3,42 | mscpa4.txt |2,3e+02 |
| 3 | 1600 | 5000 |   55 |       0.45 |1585570521639 |     234 |   242.0 | 3,42 | mscpa4.txt |2,5e+02 |
| 3 | 1700 | 5000 |   55 |       0.45 |1585570521639 |     234 |   242.0 | 3,42 | mscpa4.txt |2,6e+02 |
| 3 | 1800 | 5000 |   60 |       0.45 |1585570521639 |     234 |   242.0 | 3,42 | mscpa4.txt |2,8e+02 |
| 3 | 1900 | 5000 |   60 |       0.45 |1585570521639 |     234 |   242.0 | 3,42 | mscpa4.txt |3,0e+02 |
| 3 | 2000 | 5000 |   60 |       0.45 |1585570521639 |     234 |   242.0 | 3,42 | mscpa4.txt |3,2e+02 |
| 3 | 2100 | 5000 |   60 |       0.45 |1585570521639 |     234 |   242.0 | 3,42 | mscpa4.txt |3,4e+02 |
| 3 | 2200 | 5000 |   65 |       0.45 |1585570521639 |     234 |   242.0 | 3,42 | mscpa4.txt |3,6e+02 |
| 3 | 2300 | 5000 |   65 |       0.45 |1585570521639 |     234 |   242.0 | 3,42 | mscpa4.txt |3,8e+02 |
| 3 | 2400 | 5000 |   65 |       0.45 |1585570521639 |     234 |   242.0 | 3,42 | mscpa4.txt |4,0e+02 |
| 3 | 2500 | 5000 |   65 |       0.45 |1585570521639 |     234 |   242.0 | 3,42 | mscpa4.txt |4,2e+02 |
| 3 | 2600 | 5000 |   70 |       0.45 |1585570521639 |     234 |   242.0 | 3,42 | mscpa4.txt |4,4e+02 |
| 3 | 2700 | 5000 |   70 |       0.45 |1585570521639 |     234 |   242.0 | 3,42 | mscpa4.txt |4,6e+02 |
| 3 | 2800 | 5000 |   70 |       0.45 |1585570521639 |     234 |   242.0 | 3,42 | mscpa4.txt |4,9e+02 |
| 3 | 2900 | 5000 |   70 |       0.45 |1585570521639 |     234 |   242.0 | 3,42 | mscpa4.txt |5,1e+02 |
| 3 | 3000 | 5000 |   75 |       0.45 |1585570521639 |     234 |   242.0 | 3,42 | mscpa4.txt |5,3e+02 |
| 3 | 3100 | 5000 |   75 |       0.45 |1585570521639 |     234 |   242.0 | 3,42 | mscpa4.txt |5,6e+02 |
| 3 | 3200 | 5000 |   75 |       0.45 |1585570521639 |     234 |   242.0 | 3,42 | mscpa4.txt |5,8e+02 |
| 3 | 3300 | 5000 |   75 |       0.45 |1585570521639 |     234 |   242.0 | 3,42 | mscpa4.txt |6,1e+02 |
| 3 | 3400 | 5000 |   80 |       0.45 |1585570521639 |     234 |   242.0 | 3,42 | mscpa4.txt |6,3e+02 |
| 3 | 3500 | 5000 |   80 |       0.45 |1585570521639 |     234 |   242.0 | 3,42 | mscpa4.txt |6,6e+02 |
| 3 | 3600 | 5000 |   80 |       0.45 |1585570521639 |     234 |   242.0 | 3,42 | mscpa4.txt |6,8e+02 |
| 3 | 3700 | 5000 |   80 |       0.45 |1585570521639 |     234 |   242.0 | 3,42 | mscpa4.txt |7,1e+02 |
| 3 | 3800 | 5000 |   85 |       0.45 |1585570521639 |     234 |   242.0 | 3,42 | mscpa4.txt |7,4e+02 |
| 3 | 3900 | 5000 |   85 |       0.45 |1585570521639 |     234 |   242.0 | 3,42 | mscpa4.txt |7,7e+02 |
| 3 | 4000 | 5000 |   85 |       0.45 |1585570521639 |     234 |   242.0 | 3,42 | mscpa4.txt |7,9e+02 |
| 3 | 4100 | 5000 |   85 |       0.45 |1585570521639 |     234 |   242.0 | 3,42 | mscpa4.txt |8,2e+02 |
| 3 | 4200 | 5000 |   90 |       0.45 |1585570521639 |     234 |   242.0 | 3,42 | mscpa4.txt |8,5e+02 |
| 3 | 4300 | 5000 |   90 |       0.45 |1585570521639 |     234 |   242.0 | 3,42 | mscpa4.txt |8,8e+02 |
| 3 | 4400 | 5000 |   90 |       0.45 |1585570521639 |     234 |   242.0 | 3,42 | mscpa4.txt |9,1e+02 |
| 3 | 4500 | 5000 |   90 |       0.45 |1585570521639 |     234 |   242.0 | 3,42 | mscpa4.txt |9,4e+02 |
| 3 | 4600 | 5000 |   95 |       0.45 |1585570521639 |     234 |   242.0 | 3,42 | mscpa4.txt |9,7e+02 |
| 3 | 4700 | 5000 |   95 |       0.45 |1585570521639 |     234 |   242.0 | 3,42 | mscpa4.txt |1,0e+03 |
| 3 | 4800 | 5000 |   95 |       0.45 |1585570521639 |     234 |   242.0 | 3,42 | mscpa4.txt |1,0e+03 |
| 3 | 4900 | 5000 |   95 |       0.45 |1585570521639 |     234 |   242.0 | 3,42 | mscpa4.txt |1,1e+03 |
| 3 | 5000 | 5000 |  100 |       0.45 |1585570521639 |     234 |   242.0 | 3,42 | mscpa4.txt |1,1e+03 |
| 3 |  300 | 5000 |  100 |       0.45 |1585570521639 |     234 |   242.0 | 3,42 | mscpa4.txt |1,1e+03 |
| 4 |    1 | 5000 |   35 |       0.25 |1585571620889 |     234 |   355.0 |51,71 | mscpa4.txt | 0,13 |
| 4 |  100 | 5000 |   35 |       0.45 |1585571620889 |     234 |   303.0 |29,49 | mscpa4.txt |   12 |
| 4 |  200 | 5000 |   35 | 0.37142858 |1585571620889 |     234 |   283.0 |20,94 | mscpa4.txt |   24 |
| 4 |  300 | 5000 |   35 | 0.42857143 |1585571620889 |     234 |   282.0 |20,51 | mscpa4.txt |   36 |
| 4 |  400 | 5000 |   40 |      0.275 |1585571620889 |     234 |   243.0 | 3,85 | mscpa4.txt |   50 |
| 4 |  500 | 5000 |   40 |      0.325 |1585571620889 |     234 |   241.0 | 2,99 | mscpa4.txt |   63 |
| 4 |  600 | 5000 |   40 |       0.45 |1585571620889 |     234 |   241.0 | 2,99 | mscpa4.txt |   75 |
| 4 |  700 | 5000 |   40 |       0.45 |1585571620889 |     234 |   241.0 | 2,99 | mscpa4.txt |   89 |
| 4 |  800 | 5000 |   45 |       0.45 |1585571620889 |     234 |   241.0 | 2,99 | mscpa4.txt |1,1e+02 |
| 4 |  900 | 5000 |   45 |       0.45 |1585571620889 |     234 |   241.0 | 2,99 | mscpa4.txt |1,2e+02 |
| 4 | 1000 | 5000 |   45 | 0.44444445 |1585571620889 |     234 |   241.0 | 2,99 | mscpa4.txt |1,4e+02 |
| 4 | 1100 | 5000 |   45 |       0.45 |1585571620889 |     234 |   241.0 | 2,99 | mscpa4.txt |1,6e+02 |
| 4 | 1200 | 5000 |   50 |       0.45 |1585571620889 |     234 |   241.0 | 2,99 | mscpa4.txt |1,8e+02 |
| 4 | 1300 | 5000 |   50 |       0.45 |1585571620889 |     234 |   241.0 | 2,99 | mscpa4.txt |2,0e+02 |
| 4 | 1400 | 5000 |   50 |       0.45 |1585571620889 |     234 |   241.0 | 2,99 | mscpa4.txt |2,2e+02 |
| 4 | 1500 | 5000 |   50 |       0.45 |1585571620889 |     234 |   241.0 | 2,99 | mscpa4.txt |2,4e+02 |
| 4 | 1600 | 5000 |   55 |       0.45 |1585571620889 |     234 |   240.0 | 2,56 | mscpa4.txt |2,6e+02 |
| 4 | 1700 | 5000 |   55 |       0.45 |1585571620889 |     234 |   240.0 | 2,56 | mscpa4.txt |2,8e+02 |
| 4 | 1800 | 5000 |   55 |       0.45 |1585571620889 |     234 |   240.0 | 2,56 | mscpa4.txt |3,1e+02 |
| 4 | 1900 | 5000 |   55 |       0.45 |1585571620889 |     234 |   240.0 | 2,56 | mscpa4.txt |3,3e+02 |
| 4 | 2000 | 5000 |   60 |       0.45 |1585571620889 |     234 |   240.0 | 2,56 | mscpa4.txt |3,6e+02 |
| 4 | 2100 | 5000 |   60 |       0.45 |1585571620889 |     234 |   240.0 | 2,56 | mscpa4.txt |3,8e+02 |
| 4 | 2200 | 5000 |   60 |       0.45 |1585571620889 |     234 |   240.0 | 2,56 | mscpa4.txt |4,0e+02 |
| 4 | 2300 | 5000 |   60 |       0.45 |1585571620889 |     234 |   240.0 | 2,56 | mscpa4.txt |4,3e+02 |
| 4 | 2400 | 5000 |   65 |       0.45 |1585571620889 |     234 |   240.0 | 2,56 | mscpa4.txt |4,6e+02 |
| 4 | 2500 | 5000 |   65 |       0.45 |1585571620889 |     234 |   240.0 | 2,56 | mscpa4.txt |4,8e+02 |
| 4 | 2600 | 5000 |   65 |       0.45 |1585571620889 |     234 |   238.0 | 1,71 | mscpa4.txt |5,1e+02 |
| 4 | 2700 | 5000 |   65 |       0.45 |1585571620889 |     234 |   238.0 | 1,71 | mscpa4.txt |5,4e+02 |
| 4 | 2800 | 5000 |   70 |       0.45 |1585571620889 |     234 |   238.0 | 1,71 | mscpa4.txt |5,7e+02 |
| 4 | 2900 | 5000 |   70 |       0.45 |1585571620889 |     234 |   238.0 | 1,71 | mscpa4.txt |6,0e+02 |
| 4 | 3000 | 5000 |   70 |       0.45 |1585571620889 |     234 |   238.0 | 1,71 | mscpa4.txt |6,3e+02 |
| 4 | 3100 | 5000 |   70 |       0.45 |1585571620889 |     234 |   238.0 | 1,71 | mscpa4.txt |6,6e+02 |
| 4 | 3200 | 5000 |   75 |       0.45 |1585571620889 |     234 |   238.0 | 1,71 | mscpa4.txt |6,9e+02 |
| 4 | 3300 | 5000 |   75 |       0.45 |1585571620889 |     234 |   238.0 | 1,71 | mscpa4.txt |7,2e+02 |
| 4 | 3400 | 5000 |   75 |       0.45 |1585571620889 |     234 |   238.0 | 1,71 | mscpa4.txt |7,6e+02 |
| 4 | 3500 | 5000 |   75 |       0.45 |1585571620889 |     234 |   238.0 | 1,71 | mscpa4.txt |7,9e+02 |
| 4 | 3600 | 5000 |   80 |     0.4375 |1585571620889 |     234 |   238.0 | 1,71 | mscpa4.txt |8,2e+02 |
| 4 | 3700 | 5000 |   80 |     0.4375 |1585571620889 |     234 |   238.0 | 1,71 | mscpa4.txt |8,6e+02 |
| 4 | 3800 | 5000 |   80 |     0.4375 |1585571620889 |     234 |   238.0 | 1,71 | mscpa4.txt |8,9e+02 |
| 4 | 3900 | 5000 |   80 |     0.4375 |1585571620889 |     234 |   238.0 | 1,71 | mscpa4.txt |9,2e+02 |
| 4 | 4000 | 5000 |   85 |  0.4117647 |1585571620889 |     234 |   238.0 | 1,71 | mscpa4.txt |9,6e+02 |
| 4 | 4100 | 5000 |   85 |  0.4117647 |1585571620889 |     234 |   238.0 | 1,71 | mscpa4.txt |1,0e+03 |
| 4 | 4200 | 5000 |   85 |  0.4117647 |1585571620889 |     234 |   238.0 | 1,71 | mscpa4.txt |1,0e+03 |
| 4 | 4300 | 5000 |   85 |  0.4117647 |1585571620889 |     234 |   238.0 | 1,71 | mscpa4.txt |1,1e+03 |
| 4 | 4400 | 5000 |   90 |  0.3888889 |1585571620889 |     234 |   238.0 | 1,71 | mscpa4.txt |1,1e+03 |
| 4 | 4500 | 5000 |   90 |  0.3888889 |1585571620889 |     234 |   238.0 | 1,71 | mscpa4.txt |1,1e+03 |
| 4 | 4600 | 5000 |   90 |  0.3888889 |1585571620889 |     234 |   238.0 | 1,71 | mscpa4.txt |1,2e+03 |
| 4 | 4700 | 5000 |   90 |  0.3888889 |1585571620889 |     234 |   238.0 | 1,71 | mscpa4.txt |1,2e+03 |
| 4 | 4800 | 5000 |   95 | 0.29473683 |1585571620889 |     234 |   238.0 | 1,71 | mscpa4.txt |1,3e+03 |
| 4 | 4900 | 5000 |   95 |       0.45 |1585571620889 |     234 |   238.0 | 1,71 | mscpa4.txt |1,3e+03 |
| 4 | 5000 | 5000 |   95 |       0.45 |1585571620889 |     234 |   238.0 | 1,71 | mscpa4.txt |1,3e+03 |
| 4 |  300 | 5000 |   95 |       0.45 |1585571620889 |     234 |   238.0 | 1,71 | mscpa4.txt |1,3e+03 |
| 5 |    1 | 5000 |   35 |       0.25 |1585572936749 |     234 |   384.0 |64,10 | mscpa4.txt | 0,16 |
| 5 |  100 | 5000 |   35 |        0.4 |1585572936749 |     234 |   298.0 |27,35 | mscpa4.txt |   12 |
| 5 |  200 | 5000 |   40 |       0.45 |1585572936749 |     234 |   244.0 | 4,27 | mscpa4.txt |   26 |
| 5 |  300 | 5000 |   40 |       0.35 |1585572936749 |     234 |   244.0 | 4,27 | mscpa4.txt |   40 |
| 5 |  400 | 5000 |   40 |       0.25 |1585572936749 |     234 |   244.0 | 4,27 | mscpa4.txt |   55 |
| 5 |  500 | 5000 |   40 |       0.45 |1585572936749 |     234 |   243.0 | 3,85 | mscpa4.txt |   68 |
| 5 |  600 | 5000 |   40 |       0.45 |1585572936749 |     234 |   243.0 | 3,85 | mscpa4.txt |   80 |
| 5 |  700 | 5000 |   45 |       0.45 |1585572936749 |     234 |   243.0 | 3,85 | mscpa4.txt |   95 |
| 5 |  800 | 5000 |   45 |       0.45 |1585572936749 |     234 |   243.0 | 3,85 | mscpa4.txt |1,1e+02 |
| 5 |  900 | 5000 |   45 |       0.45 |1585572936749 |     234 |   243.0 | 3,85 | mscpa4.txt |1,2e+02 |
| 5 | 1000 | 5000 |   45 |       0.45 |1585572936749 |     234 |   242.0 | 3,42 | mscpa4.txt |1,4e+02 |
| 5 | 1100 | 5000 |   50 |       0.45 |1585572936749 |     234 |   242.0 | 3,42 | mscpa4.txt |1,5e+02 |
| 5 | 1200 | 5000 |   50 |       0.45 |1585572936749 |     234 |   242.0 | 3,42 | mscpa4.txt |1,7e+02 |
| 5 | 1300 | 5000 |   50 |       0.45 |1585572936749 |     234 |   242.0 | 3,42 | mscpa4.txt |1,8e+02 |
| 5 | 1400 | 5000 |   50 |       0.45 |1585572936749 |     234 |   242.0 | 3,42 | mscpa4.txt |2,0e+02 |
| 5 | 1500 | 5000 |   55 |       0.45 |1585572936749 |     234 |   242.0 | 3,42 | mscpa4.txt |2,2e+02 |
| 5 | 1600 | 5000 |   55 |       0.45 |1585572936749 |     234 |   242.0 | 3,42 | mscpa4.txt |2,3e+02 |
| 5 | 1700 | 5000 |   55 |       0.45 |1585572936749 |     234 |   242.0 | 3,42 | mscpa4.txt |2,5e+02 |
| 5 | 1800 | 5000 |   55 |       0.45 |1585572936749 |     234 |   242.0 | 3,42 | mscpa4.txt |2,7e+02 |
| 5 | 1900 | 5000 |   60 |       0.45 |1585572936749 |     234 |   242.0 | 3,42 | mscpa4.txt |2,9e+02 |
| 5 | 2000 | 5000 |   60 |       0.45 |1585572936749 |     234 |   242.0 | 3,42 | mscpa4.txt |3,1e+02 |
| 5 | 2100 | 5000 |   60 |       0.45 |1585572936749 |     234 |   242.0 | 3,42 | mscpa4.txt |3,3e+02 |
| 5 | 2200 | 5000 |   60 |       0.45 |1585572936749 |     234 |   242.0 | 3,42 | mscpa4.txt |3,5e+02 |
| 5 | 2300 | 5000 |   65 |       0.45 |1585572936749 |     234 |   242.0 | 3,42 | mscpa4.txt |3,7e+02 |
| 5 | 2400 | 5000 |   65 |       0.45 |1585572936749 |     234 |   242.0 | 3,42 | mscpa4.txt |3,9e+02 |
| 5 | 2500 | 5000 |   65 |       0.45 |1585572936749 |     234 |   242.0 | 3,42 | mscpa4.txt |4,1e+02 |
| 5 | 2600 | 5000 |   65 |       0.45 |1585572936749 |     234 |   242.0 | 3,42 | mscpa4.txt |4,3e+02 |
| 5 | 2700 | 5000 |   70 |       0.45 |1585572936749 |     234 |   242.0 | 3,42 | mscpa4.txt |4,5e+02 |
| 5 | 2800 | 5000 |   70 |       0.45 |1585572936749 |     234 |   242.0 | 3,42 | mscpa4.txt |4,7e+02 |
| 5 | 2900 | 5000 |   70 |       0.45 |1585572936749 |     234 |   242.0 | 3,42 | mscpa4.txt |4,9e+02 |
| 5 | 3000 | 5000 |   70 |       0.45 |1585572936749 |     234 |   242.0 | 3,42 | mscpa4.txt |5,1e+02 |
| 5 | 3100 | 5000 |   75 |       0.45 |1585572936749 |     234 |   242.0 | 3,42 | mscpa4.txt |5,3e+02 |
| 5 | 3200 | 5000 |   75 |       0.45 |1585572936749 |     234 |   242.0 | 3,42 | mscpa4.txt |5,6e+02 |
| 5 | 3300 | 5000 |   75 |       0.45 |1585572936749 |     234 |   242.0 | 3,42 | mscpa4.txt |5,8e+02 |
| 5 | 3400 | 5000 |   75 |       0.45 |1585572936749 |     234 |   242.0 | 3,42 | mscpa4.txt |6,0e+02 |
| 5 | 3500 | 5000 |   80 |       0.45 |1585572936749 |     234 |   242.0 | 3,42 | mscpa4.txt |6,3e+02 |
| 5 | 3600 | 5000 |   80 |       0.45 |1585572936749 |     234 |   242.0 | 3,42 | mscpa4.txt |6,5e+02 |
| 5 | 3700 | 5000 |   80 |       0.45 |1585572936749 |     234 |   239.0 | 2,14 | mscpa4.txt |6,8e+02 |
| 5 | 3800 | 5000 |   80 |       0.45 |1585572936749 |     234 |   237.0 | 1,28 | mscpa4.txt |7,0e+02 |
| 5 | 3900 | 5000 |   85 |       0.45 |1585572936749 |     234 |   237.0 | 1,28 | mscpa4.txt |7,3e+02 |
| 5 | 4000 | 5000 |   85 |       0.45 |1585572936749 |     234 |   237.0 | 1,28 | mscpa4.txt |7,6e+02 |
| 5 | 4100 | 5000 |   85 |       0.45 |1585572936749 |     234 |   237.0 | 1,28 | mscpa4.txt |7,9e+02 |
| 5 | 4200 | 5000 |   85 |       0.45 |1585572936749 |     234 |   237.0 | 1,28 | mscpa4.txt |8,1e+02 |
| 5 | 4300 | 5000 |   90 |       0.45 |1585572936749 |     234 |   237.0 | 1,28 | mscpa4.txt |8,4e+02 |
| 5 | 4400 | 5000 |   90 |       0.45 |1585572936749 |     234 |   237.0 | 1,28 | mscpa4.txt |8,7e+02 |
| 5 | 4500 | 5000 |   90 |       0.45 |1585572936749 |     234 |   237.0 | 1,28 | mscpa4.txt |9,0e+02 |
| 5 | 4600 | 5000 |   90 |       0.45 |1585572936749 |     234 |   237.0 | 1,28 | mscpa4.txt |9,3e+02 |
| 5 | 4700 | 5000 |   95 |       0.45 |1585572936749 |     234 |   237.0 | 1,28 | mscpa4.txt |9,6e+02 |
| 5 | 4800 | 5000 |   95 |       0.45 |1585572936749 |     234 |   237.0 | 1,28 | mscpa4.txt |9,9e+02 |
| 5 | 4900 | 5000 |   95 |       0.45 |1585572936749 |     234 |   237.0 | 1,28 | mscpa4.txt |1,0e+03 |
| 5 | 5000 | 5000 |   95 |       0.45 |1585572936749 |     234 |   237.0 | 1,28 | mscpa4.txt |1,1e+03 |
| 5 |  300 | 5000 |  100 |       0.45 |1585572936749 |     234 |   237.0 | 1,28 | mscpa4.txt |1,1e+03 |
| 6 |    1 | 5000 |   35 |       0.25 |1585573992961 |     234 |   359.0 |53,42 | mscpa4.txt | 0,16 |
| 6 |  100 | 5000 |   35 | 0.42857143 |1585573992961 |     234 |   290.0 |23,93 | mscpa4.txt |   12 |
| 6 |  200 | 5000 |   35 |       0.45 |1585573992961 |     234 |   283.0 |20,94 | mscpa4.txt |   24 |
| 6 |  300 | 5000 |   35 |       0.45 |1585573992961 |     234 |   278.0 |18,80 | mscpa4.txt |   36 |
| 6 |  400 | 5000 |   35 |       0.45 |1585573992961 |     234 |   267.0 |14,10 | mscpa4.txt |   48 |
| 6 |  500 | 5000 |   40 |      0.425 |1585573992961 |     234 |   248.0 | 5,98 | mscpa4.txt |   63 |
| 6 |  600 | 5000 |   40 |      0.325 |1585573992961 |     234 |   244.0 | 4,27 | mscpa4.txt |   77 |
| 6 |  700 | 5000 |   40 |        0.4 |1585573992961 |     234 |   243.0 | 3,85 | mscpa4.txt |   92 |
| 6 |  800 | 5000 |   40 |      0.375 |1585573992961 |     234 |   243.0 | 3,85 | mscpa4.txt |1,1e+02 |
| 6 |  900 | 5000 |   45 | 0.31111112 |1585573992961 |     234 |   243.0 | 3,85 | mscpa4.txt |1,2e+02 |
| 6 | 1000 | 5000 |   45 | 0.31111112 |1585573992961 |     234 |   243.0 | 3,85 | mscpa4.txt |1,4e+02 |
| 6 | 1100 | 5000 |   45 |       0.45 |1585573992961 |     234 |   243.0 | 3,85 | mscpa4.txt |1,5e+02 |
| 6 | 1200 | 5000 |   45 |       0.45 |1585573992961 |     234 |   243.0 | 3,85 | mscpa4.txt |1,7e+02 |
| 6 | 1300 | 5000 |   50 |       0.45 |1585573992961 |     234 |   243.0 | 3,85 | mscpa4.txt |1,9e+02 |
| 6 | 1400 | 5000 |   50 |       0.45 |1585573992961 |     234 |   243.0 | 3,85 | mscpa4.txt |2,0e+02 |
| 6 | 1500 | 5000 |   50 |       0.45 |1585573992961 |     234 |   243.0 | 3,85 | mscpa4.txt |2,2e+02 |
| 6 | 1600 | 5000 |   50 |       0.45 |1585573992961 |     234 |   243.0 | 3,85 | mscpa4.txt |2,3e+02 |
| 6 | 1700 | 5000 |   55 |       0.45 |1585573992961 |     234 |   243.0 | 3,85 | mscpa4.txt |2,5e+02 |
| 6 | 1800 | 5000 |   55 |       0.45 |1585573992961 |     234 |   241.0 | 2,99 | mscpa4.txt |2,7e+02 |
| 6 | 1900 | 5000 |   55 |       0.45 |1585573992961 |     234 |   241.0 | 2,99 | mscpa4.txt |2,9e+02 |
| 6 | 2000 | 5000 |   55 |       0.45 |1585573992961 |     234 |   241.0 | 2,99 | mscpa4.txt |3,1e+02 |
| 6 | 2100 | 5000 |   60 |       0.45 |1585573992961 |     234 |   241.0 | 2,99 | mscpa4.txt |3,3e+02 |
| 6 | 2200 | 5000 |   60 |       0.45 |1585573992961 |     234 |   241.0 | 2,99 | mscpa4.txt |3,5e+02 |
| 6 | 2300 | 5000 |   60 |       0.45 |1585573992961 |     234 |   241.0 | 2,99 | mscpa4.txt |3,7e+02 |
| 6 | 2400 | 5000 |   60 |       0.45 |1585573992961 |     234 |   241.0 | 2,99 | mscpa4.txt |3,9e+02 |
| 6 | 2500 | 5000 |   65 |       0.45 |1585573992961 |     234 |   241.0 | 2,99 | mscpa4.txt |4,1e+02 |
| 6 | 2600 | 5000 |   65 |       0.45 |1585573992961 |     234 |   241.0 | 2,99 | mscpa4.txt |4,3e+02 |
| 6 | 2700 | 5000 |   65 |       0.45 |1585573992961 |     234 |   241.0 | 2,99 | mscpa4.txt |4,6e+02 |
| 6 | 2800 | 5000 |   65 |       0.45 |1585573992961 |     234 |   241.0 | 2,99 | mscpa4.txt |4,8e+02 |
| 6 | 2900 | 5000 |   70 |       0.45 |1585573992961 |     234 |   241.0 | 2,99 | mscpa4.txt |5,0e+02 |
| 6 | 3000 | 5000 |   70 |       0.45 |1585573992961 |     234 |   241.0 | 2,99 | mscpa4.txt |5,2e+02 |
| 6 | 3100 | 5000 |   70 |       0.45 |1585573992961 |     234 |   241.0 | 2,99 | mscpa4.txt |5,5e+02 |
| 6 | 3200 | 5000 |   70 |       0.45 |1585573992961 |     234 |   241.0 | 2,99 | mscpa4.txt |5,7e+02 |
| 6 | 3300 | 5000 |   75 |       0.45 |1585573992961 |     234 |   241.0 | 2,99 | mscpa4.txt |5,9e+02 |
| 6 | 3400 | 5000 |   75 |       0.45 |1585573992961 |     234 |   241.0 | 2,99 | mscpa4.txt |6,2e+02 |
| 6 | 3500 | 5000 |   75 |       0.45 |1585573992961 |     234 |   241.0 | 2,99 | mscpa4.txt |6,5e+02 |
| 6 | 3600 | 5000 |   75 |       0.45 |1585573992961 |     234 |   241.0 | 2,99 | mscpa4.txt |6,7e+02 |
| 6 | 3700 | 5000 |   80 |       0.45 |1585573992961 |     234 |   241.0 | 2,99 | mscpa4.txt |7,0e+02 |
| 6 | 3800 | 5000 |   80 |       0.45 |1585573992961 |     234 |   241.0 | 2,99 | mscpa4.txt |7,3e+02 |
| 6 | 3900 | 5000 |   80 |       0.45 |1585573992961 |     234 |   241.0 | 2,99 | mscpa4.txt |7,5e+02 |
| 6 | 4000 | 5000 |   80 |       0.45 |1585573992961 |     234 |   241.0 | 2,99 | mscpa4.txt |7,8e+02 |
| 6 | 4100 | 5000 |   85 |       0.45 |1585573992961 |     234 |   241.0 | 2,99 | mscpa4.txt |8,1e+02 |
| 6 | 4200 | 5000 |   85 |       0.45 |1585573992961 |     234 |   241.0 | 2,99 | mscpa4.txt |8,4e+02 |
| 6 | 4300 | 5000 |   85 |       0.45 |1585573992961 |     234 |   241.0 | 2,99 | mscpa4.txt |8,7e+02 |
| 6 | 4400 | 5000 |   85 |       0.45 |1585573992961 |     234 |   241.0 | 2,99 | mscpa4.txt |8,9e+02 |
| 6 | 4500 | 5000 |   90 |       0.45 |1585573992961 |     234 |   241.0 | 2,99 | mscpa4.txt |9,3e+02 |
| 6 | 4600 | 5000 |   90 |       0.45 |1585573992961 |     234 |   241.0 | 2,99 | mscpa4.txt |9,6e+02 |
| 6 | 4700 | 5000 |   90 |       0.45 |1585573992961 |     234 |   241.0 | 2,99 | mscpa4.txt |9,8e+02 |
| 6 | 4800 | 5000 |   90 |       0.45 |1585573992961 |     234 |   241.0 | 2,99 | mscpa4.txt |1,0e+03 |
| 6 | 4900 | 5000 |   95 |       0.45 |1585573992961 |     234 |   241.0 | 2,99 | mscpa4.txt |1,0e+03 |
| 6 | 5000 | 5000 |   95 |       0.45 |1585573992961 |     234 |   241.0 | 2,99 | mscpa4.txt |1,1e+03 |
| 6 |  300 | 5000 |   95 |       0.45 |1585573992961 |     234 |   241.0 | 2,99 | mscpa4.txt |1,1e+03 |
| 7 |    1 | 5000 |   35 |       0.25 |1585575071603 |     234 |   376.0 |60,68 | mscpa4.txt | 0,16 |
| 7 |  100 | 5000 |   35 | 0.25714287 |1585575071603 |     234 |   293.0 |25,21 | mscpa4.txt |   12 |
| 7 |  200 | 5000 |   35 | 0.31428573 |1585575071603 |     234 |   280.0 |19,66 | mscpa4.txt |   24 |
| 7 |  300 | 5000 |   40 |       0.45 |1585575071603 |     234 |   247.0 | 5,56 | mscpa4.txt |   38 |
| 7 |  400 | 5000 |   40 |       0.25 |1585575071603 |     234 |   244.0 | 4,27 | mscpa4.txt |   53 |
| 7 |  500 | 5000 |   40 |       0.35 |1585575071603 |     234 |   243.0 | 3,85 | mscpa4.txt |   68 |
| 7 |  600 | 5000 |   40 |       0.35 |1585575071603 |     234 |   243.0 | 3,85 | mscpa4.txt |   83 |
| 7 |  700 | 5000 |   45 | 0.35555556 |1585575071603 |     234 |   243.0 | 3,85 | mscpa4.txt |   98 |
| 7 |  800 | 5000 |   45 |       0.45 |1585575071603 |     234 |   243.0 | 3,85 | mscpa4.txt |1,1e+02 |
| 7 |  900 | 5000 |   45 |       0.45 |1585575071603 |     234 |   243.0 | 3,85 | mscpa4.txt |1,3e+02 |
| 7 | 1000 | 5000 |   45 |       0.45 |1585575071603 |     234 |   243.0 | 3,85 | mscpa4.txt |1,5e+02 |
| 7 | 1100 | 5000 |   50 |       0.45 |1585575071603 |     234 |   243.0 | 3,85 | mscpa4.txt |1,6e+02 |
| 7 | 1200 | 5000 |   50 |       0.45 |1585575071603 |     234 |   243.0 | 3,85 | mscpa4.txt |1,8e+02 |
| 7 | 1300 | 5000 |   50 |       0.45 |1585575071603 |     234 |   243.0 | 3,85 | mscpa4.txt |2,0e+02 |
| 7 | 1400 | 5000 |   50 |       0.45 |1585575071603 |     234 |   243.0 | 3,85 | mscpa4.txt |2,1e+02 |
| 7 | 1500 | 5000 |   55 |       0.45 |1585575071603 |     234 |   243.0 | 3,85 | mscpa4.txt |2,3e+02 |
| 7 | 1600 | 5000 |   55 |       0.45 |1585575071603 |     234 |   243.0 | 3,85 | mscpa4.txt |2,5e+02 |
| 7 | 1700 | 5000 |   55 |       0.45 |1585575071603 |     234 |   243.0 | 3,85 | mscpa4.txt |2,7e+02 |
| 7 | 1800 | 5000 |   55 |       0.45 |1585575071603 |     234 |   243.0 | 3,85 | mscpa4.txt |2,9e+02 |
| 7 | 1900 | 5000 |   60 |       0.45 |1585575071603 |     234 |   243.0 | 3,85 | mscpa4.txt |3,1e+02 |
| 7 | 2000 | 5000 |   60 |       0.45 |1585575071603 |     234 |   243.0 | 3,85 | mscpa4.txt |3,3e+02 |
| 7 | 2100 | 5000 |   60 |       0.45 |1585575071603 |     234 |   243.0 | 3,85 | mscpa4.txt |3,5e+02 |
| 7 | 2200 | 5000 |   60 |       0.45 |1585575071603 |     234 |   243.0 | 3,85 | mscpa4.txt |3,7e+02 |
| 7 | 2300 | 5000 |   65 |       0.45 |1585575071603 |     234 |   243.0 | 3,85 | mscpa4.txt |3,9e+02 |
| 7 | 2400 | 5000 |   65 |       0.45 |1585575071603 |     234 |   243.0 | 3,85 | mscpa4.txt |4,1e+02 |
| 7 | 2500 | 5000 |   65 |       0.45 |1585575071603 |     234 |   241.0 | 2,99 | mscpa4.txt |4,4e+02 |
| 7 | 2600 | 5000 |   65 |       0.45 |1585575071603 |     234 |   241.0 | 2,99 | mscpa4.txt |4,6e+02 |
| 7 | 2700 | 5000 |   70 |       0.45 |1585575071603 |     234 |   241.0 | 2,99 | mscpa4.txt |4,8e+02 |
| 7 | 2800 | 5000 |   70 |       0.45 |1585575071603 |     234 |   241.0 | 2,99 | mscpa4.txt |5,1e+02 |
| 7 | 2900 | 5000 |   70 |       0.45 |1585575071603 |     234 |   241.0 | 2,99 | mscpa4.txt |5,3e+02 |
| 7 | 3000 | 5000 |   70 |       0.45 |1585575071603 |     234 |   241.0 | 2,99 | mscpa4.txt |5,6e+02 |
| 7 | 3100 | 5000 |   75 |       0.45 |1585575071603 |     234 |   240.0 | 2,56 | mscpa4.txt |5,9e+02 |
| 7 | 3200 | 5000 |   75 |       0.45 |1585575071603 |     234 |   240.0 | 2,56 | mscpa4.txt |6,1e+02 |
| 7 | 3300 | 5000 |   75 |       0.45 |1585575071603 |     234 |   240.0 | 2,56 | mscpa4.txt |6,4e+02 |
| 7 | 3400 | 5000 |   75 |       0.45 |1585575071603 |     234 |   240.0 | 2,56 | mscpa4.txt |6,7e+02 |
| 7 | 3500 | 5000 |   80 |       0.45 |1585575071603 |     234 |   240.0 | 2,56 | mscpa4.txt |6,9e+02 |
| 7 | 3600 | 5000 |   80 |       0.45 |1585575071603 |     234 |   240.0 | 2,56 | mscpa4.txt |7,2e+02 |
| 7 | 3700 | 5000 |   80 |       0.45 |1585575071603 |     234 |   240.0 | 2,56 | mscpa4.txt |7,5e+02 |
| 7 | 3800 | 5000 |   80 |     0.2625 |1585575071603 |     234 |   240.0 | 2,56 | mscpa4.txt |7,7e+02 |
| 7 | 3900 | 5000 |   85 |       0.45 |1585575071603 |     234 |   240.0 | 2,56 | mscpa4.txt |8,0e+02 |
| 7 | 4000 | 5000 |   85 |       0.45 |1585575071603 |     234 |   240.0 | 2,56 | mscpa4.txt |8,3e+02 |
| 7 | 4100 | 5000 |   85 |       0.45 |1585575071603 |     234 |   240.0 | 2,56 | mscpa4.txt |8,6e+02 |
| 7 | 4200 | 5000 |   85 |       0.45 |1585575071603 |     234 |   240.0 | 2,56 | mscpa4.txt |8,9e+02 |
| 7 | 4300 | 5000 |   90 |       0.45 |1585575071603 |     234 |   240.0 | 2,56 | mscpa4.txt |9,2e+02 |
| 7 | 4400 | 5000 |   90 |       0.45 |1585575071603 |     234 |   240.0 | 2,56 | mscpa4.txt |9,5e+02 |
| 7 | 4500 | 5000 |   90 |       0.45 |1585575071603 |     234 |   240.0 | 2,56 | mscpa4.txt |9,8e+02 |
| 7 | 4600 | 5000 |   90 |       0.45 |1585575071603 |     234 |   240.0 | 2,56 | mscpa4.txt |1,0e+03 |
| 7 | 4700 | 5000 |   95 |       0.45 |1585575071603 |     234 |   240.0 | 2,56 | mscpa4.txt |1,0e+03 |
| 7 | 4800 | 5000 |   95 |       0.45 |1585575071603 |     234 |   240.0 | 2,56 | mscpa4.txt |1,1e+03 |
| 7 | 4900 | 5000 |   95 |       0.45 |1585575071603 |     234 |   240.0 | 2,56 | mscpa4.txt |1,1e+03 |
| 7 | 5000 | 5000 |   95 |       0.45 |1585575071603 |     234 |   240.0 | 2,56 | mscpa4.txt |1,1e+03 |
| 7 |  300 | 5000 |  100 |       0.45 |1585575071603 |     234 |   240.0 | 2,56 | mscpa4.txt |1,1e+03 |
| 8 |    1 | 5000 |   35 |       0.25 |1585576213469 |     234 |   363.0 |55,13 | mscpa4.txt | 0,18 |
| 8 |  100 | 5000 |   35 |       0.45 |1585576213469 |     234 |   310.0 |32,48 | mscpa4.txt |   12 |
| 8 |  200 | 5000 |   35 |        0.4 |1585576213469 |     234 |   308.0 |31,62 | mscpa4.txt |   25 |
| 8 |  300 | 5000 |   35 |       0.45 |1585576213469 |     234 |   295.0 |26,07 | mscpa4.txt |   37 |
| 8 |  400 | 5000 |   35 | 0.37142858 |1585576213469 |     234 |   293.0 |25,21 | mscpa4.txt |   49 |
| 8 |  500 | 5000 |   40 |      0.375 |1585576213469 |     234 |   246.0 | 5,13 | mscpa4.txt |   64 |
| 8 |  600 | 5000 |   40 |        0.3 |1585576213469 |     234 |   243.0 | 3,85 | mscpa4.txt |   79 |
| 8 |  700 | 5000 |   40 |      0.325 |1585576213469 |     234 |   243.0 | 3,85 | mscpa4.txt |   95 |
| 8 |  800 | 5000 |   40 |      0.325 |1585576213469 |     234 |   243.0 | 3,85 | mscpa4.txt |1,1e+02 |
| 8 |  900 | 5000 |   45 | 0.35555556 |1585576213469 |     234 |   243.0 | 3,85 | mscpa4.txt |1,3e+02 |
| 8 | 1000 | 5000 |   45 |       0.45 |1585576213469 |     234 |   243.0 | 3,85 | mscpa4.txt |1,4e+02 |
| 8 | 1100 | 5000 |   45 |       0.45 |1585576213469 |     234 |   243.0 | 3,85 | mscpa4.txt |1,6e+02 |
| 8 | 1200 | 5000 |   45 |       0.45 |1585576213469 |     234 |   243.0 | 3,85 | mscpa4.txt |1,7e+02 |
| 8 | 1300 | 5000 |   50 |       0.45 |1585576213469 |     234 |   243.0 | 3,85 | mscpa4.txt |1,9e+02 |
| 8 | 1400 | 5000 |   50 |       0.45 |1585576213469 |     234 |   243.0 | 3,85 | mscpa4.txt |2,0e+02 |
| 8 | 1500 | 5000 |   50 |       0.45 |1585576213469 |     234 |   243.0 | 3,85 | mscpa4.txt |2,2e+02 |
| 8 | 1600 | 5000 |   50 |       0.45 |1585576213469 |     234 |   243.0 | 3,85 | mscpa4.txt |2,4e+02 |
| 8 | 1700 | 5000 |   55 |       0.45 |1585576213469 |     234 |   243.0 | 3,85 | mscpa4.txt |2,5e+02 |
| 8 | 1800 | 5000 |   55 |       0.45 |1585576213469 |     234 |   243.0 | 3,85 | mscpa4.txt |2,7e+02 |
| 8 | 1900 | 5000 |   55 |       0.45 |1585576213469 |     234 |   243.0 | 3,85 | mscpa4.txt |2,8e+02 |
| 8 | 2000 | 5000 |   55 |       0.45 |1585576213469 |     234 |   243.0 | 3,85 | mscpa4.txt |3,0e+02 |
| 8 | 2100 | 5000 |   60 |       0.45 |1585576213469 |     234 |   243.0 | 3,85 | mscpa4.txt |3,1e+02 |
| 8 | 2200 | 5000 |   60 |       0.45 |1585576213469 |     234 |   243.0 | 3,85 | mscpa4.txt |3,3e+02 |
| 8 | 2300 | 5000 |   60 |       0.45 |1585576213469 |     234 |   243.0 | 3,85 | mscpa4.txt |3,5e+02 |
| 8 | 2400 | 5000 |   60 |       0.45 |1585576213469 |     234 |   243.0 | 3,85 | mscpa4.txt |3,6e+02 |
| 8 | 2500 | 5000 |   65 |       0.45 |1585576213469 |     234 |   243.0 | 3,85 | mscpa4.txt |3,8e+02 |
| 8 | 2600 | 5000 |   65 |       0.45 |1585576213469 |     234 |   243.0 | 3,85 | mscpa4.txt |4,0e+02 |
| 8 | 2700 | 5000 |   65 |       0.45 |1585576213469 |     234 |   243.0 | 3,85 | mscpa4.txt |4,1e+02 |
| 8 | 2800 | 5000 |   65 |       0.45 |1585576213469 |     234 |   243.0 | 3,85 | mscpa4.txt |4,3e+02 |
| 8 | 2900 | 5000 |   70 |       0.45 |1585576213469 |     234 |   243.0 | 3,85 | mscpa4.txt |4,5e+02 |
| 8 | 3000 | 5000 |   70 |       0.45 |1585576213469 |     234 |   243.0 | 3,85 | mscpa4.txt |4,7e+02 |
| 8 | 3100 | 5000 |   70 |       0.45 |1585576213469 |     234 |   243.0 | 3,85 | mscpa4.txt |4,9e+02 |
| 8 | 3200 | 5000 |   70 |       0.45 |1585576213469 |     234 |   243.0 | 3,85 | mscpa4.txt |5,0e+02 |
| 8 | 3300 | 5000 |   75 |       0.45 |1585576213469 |     234 |   243.0 | 3,85 | mscpa4.txt |5,3e+02 |
| 8 | 3400 | 5000 |   75 |       0.45 |1585576213469 |     234 |   243.0 | 3,85 | mscpa4.txt |5,5e+02 |
| 8 | 3500 | 5000 |   75 |       0.45 |1585576213469 |     234 |   243.0 | 3,85 | mscpa4.txt |5,7e+02 |
| 8 | 3600 | 5000 |   75 |       0.45 |1585576213469 |     234 |   243.0 | 3,85 | mscpa4.txt |5,9e+02 |
| 8 | 3700 | 5000 |   80 |       0.45 |1585576213469 |     234 |   243.0 | 3,85 | mscpa4.txt |6,1e+02 |
| 8 | 3800 | 5000 |   80 |       0.45 |1585576213469 |     234 |   243.0 | 3,85 | mscpa4.txt |6,3e+02 |
| 8 | 3900 | 5000 |   80 |       0.45 |1585576213469 |     234 |   243.0 | 3,85 | mscpa4.txt |6,5e+02 |
| 8 | 4000 | 5000 |   80 |       0.45 |1585576213469 |     234 |   243.0 | 3,85 | mscpa4.txt |6,7e+02 |
| 8 | 4100 | 5000 |   85 |       0.45 |1585576213469 |     234 |   243.0 | 3,85 | mscpa4.txt |7,0e+02 |
| 8 | 4200 | 5000 |   85 |       0.45 |1585576213469 |     234 |   243.0 | 3,85 | mscpa4.txt |7,2e+02 |
| 8 | 4300 | 5000 |   85 |       0.45 |1585576213469 |     234 |   243.0 | 3,85 | mscpa4.txt |7,4e+02 |
| 8 | 4400 | 5000 |   85 |       0.45 |1585576213469 |     234 |   243.0 | 3,85 | mscpa4.txt |7,6e+02 |
| 8 | 4500 | 5000 |   90 |       0.45 |1585576213469 |     234 |   243.0 | 3,85 | mscpa4.txt |7,9e+02 |
| 8 | 4600 | 5000 |   90 |       0.45 |1585576213469 |     234 |   243.0 | 3,85 | mscpa4.txt |8,1e+02 |
| 8 | 4700 | 5000 |   90 |       0.45 |1585576213469 |     234 |   243.0 | 3,85 | mscpa4.txt |8,4e+02 |
| 8 | 4800 | 5000 |   90 |       0.45 |1585576213469 |     234 |   243.0 | 3,85 | mscpa4.txt |8,6e+02 |
| 8 | 4900 | 5000 |   95 |       0.45 |1585576213469 |     234 |   243.0 | 3,85 | mscpa4.txt |8,9e+02 |
| 8 | 5000 | 5000 |   95 |       0.45 |1585576213469 |     234 |   243.0 | 3,85 | mscpa4.txt |9,3e+02 |
| 8 |  300 | 5000 |   95 |       0.45 |1585576213469 |     234 |   243.0 | 3,85 | mscpa4.txt |9,3e+02 |
| 9 |    1 | 5000 |   35 |       0.25 |1585577138796 |     234 |   365.0 |55,98 | mscpa4.txt | 0,17 |
| 9 |  100 | 5000 |   35 |       0.45 |1585577138796 |     234 |   293.0 |25,21 | mscpa4.txt |   12 |
| 9 |  200 | 5000 |   35 | 0.31428573 |1585577138796 |     234 |   282.0 |20,51 | mscpa4.txt |   24 |
| 9 |  300 | 5000 |   40 |       0.45 |1585577138796 |     234 |   244.0 | 4,27 | mscpa4.txt |   38 |
| 9 |  400 | 5000 |   40 |        0.4 |1585577138796 |     234 |   244.0 | 4,27 | mscpa4.txt |   53 |
| 9 |  500 | 5000 |   40 |        0.3 |1585577138796 |     234 |   243.0 | 3,85 | mscpa4.txt |   67 |
| 9 |  600 | 5000 |   40 |        0.3 |1585577138796 |     234 |   243.0 | 3,85 | mscpa4.txt |   82 |
| 9 |  700 | 5000 |   45 | 0.37777779 |1585577138796 |     234 |   243.0 | 3,85 | mscpa4.txt |   98 |
| 9 |  800 | 5000 |   45 | 0.35555556 |1585577138796 |     234 |   242.0 | 3,42 | mscpa4.txt |1,2e+02 |
| 9 |  900 | 5000 |   45 | 0.35555556 |1585577138796 |     234 |   242.0 | 3,42 | mscpa4.txt |1,4e+02 |
| 9 | 1000 | 5000 |   45 | 0.35555556 |1585577138796 |     234 |   241.0 | 2,99 | mscpa4.txt |1,6e+02 |
| 9 | 1100 | 5000 |   50 |       0.32 |1585577138796 |     234 |   241.0 | 2,99 | mscpa4.txt |1,9e+02 |
| 9 | 1200 | 5000 |   50 |       0.32 |1585577138796 |     234 |   241.0 | 2,99 | mscpa4.txt |2,1e+02 |
| 9 | 1300 | 5000 |   50 |       0.45 |1585577138796 |     234 |   241.0 | 2,99 | mscpa4.txt |2,4e+02 |
| 9 | 1400 | 5000 |   50 |       0.45 |1585577138796 |     234 |   241.0 | 2,99 | mscpa4.txt |2,6e+02 |
| 9 | 1500 | 5000 |   55 |       0.45 |1585577138796 |     234 |   241.0 | 2,99 | mscpa4.txt |2,9e+02 |
| 9 | 1600 | 5000 |   55 |       0.45 |1585577138796 |     234 |   241.0 | 2,99 | mscpa4.txt |3,1e+02 |
| 9 | 1700 | 5000 |   55 |       0.45 |1585577138796 |     234 |   241.0 | 2,99 | mscpa4.txt |3,4e+02 |
| 9 | 1800 | 5000 |   55 |       0.45 |1585577138796 |     234 |   241.0 | 2,99 | mscpa4.txt |3,6e+02 |
| 9 | 1900 | 5000 |   60 |       0.45 |1585577138796 |     234 |   241.0 | 2,99 | mscpa4.txt |3,9e+02 |
| 9 | 2000 | 5000 |   60 |       0.45 |1585577138796 |     234 |   241.0 | 2,99 | mscpa4.txt |4,2e+02 |
| 9 | 2100 | 5000 |   60 |       0.45 |1585577138796 |     234 |   241.0 | 2,99 | mscpa4.txt |4,5e+02 |
| 9 | 2200 | 5000 |   60 |       0.45 |1585577138796 |     234 |   241.0 | 2,99 | mscpa4.txt |4,8e+02 |
| 9 | 2300 | 5000 |   65 |       0.45 |1585577138796 |     234 |   241.0 | 2,99 | mscpa4.txt |5,0e+02 |
| 9 | 2400 | 5000 |   65 |       0.45 |1585577138796 |     234 |   241.0 | 2,99 | mscpa4.txt |5,3e+02 |
| 9 | 2500 | 5000 |   65 |       0.45 |1585577138796 |     234 |   241.0 | 2,99 | mscpa4.txt |5,5e+02 |
| 9 | 2600 | 5000 |   65 |       0.45 |1585577138796 |     234 |   241.0 | 2,99 | mscpa4.txt |5,8e+02 |
| 9 | 2700 | 5000 |   70 |       0.45 |1585577138796 |     234 |   241.0 | 2,99 | mscpa4.txt |6,1e+02 |
| 9 | 2800 | 5000 |   70 |       0.45 |1585577138796 |     234 |   241.0 | 2,99 | mscpa4.txt |6,3e+02 |
| 9 | 2900 | 5000 |   70 |       0.45 |1585577138796 |     234 |   241.0 | 2,99 | mscpa4.txt |6,6e+02 |
| 9 | 3000 | 5000 |   70 |       0.45 |1585577138796 |     234 |   241.0 | 2,99 | mscpa4.txt |6,9e+02 |
| 9 | 3100 | 5000 |   75 |       0.45 |1585577138796 |     234 |   241.0 | 2,99 | mscpa4.txt |7,1e+02 |
| 9 | 3200 | 5000 |   75 |       0.45 |1585577138796 |     234 |   241.0 | 2,99 | mscpa4.txt |7,4e+02 |
| 9 | 3300 | 5000 |   75 |       0.45 |1585577138796 |     234 |   241.0 | 2,99 | mscpa4.txt |7,7e+02 |
| 9 | 3400 | 5000 |   75 |       0.45 |1585577138796 |     234 |   241.0 | 2,99 | mscpa4.txt |8,0e+02 |
| 9 | 3500 | 5000 |   80 |       0.45 |1585577138796 |     234 |   241.0 | 2,99 | mscpa4.txt |8,2e+02 |
| 9 | 3600 | 5000 |   80 |       0.45 |1585577138796 |     234 |   241.0 | 2,99 | mscpa4.txt |8,5e+02 |
| 9 | 3700 | 5000 |   80 |       0.45 |1585577138796 |     234 |   241.0 | 2,99 | mscpa4.txt |8,7e+02 |
| 9 | 3800 | 5000 |   80 |       0.45 |1585577138796 |     234 |   241.0 | 2,99 | mscpa4.txt |9,0e+02 |
| 9 | 3900 | 5000 |   85 |       0.45 |1585577138796 |     234 |   241.0 | 2,99 | mscpa4.txt |9,3e+02 |
| 9 | 4000 | 5000 |   85 |       0.45 |1585577138796 |     234 |   241.0 | 2,99 | mscpa4.txt |9,5e+02 |
| 9 | 4100 | 5000 |   85 |       0.45 |1585577138796 |     234 |   241.0 | 2,99 | mscpa4.txt |9,8e+02 |
| 9 | 4200 | 5000 |   85 |       0.45 |1585577138796 |     234 |   241.0 | 2,99 | mscpa4.txt |1,0e+03 |
| 9 | 4300 | 5000 |   90 |       0.45 |1585577138796 |     234 |   241.0 | 2,99 | mscpa4.txt |1,0e+03 |
| 9 | 4400 | 5000 |   90 |       0.45 |1585577138796 |     234 |   241.0 | 2,99 | mscpa4.txt |1,1e+03 |
| 9 | 4500 | 5000 |   90 |       0.45 |1585577138796 |     234 |   241.0 | 2,99 | mscpa4.txt |1,1e+03 |
| 9 | 4600 | 5000 |   90 |       0.45 |1585577138796 |     234 |   241.0 | 2,99 | mscpa4.txt |1,1e+03 |
| 9 | 4700 | 5000 |   95 |       0.45 |1585577138796 |     234 |   241.0 | 2,99 | mscpa4.txt |1,2e+03 |
| 9 | 4800 | 5000 |   95 |       0.45 |1585577138796 |     234 |   241.0 | 2,99 | mscpa4.txt |1,2e+03 |
| 9 | 4900 | 5000 |   95 |       0.45 |1585577138796 |     234 |   241.0 | 2,99 | mscpa4.txt |1,2e+03 |
| 9 | 5000 | 5000 |   95 |       0.45 |1585577138796 |     234 |   241.0 | 2,99 | mscpa4.txt |1,2e+03 |
| 9 |  300 | 5000 |  100 |       0.45 |1585577138796 |     234 |   241.0 | 2,99 | mscpa4.txt |1,2e+03 |
|10 |    1 | 5000 |   35 |       0.25 |1585578386453 |     234 |   370.0 |58,12 | mscpa4.txt | 0,18 |
|10 |  100 | 5000 |   35 | 0.37142858 |1585578386453 |     234 |   304.0 |29,91 | mscpa4.txt |   12 |
|10 |  200 | 5000 |   35 | 0.31428573 |1585578386453 |     234 |   304.0 |29,91 | mscpa4.txt |   23 |
|10 |  300 | 5000 |   35 | 0.34285715 |1585578386453 |     234 |   288.0 |23,08 | mscpa4.txt |   35 |
|10 |  400 | 5000 |   35 | 0.37142858 |1585578386453 |     234 |   283.0 |20,94 | mscpa4.txt |   47 |
|10 |  500 | 5000 |   40 |       0.45 |1585578386453 |     234 |   250.0 | 6,84 | mscpa4.txt |   60 |
|10 |  600 | 5000 |   40 |       0.45 |1585578386453 |     234 |   247.0 | 5,56 | mscpa4.txt |   74 |
|10 |  700 | 5000 |   40 |       0.45 |1585578386453 |     234 |   243.0 | 3,85 | mscpa4.txt |   88 |
|10 |  800 | 5000 |   40 |        0.4 |1585578386453 |     234 |   243.0 | 3,85 | mscpa4.txt |1,0e+02 |
|10 |  900 | 5000 |   45 |       0.45 |1585578386453 |     234 |   242.0 | 3,42 | mscpa4.txt |1,2e+02 |
|10 | 1000 | 5000 |   45 |       0.45 |1585578386453 |     234 |   242.0 | 3,42 | mscpa4.txt |1,4e+02 |
|10 | 1100 | 5000 |   45 |       0.45 |1585578386453 |     234 |   242.0 | 3,42 | mscpa4.txt |1,5e+02 |
|10 | 1200 | 5000 |   45 |       0.45 |1585578386453 |     234 |   241.0 | 2,99 | mscpa4.txt |1,7e+02 |
|10 | 1300 | 5000 |   50 |       0.45 |1585578386453 |     234 |   237.0 | 1,28 | mscpa4.txt |1,9e+02 |
|10 | 1400 | 5000 |   50 |       0.45 |1585578386453 |     234 |   237.0 | 1,28 | mscpa4.txt |2,1e+02 |
|10 | 1500 | 5000 |   50 |       0.45 |1585578386453 |     234 |   237.0 | 1,28 | mscpa4.txt |2,3e+02 |
|10 | 1600 | 5000 |   50 |       0.45 |1585578386453 |     234 |   237.0 | 1,28 | mscpa4.txt |2,4e+02 |
|10 | 1700 | 5000 |   55 |       0.45 |1585578386453 |     234 |   237.0 | 1,28 | mscpa4.txt |2,7e+02 |
|10 | 1800 | 5000 |   55 |       0.45 |1585578386453 |     234 |   237.0 | 1,28 | mscpa4.txt |2,9e+02 |
|10 | 1900 | 5000 |   55 |       0.45 |1585578386453 |     234 |   237.0 | 1,28 | mscpa4.txt |3,1e+02 |
|10 | 2000 | 5000 |   55 |       0.45 |1585578386453 |     234 |   237.0 | 1,28 | mscpa4.txt |3,3e+02 |
|10 | 2100 | 5000 |   60 |       0.45 |1585578386453 |     234 |   237.0 | 1,28 | mscpa4.txt |3,5e+02 |
|10 | 2200 | 5000 |   60 |       0.45 |1585578386453 |     234 |   237.0 | 1,28 | mscpa4.txt |3,8e+02 |
|10 | 2300 | 5000 |   60 |       0.45 |1585578386453 |     234 |   237.0 | 1,28 | mscpa4.txt |4,0e+02 |
|10 | 2400 | 5000 |   60 |       0.45 |1585578386453 |     234 |   237.0 | 1,28 | mscpa4.txt |4,2e+02 |
|10 | 2500 | 5000 |   65 |       0.45 |1585578386453 |     234 |   237.0 | 1,28 | mscpa4.txt |4,5e+02 |
|10 | 2600 | 5000 |   65 |       0.45 |1585578386453 |     234 |   237.0 | 1,28 | mscpa4.txt |4,8e+02 |
|10 | 2700 | 5000 |   65 | 0.44615385 |1585578386453 |     234 |   237.0 | 1,28 | mscpa4.txt |5,0e+02 |
|10 | 2800 | 5000 |   65 |       0.45 |1585578386453 |     234 |   237.0 | 1,28 | mscpa4.txt |5,3e+02 |
|10 | 2900 | 5000 |   70 |       0.45 |1585578386453 |     234 |   237.0 | 1,28 | mscpa4.txt |5,6e+02 |
|10 | 3000 | 5000 |   70 |       0.45 |1585578386453 |     234 |   237.0 | 1,28 | mscpa4.txt |5,8e+02 |
|10 | 3100 | 5000 |   70 |       0.45 |1585578386453 |     234 |   237.0 | 1,28 | mscpa4.txt |6,1e+02 |
|10 | 3200 | 5000 |   70 |       0.45 |1585578386453 |     234 |   237.0 | 1,28 | mscpa4.txt |6,4e+02 |
|10 | 3300 | 5000 |   75 |       0.45 |1585578386453 |     234 |   237.0 | 1,28 | mscpa4.txt |6,7e+02 |
|10 | 3400 | 5000 |   75 |       0.45 |1585578386453 |     234 |   237.0 | 1,28 | mscpa4.txt |7,0e+02 |
|10 | 3500 | 5000 |   75 |       0.45 |1585578386453 |     234 |   237.0 | 1,28 | mscpa4.txt |7,3e+02 |
|10 | 3600 | 5000 |   75 |       0.45 |1585578386453 |     234 |   237.0 | 1,28 | mscpa4.txt |7,7e+02 |
|10 | 3700 | 5000 |   80 |     0.4375 |1585578386453 |     234 |   237.0 | 1,28 | mscpa4.txt |8,0e+02 |
|10 | 3800 | 5000 |   80 |     0.4375 |1585578386453 |     234 |   237.0 | 1,28 | mscpa4.txt |8,3e+02 |
|10 | 3900 | 5000 |   80 |     0.4375 |1585578386453 |     234 |   237.0 | 1,28 | mscpa4.txt |8,6e+02 |
|10 | 4000 | 5000 |   80 |     0.4375 |1585578386453 |     234 |   237.0 | 1,28 | mscpa4.txt |9,0e+02 |
|10 | 4100 | 5000 |   85 |  0.4117647 |1585578386453 |     234 |   237.0 | 1,28 | mscpa4.txt |9,3e+02 |
|10 | 4200 | 5000 |   85 |  0.4117647 |1585578386453 |     234 |   237.0 | 1,28 | mscpa4.txt |9,7e+02 |
|10 | 4300 | 5000 |   85 |  0.4117647 |1585578386453 |     234 |   237.0 | 1,28 | mscpa4.txt |1,0e+03 |
|10 | 4400 | 5000 |   85 | 0.42352942 |1585578386453 |     234 |   237.0 | 1,28 | mscpa4.txt |1,0e+03 |
|10 | 4500 | 5000 |   90 |        0.4 |1585578386453 |     234 |   237.0 | 1,28 | mscpa4.txt |1,1e+03 |
|10 | 4600 | 5000 |   90 |        0.4 |1585578386453 |     234 |   237.0 | 1,28 | mscpa4.txt |1,1e+03 |
|10 | 4700 | 5000 |   90 |        0.4 |1585578386453 |     234 |   236.0 | 0,85 | mscpa4.txt |1,2e+03 |
|10 | 4800 | 5000 |   90 |        0.4 |1585578386453 |     234 |   236.0 | 0,85 | mscpa4.txt |1,2e+03 |
|10 | 4900 | 5000 |   95 | 0.37894738 |1585578386453 |     234 |   236.0 | 0,85 | mscpa4.txt |1,3e+03 |
|10 | 5000 | 5000 |   95 | 0.37894738 |1585578386453 |     234 |   236.0 | 0,85 | mscpa4.txt |1,4e+03 |
|10 |  300 | 5000 |   95 | 0.37894738 |1585578386453 |     234 |   236.0 | 0,85 | mscpa4.txt |1,4e+03 |
|11 |    1 | 5000 |   35 |       0.25 |1585579748018 |     234 |   357.0 |52,56 | mscpa4.txt | 0,41 |
|11 |  100 | 5000 |   35 | 0.37142858 |1585579748018 |     234 |   306.0 |30,77 | mscpa4.txt |   14 |
|11 |  200 | 5000 |   35 |       0.45 |1585579748018 |     234 |   289.0 |23,50 | mscpa4.txt |   28 |
|11 |  300 | 5000 |   40 |       0.45 |1585579748018 |     234 |   249.0 | 6,41 | mscpa4.txt |   44 |
|11 |  400 | 5000 |   40 |       0.45 |1585579748018 |     234 |   245.0 | 4,70 | mscpa4.txt |   60 |
|11 |  500 | 5000 |   40 |        0.4 |1585579748018 |     234 |   243.0 | 3,85 | mscpa4.txt |   76 |
|11 |  600 | 5000 |   40 |      0.325 |1585579748018 |     234 |   242.0 | 3,42 | mscpa4.txt |   92 |
|11 |  700 | 5000 |   45 | 0.44444445 |1585579748018 |     234 |   242.0 | 3,42 | mscpa4.txt |1,1e+02 |
|11 |  800 | 5000 |   45 |        0.4 |1585579748018 |     234 |   242.0 | 3,42 | mscpa4.txt |1,3e+02 |
|11 |  900 | 5000 |   45 |        0.4 |1585579748018 |     234 |   242.0 | 3,42 | mscpa4.txt |1,5e+02 |
|11 | 1000 | 5000 |   45 | 0.37777779 |1585579748018 |     234 |   241.0 | 2,99 | mscpa4.txt |1,7e+02 |
|11 | 1100 | 5000 |   50 |       0.42 |1585579748018 |     234 |   241.0 | 2,99 | mscpa4.txt |1,9e+02 |
|11 | 1200 | 5000 |   50 |       0.38 |1585579748018 |     234 |   240.0 | 2,56 | mscpa4.txt |2,1e+02 |
|11 | 1300 | 5000 |   50 |       0.38 |1585579748018 |     234 |   240.0 | 2,56 | mscpa4.txt |2,4e+02 |
|11 | 1400 | 5000 |   50 |       0.42 |1585579748018 |     234 |   240.0 | 2,56 | mscpa4.txt |2,6e+02 |
|11 | 1500 | 5000 |   55 |  0.4181818 |1585579748018 |     234 |   240.0 | 2,56 | mscpa4.txt |2,8e+02 |
|11 | 1600 | 5000 |   55 |  0.4181818 |1585579748018 |     234 |   240.0 | 2,56 | mscpa4.txt |3,1e+02 |
|11 | 1700 | 5000 |   55 | 0.38181818 |1585579748018 |     234 |   237.0 | 1,28 | mscpa4.txt |3,3e+02 |
|11 | 1800 | 5000 |   55 | 0.38181818 |1585579748018 |     234 |   237.0 | 1,28 | mscpa4.txt |3,5e+02 |
|11 | 1900 | 5000 |   60 | 0.36666667 |1585579748018 |     234 |   237.0 | 1,28 | mscpa4.txt |3,8e+02 |
|11 | 2000 | 5000 |   60 | 0.36666667 |1585579748018 |     234 |   237.0 | 1,28 | mscpa4.txt |4,0e+02 |
|11 | 2100 | 5000 |   60 |       0.35 |1585579748018 |     234 |   237.0 | 1,28 | mscpa4.txt |4,2e+02 |
|11 | 2200 | 5000 |   60 |       0.35 |1585579748018 |     234 |   237.0 | 1,28 | mscpa4.txt |4,5e+02 |
|11 | 2300 | 5000 |   65 | 0.35384616 |1585579748018 |     234 |   237.0 | 1,28 | mscpa4.txt |4,7e+02 |
|11 | 2400 | 5000 |   65 | 0.33846155 |1585579748018 |     234 |   237.0 | 1,28 | mscpa4.txt |5,0e+02 |
|11 | 2500 | 5000 |   65 | 0.35384616 |1585579748018 |     234 |   237.0 | 1,28 | mscpa4.txt |5,2e+02 |
|11 | 2600 | 5000 |   65 | 0.36923078 |1585579748018 |     234 |   237.0 | 1,28 | mscpa4.txt |5,5e+02 |
|11 | 2700 | 5000 |   70 |        0.4 |1585579748018 |     234 |   237.0 | 1,28 | mscpa4.txt |5,8e+02 |
|11 | 2800 | 5000 |   70 |        0.4 |1585579748018 |     234 |   237.0 | 1,28 | mscpa4.txt |6,1e+02 |
|11 | 2900 | 5000 |   70 | 0.44285715 |1585579748018 |     234 |   237.0 | 1,28 | mscpa4.txt |6,4e+02 |
|11 | 3000 | 5000 |   70 |       0.45 |1585579748018 |     234 |   237.0 | 1,28 | mscpa4.txt |6,6e+02 |
|11 | 3100 | 5000 |   75 | 0.42666668 |1585579748018 |     234 |   237.0 | 1,28 | mscpa4.txt |6,9e+02 |
|11 | 3200 | 5000 |   75 | 0.42666668 |1585579748018 |     234 |   237.0 | 1,28 | mscpa4.txt |7,3e+02 |
|11 | 3300 | 5000 |   75 |       0.32 |1585579748018 |     234 |   237.0 | 1,28 | mscpa4.txt |7,5e+02 |
|11 | 3400 | 5000 |   75 |       0.45 |1585579748018 |     234 |   237.0 | 1,28 | mscpa4.txt |7,8e+02 |
|11 | 3500 | 5000 |   80 |       0.45 |1585579748018 |     234 |   237.0 | 1,28 | mscpa4.txt |8,0e+02 |
|11 | 3600 | 5000 |   80 |       0.45 |1585579748018 |     234 |   237.0 | 1,28 | mscpa4.txt |8,3e+02 |
|11 | 3700 | 5000 |   80 |       0.45 |1585579748018 |     234 |   237.0 | 1,28 | mscpa4.txt |8,6e+02 |
|11 | 3800 | 5000 |   80 |       0.45 |1585579748018 |     234 |   237.0 | 1,28 | mscpa4.txt |8,8e+02 |
|11 | 3900 | 5000 |   85 |       0.45 |1585579748018 |     234 |   237.0 | 1,28 | mscpa4.txt |9,1e+02 |
|11 | 4000 | 5000 |   85 |       0.45 |1585579748018 |     234 |   237.0 | 1,28 | mscpa4.txt |9,4e+02 |
|11 | 4100 | 5000 |   85 |       0.45 |1585579748018 |     234 |   237.0 | 1,28 | mscpa4.txt |9,7e+02 |
|11 | 4200 | 5000 |   85 |       0.45 |1585579748018 |     234 |   237.0 | 1,28 | mscpa4.txt |1,0e+03 |
|11 | 4300 | 5000 |   90 |       0.45 |1585579748018 |     234 |   237.0 | 1,28 | mscpa4.txt |1,0e+03 |
|11 | 4400 | 5000 |   90 |       0.45 |1585579748018 |     234 |   237.0 | 1,28 | mscpa4.txt |1,1e+03 |
|11 | 4500 | 5000 |   90 |       0.45 |1585579748018 |     234 |   237.0 | 1,28 | mscpa4.txt |1,1e+03 |
|11 | 4600 | 5000 |   90 |       0.45 |1585579748018 |     234 |   237.0 | 1,28 | mscpa4.txt |1,1e+03 |
|11 | 4700 | 5000 |   95 |       0.45 |1585579748018 |     234 |   237.0 | 1,28 | mscpa4.txt |1,1e+03 |
|11 | 4800 | 5000 |   95 |       0.45 |1585579748018 |     234 |   237.0 | 1,28 | mscpa4.txt |1,2e+03 |
|11 | 4900 | 5000 |   95 |       0.45 |1585579748018 |     234 |   237.0 | 1,28 | mscpa4.txt |1,2e+03 |
|11 | 5000 | 5000 |   95 |       0.45 |1585579748018 |     234 |   237.0 | 1,28 | mscpa4.txt |1,2e+03 |
|11 |  300 | 5000 |  100 |       0.45 |1585579748018 |     234 |   237.0 | 1,28 | mscpa4.txt |1,2e+03 |
|12 |    1 | 5000 |   35 |       0.25 |1585580990479 |     234 |   371.0 |58,55 | mscpa4.txt | 0,21 |
|12 |  100 | 5000 |   35 |       0.45 |1585580990479 |     234 |   308.0 |31,62 | mscpa4.txt |   12 |
|12 |  200 | 5000 |   35 |        0.4 |1585580990479 |     234 |   302.0 |29,06 | mscpa4.txt |   24 |
|12 |  300 | 5000 |   35 |       0.45 |1585580990479 |     234 |   302.0 |29,06 | mscpa4.txt |   35 |
|12 |  400 | 5000 |   35 |       0.45 |1585580990479 |     234 |   295.0 |26,07 | mscpa4.txt |   47 |
|12 |  500 | 5000 |   40 |       0.45 |1585580990479 |     234 |   248.0 | 5,98 | mscpa4.txt |   61 |
|12 |  600 | 5000 |   40 |      0.375 |1585580990479 |     234 |   244.0 | 4,27 | mscpa4.txt |   75 |
|12 |  700 | 5000 |   40 |        0.4 |1585580990479 |     234 |   244.0 | 4,27 | mscpa4.txt |   90 |
|12 |  800 | 5000 |   40 |        0.4 |1585580990479 |     234 |   242.0 | 3,42 | mscpa4.txt |1,0e+02 |
|12 |  900 | 5000 |   40 |        0.4 |1585580990479 |     234 |   242.0 | 3,42 | mscpa4.txt |1,2e+02 |
|12 | 1000 | 5000 |   45 | 0.31111112 |1585580990479 |     234 |   242.0 | 3,42 | mscpa4.txt |1,3e+02 |
|12 | 1100 | 5000 |   45 | 0.31111112 |1585580990479 |     234 |   242.0 | 3,42 | mscpa4.txt |1,5e+02 |
|12 | 1200 | 5000 |   45 |  0.2888889 |1585580990479 |     234 |   242.0 | 3,42 | mscpa4.txt |1,7e+02 |
|12 | 1300 | 5000 |   45 |  0.2888889 |1585580990479 |     234 |   242.0 | 3,42 | mscpa4.txt |1,8e+02 |
|12 | 1400 | 5000 |   50 |       0.26 |1585580990479 |     234 |   242.0 | 3,42 | mscpa4.txt |2,0e+02 |
|12 | 1500 | 5000 |   50 |       0.26 |1585580990479 |     234 |   242.0 | 3,42 | mscpa4.txt |2,2e+02 |
|12 | 1600 | 5000 |   50 |       0.26 |1585580990479 |     234 |   242.0 | 3,42 | mscpa4.txt |2,4e+02 |
|12 | 1700 | 5000 |   50 |       0.26 |1585580990479 |     234 |   241.0 | 2,99 | mscpa4.txt |2,5e+02 |
|12 | 1800 | 5000 |   55 | 0.23636363 |1585580990479 |     234 |   241.0 | 2,99 | mscpa4.txt |2,7e+02 |
|12 | 1900 | 5000 |   55 | 0.23636363 |1585580990479 |     234 |   241.0 | 2,99 | mscpa4.txt |2,9e+02 |
|12 | 2000 | 5000 |   55 | 0.25454545 |1585580990479 |     234 |   241.0 | 2,99 | mscpa4.txt |3,2e+02 |
|12 | 2100 | 5000 |   55 | 0.25454545 |1585580990479 |     234 |   241.0 | 2,99 | mscpa4.txt |3,5e+02 |
|12 | 2200 | 5000 |   60 |       0.45 |1585580990479 |     234 |   241.0 | 2,99 | mscpa4.txt |3,9e+02 |
|12 | 2300 | 5000 |   60 |       0.45 |1585580990479 |     234 |   241.0 | 2,99 | mscpa4.txt |4,2e+02 |
|12 | 2400 | 5000 |   60 |       0.45 |1585580990479 |     234 |   241.0 | 2,99 | mscpa4.txt |4,6e+02 |
|12 | 2500 | 5000 |   60 |       0.45 |1585580990479 |     234 |   241.0 | 2,99 | mscpa4.txt |4,9e+02 |
|12 | 2600 | 5000 |   65 |       0.45 |1585580990479 |     234 |   241.0 | 2,99 | mscpa4.txt |5,3e+02 |
|12 | 2700 | 5000 |   65 |       0.45 |1585580990479 |     234 |   241.0 | 2,99 | mscpa4.txt |5,6e+02 |
|12 | 2800 | 5000 |   65 |       0.45 |1585580990479 |     234 |   241.0 | 2,99 | mscpa4.txt |5,9e+02 |
|12 | 2900 | 5000 |   65 |       0.45 |1585580990479 |     234 |   241.0 | 2,99 | mscpa4.txt |6,1e+02 |
|12 | 3000 | 5000 |   70 |       0.45 |1585580990479 |     234 |   241.0 | 2,99 | mscpa4.txt |6,4e+02 |
|12 | 3100 | 5000 |   70 |       0.45 |1585580990479 |     234 |   241.0 | 2,99 | mscpa4.txt |6,6e+02 |
|12 | 3200 | 5000 |   70 |       0.45 |1585580990479 |     234 |   241.0 | 2,99 | mscpa4.txt |6,9e+02 |
|12 | 3300 | 5000 |   70 |       0.45 |1585580990479 |     234 |   241.0 | 2,99 | mscpa4.txt |7,1e+02 |
|12 | 3400 | 5000 |   75 |       0.45 |1585580990479 |     234 |   241.0 | 2,99 | mscpa4.txt |7,4e+02 |
|12 | 3500 | 5000 |   75 |       0.45 |1585580990479 |     234 |   241.0 | 2,99 | mscpa4.txt |7,7e+02 |
|12 | 3600 | 5000 |   75 |       0.45 |1585580990479 |     234 |   241.0 | 2,99 | mscpa4.txt |7,9e+02 |
|12 | 3700 | 5000 |   75 |       0.45 |1585580990479 |     234 |   241.0 | 2,99 | mscpa4.txt |8,2e+02 |
|12 | 3800 | 5000 |   80 |       0.45 |1585580990479 |     234 |   241.0 | 2,99 | mscpa4.txt |8,4e+02 |
|12 | 3900 | 5000 |   80 |       0.45 |1585580990479 |     234 |   241.0 | 2,99 | mscpa4.txt |8,7e+02 |
|12 | 4000 | 5000 |   80 |       0.45 |1585580990479 |     234 |   241.0 | 2,99 | mscpa4.txt |8,9e+02 |
|12 | 4100 | 5000 |   80 |       0.45 |1585580990479 |     234 |   241.0 | 2,99 | mscpa4.txt |9,2e+02 |
|12 | 4200 | 5000 |   85 |       0.45 |1585580990479 |     234 |   241.0 | 2,99 | mscpa4.txt |9,4e+02 |
|12 | 4300 | 5000 |   85 |       0.45 |1585580990479 |     234 |   241.0 | 2,99 | mscpa4.txt |9,7e+02 |
|12 | 4400 | 5000 |   85 |       0.45 |1585580990479 |     234 |   241.0 | 2,99 | mscpa4.txt |1,0e+03 |
|12 | 4500 | 5000 |   85 |       0.45 |1585580990479 |     234 |   241.0 | 2,99 | mscpa4.txt |1,0e+03 |
|12 | 4600 | 5000 |   90 |       0.45 |1585580990479 |     234 |   241.0 | 2,99 | mscpa4.txt |1,0e+03 |
|12 | 4700 | 5000 |   90 |       0.45 |1585580990479 |     234 |   241.0 | 2,99 | mscpa4.txt |1,1e+03 |
|12 | 4800 | 5000 |   90 |       0.45 |1585580990479 |     234 |   241.0 | 2,99 | mscpa4.txt |1,1e+03 |
|12 | 4900 | 5000 |   90 |       0.45 |1585580990479 |     234 |   241.0 | 2,99 | mscpa4.txt |1,1e+03 |
|12 | 5000 | 5000 |   95 |       0.45 |1585580990479 |     234 |   241.0 | 2,99 | mscpa4.txt |1,2e+03 |
|12 |  300 | 5000 |   95 |       0.45 |1585580990479 |     234 |   241.0 | 2,99 | mscpa4.txt |1,2e+03 |
|13 |    1 | 5000 |   35 |       0.25 |1585582144821 |     234 |   372.0 |58,97 | mscpa4.txt | 0,13 |
|13 |  100 | 5000 |   35 |       0.45 |1585582144821 |     234 |   306.0 |30,77 | mscpa4.txt |  9,5 |
|13 |  200 | 5000 |   35 | 0.34285715 |1585582144821 |     234 |   300.0 |28,21 | mscpa4.txt |   19 |
|13 |  300 | 5000 |   35 |       0.45 |1585582144821 |     234 |   294.0 |25,64 | mscpa4.txt |   29 |
|13 |  400 | 5000 |   40 |       0.45 |1585582144821 |     234 |   254.0 | 8,55 | mscpa4.txt |   40 |
|13 |  500 | 5000 |   40 |      0.375 |1585582144821 |     234 |   246.0 | 5,13 | mscpa4.txt |   53 |
|13 |  600 | 5000 |   40 |      0.225 |1585582144821 |     234 |   243.0 | 3,85 | mscpa4.txt |   65 |
|13 |  700 | 5000 |   40 |      0.225 |1585582144821 |     234 |   240.0 | 2,56 | mscpa4.txt |   77 |
|13 |  800 | 5000 |   45 | 0.22222222 |1585582144821 |     234 |   239.0 | 2,14 | mscpa4.txt |   92 |
|13 |  900 | 5000 |   45 | 0.24444444 |1585582144821 |     234 |   237.0 | 1,28 | mscpa4.txt |1,1e+02 |
|13 | 1000 | 5000 |   45 | 0.22222222 |1585582144821 |     234 |   237.0 | 1,28 | mscpa4.txt |1,2e+02 |
|13 | 1100 | 5000 |   45 | 0.26666668 |1585582144821 |     234 |   237.0 | 1,28 | mscpa4.txt |1,4e+02 |
|13 | 1200 | 5000 |   50 |       0.32 |1585582144821 |     234 |   237.0 | 1,28 | mscpa4.txt |1,5e+02 |
|13 | 1300 | 5000 |   50 |       0.38 |1585582144821 |     234 |   237.0 | 1,28 | mscpa4.txt |1,7e+02 |
|13 | 1400 | 5000 |   50 |       0.38 |1585582144821 |     234 |   237.0 | 1,28 | mscpa4.txt |1,8e+02 |
|13 | 1500 | 5000 |   50 |        0.4 |1585582144821 |     234 |   237.0 | 1,28 | mscpa4.txt |2,0e+02 |
|13 | 1600 | 5000 |   55 |  0.4181818 |1585582144821 |     234 |   237.0 | 1,28 | mscpa4.txt |2,2e+02 |
|13 | 1700 | 5000 |   55 |  0.4181818 |1585582144821 |     234 |   237.0 | 1,28 | mscpa4.txt |2,5e+02 |
|13 | 1800 | 5000 |   55 |  0.4181818 |1585582144821 |     234 |   237.0 | 1,28 | mscpa4.txt |2,7e+02 |
|13 | 1900 | 5000 |   55 |  0.4181818 |1585582144821 |     234 |   237.0 | 1,28 | mscpa4.txt |3,0e+02 |
|13 | 2000 | 5000 |   60 | 0.41666666 |1585582144821 |     234 |   237.0 | 1,28 | mscpa4.txt |3,4e+02 |
|13 | 2100 | 5000 |   60 | 0.43333334 |1585582144821 |     234 |   237.0 | 1,28 | mscpa4.txt |3,7e+02 |
|13 | 2200 | 5000 |   60 | 0.43333334 |1585582144821 |     234 |   237.0 | 1,28 | mscpa4.txt |4,2e+02 |
|13 | 2300 | 5000 |   60 | 0.43333334 |1585582144821 |     234 |   237.0 | 1,28 | mscpa4.txt |4,7e+02 |
|13 | 2400 | 5000 |   65 | 0.41538462 |1585582144821 |     234 |   237.0 | 1,28 | mscpa4.txt |5,2e+02 |
|13 | 2500 | 5000 |   65 | 0.41538462 |1585582144821 |     234 |   237.0 | 1,28 | mscpa4.txt |5,6e+02 |
|13 | 2600 | 5000 |   65 | 0.41538462 |1585582144821 |     234 |   237.0 | 1,28 | mscpa4.txt |6,1e+02 |
|13 | 2700 | 5000 |   65 | 0.32307693 |1585582144821 |     234 |   237.0 | 1,28 | mscpa4.txt |6,5e+02 |
|13 | 2800 | 5000 |   70 |        0.3 |1585582144821 |     234 |   237.0 | 1,28 | mscpa4.txt |6,9e+02 |
|13 | 2900 | 5000 |   70 |        0.3 |1585582144821 |     234 |   237.0 | 1,28 | mscpa4.txt |7,3e+02 |
|13 | 3000 | 5000 |   70 |        0.3 |1585582144821 |     234 |   237.0 | 1,28 | mscpa4.txt |7,6e+02 |
|13 | 3100 | 5000 |   70 |        0.3 |1585582144821 |     234 |   237.0 | 1,28 | mscpa4.txt |8,0e+02 |
|13 | 3200 | 5000 |   75 |       0.28 |1585582144821 |     234 |   237.0 | 1,28 | mscpa4.txt |8,4e+02 |
|13 | 3300 | 5000 |   75 |       0.28 |1585582144821 |     234 |   237.0 | 1,28 | mscpa4.txt |8,8e+02 |
|13 | 3400 | 5000 |   75 |       0.28 |1585582144821 |     234 |   237.0 | 1,28 | mscpa4.txt |9,3e+02 |
|13 | 3500 | 5000 |   75 |       0.28 |1585582144821 |     234 |   237.0 | 1,28 | mscpa4.txt |9,7e+02 |
|13 | 3600 | 5000 |   80 |     0.2625 |1585582144821 |     234 |   236.0 | 0,85 | mscpa4.txt |1,0e+03 |
|13 | 3700 | 5000 |   80 |     0.2625 |1585582144821 |     234 |   236.0 | 0,85 | mscpa4.txt |1,0e+03 |
|13 | 3800 | 5000 |   80 |     0.2625 |1585582144821 |     234 |   236.0 | 0,85 | mscpa4.txt |1,1e+03 |
|13 | 3900 | 5000 |   80 |     0.2625 |1585582144821 |     234 |   236.0 | 0,85 | mscpa4.txt |1,1e+03 |
|13 | 4000 | 5000 |   85 | 0.25882354 |1585582144821 |     234 |   236.0 | 0,85 | mscpa4.txt |1,2e+03 |
|13 | 4100 | 5000 |   85 | 0.25882354 |1585582144821 |     234 |   236.0 | 0,85 | mscpa4.txt |1,2e+03 |
|13 | 4200 | 5000 |   85 | 0.25882354 |1585582144821 |     234 |   236.0 | 0,85 | mscpa4.txt |1,2e+03 |
|13 | 4300 | 5000 |   85 | 0.25882354 |1585582144821 |     234 |   235.0 | 0,43 | mscpa4.txt |1,3e+03 |
|13 | 4400 | 5000 |   90 | 0.24444444 |1585582144821 |     234 |   235.0 | 0,43 | mscpa4.txt |1,3e+03 |
|13 | 4500 | 5000 |   90 | 0.24444444 |1585582144821 |     234 |   235.0 | 0,43 | mscpa4.txt |1,4e+03 |
|13 | 4600 | 5000 |   90 | 0.24444444 |1585582144821 |     234 |   235.0 | 0,43 | mscpa4.txt |1,4e+03 |
|13 | 4700 | 5000 |   90 | 0.24444444 |1585582144821 |     234 |   235.0 | 0,43 | mscpa4.txt |1,4e+03 |
|13 | 4800 | 5000 |   95 | 0.24210526 |1585582144821 |     234 |   235.0 | 0,43 | mscpa4.txt |1,5e+03 |
|13 | 4900 | 5000 |   95 | 0.24210526 |1585582144821 |     234 |   235.0 | 0,43 | mscpa4.txt |1,5e+03 |
|13 | 5000 | 5000 |   95 | 0.24210526 |1585582144821 |     234 |   235.0 | 0,43 | mscpa4.txt |1,5e+03 |
|13 |  300 | 5000 |   95 | 0.24210526 |1585582144821 |     234 |   235.0 | 0,43 | mscpa4.txt |1,5e+03 |
|14 |    1 | 5000 |   35 |       0.25 |1585583685829 |     234 |   374.0 |59,83 | mscpa4.txt | 0,19 |
|14 |  100 | 5000 |   35 | 0.42857143 |1585583685829 |     234 |   313.0 |33,76 | mscpa4.txt |   12 |
|14 |  200 | 5000 |   40 |       0.45 |1585583685829 |     234 |   243.0 | 3,85 | mscpa4.txt |   26 |
|14 |  300 | 5000 |   40 |       0.35 |1585583685829 |     234 |   243.0 | 3,85 | mscpa4.txt |   42 |
|14 |  400 | 5000 |   40 |        0.4 |1585583685829 |     234 |   243.0 | 3,85 | mscpa4.txt |   56 |
|14 |  500 | 5000 |   40 |        0.4 |1585583685829 |     234 |   243.0 | 3,85 | mscpa4.txt |   71 |
|14 |  600 | 5000 |   45 |       0.45 |1585583685829 |     234 |   243.0 | 3,85 | mscpa4.txt |   86 |
|14 |  700 | 5000 |   45 |       0.45 |1585583685829 |     234 |   243.0 | 3,85 | mscpa4.txt |1,0e+02 |
|14 |  800 | 5000 |   45 |       0.45 |1585583685829 |     234 |   243.0 | 3,85 | mscpa4.txt |1,1e+02 |
|14 |  900 | 5000 |   45 |       0.45 |1585583685829 |     234 |   243.0 | 3,85 | mscpa4.txt |1,3e+02 |
|14 | 1000 | 5000 |   50 |       0.45 |1585583685829 |     234 |   243.0 | 3,85 | mscpa4.txt |1,4e+02 |
|14 | 1100 | 5000 |   50 |       0.45 |1585583685829 |     234 |   243.0 | 3,85 | mscpa4.txt |1,6e+02 |
|14 | 1200 | 5000 |   50 |       0.45 |1585583685829 |     234 |   243.0 | 3,85 | mscpa4.txt |1,8e+02 |
|14 | 1300 | 5000 |   50 |       0.45 |1585583685829 |     234 |   243.0 | 3,85 | mscpa4.txt |1,9e+02 |
|14 | 1400 | 5000 |   55 |       0.45 |1585583685829 |     234 |   243.0 | 3,85 | mscpa4.txt |2,1e+02 |
|14 | 1500 | 5000 |   55 |       0.45 |1585583685829 |     234 |   243.0 | 3,85 | mscpa4.txt |2,3e+02 |
|14 | 1600 | 5000 |   55 |       0.45 |1585583685829 |     234 |   243.0 | 3,85 | mscpa4.txt |2,5e+02 |
|14 | 1700 | 5000 |   55 |       0.45 |1585583685829 |     234 |   243.0 | 3,85 | mscpa4.txt |2,7e+02 |
|14 | 1800 | 5000 |   60 |       0.45 |1585583685829 |     234 |   241.0 | 2,99 | mscpa4.txt |2,9e+02 |
|14 | 1900 | 5000 |   60 |       0.45 |1585583685829 |     234 |   241.0 | 2,99 | mscpa4.txt |3,1e+02 |
|14 | 2000 | 5000 |   60 |       0.45 |1585583685829 |     234 |   241.0 | 2,99 | mscpa4.txt |3,3e+02 |
|14 | 2100 | 5000 |   60 |       0.45 |1585583685829 |     234 |   241.0 | 2,99 | mscpa4.txt |3,5e+02 |
|14 | 2200 | 5000 |   65 |       0.45 |1585583685829 |     234 |   241.0 | 2,99 | mscpa4.txt |3,8e+02 |
|14 | 2300 | 5000 |   65 |       0.45 |1585583685829 |     234 |   241.0 | 2,99 | mscpa4.txt |4,0e+02 |
|14 | 2400 | 5000 |   65 |       0.45 |1585583685829 |     234 |   241.0 | 2,99 | mscpa4.txt |4,2e+02 |
|14 | 2500 | 5000 |   65 |       0.45 |1585583685829 |     234 |   241.0 | 2,99 | mscpa4.txt |4,5e+02 |
|14 | 2600 | 5000 |   70 |       0.45 |1585583685829 |     234 |   241.0 | 2,99 | mscpa4.txt |4,7e+02 |
|14 | 2700 | 5000 |   70 |       0.45 |1585583685829 |     234 |   241.0 | 2,99 | mscpa4.txt |4,9e+02 |
|14 | 2800 | 5000 |   70 |       0.45 |1585583685829 |     234 |   241.0 | 2,99 | mscpa4.txt |5,2e+02 |
|14 | 2900 | 5000 |   70 |       0.45 |1585583685829 |     234 |   241.0 | 2,99 | mscpa4.txt |5,4e+02 |
|14 | 3000 | 5000 |   75 |       0.45 |1585583685829 |     234 |   241.0 | 2,99 | mscpa4.txt |5,6e+02 |
|14 | 3100 | 5000 |   75 |       0.45 |1585583685829 |     234 |   241.0 | 2,99 | mscpa4.txt |5,9e+02 |
|14 | 3200 | 5000 |   75 |       0.45 |1585583685829 |     234 |   241.0 | 2,99 | mscpa4.txt |6,1e+02 |
|14 | 3300 | 5000 |   75 |       0.45 |1585583685829 |     234 |   241.0 | 2,99 | mscpa4.txt |6,3e+02 |
|14 | 3400 | 5000 |   80 |       0.45 |1585583685829 |     234 |   241.0 | 2,99 | mscpa4.txt |6,6e+02 |
|14 | 3500 | 5000 |   80 |       0.45 |1585583685829 |     234 |   241.0 | 2,99 | mscpa4.txt |6,8e+02 |
|14 | 3600 | 5000 |   80 |       0.45 |1585583685829 |     234 |   241.0 | 2,99 | mscpa4.txt |7,1e+02 |
|14 | 3700 | 5000 |   80 |       0.45 |1585583685829 |     234 |   241.0 | 2,99 | mscpa4.txt |7,3e+02 |
|14 | 3800 | 5000 |   85 |       0.45 |1585583685829 |     234 |   241.0 | 2,99 | mscpa4.txt |7,5e+02 |
|14 | 3900 | 5000 |   85 |       0.45 |1585583685829 |     234 |   241.0 | 2,99 | mscpa4.txt |7,8e+02 |
|14 | 4000 | 5000 |   85 |       0.45 |1585583685829 |     234 |   241.0 | 2,99 | mscpa4.txt |8,1e+02 |
|14 | 4100 | 5000 |   85 |       0.45 |1585583685829 |     234 |   241.0 | 2,99 | mscpa4.txt |8,4e+02 |
|14 | 4200 | 5000 |   90 |       0.45 |1585583685829 |     234 |   241.0 | 2,99 | mscpa4.txt |8,7e+02 |
|14 | 4300 | 5000 |   90 |       0.45 |1585583685829 |     234 |   241.0 | 2,99 | mscpa4.txt |8,9e+02 |
|14 | 4400 | 5000 |   90 |       0.45 |1585583685829 |     234 |   241.0 | 2,99 | mscpa4.txt |9,3e+02 |
|14 | 4500 | 5000 |   90 |       0.45 |1585583685829 |     234 |   241.0 | 2,99 | mscpa4.txt |9,5e+02 |
|14 | 4600 | 5000 |   95 |       0.45 |1585583685829 |     234 |   241.0 | 2,99 | mscpa4.txt |9,9e+02 |
|14 | 4700 | 5000 |   95 |       0.45 |1585583685829 |     234 |   241.0 | 2,99 | mscpa4.txt |1,0e+03 |
|14 | 4800 | 5000 |   95 |       0.45 |1585583685829 |     234 |   241.0 | 2,99 | mscpa4.txt |1,0e+03 |
|14 | 4900 | 5000 |   95 |       0.45 |1585583685829 |     234 |   241.0 | 2,99 | mscpa4.txt |1,1e+03 |
|14 | 5000 | 5000 |  100 |       0.45 |1585583685829 |     234 |   241.0 | 2,99 | mscpa4.txt |1,1e+03 |
|14 |  300 | 5000 |  100 |       0.45 |1585583685829 |     234 |   241.0 | 2,99 | mscpa4.txt |1,1e+03 |
|15 |    1 | 5000 |   35 |       0.25 |1585584795938 |     234 |   356.0 |52,14 | mscpa4.txt | 0,19 |
|15 |  100 | 5000 |   35 |       0.45 |1585584795938 |     234 |   305.0 |30,34 | mscpa4.txt |   12 |
|15 |  200 | 5000 |   35 | 0.34285715 |1585584795938 |     234 |   295.0 |26,07 | mscpa4.txt |   25 |
|15 |  300 | 5000 |   35 | 0.37142858 |1585584795938 |     234 |   293.0 |25,21 | mscpa4.txt |   38 |
|15 |  400 | 5000 |   40 |      0.325 |1585584795938 |     234 |   243.0 | 3,85 | mscpa4.txt |   53 |
|15 |  500 | 5000 |   40 |        0.4 |1585584795938 |     234 |   237.0 | 1,28 | mscpa4.txt |   69 |
|15 |  600 | 5000 |   40 |       0.35 |1585584795938 |     234 |   237.0 | 1,28 | mscpa4.txt |   85 |
|15 |  700 | 5000 |   40 |      0.325 |1585584795938 |     234 |   237.0 | 1,28 | mscpa4.txt |1,0e+02 |
|15 |  800 | 5000 |   45 | 0.35555556 |1585584795938 |     234 |   237.0 | 1,28 | mscpa4.txt |1,2e+02 |
|15 |  900 | 5000 |   45 | 0.33333334 |1585584795938 |     234 |   237.0 | 1,28 | mscpa4.txt |1,4e+02 |
|15 | 1000 | 5000 |   45 | 0.24444444 |1585584795938 |     234 |   237.0 | 1,28 | mscpa4.txt |1,6e+02 |
|15 | 1100 | 5000 |   45 |  0.2888889 |1585584795938 |     234 |   237.0 | 1,28 | mscpa4.txt |1,8e+02 |
|15 | 1200 | 5000 |   50 |        0.4 |1585584795938 |     234 |   237.0 | 1,28 | mscpa4.txt |2,0e+02 |
|15 | 1300 | 5000 |   50 |       0.36 |1585584795938 |     234 |   237.0 | 1,28 | mscpa4.txt |2,2e+02 |
|15 | 1400 | 5000 |   50 |       0.38 |1585584795938 |     234 |   237.0 | 1,28 | mscpa4.txt |2,4e+02 |
|15 | 1500 | 5000 |   50 |       0.36 |1585584795938 |     234 |   237.0 | 1,28 | mscpa4.txt |2,6e+02 |
|15 | 1600 | 5000 |   55 |  0.3272727 |1585584795938 |     234 |   237.0 | 1,28 | mscpa4.txt |2,8e+02 |
|15 | 1700 | 5000 |   55 |  0.3272727 |1585584795938 |     234 |   237.0 | 1,28 | mscpa4.txt |3,1e+02 |
|15 | 1800 | 5000 |   55 |  0.3272727 |1585584795938 |     234 |   237.0 | 1,28 | mscpa4.txt |3,3e+02 |
|15 | 1900 | 5000 |   55 |  0.3272727 |1585584795938 |     234 |   237.0 | 1,28 | mscpa4.txt |3,5e+02 |
|15 | 2000 | 5000 |   60 |        0.3 |1585584795938 |     234 |   237.0 | 1,28 | mscpa4.txt |3,7e+02 |
|15 | 2100 | 5000 |   60 |        0.3 |1585584795938 |     234 |   237.0 | 1,28 | mscpa4.txt |4,0e+02 |
|15 | 2200 | 5000 |   60 |        0.3 |1585584795938 |     234 |   237.0 | 1,28 | mscpa4.txt |4,2e+02 |
|15 | 2300 | 5000 |   60 |        0.3 |1585584795938 |     234 |   237.0 | 1,28 | mscpa4.txt |4,5e+02 |
|15 | 2400 | 5000 |   65 |  0.2769231 |1585584795938 |     234 |   237.0 | 1,28 | mscpa4.txt |4,7e+02 |
|15 | 2500 | 5000 |   65 |  0.2769231 |1585584795938 |     234 |   237.0 | 1,28 | mscpa4.txt |5,0e+02 |
|15 | 2600 | 5000 |   65 |  0.2769231 |1585584795938 |     234 |   237.0 | 1,28 | mscpa4.txt |5,2e+02 |
|15 | 2700 | 5000 |   65 |  0.2769231 |1585584795938 |     234 |   237.0 | 1,28 | mscpa4.txt |5,5e+02 |
|15 | 2800 | 5000 |   70 | 0.25714287 |1585584795938 |     234 |   237.0 | 1,28 | mscpa4.txt |5,8e+02 |
|15 | 2900 | 5000 |   70 | 0.25714287 |1585584795938 |     234 |   237.0 | 1,28 | mscpa4.txt |6,1e+02 |
|15 | 3000 | 5000 |   70 | 0.25714287 |1585584795938 |     234 |   237.0 | 1,28 | mscpa4.txt |6,4e+02 |
|15 | 3100 | 5000 |   70 | 0.25714287 |1585584795938 |     234 |   237.0 | 1,28 | mscpa4.txt |6,7e+02 |
|15 | 3200 | 5000 |   75 |       0.24 |1585584795938 |     234 |   237.0 | 1,28 | mscpa4.txt |7,0e+02 |
|15 | 3300 | 5000 |   75 |       0.24 |1585584795938 |     234 |   237.0 | 1,28 | mscpa4.txt |7,3e+02 |
|15 | 3400 | 5000 |   75 |       0.24 |1585584795938 |     234 |   237.0 | 1,28 | mscpa4.txt |7,6e+02 |
|15 | 3500 | 5000 |   75 |       0.24 |1585584795938 |     234 |   237.0 | 1,28 | mscpa4.txt |7,9e+02 |
|15 | 3600 | 5000 |   80 |      0.225 |1585584795938 |     234 |   237.0 | 1,28 | mscpa4.txt |8,2e+02 |
|15 | 3700 | 5000 |   80 |      0.225 |1585584795938 |     234 |   237.0 | 1,28 | mscpa4.txt |8,6e+02 |
|15 | 3800 | 5000 |   80 |      0.225 |1585584795938 |     234 |   237.0 | 1,28 | mscpa4.txt |8,9e+02 |
|15 | 3900 | 5000 |   80 |      0.225 |1585584795938 |     234 |   237.0 | 1,28 | mscpa4.txt |9,3e+02 |
|15 | 4000 | 5000 |   85 | 0.21176471 |1585584795938 |     234 |   237.0 | 1,28 | mscpa4.txt |9,6e+02 |
|15 | 4100 | 5000 |   85 | 0.21176471 |1585584795938 |     234 |   237.0 | 1,28 | mscpa4.txt |1,0e+03 |
|15 | 4200 | 5000 |   85 | 0.21176471 |1585584795938 |     234 |   237.0 | 1,28 | mscpa4.txt |1,0e+03 |
|15 | 4300 | 5000 |   85 | 0.21176471 |1585584795938 |     234 |   237.0 | 1,28 | mscpa4.txt |1,1e+03 |
|15 | 4400 | 5000 |   90 |        0.2 |1585584795938 |     234 |   237.0 | 1,28 | mscpa4.txt |1,1e+03 |
|15 | 4500 | 5000 |   90 |        0.2 |1585584795938 |     234 |   237.0 | 1,28 | mscpa4.txt |1,1e+03 |
|15 | 4600 | 5000 |   90 |       0.45 |1585584795938 |     234 |   237.0 | 1,28 | mscpa4.txt |1,2e+03 |
|15 | 4700 | 5000 |   90 |       0.45 |1585584795938 |     234 |   237.0 | 1,28 | mscpa4.txt |1,2e+03 |
|15 | 4800 | 5000 |   95 |       0.45 |1585584795938 |     234 |   237.0 | 1,28 | mscpa4.txt |1,2e+03 |
|15 | 4900 | 5000 |   95 |       0.45 |1585584795938 |     234 |   237.0 | 1,28 | mscpa4.txt |1,3e+03 |
|15 | 5000 | 5000 |   95 |       0.45 |1585584795938 |     234 |   237.0 | 1,28 | mscpa4.txt |1,3e+03 |
|15 |  300 | 5000 |   95 |       0.45 |1585584795938 |     234 |   237.0 | 1,28 | mscpa4.txt |1,3e+03 |
