| # |    #ITER | #IterMAX | Nest |      %Desc |      semilla | BestFit |GottedFit |  RDP |  instancia | time |
-------------------------------------------------------------------------------------------------
| 1 |    1 | 5000 |   35 |       0.25 |1585461946771 |      61 |  2506.0 |4008,20 | mscpd5.txt |0,011 |
| 1 |  100 | 5000 |   35 |        0.4 |1585461946771 |      61 |  1988.0 |3159,02 | mscpd5.txt | 0,89 |
| 1 |  200 | 5000 |   35 |       0.45 |1585461946771 |      61 |  1846.0 |2926,23 | mscpd5.txt |  1,7 |
| 1 |  300 | 5000 |   35 |        0.4 |1585461946771 |      61 |  1749.0 |2767,21 | mscpd5.txt |  2,6 |
| 1 |  400 | 5000 |   40 |       0.45 |1585461946771 |      61 |    66.0 | 8,20 | mscpd5.txt |   49 |
| 1 |  500 | 5000 |   40 |       0.45 |1585461946771 |      61 |    64.0 | 4,92 | mscpd5.txt |1,1e+02 |
| 1 |  600 | 5000 |   40 |       0.45 |1585461946771 |      61 |    64.0 | 4,92 | mscpd5.txt |1,6e+02 |
| 1 |  700 | 5000 |   40 |       0.45 |1585461946771 |      61 |    64.0 | 4,92 | mscpd5.txt |2,2e+02 |
| 1 |  800 | 5000 |   45 |       0.45 |1585461946771 |      61 |    64.0 | 4,92 | mscpd5.txt |2,9e+02 |
| 1 |  900 | 5000 |   45 |       0.45 |1585461946771 |      61 |    64.0 | 4,92 | mscpd5.txt |3,4e+02 |
| 1 | 1000 | 5000 |   45 |       0.45 |1585461946771 |      61 |    64.0 | 4,92 | mscpd5.txt |3,7e+02 |
| 1 | 1100 | 5000 |   45 |       0.45 |1585461946771 |      61 |    64.0 | 4,92 | mscpd5.txt |4,0e+02 |
| 1 | 1200 | 5000 |   50 |       0.45 |1585461946771 |      61 |    63.0 | 3,28 | mscpd5.txt |4,4e+02 |
| 1 | 1300 | 5000 |   50 |       0.45 |1585461946771 |      61 |    63.0 | 3,28 | mscpd5.txt |4,8e+02 |
| 1 | 1400 | 5000 |   50 |       0.45 |1585461946771 |      61 |    63.0 | 3,28 | mscpd5.txt |5,2e+02 |
| 1 | 1500 | 5000 |   50 |       0.45 |1585461946771 |      61 |    63.0 | 3,28 | mscpd5.txt |5,6e+02 |
| 1 | 1600 | 5000 |   55 |       0.45 |1585461946771 |      61 |    63.0 | 3,28 | mscpd5.txt |6,1e+02 |
| 1 | 1700 | 5000 |   55 |       0.45 |1585461946771 |      61 |    63.0 | 3,28 | mscpd5.txt |6,4e+02 |
| 1 | 1800 | 5000 |   55 |       0.45 |1585461946771 |      61 |    63.0 | 3,28 | mscpd5.txt |6,7e+02 |
| 1 | 1900 | 5000 |   55 |       0.45 |1585461946771 |      61 |    63.0 | 3,28 | mscpd5.txt |7,1e+02 |
| 1 | 2000 | 5000 |   60 |       0.45 |1585461946771 |      61 |    63.0 | 3,28 | mscpd5.txt |7,5e+02 |
| 1 | 2100 | 5000 |   60 |       0.45 |1585461946771 |      61 |    63.0 | 3,28 | mscpd5.txt |7,9e+02 |
| 1 | 2200 | 5000 |   60 |       0.45 |1585461946771 |      61 |    63.0 | 3,28 | mscpd5.txt |8,3e+02 |
| 1 | 2300 | 5000 |   60 |       0.45 |1585461946771 |      61 |    63.0 | 3,28 | mscpd5.txt |8,7e+02 |
| 1 | 2400 | 5000 |   65 |       0.45 |1585461946771 |      61 |    63.0 | 3,28 | mscpd5.txt |9,1e+02 |
| 1 | 2500 | 5000 |   65 |       0.45 |1585461946771 |      61 |    63.0 | 3,28 | mscpd5.txt |9,4e+02 |
| 1 | 2600 | 5000 |   65 |       0.45 |1585461946771 |      61 |    63.0 | 3,28 | mscpd5.txt |9,7e+02 |
| 1 | 2700 | 5000 |   65 |       0.45 |1585461946771 |      61 |    63.0 | 3,28 | mscpd5.txt |1,0e+03 |
| 1 | 2800 | 5000 |   70 |       0.45 |1585461946771 |      61 |    63.0 | 3,28 | mscpd5.txt |1,1e+03 |
| 1 | 2900 | 5000 |   70 |       0.45 |1585461946771 |      61 |    63.0 | 3,28 | mscpd5.txt |1,1e+03 |
| 1 | 3000 | 5000 |   70 |       0.45 |1585461946771 |      61 |    63.0 | 3,28 | mscpd5.txt |1,1e+03 |
| 1 | 3100 | 5000 |   70 |       0.45 |1585461946771 |      61 |    63.0 | 3,28 | mscpd5.txt |1,1e+03 |
| 1 | 3200 | 5000 |   75 |       0.45 |1585461946771 |      61 |    63.0 | 3,28 | mscpd5.txt |1,2e+03 |
| 1 | 3300 | 5000 |   75 |       0.45 |1585461946771 |      61 |    63.0 | 3,28 | mscpd5.txt |1,2e+03 |
| 1 | 3400 | 5000 |   75 |       0.45 |1585461946771 |      61 |    63.0 | 3,28 | mscpd5.txt |1,2e+03 |
| 1 | 3500 | 5000 |   75 |       0.45 |1585461946771 |      61 |    63.0 | 3,28 | mscpd5.txt |1,3e+03 |
| 1 | 3600 | 5000 |   80 |       0.45 |1585461946771 |      61 |    63.0 | 3,28 | mscpd5.txt |1,3e+03 |
| 1 | 3700 | 5000 |   80 |       0.45 |1585461946771 |      61 |    63.0 | 3,28 | mscpd5.txt |1,3e+03 |
| 1 | 3800 | 5000 |   80 |       0.45 |1585461946771 |      61 |    63.0 | 3,28 | mscpd5.txt |1,3e+03 |
| 1 | 3900 | 5000 |   80 |       0.45 |1585461946771 |      61 |    63.0 | 3,28 | mscpd5.txt |1,3e+03 |
| 1 | 4000 | 5000 |   85 |       0.45 |1585461946771 |      61 |    63.0 | 3,28 | mscpd5.txt |1,4e+03 |
| 1 | 4100 | 5000 |   85 |       0.45 |1585461946771 |      61 |    63.0 | 3,28 | mscpd5.txt |1,4e+03 |
| 1 | 4200 | 5000 |   85 |       0.45 |1585461946771 |      61 |    63.0 | 3,28 | mscpd5.txt |1,4e+03 |
| 1 | 4300 | 5000 |   85 |       0.45 |1585461946771 |      61 |    63.0 | 3,28 | mscpd5.txt |1,4e+03 |
| 1 | 4400 | 5000 |   90 |       0.45 |1585461946771 |      61 |    63.0 | 3,28 | mscpd5.txt |1,5e+03 |
| 1 | 4500 | 5000 |   90 |       0.45 |1585461946771 |      61 |    63.0 | 3,28 | mscpd5.txt |1,5e+03 |
| 1 | 4600 | 5000 |   90 |       0.45 |1585461946771 |      61 |    63.0 | 3,28 | mscpd5.txt |1,5e+03 |
| 1 | 4700 | 5000 |   90 |       0.45 |1585461946771 |      61 |    63.0 | 3,28 | mscpd5.txt |1,5e+03 |
| 1 | 4800 | 5000 |   95 |       0.45 |1585461946771 |      61 |    63.0 | 3,28 | mscpd5.txt |1,5e+03 |
| 1 | 4900 | 5000 |   95 | 0.21052632 |1585461946771 |      61 |    63.0 | 3,28 | mscpd5.txt |1,6e+03 |
| 1 | 5000 | 5000 |   95 | 0.21052632 |1585461946771 |      61 |    63.0 | 3,28 | mscpd5.txt |1,6e+03 |
| 1 |  400 | 5000 |   95 | 0.21052632 |1585461946771 |      61 |    63.0 | 3,28 | mscpd5.txt |1,6e+03 |
| 2 |    1 | 5000 |   35 |       0.25 |1585463512172 |      61 |  2493.0 |3986,89 | mscpd5.txt |0,0080 |
| 2 |  100 | 5000 |   35 | 0.42857143 |1585463512172 |      61 |  2021.0 |3213,11 | mscpd5.txt | 0,70 |
| 2 |  200 | 5000 |   40 |       0.45 |1585463512172 |      61 |    66.0 | 8,20 | mscpd5.txt |   39 |
| 2 |  300 | 5000 |   40 |       0.45 |1585463512172 |      61 |    66.0 | 8,20 | mscpd5.txt |   87 |
| 2 |  400 | 5000 |   40 |      0.425 |1585463512172 |      61 |    66.0 | 8,20 | mscpd5.txt |1,3e+02 |
| 2 |  500 | 5000 |   40 |      0.425 |1585463512172 |      61 |    66.0 | 8,20 | mscpd5.txt |1,5e+02 |
| 2 |  600 | 5000 |   45 |       0.45 |1585463512172 |      61 |    66.0 | 8,20 | mscpd5.txt |1,8e+02 |
| 2 |  700 | 5000 |   45 |       0.45 |1585463512172 |      61 |    66.0 | 8,20 | mscpd5.txt |2,0e+02 |
| 2 |  800 | 5000 |   45 |       0.45 |1585463512172 |      61 |    66.0 | 8,20 | mscpd5.txt |2,2e+02 |
| 2 |  900 | 5000 |   45 |       0.45 |1585463512172 |      61 |    65.0 | 6,56 | mscpd5.txt |2,4e+02 |
| 2 | 1000 | 5000 |   50 |       0.45 |1585463512172 |      61 |    65.0 | 6,56 | mscpd5.txt |2,7e+02 |
| 2 | 1100 | 5000 |   50 |       0.45 |1585463512172 |      61 |    65.0 | 6,56 | mscpd5.txt |2,8e+02 |
| 2 | 1200 | 5000 |   50 |       0.45 |1585463512172 |      61 |    65.0 | 6,56 | mscpd5.txt |3,0e+02 |
| 2 | 1300 | 5000 |   50 |       0.45 |1585463512172 |      61 |    65.0 | 6,56 | mscpd5.txt |3,2e+02 |
| 2 | 1400 | 5000 |   55 |       0.45 |1585463512172 |      61 |    65.0 | 6,56 | mscpd5.txt |3,4e+02 |
| 2 | 1500 | 5000 |   55 |       0.45 |1585463512172 |      61 |    65.0 | 6,56 | mscpd5.txt |3,4e+02 |
| 2 | 1600 | 5000 |   55 |        0.1 |1585463512172 |      61 |    65.0 | 6,56 | mscpd5.txt |3,5e+02 |
| 2 | 1700 | 5000 |   55 |        0.1 |1585463512172 |      61 |    65.0 | 6,56 | mscpd5.txt |3,5e+02 |
| 2 | 1800 | 5000 |   60 |       0.45 |1585463512172 |      61 |    65.0 | 6,56 | mscpd5.txt |3,7e+02 |
| 2 | 1900 | 5000 |   60 |        0.2 |1585463512172 |      61 |    65.0 | 6,56 | mscpd5.txt |3,7e+02 |
| 2 | 2000 | 5000 |   60 | 0.26666668 |1585463512172 |      61 |    65.0 | 6,56 | mscpd5.txt |3,8e+02 |
| 2 | 2100 | 5000 |   60 | 0.26666668 |1585463512172 |      61 |    65.0 | 6,56 | mscpd5.txt |3,8e+02 |
| 2 | 2200 | 5000 |   65 |       0.45 |1585463512172 |      61 |    65.0 | 6,56 | mscpd5.txt |3,9e+02 |
| 2 | 2300 | 5000 |   65 |       0.45 |1585463512172 |      61 |    65.0 | 6,56 | mscpd5.txt |4,0e+02 |
| 2 | 2400 | 5000 |   65 | 0.41538462 |1585463512172 |      61 |    65.0 | 6,56 | mscpd5.txt |4,1e+02 |
| 2 | 2500 | 5000 |   65 | 0.41538462 |1585463512172 |      61 |    65.0 | 6,56 | mscpd5.txt |4,1e+02 |
| 2 | 2600 | 5000 |   70 |       0.45 |1585463512172 |      61 |    65.0 | 6,56 | mscpd5.txt |4,2e+02 |
| 2 | 2700 | 5000 |   70 |       0.45 |1585463512172 |      61 |    65.0 | 6,56 | mscpd5.txt |4,3e+02 |
| 2 | 2800 | 5000 |   70 |        0.4 |1585463512172 |      61 |    65.0 | 6,56 | mscpd5.txt |4,3e+02 |
| 2 | 2900 | 5000 |   70 |        0.4 |1585463512172 |      61 |    65.0 | 6,56 | mscpd5.txt |4,4e+02 |
| 2 | 3000 | 5000 |   75 |       0.45 |1585463512172 |      61 |    65.0 | 6,56 | mscpd5.txt |4,5e+02 |
| 2 | 3100 | 5000 |   75 |       0.45 |1585463512172 |      61 |    65.0 | 6,56 | mscpd5.txt |4,6e+02 |
| 2 | 3200 | 5000 |   75 |       0.36 |1585463512172 |      61 |    65.0 | 6,56 | mscpd5.txt |4,6e+02 |
| 2 | 3300 | 5000 |   75 |       0.36 |1585463512172 |      61 |    65.0 | 6,56 | mscpd5.txt |4,6e+02 |
| 2 | 3400 | 5000 |   80 |       0.45 |1585463512172 |      61 |    65.0 | 6,56 | mscpd5.txt |4,8e+02 |
| 2 | 3500 | 5000 |   80 |       0.45 |1585463512172 |      61 |    65.0 | 6,56 | mscpd5.txt |4,9e+02 |
| 2 | 3600 | 5000 |   80 |       0.35 |1585463512172 |      61 |    65.0 | 6,56 | mscpd5.txt |4,9e+02 |
| 2 | 3700 | 5000 |   80 |       0.45 |1585463512172 |      61 |    65.0 | 6,56 | mscpd5.txt |4,9e+02 |
| 2 | 3800 | 5000 |   85 |       0.45 |1585463512172 |      61 |    65.0 | 6,56 | mscpd5.txt |5,1e+02 |
| 2 | 3900 | 5000 |   85 |       0.45 |1585463512172 |      61 |    65.0 | 6,56 | mscpd5.txt |5,1e+02 |
| 2 | 4000 | 5000 |   85 | 0.43529412 |1585463512172 |      61 |    65.0 | 6,56 | mscpd5.txt |5,2e+02 |
| 2 | 4100 | 5000 |   85 | 0.43529412 |1585463512172 |      61 |    65.0 | 6,56 | mscpd5.txt |5,2e+02 |
| 2 | 4200 | 5000 |   90 |       0.45 |1585463512172 |      61 |    65.0 | 6,56 | mscpd5.txt |5,4e+02 |
| 2 | 4300 | 5000 |   90 |       0.45 |1585463512172 |      61 |    65.0 | 6,56 | mscpd5.txt |5,4e+02 |
| 2 | 4400 | 5000 |   90 |        0.4 |1585463512172 |      61 |    65.0 | 6,56 | mscpd5.txt |5,5e+02 |
| 2 | 4500 | 5000 |   90 |        0.4 |1585463512172 |      61 |    65.0 | 6,56 | mscpd5.txt |5,5e+02 |
| 2 | 4600 | 5000 |   95 |       0.45 |1585463512172 |      61 |    65.0 | 6,56 | mscpd5.txt |5,6e+02 |
| 2 | 4700 | 5000 |   95 |       0.45 |1585463512172 |      61 |    65.0 | 6,56 | mscpd5.txt |5,7e+02 |
| 2 | 4800 | 5000 |   95 | 0.36842105 |1585463512172 |      61 |    65.0 | 6,56 | mscpd5.txt |5,8e+02 |
| 2 | 4900 | 5000 |   95 | 0.36842105 |1585463512172 |      61 |    65.0 | 6,56 | mscpd5.txt |5,8e+02 |
| 2 | 5000 | 5000 |  100 |       0.45 |1585463512172 |      61 |    65.0 | 6,56 | mscpd5.txt |5,9e+02 |
| 2 |  400 | 5000 |  100 |       0.45 |1585463512172 |      61 |    65.0 | 6,56 | mscpd5.txt |5,9e+02 |
| 3 |    1 | 5000 |   35 |       0.25 |1585464105637 |      61 |  2588.0 |4142,62 | mscpd5.txt |0,011 |
| 3 |  100 | 5000 |   35 |       0.45 |1585464105637 |      61 |  2083.0 |3314,75 | mscpd5.txt | 0,86 |
| 3 |  200 | 5000 |   35 | 0.42857143 |1585464105637 |      61 |   151.0 |147,54 | mscpd5.txt |  2,1 |
| 3 |  300 | 5000 |   35 |       0.45 |1585464105637 |      61 |   151.0 |147,54 | mscpd5.txt |  3,9 |
| 3 |  400 | 5000 |   35 |        0.4 |1585464105637 |      61 |   120.0 |96,72 | mscpd5.txt |  6,1 |
| 3 |  500 | 5000 |   40 |       0.45 |1585464105637 |      61 |    66.0 | 8,20 | mscpd5.txt |   50 |
| 3 |  600 | 5000 |   40 |       0.45 |1585464105637 |      61 |    66.0 | 8,20 | mscpd5.txt |1,0e+02 |
| 3 |  700 | 5000 |   40 |       0.45 |1585464105637 |      61 |    66.0 | 8,20 | mscpd5.txt |1,4e+02 |
| 3 |  800 | 5000 |   40 |      0.375 |1585464105637 |      61 |    66.0 | 8,20 | mscpd5.txt |1,7e+02 |
| 3 |  900 | 5000 |   45 | 0.37777779 |1585464105637 |      61 |    66.0 | 8,20 | mscpd5.txt |2,1e+02 |
| 3 | 1000 | 5000 |   45 |       0.45 |1585464105637 |      61 |    66.0 | 8,20 | mscpd5.txt |2,3e+02 |
| 3 | 1100 | 5000 |   45 |       0.45 |1585464105637 |      61 |    66.0 | 8,20 | mscpd5.txt |2,5e+02 |
| 3 | 1200 | 5000 |   45 |       0.45 |1585464105637 |      61 |    66.0 | 8,20 | mscpd5.txt |2,7e+02 |
| 3 | 1300 | 5000 |   50 |       0.45 |1585464105637 |      61 |    66.0 | 8,20 | mscpd5.txt |3,0e+02 |
| 3 | 1400 | 5000 |   50 |       0.45 |1585464105637 |      61 |    66.0 | 8,20 | mscpd5.txt |3,1e+02 |
| 3 | 1500 | 5000 |   50 |       0.45 |1585464105637 |      61 |    66.0 | 8,20 | mscpd5.txt |3,3e+02 |
| 3 | 1600 | 5000 |   50 |       0.45 |1585464105637 |      61 |    65.0 | 6,56 | mscpd5.txt |3,5e+02 |
| 3 | 1700 | 5000 |   55 |       0.45 |1585464105637 |      61 |    65.0 | 6,56 | mscpd5.txt |3,7e+02 |
| 3 | 1800 | 5000 |   55 |       0.45 |1585464105637 |      61 |    65.0 | 6,56 | mscpd5.txt |3,9e+02 |
| 3 | 1900 | 5000 |   55 |       0.45 |1585464105637 |      61 |    65.0 | 6,56 | mscpd5.txt |4,1e+02 |
| 3 | 2000 | 5000 |   55 |       0.45 |1585464105637 |      61 |    65.0 | 6,56 | mscpd5.txt |4,2e+02 |
| 3 | 2100 | 5000 |   60 |       0.45 |1585464105637 |      61 |    65.0 | 6,56 | mscpd5.txt |4,4e+02 |
| 3 | 2200 | 5000 |   60 |       0.45 |1585464105637 |      61 |    65.0 | 6,56 | mscpd5.txt |4,5e+02 |
| 3 | 2300 | 5000 |   60 |       0.45 |1585464105637 |      61 |    65.0 | 6,56 | mscpd5.txt |4,7e+02 |
| 3 | 2400 | 5000 |   60 |       0.45 |1585464105637 |      61 |    65.0 | 6,56 | mscpd5.txt |4,8e+02 |
| 3 | 2500 | 5000 |   65 |       0.45 |1585464105637 |      61 |    65.0 | 6,56 | mscpd5.txt |4,9e+02 |
| 3 | 2600 | 5000 |   65 |       0.45 |1585464105637 |      61 |    65.0 | 6,56 | mscpd5.txt |5,1e+02 |
| 3 | 2700 | 5000 |   65 |       0.45 |1585464105637 |      61 |    65.0 | 6,56 | mscpd5.txt |5,2e+02 |
| 3 | 2800 | 5000 |   65 |       0.45 |1585464105637 |      61 |    65.0 | 6,56 | mscpd5.txt |5,3e+02 |
| 3 | 2900 | 5000 |   70 |       0.45 |1585464105637 |      61 |    65.0 | 6,56 | mscpd5.txt |5,5e+02 |
| 3 | 3000 | 5000 |   70 |       0.45 |1585464105637 |      61 |    65.0 | 6,56 | mscpd5.txt |5,6e+02 |
| 3 | 3100 | 5000 |   70 |       0.45 |1585464105637 |      61 |    65.0 | 6,56 | mscpd5.txt |5,7e+02 |
| 3 | 3200 | 5000 |   70 |       0.45 |1585464105637 |      61 |    65.0 | 6,56 | mscpd5.txt |5,8e+02 |
| 3 | 3300 | 5000 |   75 |       0.45 |1585464105637 |      61 |    65.0 | 6,56 | mscpd5.txt |6,0e+02 |
| 3 | 3400 | 5000 |   75 |       0.45 |1585464105637 |      61 |    65.0 | 6,56 | mscpd5.txt |6,1e+02 |
| 3 | 3500 | 5000 |   75 |       0.45 |1585464105637 |      61 |    65.0 | 6,56 | mscpd5.txt |6,3e+02 |
| 3 | 3600 | 5000 |   75 |       0.45 |1585464105637 |      61 |    65.0 | 6,56 | mscpd5.txt |6,4e+02 |
| 3 | 3700 | 5000 |   80 |       0.45 |1585464105637 |      61 |    65.0 | 6,56 | mscpd5.txt |6,6e+02 |
| 3 | 3800 | 5000 |   80 |      0.425 |1585464105637 |      61 |    65.0 | 6,56 | mscpd5.txt |6,7e+02 |
| 3 | 3900 | 5000 |   80 |      0.425 |1585464105637 |      61 |    65.0 | 6,56 | mscpd5.txt |6,9e+02 |
| 3 | 4000 | 5000 |   80 |      0.425 |1585464105637 |      61 |    65.0 | 6,56 | mscpd5.txt |7,0e+02 |
| 3 | 4100 | 5000 |   85 |       0.45 |1585464105637 |      61 |    65.0 | 6,56 | mscpd5.txt |7,2e+02 |
| 3 | 4200 | 5000 |   85 |       0.45 |1585464105637 |      61 |    65.0 | 6,56 | mscpd5.txt |7,3e+02 |
| 3 | 4300 | 5000 |   85 |       0.45 |1585464105637 |      61 |    65.0 | 6,56 | mscpd5.txt |7,4e+02 |
| 3 | 4400 | 5000 |   85 |       0.45 |1585464105637 |      61 |    65.0 | 6,56 | mscpd5.txt |7,4e+02 |
| 3 | 4500 | 5000 |   90 |       0.45 |1585464105637 |      61 |    65.0 | 6,56 | mscpd5.txt |7,6e+02 |
| 3 | 4600 | 5000 |   90 |       0.45 |1585464105637 |      61 |    65.0 | 6,56 | mscpd5.txt |7,7e+02 |
| 3 | 4700 | 5000 |   90 |       0.45 |1585464105637 |      61 |    65.0 | 6,56 | mscpd5.txt |7,7e+02 |
| 3 | 4800 | 5000 |   90 |       0.45 |1585464105637 |      61 |    65.0 | 6,56 | mscpd5.txt |7,8e+02 |
| 3 | 4900 | 5000 |   95 |       0.45 |1585464105637 |      61 |    65.0 | 6,56 | mscpd5.txt |8,0e+02 |
| 3 | 5000 | 5000 |   95 |       0.45 |1585464105637 |      61 |    65.0 | 6,56 | mscpd5.txt |8,1e+02 |
| 3 |  400 | 5000 |   95 |       0.45 |1585464105637 |      61 |    65.0 | 6,56 | mscpd5.txt |8,1e+02 |
| 4 |    1 | 5000 |   35 |       0.25 |1585464918074 |      61 |  2529.0 |4045,90 | mscpd5.txt |0,010 |
| 4 |  100 | 5000 |   35 | 0.25714287 |1585464918074 |      61 |  2065.0 |3285,25 | mscpd5.txt | 0,89 |
| 4 |  200 | 5000 |   35 |       0.45 |1585464918074 |      61 |  1924.0 |3054,10 | mscpd5.txt |  1,7 |
| 4 |  300 | 5000 |   35 | 0.37142858 |1585464918074 |      61 |  1786.0 |2827,87 | mscpd5.txt |  2,5 |
| 4 |  400 | 5000 |   40 |       0.45 |1585464918074 |      61 |    66.0 | 8,20 | mscpd5.txt |   45 |
| 4 |  500 | 5000 |   40 |       0.45 |1585464918074 |      61 |    66.0 | 8,20 | mscpd5.txt |   99 |
| 4 |  600 | 5000 |   40 |       0.45 |1585464918074 |      61 |    66.0 | 8,20 | mscpd5.txt |1,4e+02 |
| 4 |  700 | 5000 |   40 |      0.425 |1585464918074 |      61 |    66.0 | 8,20 | mscpd5.txt |1,7e+02 |
| 4 |  800 | 5000 |   45 | 0.44444445 |1585464918074 |      61 |    66.0 | 8,20 | mscpd5.txt |2,0e+02 |
| 4 |  900 | 5000 |   45 |       0.45 |1585464918074 |      61 |    66.0 | 8,20 | mscpd5.txt |2,4e+02 |
| 4 | 1000 | 5000 |   45 |       0.45 |1585464918074 |      61 |    66.0 | 8,20 | mscpd5.txt |2,7e+02 |
| 4 | 1100 | 5000 |   45 |       0.45 |1585464918074 |      61 |    66.0 | 8,20 | mscpd5.txt |3,1e+02 |
| 4 | 1200 | 5000 |   50 |       0.45 |1585464918074 |      61 |    66.0 | 8,20 | mscpd5.txt |3,5e+02 |
| 4 | 1300 | 5000 |   50 |       0.45 |1585464918074 |      61 |    66.0 | 8,20 | mscpd5.txt |3,8e+02 |
| 4 | 1400 | 5000 |   50 |       0.45 |1585464918074 |      61 |    66.0 | 8,20 | mscpd5.txt |4,1e+02 |
| 4 | 1500 | 5000 |   50 |       0.45 |1585464918074 |      61 |    66.0 | 8,20 | mscpd5.txt |4,4e+02 |
| 4 | 1600 | 5000 |   55 |       0.45 |1585464918074 |      61 |    66.0 | 8,20 | mscpd5.txt |4,7e+02 |
| 4 | 1700 | 5000 |   55 |       0.45 |1585464918074 |      61 |    66.0 | 8,20 | mscpd5.txt |4,9e+02 |
| 4 | 1800 | 5000 |   55 |       0.45 |1585464918074 |      61 |    66.0 | 8,20 | mscpd5.txt |5,1e+02 |
| 4 | 1900 | 5000 |   55 |       0.45 |1585464918074 |      61 |    66.0 | 8,20 | mscpd5.txt |5,3e+02 |
| 4 | 2000 | 5000 |   60 |       0.45 |1585464918074 |      61 |    66.0 | 8,20 | mscpd5.txt |5,6e+02 |
| 4 | 2100 | 5000 |   60 |       0.45 |1585464918074 |      61 |    66.0 | 8,20 | mscpd5.txt |5,9e+02 |
| 4 | 2200 | 5000 |   60 |       0.45 |1585464918074 |      61 |    66.0 | 8,20 | mscpd5.txt |6,2e+02 |
| 4 | 2300 | 5000 |   60 |       0.45 |1585464918074 |      61 |    66.0 | 8,20 | mscpd5.txt |6,5e+02 |
| 4 | 2400 | 5000 |   65 |       0.45 |1585464918074 |      61 |    66.0 | 8,20 | mscpd5.txt |6,9e+02 |
| 4 | 2500 | 5000 |   65 |       0.45 |1585464918074 |      61 |    66.0 | 8,20 | mscpd5.txt |7,1e+02 |
| 4 | 2600 | 5000 |   65 |       0.45 |1585464918074 |      61 |    66.0 | 8,20 | mscpd5.txt |7,3e+02 |
| 4 | 2700 | 5000 |   65 |       0.45 |1585464918074 |      61 |    66.0 | 8,20 | mscpd5.txt |7,5e+02 |
| 4 | 2800 | 5000 |   70 |       0.45 |1585464918074 |      61 |    66.0 | 8,20 | mscpd5.txt |7,8e+02 |
| 4 | 2900 | 5000 |   70 |       0.45 |1585464918074 |      61 |    66.0 | 8,20 | mscpd5.txt |8,0e+02 |
| 4 | 3000 | 5000 |   70 |       0.45 |1585464918074 |      61 |    66.0 | 8,20 | mscpd5.txt |8,1e+02 |
| 4 | 3100 | 5000 |   70 |       0.45 |1585464918074 |      61 |    66.0 | 8,20 | mscpd5.txt |8,3e+02 |
| 4 | 3200 | 5000 |   75 |       0.45 |1585464918074 |      61 |    66.0 | 8,20 | mscpd5.txt |8,6e+02 |
| 4 | 3300 | 5000 |   75 |       0.45 |1585464918074 |      61 |    66.0 | 8,20 | mscpd5.txt |8,9e+02 |
| 4 | 3400 | 5000 |   75 |       0.45 |1585464918074 |      61 |    66.0 | 8,20 | mscpd5.txt |9,1e+02 |
| 4 | 3500 | 5000 |   75 |       0.45 |1585464918074 |      61 |    66.0 | 8,20 | mscpd5.txt |9,4e+02 |
| 4 | 3600 | 5000 |   80 |       0.45 |1585464918074 |      61 |    66.0 | 8,20 | mscpd5.txt |9,8e+02 |
| 4 | 3700 | 5000 |   80 |       0.45 |1585464918074 |      61 |    66.0 | 8,20 | mscpd5.txt |1,0e+03 |
| 4 | 3800 | 5000 |   80 |       0.45 |1585464918074 |      61 |    66.0 | 8,20 | mscpd5.txt |1,0e+03 |
| 4 | 3900 | 5000 |   80 |       0.45 |1585464918074 |      61 |    66.0 | 8,20 | mscpd5.txt |1,0e+03 |
| 4 | 4000 | 5000 |   85 |       0.45 |1585464918074 |      61 |    66.0 | 8,20 | mscpd5.txt |1,1e+03 |
| 4 | 4100 | 5000 |   85 |       0.45 |1585464918074 |      61 |    66.0 | 8,20 | mscpd5.txt |1,1e+03 |
| 4 | 4200 | 5000 |   85 |       0.45 |1585464918074 |      61 |    66.0 | 8,20 | mscpd5.txt |1,1e+03 |
| 4 | 4300 | 5000 |   85 |       0.45 |1585464918074 |      61 |    66.0 | 8,20 | mscpd5.txt |1,2e+03 |
| 4 | 4400 | 5000 |   90 |       0.45 |1585464918074 |      61 |    66.0 | 8,20 | mscpd5.txt |1,2e+03 |
| 4 | 4500 | 5000 |   90 |       0.45 |1585464918074 |      61 |    66.0 | 8,20 | mscpd5.txt |1,2e+03 |
| 4 | 4600 | 5000 |   90 |       0.45 |1585464918074 |      61 |    66.0 | 8,20 | mscpd5.txt |1,2e+03 |
| 4 | 4700 | 5000 |   90 |       0.45 |1585464918074 |      61 |    66.0 | 8,20 | mscpd5.txt |1,3e+03 |
| 4 | 4800 | 5000 |   95 |       0.45 |1585464918074 |      61 |    66.0 | 8,20 | mscpd5.txt |1,3e+03 |
| 4 | 4900 | 5000 |   95 |       0.45 |1585464918074 |      61 |    66.0 | 8,20 | mscpd5.txt |1,3e+03 |
| 4 | 5000 | 5000 |   95 |       0.45 |1585464918074 |      61 |    66.0 | 8,20 | mscpd5.txt |1,4e+03 |
| 4 |  400 | 5000 |   95 |       0.45 |1585464918074 |      61 |    66.0 | 8,20 | mscpd5.txt |1,4e+03 |
| 5 |    1 | 5000 |   35 |       0.25 |1585466286727 |      61 |  2485.0 |3973,77 | mscpd5.txt |0,011 |
| 5 |  100 | 5000 |   35 |       0.45 |1585466286727 |      61 |  2148.0 |3421,31 | mscpd5.txt | 0,78 |
| 5 |  200 | 5000 |   40 |       0.45 |1585466286727 |      61 |    64.0 | 4,92 | mscpd5.txt |   39 |
| 5 |  300 | 5000 |   40 |       0.45 |1585466286727 |      61 |    64.0 | 4,92 | mscpd5.txt |   90 |
| 5 |  400 | 5000 |   40 |       0.45 |1585466286727 |      61 |    64.0 | 4,92 | mscpd5.txt |1,4e+02 |
| 5 |  500 | 5000 |   40 |       0.45 |1585466286727 |      61 |    64.0 | 4,92 | mscpd5.txt |1,9e+02 |
| 5 |  600 | 5000 |   45 |       0.45 |1585466286727 |      61 |    64.0 | 4,92 | mscpd5.txt |2,5e+02 |
| 5 |  700 | 5000 |   45 |       0.45 |1585466286727 |      61 |    64.0 | 4,92 | mscpd5.txt |3,1e+02 |
| 5 |  800 | 5000 |   45 |       0.45 |1585466286727 |      61 |    64.0 | 4,92 | mscpd5.txt |3,7e+02 |
| 5 |  900 | 5000 |   45 |       0.45 |1585466286727 |      61 |    64.0 | 4,92 | mscpd5.txt |4,2e+02 |
| 5 | 1000 | 5000 |   50 |       0.45 |1585466286727 |      61 |    64.0 | 4,92 | mscpd5.txt |4,6e+02 |
| 5 | 1100 | 5000 |   50 |       0.45 |1585466286727 |      61 |    64.0 | 4,92 | mscpd5.txt |4,8e+02 |
| 5 | 1200 | 5000 |   50 |       0.45 |1585466286727 |      61 |    64.0 | 4,92 | mscpd5.txt |5,1e+02 |
| 5 | 1300 | 5000 |   50 |       0.45 |1585466286727 |      61 |    64.0 | 4,92 | mscpd5.txt |5,3e+02 |
| 5 | 1400 | 5000 |   55 |       0.45 |1585466286727 |      61 |    64.0 | 4,92 | mscpd5.txt |5,7e+02 |
| 5 | 1500 | 5000 |   55 |       0.45 |1585466286727 |      61 |    64.0 | 4,92 | mscpd5.txt |6,0e+02 |
| 5 | 1600 | 5000 |   55 |       0.45 |1585466286727 |      61 |    64.0 | 4,92 | mscpd5.txt |6,2e+02 |
| 5 | 1700 | 5000 |   55 |       0.45 |1585466286727 |      61 |    64.0 | 4,92 | mscpd5.txt |6,3e+02 |
| 5 | 1800 | 5000 |   60 |       0.45 |1585466286727 |      61 |    64.0 | 4,92 | mscpd5.txt |6,6e+02 |
| 5 | 1900 | 5000 |   60 |       0.45 |1585466286727 |      61 |    64.0 | 4,92 | mscpd5.txt |6,8e+02 |
| 5 | 2000 | 5000 |   60 |       0.45 |1585466286727 |      61 |    64.0 | 4,92 | mscpd5.txt |7,1e+02 |
| 5 | 2100 | 5000 |   60 |       0.45 |1585466286727 |      61 |    64.0 | 4,92 | mscpd5.txt |7,4e+02 |
| 5 | 2200 | 5000 |   65 |       0.45 |1585466286727 |      61 |    64.0 | 4,92 | mscpd5.txt |7,7e+02 |
| 5 | 2300 | 5000 |   65 |       0.45 |1585466286727 |      61 |    64.0 | 4,92 | mscpd5.txt |7,9e+02 |
| 5 | 2400 | 5000 |   65 |       0.45 |1585466286727 |      61 |    64.0 | 4,92 | mscpd5.txt |8,1e+02 |
| 5 | 2500 | 5000 |   65 |       0.45 |1585466286727 |      61 |    64.0 | 4,92 | mscpd5.txt |8,3e+02 |
| 5 | 2600 | 5000 |   70 |       0.45 |1585466286727 |      61 |    64.0 | 4,92 | mscpd5.txt |8,5e+02 |
| 5 | 2700 | 5000 |   70 |       0.45 |1585466286727 |      61 |    64.0 | 4,92 | mscpd5.txt |8,8e+02 |
| 5 | 2800 | 5000 |   70 |       0.45 |1585466286727 |      61 |    64.0 | 4,92 | mscpd5.txt |9,1e+02 |
| 5 | 2900 | 5000 |   70 |       0.45 |1585466286727 |      61 |    64.0 | 4,92 | mscpd5.txt |9,3e+02 |
| 5 | 3000 | 5000 |   75 |       0.45 |1585466286727 |      61 |    64.0 | 4,92 | mscpd5.txt |9,5e+02 |
| 5 | 3100 | 5000 |   75 |       0.45 |1585466286727 |      61 |    64.0 | 4,92 | mscpd5.txt |9,8e+02 |
| 5 | 3200 | 5000 |   75 |       0.45 |1585466286727 |      61 |    64.0 | 4,92 | mscpd5.txt |1,0e+03 |
| 5 | 3300 | 5000 |   75 |       0.45 |1585466286727 |      61 |    64.0 | 4,92 | mscpd5.txt |1,0e+03 |
| 5 | 3400 | 5000 |   80 |       0.45 |1585466286727 |      61 |    64.0 | 4,92 | mscpd5.txt |1,1e+03 |
| 5 | 3500 | 5000 |   80 |       0.45 |1585466286727 |      61 |    64.0 | 4,92 | mscpd5.txt |1,1e+03 |
| 5 | 3600 | 5000 |   80 |       0.45 |1585466286727 |      61 |    64.0 | 4,92 | mscpd5.txt |1,1e+03 |
| 5 | 3700 | 5000 |   80 |       0.45 |1585466286727 |      61 |    64.0 | 4,92 | mscpd5.txt |1,1e+03 |
| 5 | 3800 | 5000 |   85 |       0.45 |1585466286727 |      61 |    64.0 | 4,92 | mscpd5.txt |1,1e+03 |
| 5 | 3900 | 5000 |   85 |       0.45 |1585466286727 |      61 |    64.0 | 4,92 | mscpd5.txt |1,2e+03 |
| 5 | 4000 | 5000 |   85 |       0.45 |1585466286727 |      61 |    64.0 | 4,92 | mscpd5.txt |1,2e+03 |
| 5 | 4100 | 5000 |   85 |       0.45 |1585466286727 |      61 |    64.0 | 4,92 | mscpd5.txt |1,2e+03 |
| 5 | 4200 | 5000 |   90 |       0.45 |1585466286727 |      61 |    64.0 | 4,92 | mscpd5.txt |1,3e+03 |
| 5 | 4300 | 5000 |   90 |       0.45 |1585466286727 |      61 |    64.0 | 4,92 | mscpd5.txt |1,3e+03 |
| 5 | 4400 | 5000 |   90 |       0.45 |1585466286727 |      61 |    64.0 | 4,92 | mscpd5.txt |1,3e+03 |
| 5 | 4500 | 5000 |   90 |       0.45 |1585466286727 |      61 |    64.0 | 4,92 | mscpd5.txt |1,3e+03 |
| 5 | 4600 | 5000 |   95 |       0.45 |1585466286727 |      61 |    64.0 | 4,92 | mscpd5.txt |1,4e+03 |
| 5 | 4700 | 5000 |   95 |       0.45 |1585466286727 |      61 |    64.0 | 4,92 | mscpd5.txt |1,4e+03 |
| 5 | 4800 | 5000 |   95 |       0.45 |1585466286727 |      61 |    64.0 | 4,92 | mscpd5.txt |1,4e+03 |
| 5 | 4900 | 5000 |   95 |       0.45 |1585466286727 |      61 |    64.0 | 4,92 | mscpd5.txt |1,5e+03 |
| 5 | 5000 | 5000 |  100 |       0.45 |1585466286727 |      61 |    64.0 | 4,92 | mscpd5.txt |1,5e+03 |
| 5 |  400 | 5000 |  100 |       0.45 |1585466286727 |      61 |    64.0 | 4,92 | mscpd5.txt |1,5e+03 |
| 6 |    1 | 5000 |   35 |       0.25 |1585467778674 |      61 |  2602.0 |4165,57 | mscpd5.txt |0,010 |
| 6 |  100 | 5000 |   35 | 0.37142858 |1585467778674 |      61 |  1981.0 |3147,54 | mscpd5.txt | 0,82 |
| 6 |  200 | 5000 |   35 |       0.45 |1585467778674 |      61 |  1807.0 |2862,30 | mscpd5.txt |  1,7 |
| 6 |  300 | 5000 |   35 | 0.42857143 |1585467778674 |      61 |  1758.0 |2781,97 | mscpd5.txt |  2,4 |
| 6 |  400 | 5000 |   35 | 0.37142858 |1585467778674 |      61 |   131.0 |114,75 | mscpd5.txt |  3,9 |
| 6 |  500 | 5000 |   35 | 0.22857143 |1585467778674 |      61 |   131.0 |114,75 | mscpd5.txt |  6,9 |
| 6 |  600 | 5000 |   40 |       0.45 |1585467778674 |      61 |    65.0 | 6,56 | mscpd5.txt |   60 |
| 6 |  700 | 5000 |   40 |       0.45 |1585467778674 |      61 |    64.0 | 4,92 | mscpd5.txt |1,2e+02 |
| 6 |  800 | 5000 |   40 |       0.45 |1585467778674 |      61 |    64.0 | 4,92 | mscpd5.txt |1,6e+02 |
| 6 |  900 | 5000 |   40 |       0.45 |1585467778674 |      61 |    64.0 | 4,92 | mscpd5.txt |1,8e+02 |
| 6 | 1000 | 5000 |   45 |       0.45 |1585467778674 |      61 |    64.0 | 4,92 | mscpd5.txt |2,2e+02 |
| 6 | 1100 | 5000 |   45 |       0.45 |1585467778674 |      61 |    64.0 | 4,92 | mscpd5.txt |2,5e+02 |
| 6 | 1200 | 5000 |   45 |       0.45 |1585467778674 |      61 |    64.0 | 4,92 | mscpd5.txt |2,8e+02 |
| 6 | 1300 | 5000 |   45 |       0.45 |1585467778674 |      61 |    64.0 | 4,92 | mscpd5.txt |3,2e+02 |
| 6 | 1400 | 5000 |   50 |       0.45 |1585467778674 |      61 |    64.0 | 4,92 | mscpd5.txt |3,6e+02 |
| 6 | 1500 | 5000 |   50 |       0.45 |1585467778674 |      61 |    64.0 | 4,92 | mscpd5.txt |3,9e+02 |
| 6 | 1600 | 5000 |   50 |       0.45 |1585467778674 |      61 |    64.0 | 4,92 | mscpd5.txt |4,2e+02 |
| 6 | 1700 | 5000 |   50 |       0.45 |1585467778674 |      61 |    64.0 | 4,92 | mscpd5.txt |4,5e+02 |
| 6 | 1800 | 5000 |   55 |       0.45 |1585467778674 |      61 |    64.0 | 4,92 | mscpd5.txt |4,8e+02 |
| 6 | 1900 | 5000 |   55 |       0.45 |1585467778674 |      61 |    64.0 | 4,92 | mscpd5.txt |5,2e+02 |
| 6 | 2000 | 5000 |   55 |       0.45 |1585467778674 |      61 |    64.0 | 4,92 | mscpd5.txt |5,6e+02 |
| 6 | 2100 | 5000 |   55 |       0.45 |1585467778674 |      61 |    64.0 | 4,92 | mscpd5.txt |6,0e+02 |
| 6 | 2200 | 5000 |   60 |       0.45 |1585467778674 |      61 |    64.0 | 4,92 | mscpd5.txt |6,5e+02 |
| 6 | 2300 | 5000 |   60 |       0.45 |1585467778674 |      61 |    64.0 | 4,92 | mscpd5.txt |6,7e+02 |
| 6 | 2400 | 5000 |   60 |       0.45 |1585467778674 |      61 |    64.0 | 4,92 | mscpd5.txt |7,0e+02 |
| 6 | 2500 | 5000 |   60 |       0.45 |1585467778674 |      61 |    64.0 | 4,92 | mscpd5.txt |7,3e+02 |
| 6 | 2600 | 5000 |   65 |       0.45 |1585467778674 |      61 |    64.0 | 4,92 | mscpd5.txt |7,6e+02 |
| 6 | 2700 | 5000 |   65 |       0.45 |1585467778674 |      61 |    64.0 | 4,92 | mscpd5.txt |8,0e+02 |
| 6 | 2800 | 5000 |   65 |       0.45 |1585467778674 |      61 |    64.0 | 4,92 | mscpd5.txt |8,3e+02 |
| 6 | 2900 | 5000 |   65 |       0.45 |1585467778674 |      61 |    64.0 | 4,92 | mscpd5.txt |8,6e+02 |
| 6 | 3000 | 5000 |   70 |       0.45 |1585467778674 |      61 |    64.0 | 4,92 | mscpd5.txt |9,1e+02 |
| 6 | 3100 | 5000 |   70 |       0.45 |1585467778674 |      61 |    64.0 | 4,92 | mscpd5.txt |9,5e+02 |
| 6 | 3200 | 5000 |   70 |       0.45 |1585467778674 |      61 |    64.0 | 4,92 | mscpd5.txt |9,9e+02 |
| 6 | 3300 | 5000 |   70 |       0.45 |1585467778674 |      61 |    64.0 | 4,92 | mscpd5.txt |1,0e+03 |
| 6 | 3400 | 5000 |   75 |       0.45 |1585467778674 |      61 |    64.0 | 4,92 | mscpd5.txt |1,1e+03 |
| 6 | 3500 | 5000 |   75 |       0.45 |1585467778674 |      61 |    64.0 | 4,92 | mscpd5.txt |1,1e+03 |
| 6 | 3600 | 5000 |   75 |       0.45 |1585467778674 |      61 |    64.0 | 4,92 | mscpd5.txt |1,2e+03 |
| 6 | 3700 | 5000 |   75 |       0.45 |1585467778674 |      61 |    64.0 | 4,92 | mscpd5.txt |1,2e+03 |
| 6 | 3800 | 5000 |   80 |       0.45 |1585467778674 |      61 |    64.0 | 4,92 | mscpd5.txt |1,2e+03 |
| 6 | 3900 | 5000 |   80 |       0.45 |1585467778674 |      61 |    64.0 | 4,92 | mscpd5.txt |1,3e+03 |
| 6 | 4000 | 5000 |   80 |       0.45 |1585467778674 |      61 |    64.0 | 4,92 | mscpd5.txt |1,3e+03 |
| 6 | 4100 | 5000 |   80 |       0.45 |1585467778674 |      61 |    64.0 | 4,92 | mscpd5.txt |1,3e+03 |
| 6 | 4200 | 5000 |   85 |       0.45 |1585467778674 |      61 |    64.0 | 4,92 | mscpd5.txt |1,4e+03 |
| 6 | 4300 | 5000 |   85 |       0.45 |1585467778674 |      61 |    64.0 | 4,92 | mscpd5.txt |1,4e+03 |
| 6 | 4400 | 5000 |   85 |       0.45 |1585467778674 |      61 |    64.0 | 4,92 | mscpd5.txt |1,4e+03 |
| 6 | 4500 | 5000 |   85 |       0.45 |1585467778674 |      61 |    64.0 | 4,92 | mscpd5.txt |1,5e+03 |
| 6 | 4600 | 5000 |   90 |       0.45 |1585467778674 |      61 |    64.0 | 4,92 | mscpd5.txt |1,5e+03 |
| 6 | 4700 | 5000 |   90 |       0.45 |1585467778674 |      61 |    64.0 | 4,92 | mscpd5.txt |1,5e+03 |
| 6 | 4800 | 5000 |   90 |       0.45 |1585467778674 |      61 |    64.0 | 4,92 | mscpd5.txt |1,6e+03 |
| 6 | 4900 | 5000 |   90 |       0.45 |1585467778674 |      61 |    64.0 | 4,92 | mscpd5.txt |1,6e+03 |
| 6 | 5000 | 5000 |   95 |       0.45 |1585467778674 |      61 |    64.0 | 4,92 | mscpd5.txt |1,6e+03 |
| 6 |  400 | 5000 |   95 |       0.45 |1585467778674 |      61 |    64.0 | 4,92 | mscpd5.txt |1,6e+03 |
| 7 |    1 | 5000 |   35 |       0.25 |1585469421792 |      61 |  2459.0 |3931,15 | mscpd5.txt |0,011 |
| 7 |  100 | 5000 |   35 | 0.42857143 |1585469421792 |      61 |  2033.0 |3232,79 | mscpd5.txt | 0,92 |
| 7 |  200 | 5000 |   35 | 0.37142858 |1585469421792 |      61 |  1842.0 |2919,67 | mscpd5.txt |  1,8 |
| 7 |  300 | 5000 |   35 |       0.45 |1585469421792 |      61 |  1665.0 |2629,51 | mscpd5.txt |  2,7 |
| 7 |  400 | 5000 |   40 |       0.45 |1585469421792 |      61 |    65.0 | 6,56 | mscpd5.txt |   47 |
| 7 |  500 | 5000 |   40 |       0.45 |1585469421792 |      61 |    65.0 | 6,56 | mscpd5.txt |1,0e+02 |
| 7 |  600 | 5000 |   40 |      0.425 |1585469421792 |      61 |    64.0 | 4,92 | mscpd5.txt |1,4e+02 |
| 7 |  700 | 5000 |   40 |      0.425 |1585469421792 |      61 |    64.0 | 4,92 | mscpd5.txt |1,8e+02 |
| 7 |  800 | 5000 |   45 |       0.45 |1585469421792 |      61 |    64.0 | 4,92 | mscpd5.txt |2,1e+02 |
| 7 |  900 | 5000 |   45 |       0.45 |1585469421792 |      61 |    64.0 | 4,92 | mscpd5.txt |2,4e+02 |
| 7 | 1000 | 5000 |   45 |       0.45 |1585469421792 |      61 |    64.0 | 4,92 | mscpd5.txt |2,7e+02 |
| 7 | 1100 | 5000 |   45 |       0.45 |1585469421792 |      61 |    64.0 | 4,92 | mscpd5.txt |3,1e+02 |
| 7 | 1200 | 5000 |   50 |       0.45 |1585469421792 |      61 |    64.0 | 4,92 | mscpd5.txt |3,5e+02 |
| 7 | 1300 | 5000 |   50 |       0.45 |1585469421792 |      61 |    64.0 | 4,92 | mscpd5.txt |3,7e+02 |
| 7 | 1400 | 5000 |   50 |       0.45 |1585469421792 |      61 |    64.0 | 4,92 | mscpd5.txt |4,0e+02 |
| 7 | 1500 | 5000 |   50 |       0.45 |1585469421792 |      61 |    64.0 | 4,92 | mscpd5.txt |4,2e+02 |
| 7 | 1600 | 5000 |   55 |       0.45 |1585469421792 |      61 |    64.0 | 4,92 | mscpd5.txt |4,6e+02 |
| 7 | 1700 | 5000 |   55 |       0.45 |1585469421792 |      61 |    64.0 | 4,92 | mscpd5.txt |4,8e+02 |
| 7 | 1800 | 5000 |   55 |       0.45 |1585469421792 |      61 |    64.0 | 4,92 | mscpd5.txt |5,0e+02 |
| 7 | 1900 | 5000 |   55 |       0.45 |1585469421792 |      61 |    64.0 | 4,92 | mscpd5.txt |5,2e+02 |
| 7 | 2000 | 5000 |   60 |       0.45 |1585469421792 |      61 |    64.0 | 4,92 | mscpd5.txt |5,5e+02 |
| 7 | 2100 | 5000 |   60 |       0.45 |1585469421792 |      61 |    64.0 | 4,92 | mscpd5.txt |5,8e+02 |
| 7 | 2200 | 5000 |   60 |       0.45 |1585469421792 |      61 |    64.0 | 4,92 | mscpd5.txt |6,1e+02 |
| 7 | 2300 | 5000 |   60 |       0.45 |1585469421792 |      61 |    64.0 | 4,92 | mscpd5.txt |6,4e+02 |
| 7 | 2400 | 5000 |   65 |       0.45 |1585469421792 |      61 |    64.0 | 4,92 | mscpd5.txt |6,8e+02 |
| 7 | 2500 | 5000 |   65 |       0.45 |1585469421792 |      61 |    64.0 | 4,92 | mscpd5.txt |7,0e+02 |
| 7 | 2600 | 5000 |   65 |       0.45 |1585469421792 |      61 |    64.0 | 4,92 | mscpd5.txt |7,2e+02 |
| 7 | 2700 | 5000 |   65 |       0.45 |1585469421792 |      61 |    64.0 | 4,92 | mscpd5.txt |7,5e+02 |
| 7 | 2800 | 5000 |   70 |       0.45 |1585469421792 |      61 |    64.0 | 4,92 | mscpd5.txt |7,8e+02 |
| 7 | 2900 | 5000 |   70 |       0.45 |1585469421792 |      61 |    64.0 | 4,92 | mscpd5.txt |8,1e+02 |
| 7 | 3000 | 5000 |   70 |       0.45 |1585469421792 |      61 |    64.0 | 4,92 | mscpd5.txt |8,4e+02 |
| 7 | 3100 | 5000 |   70 |       0.45 |1585469421792 |      61 |    64.0 | 4,92 | mscpd5.txt |8,8e+02 |
| 7 | 3200 | 5000 |   75 |       0.45 |1585469421792 |      61 |    64.0 | 4,92 | mscpd5.txt |9,2e+02 |
| 7 | 3300 | 5000 |   75 |       0.45 |1585469421792 |      61 |    64.0 | 4,92 | mscpd5.txt |9,5e+02 |
| 7 | 3400 | 5000 |   75 |       0.45 |1585469421792 |      61 |    64.0 | 4,92 | mscpd5.txt |9,7e+02 |
| 7 | 3500 | 5000 |   75 |       0.45 |1585469421792 |      61 |    64.0 | 4,92 | mscpd5.txt |1,0e+03 |
| 7 | 3600 | 5000 |   80 |       0.45 |1585469421792 |      61 |    64.0 | 4,92 | mscpd5.txt |1,0e+03 |
| 7 | 3700 | 5000 |   80 |       0.45 |1585469421792 |      61 |    64.0 | 4,92 | mscpd5.txt |1,1e+03 |
| 7 | 3800 | 5000 |   80 |       0.45 |1585469421792 |      61 |    64.0 | 4,92 | mscpd5.txt |1,1e+03 |
| 7 | 3900 | 5000 |   80 |       0.45 |1585469421792 |      61 |    64.0 | 4,92 | mscpd5.txt |1,1e+03 |
| 7 | 4000 | 5000 |   85 |       0.45 |1585469421792 |      61 |    64.0 | 4,92 | mscpd5.txt |1,2e+03 |
| 7 | 4100 | 5000 |   85 |       0.45 |1585469421792 |      61 |    64.0 | 4,92 | mscpd5.txt |1,2e+03 |
| 7 | 4200 | 5000 |   85 |       0.45 |1585469421792 |      61 |    64.0 | 4,92 | mscpd5.txt |1,2e+03 |
| 7 | 4300 | 5000 |   85 |       0.45 |1585469421792 |      61 |    64.0 | 4,92 | mscpd5.txt |1,3e+03 |
| 7 | 4400 | 5000 |   90 |       0.45 |1585469421792 |      61 |    64.0 | 4,92 | mscpd5.txt |1,3e+03 |
| 7 | 4500 | 5000 |   90 |       0.45 |1585469421792 |      61 |    64.0 | 4,92 | mscpd5.txt |1,3e+03 |
| 7 | 4600 | 5000 |   90 |       0.45 |1585469421792 |      61 |    64.0 | 4,92 | mscpd5.txt |1,4e+03 |
| 7 | 4700 | 5000 |   90 |       0.45 |1585469421792 |      61 |    64.0 | 4,92 | mscpd5.txt |1,4e+03 |
| 7 | 4800 | 5000 |   95 |       0.45 |1585469421792 |      61 |    64.0 | 4,92 | mscpd5.txt |1,5e+03 |
| 7 | 4900 | 5000 |   95 |       0.45 |1585469421792 |      61 |    64.0 | 4,92 | mscpd5.txt |1,5e+03 |
| 7 | 5000 | 5000 |   95 |       0.45 |1585469421792 |      61 |    64.0 | 4,92 | mscpd5.txt |1,6e+03 |
| 7 |  400 | 5000 |   95 |       0.45 |1585469421792 |      61 |    64.0 | 4,92 | mscpd5.txt |1,6e+03 |
| 8 |    1 | 5000 |   35 |       0.25 |1585470973901 |      61 |  2482.0 |3968,85 | mscpd5.txt |0,0080 |
| 8 |  100 | 5000 |   35 |       0.45 |1585470973901 |      61 |   143.0 |134,43 | mscpd5.txt | 0,85 |
| 8 |  200 | 5000 |   40 |       0.45 |1585470973901 |      61 |    65.0 | 6,56 | mscpd5.txt |   37 |
| 8 |  300 | 5000 |   40 |       0.45 |1585470973901 |      61 |    65.0 | 6,56 | mscpd5.txt |   80 |
| 8 |  400 | 5000 |   40 |       0.45 |1585470973901 |      61 |    65.0 | 6,56 | mscpd5.txt |1,3e+02 |
| 8 |  500 | 5000 |   40 |      0.275 |1585470973901 |      61 |    65.0 | 6,56 | mscpd5.txt |1,7e+02 |
| 8 |  600 | 5000 |   45 |       0.45 |1585470973901 |      61 |    65.0 | 6,56 | mscpd5.txt |2,1e+02 |
| 8 |  700 | 5000 |   45 | 0.37777779 |1585470973901 |      61 |    65.0 | 6,56 | mscpd5.txt |2,5e+02 |
| 8 |  800 | 5000 |   45 | 0.37777779 |1585470973901 |      61 |    65.0 | 6,56 | mscpd5.txt |3,0e+02 |
| 8 |  900 | 5000 |   45 | 0.35555556 |1585470973901 |      61 |    65.0 | 6,56 | mscpd5.txt |3,4e+02 |
| 8 | 1000 | 5000 |   50 |       0.45 |1585470973901 |      61 |    65.0 | 6,56 | mscpd5.txt |3,9e+02 |
| 8 | 1100 | 5000 |   50 |        0.4 |1585470973901 |      61 |    65.0 | 6,56 | mscpd5.txt |4,3e+02 |
| 8 | 1200 | 5000 |   50 |       0.34 |1585470973901 |      61 |    65.0 | 6,56 | mscpd5.txt |4,6e+02 |
| 8 | 1300 | 5000 |   50 |       0.34 |1585470973901 |      61 |    65.0 | 6,56 | mscpd5.txt |5,0e+02 |
| 8 | 1400 | 5000 |   55 |       0.45 |1585470973901 |      61 |    65.0 | 6,56 | mscpd5.txt |5,4e+02 |
| 8 | 1500 | 5000 |   55 |       0.45 |1585470973901 |      61 |    65.0 | 6,56 | mscpd5.txt |5,9e+02 |
| 8 | 1600 | 5000 |   55 |       0.45 |1585470973901 |      61 |    65.0 | 6,56 | mscpd5.txt |6,3e+02 |
| 8 | 1700 | 5000 |   55 |       0.45 |1585470973901 |      61 |    65.0 | 6,56 | mscpd5.txt |6,6e+02 |
| 8 | 1800 | 5000 |   60 |       0.45 |1585470973901 |      61 |    64.0 | 4,92 | mscpd5.txt |7,0e+02 |
| 8 | 1900 | 5000 |   60 |       0.45 |1585470973901 |      61 |    64.0 | 4,92 | mscpd5.txt |7,3e+02 |
| 8 | 2000 | 5000 |   60 |       0.45 |1585470973901 |      61 |    64.0 | 4,92 | mscpd5.txt |7,7e+02 |
| 8 | 2100 | 5000 |   60 |       0.45 |1585470973901 |      61 |    64.0 | 4,92 | mscpd5.txt |8,1e+02 |
| 8 | 2200 | 5000 |   65 |       0.45 |1585470973901 |      61 |    64.0 | 4,92 | mscpd5.txt |8,5e+02 |
| 8 | 2300 | 5000 |   65 |       0.45 |1585470973901 |      61 |    64.0 | 4,92 | mscpd5.txt |9,0e+02 |
| 8 | 2400 | 5000 |   65 |       0.45 |1585470973901 |      61 |    64.0 | 4,92 | mscpd5.txt |9,4e+02 |
| 8 | 2500 | 5000 |   65 |       0.45 |1585470973901 |      61 |    64.0 | 4,92 | mscpd5.txt |9,9e+02 |
| 8 | 2600 | 5000 |   70 |       0.45 |1585470973901 |      61 |    64.0 | 4,92 | mscpd5.txt |1,0e+03 |
| 8 | 2700 | 5000 |   70 |       0.45 |1585470973901 |      61 |    64.0 | 4,92 | mscpd5.txt |1,1e+03 |
| 8 | 2800 | 5000 |   70 |       0.45 |1585470973901 |      61 |    64.0 | 4,92 | mscpd5.txt |1,1e+03 |
| 8 | 2900 | 5000 |   70 |       0.45 |1585470973901 |      61 |    64.0 | 4,92 | mscpd5.txt |1,1e+03 |
| 8 | 3000 | 5000 |   75 |       0.45 |1585470973901 |      61 |    64.0 | 4,92 | mscpd5.txt |1,2e+03 |
| 8 | 3100 | 5000 |   75 |       0.45 |1585470973901 |      61 |    64.0 | 4,92 | mscpd5.txt |1,2e+03 |
| 8 | 3200 | 5000 |   75 |       0.45 |1585470973901 |      61 |    64.0 | 4,92 | mscpd5.txt |1,3e+03 |
| 8 | 3300 | 5000 |   75 |       0.45 |1585470973901 |      61 |    64.0 | 4,92 | mscpd5.txt |1,3e+03 |
| 8 | 3400 | 5000 |   80 |       0.45 |1585470973901 |      61 |    64.0 | 4,92 | mscpd5.txt |1,4e+03 |
| 8 | 3500 | 5000 |   80 |       0.45 |1585470973901 |      61 |    64.0 | 4,92 | mscpd5.txt |1,4e+03 |
| 8 | 3600 | 5000 |   80 |       0.45 |1585470973901 |      61 |    64.0 | 4,92 | mscpd5.txt |1,5e+03 |
| 8 | 3700 | 5000 |   80 |       0.45 |1585470973901 |      61 |    64.0 | 4,92 | mscpd5.txt |1,5e+03 |
| 8 | 3800 | 5000 |   85 |       0.45 |1585470973901 |      61 |    64.0 | 4,92 | mscpd5.txt |1,6e+03 |
| 8 | 3900 | 5000 |   85 |       0.45 |1585470973901 |      61 |    64.0 | 4,92 | mscpd5.txt |1,6e+03 |
| 8 | 4000 | 5000 |   85 |       0.45 |1585470973901 |      61 |    64.0 | 4,92 | mscpd5.txt |1,6e+03 |
| 8 | 4100 | 5000 |   85 |       0.45 |1585470973901 |      61 |    64.0 | 4,92 | mscpd5.txt |1,7e+03 |
| 8 | 4200 | 5000 |   90 |       0.45 |1585470973901 |      61 |    64.0 | 4,92 | mscpd5.txt |1,7e+03 |
| 8 | 4300 | 5000 |   90 |       0.45 |1585470973901 |      61 |    64.0 | 4,92 | mscpd5.txt |1,8e+03 |
| 8 | 4400 | 5000 |   90 |       0.45 |1585470973901 |      61 |    64.0 | 4,92 | mscpd5.txt |1,8e+03 |
| 8 | 4500 | 5000 |   90 |       0.45 |1585470973901 |      61 |    64.0 | 4,92 | mscpd5.txt |1,9e+03 |
| 8 | 4600 | 5000 |   95 |       0.45 |1585470973901 |      61 |    64.0 | 4,92 | mscpd5.txt |1,9e+03 |
| 8 | 4700 | 5000 |   95 |       0.45 |1585470973901 |      61 |    64.0 | 4,92 | mscpd5.txt |2,0e+03 |
| 8 | 4800 | 5000 |   95 |       0.45 |1585470973901 |      61 |    64.0 | 4,92 | mscpd5.txt |2,0e+03 |
| 8 | 4900 | 5000 |   95 |       0.45 |1585470973901 |      61 |    64.0 | 4,92 | mscpd5.txt |2,0e+03 |
| 8 | 5000 | 5000 |  100 |       0.45 |1585470973901 |      61 |    64.0 | 4,92 | mscpd5.txt |2,1e+03 |
| 8 |  400 | 5000 |  100 |       0.45 |1585470973901 |      61 |    64.0 | 4,92 | mscpd5.txt |2,1e+03 |
| 9 |    1 | 5000 |   35 |       0.25 |1585473029441 |      61 |  2512.0 |4018,03 | mscpd5.txt |0,0080 |
| 9 |  100 | 5000 |   35 |       0.45 |1585473029441 |      61 |  2045.0 |3252,46 | mscpd5.txt | 0,89 |
| 9 |  200 | 5000 |   35 |        0.4 |1585473029441 |      61 |  1884.0 |2988,52 | mscpd5.txt |  1,6 |
| 9 |  300 | 5000 |   35 |        0.4 |1585473029441 |      61 |  1768.0 |2798,36 | mscpd5.txt |  2,5 |
| 9 |  400 | 5000 |   40 |       0.45 |1585473029441 |      61 |    66.0 | 8,20 | mscpd5.txt |   46 |
| 9 |  500 | 5000 |   40 |       0.45 |1585473029441 |      61 |    66.0 | 8,20 | mscpd5.txt |   99 |
| 9 |  600 | 5000 |   40 |      0.375 |1585473029441 |      61 |    66.0 | 8,20 | mscpd5.txt |1,4e+02 |
| 9 |  700 | 5000 |   40 |       0.45 |1585473029441 |      61 |    66.0 | 8,20 | mscpd5.txt |1,6e+02 |
| 9 |  800 | 5000 |   45 |       0.45 |1585473029441 |      61 |    65.0 | 6,56 | mscpd5.txt |1,9e+02 |
| 9 |  900 | 5000 |   45 |       0.45 |1585473029441 |      61 |    65.0 | 6,56 | mscpd5.txt |2,1e+02 |
| 9 | 1000 | 5000 |   45 |       0.45 |1585473029441 |      61 |    65.0 | 6,56 | mscpd5.txt |2,3e+02 |
| 9 | 1100 | 5000 |   45 |       0.45 |1585473029441 |      61 |    65.0 | 6,56 | mscpd5.txt |2,5e+02 |
| 9 | 1200 | 5000 |   50 |       0.45 |1585473029441 |      61 |    65.0 | 6,56 | mscpd5.txt |2,7e+02 |
| 9 | 1300 | 5000 |   50 |       0.45 |1585473029441 |      61 |    65.0 | 6,56 | mscpd5.txt |2,9e+02 |
| 9 | 1400 | 5000 |   50 |       0.45 |1585473029441 |      61 |    65.0 | 6,56 | mscpd5.txt |3,0e+02 |
| 9 | 1500 | 5000 |   50 |       0.45 |1585473029441 |      61 |    65.0 | 6,56 | mscpd5.txt |3,1e+02 |
| 9 | 1600 | 5000 |   55 |       0.45 |1585473029441 |      61 |    65.0 | 6,56 | mscpd5.txt |3,4e+02 |
| 9 | 1700 | 5000 |   55 |       0.45 |1585473029441 |      61 |    65.0 | 6,56 | mscpd5.txt |3,6e+02 |
| 9 | 1800 | 5000 |   55 |       0.45 |1585473029441 |      61 |    65.0 | 6,56 | mscpd5.txt |3,8e+02 |
| 9 | 1900 | 5000 |   55 |       0.45 |1585473029441 |      61 |    65.0 | 6,56 | mscpd5.txt |4,0e+02 |
| 9 | 2000 | 5000 |   60 |       0.45 |1585473029441 |      61 |    65.0 | 6,56 | mscpd5.txt |4,4e+02 |
| 9 | 2100 | 5000 |   60 |       0.45 |1585473029441 |      61 |    65.0 | 6,56 | mscpd5.txt |4,6e+02 |
| 9 | 2200 | 5000 |   60 |       0.45 |1585473029441 |      61 |    65.0 | 6,56 | mscpd5.txt |4,7e+02 |
| 9 | 2300 | 5000 |   60 |       0.45 |1585473029441 |      61 |    65.0 | 6,56 | mscpd5.txt |4,9e+02 |
| 9 | 2400 | 5000 |   65 |       0.45 |1585473029441 |      61 |    65.0 | 6,56 | mscpd5.txt |5,2e+02 |
| 9 | 2500 | 5000 |   65 |       0.45 |1585473029441 |      61 |    65.0 | 6,56 | mscpd5.txt |5,3e+02 |
| 9 | 2600 | 5000 |   65 |       0.45 |1585473029441 |      61 |    65.0 | 6,56 | mscpd5.txt |5,5e+02 |
| 9 | 2700 | 5000 |   65 |       0.45 |1585473029441 |      61 |    65.0 | 6,56 | mscpd5.txt |5,7e+02 |
| 9 | 2800 | 5000 |   70 |       0.45 |1585473029441 |      61 |    65.0 | 6,56 | mscpd5.txt |5,9e+02 |
| 9 | 2900 | 5000 |   70 |       0.45 |1585473029441 |      61 |    65.0 | 6,56 | mscpd5.txt |6,0e+02 |
| 9 | 3000 | 5000 |   70 |       0.45 |1585473029441 |      61 |    65.0 | 6,56 | mscpd5.txt |6,1e+02 |
| 9 | 3100 | 5000 |   70 |       0.45 |1585473029441 |      61 |    65.0 | 6,56 | mscpd5.txt |6,3e+02 |
| 9 | 3200 | 5000 |   75 |       0.45 |1585473029441 |      61 |    65.0 | 6,56 | mscpd5.txt |6,5e+02 |
| 9 | 3300 | 5000 |   75 |       0.45 |1585473029441 |      61 |    65.0 | 6,56 | mscpd5.txt |6,6e+02 |
| 9 | 3400 | 5000 |   75 |       0.45 |1585473029441 |      61 |    65.0 | 6,56 | mscpd5.txt |6,7e+02 |
| 9 | 3500 | 5000 |   75 |       0.45 |1585473029441 |      61 |    65.0 | 6,56 | mscpd5.txt |6,7e+02 |
| 9 | 3600 | 5000 |   80 |       0.45 |1585473029441 |      61 |    65.0 | 6,56 | mscpd5.txt |6,9e+02 |
| 9 | 3700 | 5000 |   80 |       0.45 |1585473029441 |      61 |    65.0 | 6,56 | mscpd5.txt |6,9e+02 |
| 9 | 3800 | 5000 |   80 |      0.325 |1585473029441 |      61 |    65.0 | 6,56 | mscpd5.txt |7,0e+02 |
| 9 | 3900 | 5000 |   80 |      0.325 |1585473029441 |      61 |    65.0 | 6,56 | mscpd5.txt |7,0e+02 |
| 9 | 4000 | 5000 |   85 |       0.45 |1585473029441 |      61 |    65.0 | 6,56 | mscpd5.txt |7,1e+02 |
| 9 | 4100 | 5000 |   85 |       0.45 |1585473029441 |      61 |    65.0 | 6,56 | mscpd5.txt |7,2e+02 |
| 9 | 4200 | 5000 |   85 |  0.3764706 |1585473029441 |      61 |    65.0 | 6,56 | mscpd5.txt |7,2e+02 |
| 9 | 4300 | 5000 |   85 |  0.3764706 |1585473029441 |      61 |    65.0 | 6,56 | mscpd5.txt |7,3e+02 |
| 9 | 4400 | 5000 |   90 |       0.45 |1585473029441 |      61 |    65.0 | 6,56 | mscpd5.txt |7,4e+02 |
| 9 | 4500 | 5000 |   90 |       0.45 |1585473029441 |      61 |    65.0 | 6,56 | mscpd5.txt |7,5e+02 |
| 9 | 4600 | 5000 |   90 | 0.31111112 |1585473029441 |      61 |    65.0 | 6,56 | mscpd5.txt |7,5e+02 |
| 9 | 4700 | 5000 |   90 | 0.31111112 |1585473029441 |      61 |    65.0 | 6,56 | mscpd5.txt |7,6e+02 |
| 9 | 4800 | 5000 |   95 |       0.45 |1585473029441 |      61 |    65.0 | 6,56 | mscpd5.txt |7,7e+02 |
| 9 | 4900 | 5000 |   95 |       0.45 |1585473029441 |      61 |    65.0 | 6,56 | mscpd5.txt |7,8e+02 |
| 9 | 5000 | 5000 |   95 | 0.34736842 |1585473029441 |      61 |    65.0 | 6,56 | mscpd5.txt |7,8e+02 |
| 9 |  400 | 5000 |   95 | 0.34736842 |1585473029441 |      61 |    65.0 | 6,56 | mscpd5.txt |7,8e+02 |
|10 |    1 | 5000 |   35 |       0.25 |1585473813313 |      61 |  2567.0 |4108,20 | mscpd5.txt |0,0080 |
|10 |  100 | 5000 |   35 | 0.37142858 |1585473813313 |      61 |  2161.0 |3442,62 | mscpd5.txt | 0,88 |
|10 |  200 | 5000 |   40 |       0.45 |1585473813313 |      61 |    65.0 | 6,56 | mscpd5.txt |   41 |
|10 |  300 | 5000 |   40 |       0.45 |1585473813313 |      61 |    64.0 | 4,92 | mscpd5.txt |   95 |
|10 |  400 | 5000 |   40 |       0.45 |1585473813313 |      61 |    64.0 | 4,92 | mscpd5.txt |1,5e+02 |
|10 |  500 | 5000 |   40 |       0.45 |1585473813313 |      61 |    64.0 | 4,92 | mscpd5.txt |2,0e+02 |
|10 |  600 | 5000 |   45 |       0.45 |1585473813313 |      61 |    64.0 | 4,92 | mscpd5.txt |2,5e+02 |
|10 |  700 | 5000 |   45 | 0.37777779 |1585473813313 |      61 |    64.0 | 4,92 | mscpd5.txt |2,8e+02 |
|10 |  800 | 5000 |   45 |       0.45 |1585473813313 |      61 |    64.0 | 4,92 | mscpd5.txt |3,2e+02 |
|10 |  900 | 5000 |   45 |        0.4 |1585473813313 |      61 |    64.0 | 4,92 | mscpd5.txt |3,6e+02 |
|10 | 1000 | 5000 |   50 |       0.45 |1585473813313 |      61 |    64.0 | 4,92 | mscpd5.txt |4,0e+02 |
|10 | 1100 | 5000 |   50 |       0.45 |1585473813313 |      61 |    64.0 | 4,92 | mscpd5.txt |4,5e+02 |
|10 | 1200 | 5000 |   50 |       0.44 |1585473813313 |      61 |    64.0 | 4,92 | mscpd5.txt |4,9e+02 |
|10 | 1300 | 5000 |   50 |       0.45 |1585473813313 |      61 |    64.0 | 4,92 | mscpd5.txt |5,2e+02 |
|10 | 1400 | 5000 |   55 |       0.45 |1585473813313 |      61 |    64.0 | 4,92 | mscpd5.txt |5,6e+02 |
|10 | 1500 | 5000 |   55 |       0.45 |1585473813313 |      61 |    64.0 | 4,92 | mscpd5.txt |6,1e+02 |
|10 | 1600 | 5000 |   55 |       0.45 |1585473813313 |      61 |    64.0 | 4,92 | mscpd5.txt |6,5e+02 |
|10 | 1700 | 5000 |   55 |       0.45 |1585473813313 |      61 |    64.0 | 4,92 | mscpd5.txt |6,9e+02 |
|10 | 1800 | 5000 |   60 |       0.45 |1585473813313 |      61 |    64.0 | 4,92 | mscpd5.txt |7,5e+02 |
|10 | 1900 | 5000 |   60 |       0.45 |1585473813313 |      61 |    64.0 | 4,92 | mscpd5.txt |7,8e+02 |
|10 | 2000 | 5000 |   60 |       0.45 |1585473813313 |      61 |    64.0 | 4,92 | mscpd5.txt |8,1e+02 |
|10 | 2100 | 5000 |   60 |       0.45 |1585473813313 |      61 |    64.0 | 4,92 | mscpd5.txt |8,5e+02 |
|10 | 2200 | 5000 |   65 |       0.45 |1585473813313 |      61 |    64.0 | 4,92 | mscpd5.txt |8,9e+02 |
|10 | 2300 | 5000 |   65 |       0.45 |1585473813313 |      61 |    64.0 | 4,92 | mscpd5.txt |9,4e+02 |
|10 | 2400 | 5000 |   65 |       0.45 |1585473813313 |      61 |    64.0 | 4,92 | mscpd5.txt |9,8e+02 |
|10 | 2500 | 5000 |   65 |       0.45 |1585473813313 |      61 |    64.0 | 4,92 | mscpd5.txt |1,0e+03 |
|10 | 2600 | 5000 |   70 |       0.45 |1585473813313 |      61 |    64.0 | 4,92 | mscpd5.txt |1,1e+03 |
|10 | 2700 | 5000 |   70 |       0.45 |1585473813313 |      61 |    64.0 | 4,92 | mscpd5.txt |1,1e+03 |
|10 | 2800 | 5000 |   70 |       0.45 |1585473813313 |      61 |    64.0 | 4,92 | mscpd5.txt |1,1e+03 |
|10 | 2900 | 5000 |   70 |       0.45 |1585473813313 |      61 |    64.0 | 4,92 | mscpd5.txt |1,2e+03 |
|10 | 3000 | 5000 |   75 |       0.45 |1585473813313 |      61 |    64.0 | 4,92 | mscpd5.txt |1,2e+03 |
|10 | 3100 | 5000 |   75 |       0.45 |1585473813313 |      61 |    64.0 | 4,92 | mscpd5.txt |1,3e+03 |
|10 | 3200 | 5000 |   75 |       0.45 |1585473813313 |      61 |    64.0 | 4,92 | mscpd5.txt |1,3e+03 |
|10 | 3300 | 5000 |   75 |       0.45 |1585473813313 |      61 |    64.0 | 4,92 | mscpd5.txt |1,4e+03 |
|10 | 3400 | 5000 |   80 |       0.45 |1585473813313 |      61 |    64.0 | 4,92 | mscpd5.txt |1,4e+03 |
|10 | 3500 | 5000 |   80 |       0.45 |1585473813313 |      61 |    64.0 | 4,92 | mscpd5.txt |1,4e+03 |
|10 | 3600 | 5000 |   80 |       0.45 |1585473813313 |      61 |    64.0 | 4,92 | mscpd5.txt |1,5e+03 |
|10 | 3700 | 5000 |   80 |       0.45 |1585473813313 |      61 |    64.0 | 4,92 | mscpd5.txt |1,5e+03 |
|10 | 3800 | 5000 |   85 |       0.45 |1585473813313 |      61 |    64.0 | 4,92 | mscpd5.txt |1,6e+03 |
|10 | 3900 | 5000 |   85 |       0.45 |1585473813313 |      61 |    64.0 | 4,92 | mscpd5.txt |1,6e+03 |
|10 | 4000 | 5000 |   85 |       0.45 |1585473813313 |      61 |    64.0 | 4,92 | mscpd5.txt |1,6e+03 |
|10 | 4100 | 5000 |   85 |       0.45 |1585473813313 |      61 |    64.0 | 4,92 | mscpd5.txt |1,7e+03 |
|10 | 4200 | 5000 |   90 |       0.45 |1585473813313 |      61 |    64.0 | 4,92 | mscpd5.txt |1,7e+03 |
|10 | 4300 | 5000 |   90 |       0.45 |1585473813313 |      61 |    64.0 | 4,92 | mscpd5.txt |1,8e+03 |
|10 | 4400 | 5000 |   90 |       0.45 |1585473813313 |      61 |    64.0 | 4,92 | mscpd5.txt |1,8e+03 |
|10 | 4500 | 5000 |   90 |       0.45 |1585473813313 |      61 |    64.0 | 4,92 | mscpd5.txt |1,9e+03 |
|10 | 4600 | 5000 |   95 |       0.45 |1585473813313 |      61 |    64.0 | 4,92 | mscpd5.txt |2,0e+03 |
|10 | 4700 | 5000 |   95 |       0.45 |1585473813313 |      61 |    64.0 | 4,92 | mscpd5.txt |2,0e+03 |
|10 | 4800 | 5000 |   95 |       0.45 |1585473813313 |      61 |    64.0 | 4,92 | mscpd5.txt |2,0e+03 |
|10 | 4900 | 5000 |   95 |       0.45 |1585473813313 |      61 |    64.0 | 4,92 | mscpd5.txt |2,1e+03 |
|10 | 5000 | 5000 |  100 |       0.45 |1585473813313 |      61 |    64.0 | 4,92 | mscpd5.txt |2,1e+03 |
|10 |  400 | 5000 |  100 |       0.45 |1585473813313 |      61 |    64.0 | 4,92 | mscpd5.txt |2,1e+03 |
|11 |    1 | 5000 |   35 |       0.25 |1585475936166 |      61 |  2531.0 |4049,18 | mscpd5.txt |0,017 |
|11 |  100 | 5000 |   35 | 0.37142858 |1585475936166 |      61 |  2170.0 |3457,38 | mscpd5.txt |  1,1 |
|11 |  200 | 5000 |   35 | 0.42857143 |1585475936166 |      61 |   103.0 |68,85 | mscpd5.txt |  2,5 |
|11 |  300 | 5000 |   35 |       0.45 |1585475936166 |      61 |   103.0 |68,85 | mscpd5.txt |  4,4 |
|11 |  400 | 5000 |   40 |       0.45 |1585475936166 |      61 |    66.0 | 8,20 | mscpd5.txt |   47 |
|11 |  500 | 5000 |   40 |       0.45 |1585475936166 |      61 |    66.0 | 8,20 | mscpd5.txt |1,1e+02 |
|11 |  600 | 5000 |   40 |       0.45 |1585475936166 |      61 |    66.0 | 8,20 | mscpd5.txt |1,6e+02 |
|11 |  700 | 5000 |   40 |       0.45 |1585475936166 |      61 |    66.0 | 8,20 | mscpd5.txt |2,0e+02 |
|11 |  800 | 5000 |   45 |       0.45 |1585475936166 |      61 |    66.0 | 8,20 | mscpd5.txt |2,5e+02 |
|11 |  900 | 5000 |   45 |        0.4 |1585475936166 |      61 |    66.0 | 8,20 | mscpd5.txt |2,9e+02 |
|11 | 1000 | 5000 |   45 | 0.37777779 |1585475936166 |      61 |    66.0 | 8,20 | mscpd5.txt |3,2e+02 |
|11 | 1100 | 5000 |   45 | 0.42222223 |1585475936166 |      61 |    66.0 | 8,20 | mscpd5.txt |3,5e+02 |
|11 | 1200 | 5000 |   50 |       0.45 |1585475936166 |      61 |    66.0 | 8,20 | mscpd5.txt |4,0e+02 |
|11 | 1300 | 5000 |   50 |       0.45 |1585475936166 |      61 |    66.0 | 8,20 | mscpd5.txt |4,5e+02 |
|11 | 1400 | 5000 |   50 |       0.45 |1585475936166 |      61 |    66.0 | 8,20 | mscpd5.txt |4,8e+02 |
|11 | 1500 | 5000 |   50 |       0.45 |1585475936166 |      61 |    66.0 | 8,20 | mscpd5.txt |5,1e+02 |
|11 | 1600 | 5000 |   55 |       0.45 |1585475936166 |      61 |    66.0 | 8,20 | mscpd5.txt |5,5e+02 |
|11 | 1700 | 5000 |   55 |       0.45 |1585475936166 |      61 |    66.0 | 8,20 | mscpd5.txt |5,8e+02 |
|11 | 1800 | 5000 |   55 |       0.45 |1585475936166 |      61 |    65.0 | 6,56 | mscpd5.txt |6,0e+02 |
|11 | 1900 | 5000 |   55 |       0.45 |1585475936166 |      61 |    65.0 | 6,56 | mscpd5.txt |6,2e+02 |
|11 | 2000 | 5000 |   60 |       0.45 |1585475936166 |      61 |    65.0 | 6,56 | mscpd5.txt |6,6e+02 |
|11 | 2100 | 5000 |   60 |       0.45 |1585475936166 |      61 |    65.0 | 6,56 | mscpd5.txt |6,9e+02 |
|11 | 2200 | 5000 |   60 |       0.45 |1585475936166 |      61 |    65.0 | 6,56 | mscpd5.txt |7,3e+02 |
|11 | 2300 | 5000 |   60 |       0.45 |1585475936166 |      61 |    65.0 | 6,56 | mscpd5.txt |7,4e+02 |
|11 | 2400 | 5000 |   65 |       0.45 |1585475936166 |      61 |    65.0 | 6,56 | mscpd5.txt |7,7e+02 |
|11 | 2500 | 5000 |   65 |       0.45 |1585475936166 |      61 |    65.0 | 6,56 | mscpd5.txt |8,0e+02 |
|11 | 2600 | 5000 |   65 |       0.45 |1585475936166 |      61 |    65.0 | 6,56 | mscpd5.txt |8,3e+02 |
|11 | 2700 | 5000 |   65 |       0.45 |1585475936166 |      61 |    65.0 | 6,56 | mscpd5.txt |8,5e+02 |
|11 | 2800 | 5000 |   70 |       0.45 |1585475936166 |      61 |    65.0 | 6,56 | mscpd5.txt |8,9e+02 |
|11 | 2900 | 5000 |   70 |       0.45 |1585475936166 |      61 |    65.0 | 6,56 | mscpd5.txt |9,3e+02 |
|11 | 3000 | 5000 |   70 |       0.45 |1585475936166 |      61 |    65.0 | 6,56 | mscpd5.txt |9,6e+02 |
|11 | 3100 | 5000 |   70 |       0.45 |1585475936166 |      61 |    65.0 | 6,56 | mscpd5.txt |1,0e+03 |
|11 | 3200 | 5000 |   75 |       0.45 |1585475936166 |      61 |    65.0 | 6,56 | mscpd5.txt |1,0e+03 |
|11 | 3300 | 5000 |   75 |       0.45 |1585475936166 |      61 |    65.0 | 6,56 | mscpd5.txt |1,1e+03 |
|11 | 3400 | 5000 |   75 |       0.45 |1585475936166 |      61 |    65.0 | 6,56 | mscpd5.txt |1,1e+03 |
|11 | 3500 | 5000 |   75 |       0.45 |1585475936166 |      61 |    65.0 | 6,56 | mscpd5.txt |1,1e+03 |
|11 | 3600 | 5000 |   80 |       0.45 |1585475936166 |      61 |    65.0 | 6,56 | mscpd5.txt |1,2e+03 |
|11 | 3700 | 5000 |   80 |       0.45 |1585475936166 |      61 |    65.0 | 6,56 | mscpd5.txt |1,2e+03 |
|11 | 3800 | 5000 |   80 |       0.45 |1585475936166 |      61 |    65.0 | 6,56 | mscpd5.txt |1,2e+03 |
|11 | 3900 | 5000 |   80 |       0.45 |1585475936166 |      61 |    65.0 | 6,56 | mscpd5.txt |1,3e+03 |
|11 | 4000 | 5000 |   85 |       0.45 |1585475936166 |      61 |    65.0 | 6,56 | mscpd5.txt |1,3e+03 |
|11 | 4100 | 5000 |   85 |       0.45 |1585475936166 |      61 |    65.0 | 6,56 | mscpd5.txt |1,3e+03 |
|11 | 4200 | 5000 |   85 |       0.45 |1585475936166 |      61 |    65.0 | 6,56 | mscpd5.txt |1,4e+03 |
|11 | 4300 | 5000 |   85 |       0.45 |1585475936166 |      61 |    65.0 | 6,56 | mscpd5.txt |1,4e+03 |
|11 | 4400 | 5000 |   90 |       0.45 |1585475936166 |      61 |    65.0 | 6,56 | mscpd5.txt |1,4e+03 |
|11 | 4500 | 5000 |   90 |       0.45 |1585475936166 |      61 |    65.0 | 6,56 | mscpd5.txt |1,5e+03 |
|11 | 4600 | 5000 |   90 |       0.45 |1585475936166 |      61 |    65.0 | 6,56 | mscpd5.txt |1,5e+03 |
|11 | 4700 | 5000 |   90 |       0.45 |1585475936166 |      61 |    65.0 | 6,56 | mscpd5.txt |1,5e+03 |
|11 | 4800 | 5000 |   95 |       0.45 |1585475936166 |      61 |    65.0 | 6,56 | mscpd5.txt |1,6e+03 |
|11 | 4900 | 5000 |   95 |       0.45 |1585475936166 |      61 |    65.0 | 6,56 | mscpd5.txt |1,6e+03 |
|11 | 5000 | 5000 |   95 |       0.45 |1585475936166 |      61 |    65.0 | 6,56 | mscpd5.txt |1,7e+03 |
|11 |  400 | 5000 |   95 |       0.45 |1585475936166 |      61 |    65.0 | 6,56 | mscpd5.txt |1,7e+03 |
|12 |    1 | 5000 |   35 |       0.25 |1585477626362 |      61 |  2622.0 |4198,36 | mscpd5.txt |0,0090 |
|12 |  100 | 5000 |   35 | 0.37142858 |1585477626362 |      61 |  2069.0 |3291,80 | mscpd5.txt | 0,84 |
|12 |  200 | 5000 |   40 |       0.45 |1585477626362 |      61 |    66.0 | 8,20 | mscpd5.txt |   45 |
|12 |  300 | 5000 |   40 |       0.45 |1585477626362 |      61 |    66.0 | 8,20 | mscpd5.txt |1,0e+02 |
|12 |  400 | 5000 |   40 |       0.45 |1585477626362 |      61 |    66.0 | 8,20 | mscpd5.txt |1,6e+02 |
|12 |  500 | 5000 |   40 |       0.45 |1585477626362 |      61 |    66.0 | 8,20 | mscpd5.txt |2,1e+02 |
|12 |  600 | 5000 |   45 |       0.45 |1585477626362 |      61 |    66.0 | 8,20 | mscpd5.txt |2,4e+02 |
|12 |  700 | 5000 |   45 |       0.45 |1585477626362 |      61 |    66.0 | 8,20 | mscpd5.txt |2,7e+02 |
|12 |  800 | 5000 |   45 |       0.45 |1585477626362 |      61 |    66.0 | 8,20 | mscpd5.txt |2,9e+02 |
|12 |  900 | 5000 |   45 |       0.45 |1585477626362 |      61 |    66.0 | 8,20 | mscpd5.txt |3,1e+02 |
|12 | 1000 | 5000 |   50 |       0.45 |1585477626362 |      61 |    66.0 | 8,20 | mscpd5.txt |3,5e+02 |
|12 | 1100 | 5000 |   50 |       0.45 |1585477626362 |      61 |    66.0 | 8,20 | mscpd5.txt |3,8e+02 |
|12 | 1200 | 5000 |   50 |       0.45 |1585477626362 |      61 |    66.0 | 8,20 | mscpd5.txt |4,2e+02 |
|12 | 1300 | 5000 |   50 |       0.45 |1585477626362 |      61 |    66.0 | 8,20 | mscpd5.txt |4,5e+02 |
|12 | 1400 | 5000 |   55 |       0.45 |1585477626362 |      61 |    66.0 | 8,20 | mscpd5.txt |5,0e+02 |
|12 | 1500 | 5000 |   55 |       0.45 |1585477626362 |      61 |    66.0 | 8,20 | mscpd5.txt |5,3e+02 |
|12 | 1600 | 5000 |   55 |       0.45 |1585477626362 |      61 |    66.0 | 8,20 | mscpd5.txt |5,6e+02 |
|12 | 1700 | 5000 |   55 |       0.45 |1585477626362 |      61 |    66.0 | 8,20 | mscpd5.txt |5,9e+02 |
|12 | 1800 | 5000 |   60 |       0.45 |1585477626362 |      61 |    66.0 | 8,20 | mscpd5.txt |6,3e+02 |
|12 | 1900 | 5000 |   60 |       0.45 |1585477626362 |      61 |    66.0 | 8,20 | mscpd5.txt |6,6e+02 |
|12 | 2000 | 5000 |   60 |       0.45 |1585477626362 |      61 |    66.0 | 8,20 | mscpd5.txt |7,0e+02 |
|12 | 2100 | 5000 |   60 |       0.45 |1585477626362 |      61 |    66.0 | 8,20 | mscpd5.txt |7,4e+02 |
|12 | 2200 | 5000 |   65 |       0.45 |1585477626362 |      61 |    66.0 | 8,20 | mscpd5.txt |8,0e+02 |
|12 | 2300 | 5000 |   65 |       0.45 |1585477626362 |      61 |    66.0 | 8,20 | mscpd5.txt |8,3e+02 |
|12 | 2400 | 5000 |   65 |       0.45 |1585477626362 |      61 |    66.0 | 8,20 | mscpd5.txt |8,6e+02 |
|12 | 2500 | 5000 |   65 |       0.45 |1585477626362 |      61 |    66.0 | 8,20 | mscpd5.txt |9,0e+02 |
|12 | 2600 | 5000 |   70 |       0.45 |1585477626362 |      61 |    66.0 | 8,20 | mscpd5.txt |9,4e+02 |
|12 | 2700 | 5000 |   70 |       0.45 |1585477626362 |      61 |    66.0 | 8,20 | mscpd5.txt |9,8e+02 |
|12 | 2800 | 5000 |   70 |       0.45 |1585477626362 |      61 |    66.0 | 8,20 | mscpd5.txt |1,0e+03 |
|12 | 2900 | 5000 |   70 |       0.45 |1585477626362 |      61 |    66.0 | 8,20 | mscpd5.txt |1,1e+03 |
|12 | 3000 | 5000 |   75 |       0.45 |1585477626362 |      61 |    66.0 | 8,20 | mscpd5.txt |1,1e+03 |
|12 | 3100 | 5000 |   75 |       0.45 |1585477626362 |      61 |    66.0 | 8,20 | mscpd5.txt |1,2e+03 |
|12 | 3200 | 5000 |   75 |       0.45 |1585477626362 |      61 |    66.0 | 8,20 | mscpd5.txt |1,2e+03 |
|12 | 3300 | 5000 |   75 |       0.45 |1585477626362 |      61 |    66.0 | 8,20 | mscpd5.txt |1,2e+03 |
|12 | 3400 | 5000 |   80 |       0.45 |1585477626362 |      61 |    66.0 | 8,20 | mscpd5.txt |1,3e+03 |
|12 | 3500 | 5000 |   80 |       0.45 |1585477626362 |      61 |    66.0 | 8,20 | mscpd5.txt |1,3e+03 |
|12 | 3600 | 5000 |   80 |       0.45 |1585477626362 |      61 |    66.0 | 8,20 | mscpd5.txt |1,3e+03 |
|12 | 3700 | 5000 |   80 |       0.45 |1585477626362 |      61 |    66.0 | 8,20 | mscpd5.txt |1,4e+03 |
|12 | 3800 | 5000 |   85 |       0.45 |1585477626362 |      61 |    66.0 | 8,20 | mscpd5.txt |1,4e+03 |
|12 | 3900 | 5000 |   85 |       0.45 |1585477626362 |      61 |    66.0 | 8,20 | mscpd5.txt |1,5e+03 |
|12 | 4000 | 5000 |   85 |       0.45 |1585477626362 |      61 |    66.0 | 8,20 | mscpd5.txt |1,5e+03 |
|12 | 4100 | 5000 |   85 |       0.45 |1585477626362 |      61 |    66.0 | 8,20 | mscpd5.txt |1,6e+03 |
|12 | 4200 | 5000 |   90 |       0.45 |1585477626362 |      61 |    66.0 | 8,20 | mscpd5.txt |1,7e+03 |
|12 | 4300 | 5000 |   90 |       0.45 |1585477626362 |      61 |    66.0 | 8,20 | mscpd5.txt |1,7e+03 |
|12 | 4400 | 5000 |   90 |       0.45 |1585477626362 |      61 |    66.0 | 8,20 | mscpd5.txt |1,7e+03 |
|12 | 4500 | 5000 |   90 |       0.45 |1585477626362 |      61 |    66.0 | 8,20 | mscpd5.txt |1,8e+03 |
|12 | 4600 | 5000 |   95 |       0.45 |1585477626362 |      61 |    66.0 | 8,20 | mscpd5.txt |1,8e+03 |
|12 | 4700 | 5000 |   95 |       0.45 |1585477626362 |      61 |    66.0 | 8,20 | mscpd5.txt |1,9e+03 |
|12 | 4800 | 5000 |   95 |       0.45 |1585477626362 |      61 |    66.0 | 8,20 | mscpd5.txt |1,9e+03 |
|12 | 4900 | 5000 |   95 |       0.45 |1585477626362 |      61 |    66.0 | 8,20 | mscpd5.txt |2,1e+03 |
|12 | 5000 | 5000 |  100 |       0.45 |1585477626362 |      61 |    66.0 | 8,20 | mscpd5.txt |2,2e+03 |
|12 |  400 | 5000 |  100 |       0.45 |1585477626362 |      61 |    66.0 | 8,20 | mscpd5.txt |2,2e+03 |
|13 |    1 | 5000 |   35 |       0.25 |1585479826605 |      61 |  2634.0 |4218,03 | mscpd5.txt |0,015 |
|13 |  100 | 5000 |   35 | 0.42857143 |1585479826605 |      61 |   119.0 |95,08 | mscpd5.txt | 0,93 |
|13 |  200 | 5000 |   35 |       0.45 |1585479826605 |      61 |   119.0 |95,08 | mscpd5.txt |  2,7 |
|13 |  300 | 5000 |   35 | 0.37142858 |1585479826605 |      61 |   119.0 |95,08 | mscpd5.txt |  4,6 |
|13 |  400 | 5000 |   40 |       0.45 |1585479826605 |      61 |    64.0 | 4,92 | mscpd5.txt |   44 |
|13 |  500 | 5000 |   40 |       0.45 |1585479826605 |      61 |    64.0 | 4,92 | mscpd5.txt |   94 |
|13 |  600 | 5000 |   40 |       0.45 |1585479826605 |      61 |    64.0 | 4,92 | mscpd5.txt |1,5e+02 |
|13 |  700 | 5000 |   40 |       0.45 |1585479826605 |      61 |    64.0 | 4,92 | mscpd5.txt |2,0e+02 |
|13 |  800 | 5000 |   45 |       0.45 |1585479826605 |      61 |    64.0 | 4,92 | mscpd5.txt |2,5e+02 |
|13 |  900 | 5000 |   45 |        0.4 |1585479826605 |      61 |    64.0 | 4,92 | mscpd5.txt |2,9e+02 |
|13 | 1000 | 5000 |   45 |        0.4 |1585479826605 |      61 |    64.0 | 4,92 | mscpd5.txt |3,2e+02 |
|13 | 1100 | 5000 |   45 |       0.45 |1585479826605 |      61 |    64.0 | 4,92 | mscpd5.txt |3,4e+02 |
|13 | 1200 | 5000 |   50 |       0.45 |1585479826605 |      61 |    64.0 | 4,92 | mscpd5.txt |3,7e+02 |
|13 | 1300 | 5000 |   50 |       0.45 |1585479826605 |      61 |    64.0 | 4,92 | mscpd5.txt |3,8e+02 |
|13 | 1400 | 5000 |   50 |       0.45 |1585479826605 |      61 |    64.0 | 4,92 | mscpd5.txt |4,0e+02 |
|13 | 1500 | 5000 |   50 |       0.45 |1585479826605 |      61 |    64.0 | 4,92 | mscpd5.txt |4,1e+02 |
|13 | 1600 | 5000 |   55 |       0.45 |1585479826605 |      61 |    64.0 | 4,92 | mscpd5.txt |4,3e+02 |
|13 | 1700 | 5000 |   55 |       0.45 |1585479826605 |      61 |    64.0 | 4,92 | mscpd5.txt |4,4e+02 |
|13 | 1800 | 5000 |   55 |       0.45 |1585479826605 |      61 |    64.0 | 4,92 | mscpd5.txt |4,5e+02 |
|13 | 1900 | 5000 |   55 |       0.45 |1585479826605 |      61 |    64.0 | 4,92 | mscpd5.txt |4,7e+02 |
|13 | 2000 | 5000 |   60 |       0.45 |1585479826605 |      61 |    64.0 | 4,92 | mscpd5.txt |4,8e+02 |
|13 | 2100 | 5000 |   60 |       0.45 |1585479826605 |      61 |    64.0 | 4,92 | mscpd5.txt |5,0e+02 |
|13 | 2200 | 5000 |   60 |       0.45 |1585479826605 |      61 |    64.0 | 4,92 | mscpd5.txt |5,1e+02 |
|13 | 2300 | 5000 |   60 |       0.45 |1585479826605 |      61 |    64.0 | 4,92 | mscpd5.txt |5,2e+02 |
|13 | 2400 | 5000 |   65 |       0.45 |1585479826605 |      61 |    64.0 | 4,92 | mscpd5.txt |5,4e+02 |
|13 | 2500 | 5000 |   65 |       0.45 |1585479826605 |      61 |    64.0 | 4,92 | mscpd5.txt |5,5e+02 |
|13 | 2600 | 5000 |   65 |       0.45 |1585479826605 |      61 |    64.0 | 4,92 | mscpd5.txt |5,6e+02 |
|13 | 2700 | 5000 |   65 |       0.45 |1585479826605 |      61 |    64.0 | 4,92 | mscpd5.txt |5,7e+02 |
|13 | 2800 | 5000 |   70 |       0.45 |1585479826605 |      61 |    64.0 | 4,92 | mscpd5.txt |5,9e+02 |
|13 | 2900 | 5000 |   70 | 0.35714287 |1585479826605 |      61 |    64.0 | 4,92 | mscpd5.txt |6,0e+02 |
|13 | 3000 | 5000 |   70 |       0.45 |1585479826605 |      61 |    64.0 | 4,92 | mscpd5.txt |6,1e+02 |
|13 | 3100 | 5000 |   70 |       0.45 |1585479826605 |      61 |    64.0 | 4,92 | mscpd5.txt |6,1e+02 |
|13 | 3200 | 5000 |   75 |       0.45 |1585479826605 |      61 |    64.0 | 4,92 | mscpd5.txt |6,3e+02 |
|13 | 3300 | 5000 |   75 |       0.45 |1585479826605 |      61 |    64.0 | 4,92 | mscpd5.txt |6,5e+02 |
|13 | 3400 | 5000 |   75 |       0.45 |1585479826605 |      61 |    64.0 | 4,92 | mscpd5.txt |6,5e+02 |
|13 | 3500 | 5000 |   75 |       0.45 |1585479826605 |      61 |    64.0 | 4,92 | mscpd5.txt |6,6e+02 |
|13 | 3600 | 5000 |   80 |       0.45 |1585479826605 |      61 |    64.0 | 4,92 | mscpd5.txt |6,7e+02 |
|13 | 3700 | 5000 |   80 |       0.45 |1585479826605 |      61 |    64.0 | 4,92 | mscpd5.txt |6,8e+02 |
|13 | 3800 | 5000 |   80 |       0.45 |1585479826605 |      61 |    64.0 | 4,92 | mscpd5.txt |7,0e+02 |
|13 | 3900 | 5000 |   80 |       0.45 |1585479826605 |      61 |    64.0 | 4,92 | mscpd5.txt |7,1e+02 |
|13 | 4000 | 5000 |   85 |       0.45 |1585479826605 |      61 |    64.0 | 4,92 | mscpd5.txt |7,3e+02 |
|13 | 4100 | 5000 |   85 |       0.45 |1585479826605 |      61 |    64.0 | 4,92 | mscpd5.txt |7,5e+02 |
|13 | 4200 | 5000 |   85 |       0.45 |1585479826605 |      61 |    64.0 | 4,92 | mscpd5.txt |7,6e+02 |
|13 | 4300 | 5000 |   85 |       0.45 |1585479826605 |      61 |    64.0 | 4,92 | mscpd5.txt |7,7e+02 |
|13 | 4400 | 5000 |   90 |       0.45 |1585479826605 |      61 |    64.0 | 4,92 | mscpd5.txt |7,8e+02 |
|13 | 4500 | 5000 |   90 |       0.45 |1585479826605 |      61 |    64.0 | 4,92 | mscpd5.txt |8,0e+02 |
|13 | 4600 | 5000 |   90 |       0.45 |1585479826605 |      61 |    64.0 | 4,92 | mscpd5.txt |8,1e+02 |
|13 | 4700 | 5000 |   90 |       0.45 |1585479826605 |      61 |    64.0 | 4,92 | mscpd5.txt |8,2e+02 |
|13 | 4800 | 5000 |   95 |       0.45 |1585479826605 |      61 |    64.0 | 4,92 | mscpd5.txt |8,3e+02 |
|13 | 4900 | 5000 |   95 |       0.45 |1585479826605 |      61 |    64.0 | 4,92 | mscpd5.txt |8,4e+02 |
|13 | 5000 | 5000 |   95 |       0.45 |1585479826605 |      61 |    64.0 | 4,92 | mscpd5.txt |8,6e+02 |
|13 |  400 | 5000 |   95 |       0.45 |1585479826605 |      61 |    64.0 | 4,92 | mscpd5.txt |8,6e+02 |
|14 |    1 | 5000 |   35 |       0.25 |1585480683661 |      61 |  2469.0 |3947,54 | mscpd5.txt |0,0080 |
|14 |  100 | 5000 |   35 |       0.45 |1585480683661 |      61 |  1991.0 |3163,93 | mscpd5.txt | 0,67 |
|14 |  200 | 5000 |   40 |       0.45 |1585480683661 |      61 |    66.0 | 8,20 | mscpd5.txt |   37 |
|14 |  300 | 5000 |   40 |       0.45 |1585480683661 |      61 |    66.0 | 8,20 | mscpd5.txt |   85 |
|14 |  400 | 5000 |   40 |      0.375 |1585480683661 |      61 |    66.0 | 8,20 | mscpd5.txt |1,2e+02 |
|14 |  500 | 5000 |   40 |        0.4 |1585480683661 |      61 |    66.0 | 8,20 | mscpd5.txt |1,6e+02 |
|14 |  600 | 5000 |   45 |       0.45 |1585480683661 |      61 |    65.0 | 6,56 | mscpd5.txt |2,0e+02 |
|14 |  700 | 5000 |   45 | 0.37777779 |1585480683661 |      61 |    65.0 | 6,56 | mscpd5.txt |2,3e+02 |
|14 |  800 | 5000 |   45 |        0.4 |1585480683661 |      61 |    65.0 | 6,56 | mscpd5.txt |2,6e+02 |
|14 |  900 | 5000 |   45 | 0.37777779 |1585480683661 |      61 |    65.0 | 6,56 | mscpd5.txt |3,0e+02 |
|14 | 1000 | 5000 |   50 |       0.45 |1585480683661 |      61 |    65.0 | 6,56 | mscpd5.txt |3,4e+02 |
|14 | 1100 | 5000 |   50 |       0.45 |1585480683661 |      61 |    65.0 | 6,56 | mscpd5.txt |3,9e+02 |
|14 | 1200 | 5000 |   50 |       0.45 |1585480683661 |      61 |    65.0 | 6,56 | mscpd5.txt |4,3e+02 |
|14 | 1300 | 5000 |   50 |       0.45 |1585480683661 |      61 |    65.0 | 6,56 | mscpd5.txt |4,8e+02 |
|14 | 1400 | 5000 |   55 |       0.45 |1585480683661 |      61 |    64.0 | 4,92 | mscpd5.txt |5,3e+02 |
|14 | 1500 | 5000 |   55 |       0.45 |1585480683661 |      61 |    64.0 | 4,92 | mscpd5.txt |5,8e+02 |
|14 | 1600 | 5000 |   55 |       0.45 |1585480683661 |      61 |    64.0 | 4,92 | mscpd5.txt |6,4e+02 |
|14 | 1700 | 5000 |   55 |       0.45 |1585480683661 |      61 |    64.0 | 4,92 | mscpd5.txt |6,7e+02 |
|14 | 1800 | 5000 |   60 |       0.45 |1585480683661 |      61 |    64.0 | 4,92 | mscpd5.txt |7,2e+02 |
|14 | 1900 | 5000 |   60 |       0.45 |1585480683661 |      61 |    64.0 | 4,92 | mscpd5.txt |7,4e+02 |
|14 | 2000 | 5000 |   60 |       0.45 |1585480683661 |      61 |    64.0 | 4,92 | mscpd5.txt |7,5e+02 |
|14 | 2100 | 5000 |   60 |       0.45 |1585480683661 |      61 |    64.0 | 4,92 | mscpd5.txt |7,7e+02 |
|14 | 2200 | 5000 |   65 |       0.45 |1585480683661 |      61 |    64.0 | 4,92 | mscpd5.txt |8,0e+02 |
|14 | 2300 | 5000 |   65 |       0.45 |1585480683661 |      61 |    64.0 | 4,92 | mscpd5.txt |8,1e+02 |
|14 | 2400 | 5000 |   65 |       0.45 |1585480683661 |      61 |    64.0 | 4,92 | mscpd5.txt |8,2e+02 |
|14 | 2500 | 5000 |   65 |       0.45 |1585480683661 |      61 |    64.0 | 4,92 | mscpd5.txt |8,3e+02 |
|14 | 2600 | 5000 |   70 |       0.45 |1585480683661 |      61 |    64.0 | 4,92 | mscpd5.txt |8,5e+02 |
|14 | 2700 | 5000 |   70 |       0.45 |1585480683661 |      61 |    64.0 | 4,92 | mscpd5.txt |8,7e+02 |
|14 | 2800 | 5000 |   70 |       0.45 |1585480683661 |      61 |    64.0 | 4,92 | mscpd5.txt |8,9e+02 |
|14 | 2900 | 5000 |   70 |       0.45 |1585480683661 |      61 |    64.0 | 4,92 | mscpd5.txt |9,1e+02 |
|14 | 3000 | 5000 |   75 |       0.45 |1585480683661 |      61 |    64.0 | 4,92 | mscpd5.txt |9,4e+02 |
|14 | 3100 | 5000 |   75 |       0.45 |1585480683661 |      61 |    64.0 | 4,92 | mscpd5.txt |9,6e+02 |
|14 | 3200 | 5000 |   75 |       0.45 |1585480683661 |      61 |    64.0 | 4,92 | mscpd5.txt |9,7e+02 |
|14 | 3300 | 5000 |   75 |       0.45 |1585480683661 |      61 |    64.0 | 4,92 | mscpd5.txt |9,9e+02 |
|14 | 3400 | 5000 |   80 |       0.45 |1585480683661 |      61 |    64.0 | 4,92 | mscpd5.txt |1,0e+03 |
|14 | 3500 | 5000 |   80 |       0.45 |1585480683661 |      61 |    64.0 | 4,92 | mscpd5.txt |1,0e+03 |
|14 | 3600 | 5000 |   80 |       0.45 |1585480683661 |      61 |    64.0 | 4,92 | mscpd5.txt |1,1e+03 |
|14 | 3700 | 5000 |   80 |       0.45 |1585480683661 |      61 |    64.0 | 4,92 | mscpd5.txt |1,1e+03 |
|14 | 3800 | 5000 |   85 |       0.45 |1585480683661 |      61 |    64.0 | 4,92 | mscpd5.txt |1,1e+03 |
|14 | 3900 | 5000 |   85 |       0.45 |1585480683661 |      61 |    64.0 | 4,92 | mscpd5.txt |1,1e+03 |
|14 | 4000 | 5000 |   85 |       0.45 |1585480683661 |      61 |    64.0 | 4,92 | mscpd5.txt |1,1e+03 |
|14 | 4100 | 5000 |   85 |       0.45 |1585480683661 |      61 |    64.0 | 4,92 | mscpd5.txt |1,2e+03 |
|14 | 4200 | 5000 |   90 |       0.45 |1585480683661 |      61 |    64.0 | 4,92 | mscpd5.txt |1,2e+03 |
|14 | 4300 | 5000 |   90 |       0.45 |1585480683661 |      61 |    64.0 | 4,92 | mscpd5.txt |1,2e+03 |
|14 | 4400 | 5000 |   90 |       0.45 |1585480683661 |      61 |    64.0 | 4,92 | mscpd5.txt |1,2e+03 |
|14 | 4500 | 5000 |   90 |       0.45 |1585480683661 |      61 |    64.0 | 4,92 | mscpd5.txt |1,3e+03 |
|14 | 4600 | 5000 |   95 |       0.45 |1585480683661 |      61 |    64.0 | 4,92 | mscpd5.txt |1,3e+03 |
|14 | 4700 | 5000 |   95 |       0.45 |1585480683661 |      61 |    64.0 | 4,92 | mscpd5.txt |1,3e+03 |
|14 | 4800 | 5000 |   95 |       0.45 |1585480683661 |      61 |    64.0 | 4,92 | mscpd5.txt |1,3e+03 |
|14 | 4900 | 5000 |   95 |       0.45 |1585480683661 |      61 |    64.0 | 4,92 | mscpd5.txt |1,4e+03 |
|14 | 5000 | 5000 |  100 |       0.45 |1585480683661 |      61 |    64.0 | 4,92 | mscpd5.txt |1,4e+03 |
|14 |  400 | 5000 |  100 |       0.45 |1585480683661 |      61 |    64.0 | 4,92 | mscpd5.txt |1,4e+03 |
|15 |    1 | 5000 |   35 |       0.25 |1585482068575 |      61 |  2577.0 |4124,59 | mscpd5.txt |0,010 |
|15 |  100 | 5000 |   35 |        0.4 |1585482068575 |      61 |  1970.0 |3129,51 | mscpd5.txt | 0,76 |
|15 |  200 | 5000 |   35 | 0.34285715 |1585482068575 |      61 |  1790.0 |2834,43 | mscpd5.txt |  1,4 |
|15 |  300 | 5000 |   35 |  0.2857143 |1585482068575 |      61 |  1714.0 |2709,84 | mscpd5.txt |  2,1 |
|15 |  400 | 5000 |   40 |       0.45 |1585482068575 |      61 |    66.0 | 8,20 | mscpd5.txt |   41 |
|15 |  500 | 5000 |   40 |       0.45 |1585482068575 |      61 |    66.0 | 8,20 | mscpd5.txt |   88 |
|15 |  600 | 5000 |   40 |        0.4 |1585482068575 |      61 |    66.0 | 8,20 | mscpd5.txt |1,2e+02 |
|15 |  700 | 5000 |   40 |       0.45 |1585482068575 |      61 |    66.0 | 8,20 | mscpd5.txt |1,6e+02 |
|15 |  800 | 5000 |   45 |       0.45 |1585482068575 |      61 |    66.0 | 8,20 | mscpd5.txt |2,0e+02 |
|15 |  900 | 5000 |   45 | 0.42222223 |1585482068575 |      61 |    66.0 | 8,20 | mscpd5.txt |2,3e+02 |
|15 | 1000 | 5000 |   45 |       0.45 |1585482068575 |      61 |    64.0 | 4,92 | mscpd5.txt |2,6e+02 |
|15 | 1100 | 5000 |   45 |       0.45 |1585482068575 |      61 |    64.0 | 4,92 | mscpd5.txt |2,9e+02 |
|15 | 1200 | 5000 |   50 |       0.45 |1585482068575 |      61 |    64.0 | 4,92 | mscpd5.txt |3,2e+02 |
|15 | 1300 | 5000 |   50 |       0.45 |1585482068575 |      61 |    63.0 | 3,28 | mscpd5.txt |3,3e+02 |
|15 | 1400 | 5000 |   50 |       0.45 |1585482068575 |      61 |    63.0 | 3,28 | mscpd5.txt |3,5e+02 |
|15 | 1500 | 5000 |   50 |       0.45 |1585482068575 |      61 |    63.0 | 3,28 | mscpd5.txt |3,6e+02 |
|15 | 1600 | 5000 |   55 |       0.45 |1585482068575 |      61 |    63.0 | 3,28 | mscpd5.txt |3,9e+02 |
|15 | 1700 | 5000 |   55 |       0.45 |1585482068575 |      61 |    63.0 | 3,28 | mscpd5.txt |4,1e+02 |
|15 | 1800 | 5000 |   55 |       0.45 |1585482068575 |      61 |    63.0 | 3,28 | mscpd5.txt |4,3e+02 |
|15 | 1900 | 5000 |   55 |       0.45 |1585482068575 |      61 |    63.0 | 3,28 | mscpd5.txt |4,6e+02 |
|15 | 2000 | 5000 |   60 |       0.45 |1585482068575 |      61 |    63.0 | 3,28 | mscpd5.txt |4,8e+02 |
|15 | 2100 | 5000 |   60 |       0.45 |1585482068575 |      61 |    63.0 | 3,28 | mscpd5.txt |5,0e+02 |
|15 | 2200 | 5000 |   60 |       0.45 |1585482068575 |      61 |    63.0 | 3,28 | mscpd5.txt |5,2e+02 |
|15 | 2300 | 5000 |   60 |       0.45 |1585482068575 |      61 |    63.0 | 3,28 | mscpd5.txt |5,4e+02 |
|15 | 2400 | 5000 |   65 |       0.45 |1585482068575 |      61 |    63.0 | 3,28 | mscpd5.txt |5,7e+02 |
|15 | 2500 | 5000 |   65 |       0.45 |1585482068575 |      61 |    63.0 | 3,28 | mscpd5.txt |5,9e+02 |
|15 | 2600 | 5000 |   65 |       0.45 |1585482068575 |      61 |    63.0 | 3,28 | mscpd5.txt |6,1e+02 |
|15 | 2700 | 5000 |   65 |       0.45 |1585482068575 |      61 |    63.0 | 3,28 | mscpd5.txt |6,2e+02 |
|15 | 2800 | 5000 |   70 |       0.45 |1585482068575 |      61 |    63.0 | 3,28 | mscpd5.txt |6,5e+02 |
|15 | 2900 | 5000 |   70 |       0.45 |1585482068575 |      61 |    63.0 | 3,28 | mscpd5.txt |6,8e+02 |
|15 | 3000 | 5000 |   70 |       0.45 |1585482068575 |      61 |    63.0 | 3,28 | mscpd5.txt |7,0e+02 |
|15 | 3100 | 5000 |   70 |       0.45 |1585482068575 |      61 |    63.0 | 3,28 | mscpd5.txt |7,3e+02 |
|15 | 3200 | 5000 |   75 |       0.45 |1585482068575 |      61 |    63.0 | 3,28 | mscpd5.txt |7,6e+02 |
|15 | 3300 | 5000 |   75 |       0.45 |1585482068575 |      61 |    63.0 | 3,28 | mscpd5.txt |7,9e+02 |
|15 | 3400 | 5000 |   75 |       0.45 |1585482068575 |      61 |    63.0 | 3,28 | mscpd5.txt |8,1e+02 |
|15 | 3500 | 5000 |   75 |       0.45 |1585482068575 |      61 |    63.0 | 3,28 | mscpd5.txt |8,3e+02 |
|15 | 3600 | 5000 |   80 |       0.45 |1585482068575 |      61 |    63.0 | 3,28 | mscpd5.txt |8,6e+02 |
|15 | 3700 | 5000 |   80 |       0.45 |1585482068575 |      61 |    63.0 | 3,28 | mscpd5.txt |8,9e+02 |
|15 | 3800 | 5000 |   80 |       0.45 |1585482068575 |      61 |    63.0 | 3,28 | mscpd5.txt |9,1e+02 |
|15 | 3900 | 5000 |   80 |       0.45 |1585482068575 |      61 |    63.0 | 3,28 | mscpd5.txt |9,4e+02 |
|15 | 4000 | 5000 |   85 |       0.45 |1585482068575 |      61 |    63.0 | 3,28 | mscpd5.txt |9,8e+02 |
|15 | 4100 | 5000 |   85 |       0.45 |1585482068575 |      61 |    63.0 | 3,28 | mscpd5.txt |1,0e+03 |
|15 | 4200 | 5000 |   85 |       0.45 |1585482068575 |      61 |    63.0 | 3,28 | mscpd5.txt |1,0e+03 |
|15 | 4300 | 5000 |   85 |       0.45 |1585482068575 |      61 |    63.0 | 3,28 | mscpd5.txt |1,0e+03 |
|15 | 4400 | 5000 |   90 |       0.45 |1585482068575 |      61 |    63.0 | 3,28 | mscpd5.txt |1,1e+03 |
|15 | 4500 | 5000 |   90 |       0.45 |1585482068575 |      61 |    63.0 | 3,28 | mscpd5.txt |1,1e+03 |
|15 | 4600 | 5000 |   90 |       0.45 |1585482068575 |      61 |    63.0 | 3,28 | mscpd5.txt |1,1e+03 |
|15 | 4700 | 5000 |   90 |       0.45 |1585482068575 |      61 |    63.0 | 3,28 | mscpd5.txt |1,2e+03 |
|15 | 4800 | 5000 |   95 |       0.45 |1585482068575 |      61 |    63.0 | 3,28 | mscpd5.txt |1,2e+03 |
|15 | 4900 | 5000 |   95 |       0.45 |1585482068575 |      61 |    63.0 | 3,28 | mscpd5.txt |1,2e+03 |
|15 | 5000 | 5000 |   95 |       0.45 |1585482068575 |      61 |    63.0 | 3,28 | mscpd5.txt |1,3e+03 |
|15 |  400 | 5000 |   95 |       0.45 |1585482068575 |      61 |    63.0 | 3,28 | mscpd5.txt |1,3e+03 |
