| # |    #ITER | #IterMAX | Nest |      %Desc |      semilla | BestFit |GottedFit |  RDP |  instancia | time |
-------------------------------------------------------------------------------------------------
| 1 |    1 | 5000 |   35 |       0.25 |1585349297027 |     226 |   280.0 |23,89 | mscp53.txt | 0,13 |
| 1 |  100 | 5000 |   35 | 0.25714287 |1585349297027 |     226 |   252.0 |11,50 | mscp53.txt |   11 |
| 1 |  200 | 5000 |   35 |        0.4 |1585349297027 |     226 |   244.0 | 7,96 | mscp53.txt |   21 |
| 1 |  300 | 5000 |   40 |       0.45 |1585349297027 |     226 |   235.0 | 3,98 | mscp53.txt |   34 |
| 1 |  400 | 5000 |   40 |        0.4 |1585349297027 |     226 |   235.0 | 3,98 | mscp53.txt |   46 |
| 1 |  500 | 5000 |   40 |       0.45 |1585349297027 |     226 |   234.0 | 3,54 | mscp53.txt |   57 |
| 1 |  600 | 5000 |   40 |       0.45 |1585349297027 |     226 |   230.0 | 1,77 | mscp53.txt |   69 |
| 1 |  700 | 5000 |   45 |       0.45 |1585349297027 |     226 |   230.0 | 1,77 | mscp53.txt |   83 |
| 1 |  800 | 5000 |   45 |       0.45 |1585349297027 |     226 |   230.0 | 1,77 | mscp53.txt |   94 |
| 1 |  900 | 5000 |   45 |       0.45 |1585349297027 |     226 |   230.0 | 1,77 | mscp53.txt |1,1e+02 |
| 1 | 1000 | 5000 |   45 |       0.45 |1585349297027 |     226 |   230.0 | 1,77 | mscp53.txt |1,2e+02 |
| 1 | 1100 | 5000 |   50 |       0.44 |1585349297027 |     226 |   230.0 | 1,77 | mscp53.txt |1,3e+02 |
| 1 | 1200 | 5000 |   50 |       0.45 |1585349297027 |     226 |   230.0 | 1,77 | mscp53.txt |1,5e+02 |
| 1 | 1300 | 5000 |   50 |       0.44 |1585349297027 |     226 |   229.0 | 1,33 | mscp53.txt |1,6e+02 |
| 1 | 1400 | 5000 |   50 |       0.45 |1585349297027 |     226 |   229.0 | 1,33 | mscp53.txt |1,7e+02 |
| 1 | 1500 | 5000 |   55 | 0.43636364 |1585349297027 |     226 |   229.0 | 1,33 | mscp53.txt |1,9e+02 |
| 1 | 1600 | 5000 |   55 | 0.43636364 |1585349297027 |     226 |   229.0 | 1,33 | mscp53.txt |2,0e+02 |
| 1 | 1700 | 5000 |   55 | 0.43636364 |1585349297027 |     226 |   229.0 | 1,33 | mscp53.txt |2,2e+02 |
| 1 | 1800 | 5000 |   55 | 0.43636364 |1585349297027 |     226 |   228.0 | 0,88 | mscp53.txt |2,3e+02 |
| 1 | 1900 | 5000 |   60 | 0.41666666 |1585349297027 |     226 |   228.0 | 0,88 | mscp53.txt |2,5e+02 |
| 1 | 2000 | 5000 |   60 | 0.41666666 |1585349297027 |     226 |   228.0 | 0,88 | mscp53.txt |2,7e+02 |
| 1 | 2100 | 5000 |   60 | 0.41666666 |1585349297027 |     226 |   228.0 | 0,88 | mscp53.txt |2,9e+02 |
| 1 | 2200 | 5000 |   60 | 0.41666666 |1585349297027 |     226 |   228.0 | 0,88 | mscp53.txt |3,0e+02 |
| 1 |  200 | 5000 |   65 | 0.41666666 |1585349297027 |     226 |   226.0 | 0,00 | mscp53.txt |3,0e+02 |
| 2 |    1 | 5000 |   35 |       0.25 |1585349599521 |     226 |   284.0 |25,66 | mscp53.txt | 0,10 |
| 2 |  100 | 5000 |   35 | 0.25714287 |1585349599521 |     226 |   236.0 | 4,42 | mscp53.txt |  8,8 |
| 2 |  200 | 5000 |   35 |       0.45 |1585349599521 |     226 |   236.0 | 4,42 | mscp53.txt |   17 |
| 2 |  300 | 5000 |   35 |        0.4 |1585349599521 |     226 |   236.0 | 4,42 | mscp53.txt |   27 |
| 2 |  400 | 5000 |   35 |  0.2857143 |1585349599521 |     226 |   236.0 | 4,42 | mscp53.txt |   36 |
| 2 |  500 | 5000 |   40 |      0.375 |1585349599521 |     226 |   236.0 | 4,42 | mscp53.txt |   47 |
| 2 |  600 | 5000 |   40 |        0.4 |1585349599521 |     226 |   227.0 | 0,44 | mscp53.txt |   57 |
| 2 |  700 | 5000 |   40 |      0.375 |1585349599521 |     226 |   227.0 | 0,44 | mscp53.txt |   67 |
| 2 |  800 | 5000 |   40 |       0.35 |1585349599521 |     226 |   227.0 | 0,44 | mscp53.txt |   77 |
| 2 |  900 | 5000 |   45 |        0.4 |1585349599521 |     226 |   227.0 | 0,44 | mscp53.txt |   89 |
| 2 | 1000 | 5000 |   45 | 0.44444445 |1585349599521 |     226 |   227.0 | 0,44 | mscp53.txt |1,0e+02 |
| 2 | 1100 | 5000 |   45 | 0.42222223 |1585349599521 |     226 |   227.0 | 0,44 | mscp53.txt |1,1e+02 |
| 2 | 1200 | 5000 |   45 | 0.44444445 |1585349599521 |     226 |   227.0 | 0,44 | mscp53.txt |1,2e+02 |
| 2 | 1300 | 5000 |   50 |       0.32 |1585349599521 |     226 |   227.0 | 0,44 | mscp53.txt |1,4e+02 |
| 2 | 1400 | 5000 |   50 |       0.32 |1585349599521 |     226 |   227.0 | 0,44 | mscp53.txt |1,6e+02 |
| 2 | 1500 | 5000 |   50 |       0.32 |1585349599521 |     226 |   227.0 | 0,44 | mscp53.txt |1,7e+02 |
| 2 | 1600 | 5000 |   50 |       0.32 |1585349599521 |     226 |   227.0 | 0,44 | mscp53.txt |1,8e+02 |
| 2 |  200 | 5000 |   55 |       0.32 |1585349599521 |     226 |   226.0 | 0,00 | mscp53.txt |1,9e+02 |
| 3 |    1 | 5000 |   35 |       0.25 |1585349791832 |     226 |   293.0 |29,65 | mscp53.txt | 0,12 |
| 3 |  100 | 5000 |   35 |        0.4 |1585349791832 |     226 |   248.0 | 9,73 | mscp53.txt |  9,2 |
| 3 |  200 | 5000 |   35 |       0.45 |1585349791832 |     226 |   248.0 | 9,73 | mscp53.txt |   18 |
| 3 |  300 | 5000 |   35 |        0.4 |1585349791832 |     226 |   248.0 | 9,73 | mscp53.txt |   27 |
| 3 |  400 | 5000 |   35 | 0.42857143 |1585349791832 |     226 |   239.0 | 5,75 | mscp53.txt |   36 |
| 3 |  500 | 5000 |   40 |       0.45 |1585349791832 |     226 |   232.0 | 2,65 | mscp53.txt |   46 |
| 3 |  600 | 5000 |   40 |       0.45 |1585349791832 |     226 |   232.0 | 2,65 | mscp53.txt |   57 |
| 3 |  700 | 5000 |   40 |       0.45 |1585349791832 |     226 |   232.0 | 2,65 | mscp53.txt |   68 |
| 3 |  800 | 5000 |   40 |       0.45 |1585349791832 |     226 |   230.0 | 1,77 | mscp53.txt |   78 |
| 3 |  900 | 5000 |   45 | 0.44444445 |1585349791832 |     226 |   229.0 | 1,33 | mscp53.txt |   92 |
| 3 | 1000 | 5000 |   45 | 0.42222223 |1585349791832 |     226 |   229.0 | 1,33 | mscp53.txt |1,0e+02 |
| 3 | 1100 | 5000 |   45 | 0.37777779 |1585349791832 |     226 |   229.0 | 1,33 | mscp53.txt |1,2e+02 |
| 3 | 1200 | 5000 |   45 |       0.45 |1585349791832 |     226 |   229.0 | 1,33 | mscp53.txt |1,3e+02 |
| 3 | 1300 | 5000 |   50 |       0.45 |1585349791832 |     226 |   229.0 | 1,33 | mscp53.txt |1,4e+02 |
| 3 | 1400 | 5000 |   50 |       0.45 |1585349791832 |     226 |   229.0 | 1,33 | mscp53.txt |1,5e+02 |
| 3 | 1500 | 5000 |   50 |       0.45 |1585349791832 |     226 |   229.0 | 1,33 | mscp53.txt |1,7e+02 |
| 3 | 1600 | 5000 |   50 |       0.45 |1585349791832 |     226 |   229.0 | 1,33 | mscp53.txt |1,8e+02 |
| 3 | 1700 | 5000 |   55 |       0.45 |1585349791832 |     226 |   229.0 | 1,33 | mscp53.txt |1,9e+02 |
| 3 | 1800 | 5000 |   55 |       0.45 |1585349791832 |     226 |   229.0 | 1,33 | mscp53.txt |2,1e+02 |
| 3 | 1900 | 5000 |   55 |       0.45 |1585349791832 |     226 |   229.0 | 1,33 | mscp53.txt |2,2e+02 |
| 3 | 2000 | 5000 |   55 |       0.45 |1585349791832 |     226 |   229.0 | 1,33 | mscp53.txt |2,4e+02 |
| 3 | 2100 | 5000 |   60 |       0.45 |1585349791832 |     226 |   229.0 | 1,33 | mscp53.txt |2,6e+02 |
| 3 | 2200 | 5000 |   60 |       0.45 |1585349791832 |     226 |   229.0 | 1,33 | mscp53.txt |2,7e+02 |
| 3 | 2300 | 5000 |   60 |       0.45 |1585349791832 |     226 |   229.0 | 1,33 | mscp53.txt |2,9e+02 |
| 3 | 2400 | 5000 |   60 |       0.45 |1585349791832 |     226 |   229.0 | 1,33 | mscp53.txt |3,0e+02 |
| 3 | 2500 | 5000 |   65 |       0.45 |1585349791832 |     226 |   229.0 | 1,33 | mscp53.txt |3,2e+02 |
| 3 | 2600 | 5000 |   65 |       0.45 |1585349791832 |     226 |   229.0 | 1,33 | mscp53.txt |3,4e+02 |
| 3 | 2700 | 5000 |   65 |       0.45 |1585349791832 |     226 |   229.0 | 1,33 | mscp53.txt |3,5e+02 |
| 3 | 2800 | 5000 |   65 |       0.45 |1585349791832 |     226 |   229.0 | 1,33 | mscp53.txt |3,7e+02 |
| 3 | 2900 | 5000 |   70 |       0.45 |1585349791832 |     226 |   229.0 | 1,33 | mscp53.txt |3,9e+02 |
| 3 | 3000 | 5000 |   70 |       0.45 |1585349791832 |     226 |   229.0 | 1,33 | mscp53.txt |4,1e+02 |
| 3 | 3100 | 5000 |   70 |       0.45 |1585349791832 |     226 |   229.0 | 1,33 | mscp53.txt |4,3e+02 |
| 3 | 3200 | 5000 |   70 |       0.45 |1585349791832 |     226 |   229.0 | 1,33 | mscp53.txt |4,4e+02 |
| 3 | 3300 | 5000 |   75 |       0.45 |1585349791832 |     226 |   229.0 | 1,33 | mscp53.txt |4,6e+02 |
| 3 | 3400 | 5000 |   75 |       0.45 |1585349791832 |     226 |   229.0 | 1,33 | mscp53.txt |4,8e+02 |
| 3 | 3500 | 5000 |   75 |       0.45 |1585349791832 |     226 |   229.0 | 1,33 | mscp53.txt |5,0e+02 |
| 3 | 3600 | 5000 |   75 |       0.45 |1585349791832 |     226 |   229.0 | 1,33 | mscp53.txt |5,2e+02 |
| 3 | 3700 | 5000 |   80 |       0.45 |1585349791832 |     226 |   229.0 | 1,33 | mscp53.txt |5,4e+02 |
| 3 | 3800 | 5000 |   80 |       0.45 |1585349791832 |     226 |   229.0 | 1,33 | mscp53.txt |5,6e+02 |
| 3 | 3900 | 5000 |   80 |       0.45 |1585349791832 |     226 |   229.0 | 1,33 | mscp53.txt |5,8e+02 |
| 3 | 4000 | 5000 |   80 |       0.45 |1585349791832 |     226 |   229.0 | 1,33 | mscp53.txt |6,0e+02 |
| 3 | 4100 | 5000 |   85 |       0.45 |1585349791832 |     226 |   229.0 | 1,33 | mscp53.txt |6,2e+02 |
| 3 | 4200 | 5000 |   85 |       0.45 |1585349791832 |     226 |   229.0 | 1,33 | mscp53.txt |6,4e+02 |
| 3 | 4300 | 5000 |   85 |       0.45 |1585349791832 |     226 |   229.0 | 1,33 | mscp53.txt |6,6e+02 |
| 3 | 4400 | 5000 |   85 |       0.45 |1585349791832 |     226 |   229.0 | 1,33 | mscp53.txt |6,8e+02 |
| 3 | 4500 | 5000 |   90 |       0.45 |1585349791832 |     226 |   229.0 | 1,33 | mscp53.txt |7,0e+02 |
| 3 | 4600 | 5000 |   90 |       0.45 |1585349791832 |     226 |   229.0 | 1,33 | mscp53.txt |7,3e+02 |
| 3 | 4700 | 5000 |   90 |       0.45 |1585349791832 |     226 |   229.0 | 1,33 | mscp53.txt |7,5e+02 |
| 3 | 4800 | 5000 |   90 |       0.45 |1585349791832 |     226 |   229.0 | 1,33 | mscp53.txt |7,7e+02 |
| 3 | 4900 | 5000 |   95 |       0.45 |1585349791832 |     226 |   229.0 | 1,33 | mscp53.txt |8,0e+02 |
| 3 | 5000 | 5000 |   95 |       0.45 |1585349791832 |     226 |   229.0 | 1,33 | mscp53.txt |8,2e+02 |
| 3 |  200 | 5000 |   95 |       0.45 |1585349791832 |     226 |   229.0 | 1,33 | mscp53.txt |8,2e+02 |
| 4 |    1 | 5000 |   35 |       0.25 |1585350612904 |     226 |   292.0 |29,20 | mscp53.txt | 0,13 |
| 4 |  100 | 5000 |   35 |        0.4 |1585350612904 |     226 |   249.0 |10,18 | mscp53.txt |  8,4 |
| 4 |  200 | 5000 |   35 | 0.31428573 |1585350612904 |     226 |   242.0 | 7,08 | mscp53.txt |   17 |
| 4 |  300 | 5000 |   40 |       0.45 |1585350612904 |     226 |   233.0 | 3,10 | mscp53.txt |   28 |
| 4 |  400 | 5000 |   40 |       0.45 |1585350612904 |     226 |   230.0 | 1,77 | mscp53.txt |   38 |
| 4 |  500 | 5000 |   40 |       0.45 |1585350612904 |     226 |   230.0 | 1,77 | mscp53.txt |   53 |
| 4 |  600 | 5000 |   40 |       0.45 |1585350612904 |     226 |   229.0 | 1,33 | mscp53.txt |   63 |
| 4 |  700 | 5000 |   45 |       0.45 |1585350612904 |     226 |   229.0 | 1,33 | mscp53.txt |   81 |
| 4 |  800 | 5000 |   45 |       0.45 |1585350612904 |     226 |   229.0 | 1,33 | mscp53.txt |   94 |
| 4 |  900 | 5000 |   45 | 0.44444445 |1585350612904 |     226 |   229.0 | 1,33 | mscp53.txt |1,1e+02 |
| 4 | 1000 | 5000 |   45 | 0.44444445 |1585350612904 |     226 |   229.0 | 1,33 | mscp53.txt |1,2e+02 |
| 4 | 1100 | 5000 |   50 |       0.45 |1585350612904 |     226 |   229.0 | 1,33 | mscp53.txt |1,3e+02 |
| 4 | 1200 | 5000 |   50 |       0.42 |1585350612904 |     226 |   229.0 | 1,33 | mscp53.txt |1,4e+02 |
| 4 | 1300 | 5000 |   50 |       0.42 |1585350612904 |     226 |   229.0 | 1,33 | mscp53.txt |1,6e+02 |
| 4 | 1400 | 5000 |   50 |       0.44 |1585350612904 |     226 |   229.0 | 1,33 | mscp53.txt |1,7e+02 |
| 4 | 1500 | 5000 |   55 |       0.45 |1585350612904 |     226 |   229.0 | 1,33 | mscp53.txt |1,9e+02 |
| 4 | 1600 | 5000 |   55 | 0.43636364 |1585350612904 |     226 |   229.0 | 1,33 | mscp53.txt |2,0e+02 |
| 4 | 1700 | 5000 |   55 | 0.43636364 |1585350612904 |     226 |   229.0 | 1,33 | mscp53.txt |2,1e+02 |
| 4 | 1800 | 5000 |   55 | 0.43636364 |1585350612904 |     226 |   229.0 | 1,33 | mscp53.txt |2,3e+02 |
| 4 | 1900 | 5000 |   60 |        0.4 |1585350612904 |     226 |   229.0 | 1,33 | mscp53.txt |2,4e+02 |
| 4 | 2000 | 5000 |   60 |        0.4 |1585350612904 |     226 |   229.0 | 1,33 | mscp53.txt |2,6e+02 |
| 4 | 2100 | 5000 |   60 |        0.4 |1585350612904 |     226 |   229.0 | 1,33 | mscp53.txt |2,7e+02 |
| 4 | 2200 | 5000 |   60 |       0.45 |1585350612904 |     226 |   228.0 | 0,88 | mscp53.txt |2,9e+02 |
| 4 | 2300 | 5000 |   65 |       0.45 |1585350612904 |     226 |   228.0 | 0,88 | mscp53.txt |3,1e+02 |
| 4 | 2400 | 5000 |   65 |       0.45 |1585350612904 |     226 |   228.0 | 0,88 | mscp53.txt |3,3e+02 |
| 4 | 2500 | 5000 |   65 |       0.45 |1585350612904 |     226 |   228.0 | 0,88 | mscp53.txt |3,5e+02 |
| 4 | 2600 | 5000 |   65 |       0.45 |1585350612904 |     226 |   228.0 | 0,88 | mscp53.txt |3,7e+02 |
| 4 | 2700 | 5000 |   70 |       0.45 |1585350612904 |     226 |   228.0 | 0,88 | mscp53.txt |3,8e+02 |
| 4 | 2800 | 5000 |   70 |       0.45 |1585350612904 |     226 |   228.0 | 0,88 | mscp53.txt |4,0e+02 |
| 4 | 2900 | 5000 |   70 |       0.45 |1585350612904 |     226 |   228.0 | 0,88 | mscp53.txt |4,2e+02 |
| 4 | 3000 | 5000 |   70 |       0.45 |1585350612904 |     226 |   228.0 | 0,88 | mscp53.txt |4,4e+02 |
| 4 | 3100 | 5000 |   75 |       0.45 |1585350612904 |     226 |   228.0 | 0,88 | mscp53.txt |4,6e+02 |
| 4 | 3200 | 5000 |   75 |       0.45 |1585350612904 |     226 |   228.0 | 0,88 | mscp53.txt |4,7e+02 |
| 4 | 3300 | 5000 |   75 |       0.45 |1585350612904 |     226 |   228.0 | 0,88 | mscp53.txt |5,0e+02 |
| 4 | 3400 | 5000 |   75 |       0.45 |1585350612904 |     226 |   228.0 | 0,88 | mscp53.txt |5,1e+02 |
| 4 | 3500 | 5000 |   80 |       0.45 |1585350612904 |     226 |   228.0 | 0,88 | mscp53.txt |5,4e+02 |
| 4 | 3600 | 5000 |   80 |       0.45 |1585350612904 |     226 |   228.0 | 0,88 | mscp53.txt |5,6e+02 |
| 4 | 3700 | 5000 |   80 |       0.45 |1585350612904 |     226 |   228.0 | 0,88 | mscp53.txt |5,8e+02 |
| 4 | 3800 | 5000 |   80 |       0.45 |1585350612904 |     226 |   228.0 | 0,88 | mscp53.txt |6,0e+02 |
| 4 | 3900 | 5000 |   85 |       0.45 |1585350612904 |     226 |   228.0 | 0,88 | mscp53.txt |6,2e+02 |
| 4 | 4000 | 5000 |   85 |       0.45 |1585350612904 |     226 |   228.0 | 0,88 | mscp53.txt |6,4e+02 |
| 4 | 4100 | 5000 |   85 |       0.45 |1585350612904 |     226 |   228.0 | 0,88 | mscp53.txt |6,6e+02 |
| 4 | 4200 | 5000 |   85 |       0.45 |1585350612904 |     226 |   228.0 | 0,88 | mscp53.txt |6,8e+02 |
| 4 | 4300 | 5000 |   90 |       0.45 |1585350612904 |     226 |   228.0 | 0,88 | mscp53.txt |7,1e+02 |
| 4 | 4400 | 5000 |   90 |       0.45 |1585350612904 |     226 |   228.0 | 0,88 | mscp53.txt |7,3e+02 |
| 4 | 4500 | 5000 |   90 |       0.45 |1585350612904 |     226 |   228.0 | 0,88 | mscp53.txt |7,5e+02 |
| 4 | 4600 | 5000 |   90 |       0.45 |1585350612904 |     226 |   228.0 | 0,88 | mscp53.txt |7,8e+02 |
| 4 | 4700 | 5000 |   95 |       0.45 |1585350612904 |     226 |   228.0 | 0,88 | mscp53.txt |8,0e+02 |
| 4 | 4800 | 5000 |   95 |       0.45 |1585350612904 |     226 |   228.0 | 0,88 | mscp53.txt |8,2e+02 |
| 4 | 4900 | 5000 |   95 |       0.45 |1585350612904 |     226 |   228.0 | 0,88 | mscp53.txt |8,5e+02 |
| 4 | 5000 | 5000 |   95 |       0.45 |1585350612904 |     226 |   228.0 | 0,88 | mscp53.txt |8,7e+02 |
| 4 |  200 | 5000 |  100 |       0.45 |1585350612904 |     226 |   228.0 | 0,88 | mscp53.txt |8,7e+02 |
| 5 |    1 | 5000 |   35 |       0.25 |1585351486611 |     226 |   294.0 |30,09 | mscp53.txt | 0,12 |
| 5 |  100 | 5000 |   35 |       0.45 |1585351486611 |     226 |   251.0 |11,06 | mscp53.txt |  8,9 |
| 5 |  200 | 5000 |   35 | 0.34285715 |1585351486611 |     226 |   242.0 | 7,08 | mscp53.txt |   17 |
| 5 |  300 | 5000 |   35 |        0.4 |1585351486611 |     226 |   240.0 | 6,19 | mscp53.txt |   29 |
| 5 |  400 | 5000 |   35 | 0.34285715 |1585351486611 |     226 |   237.0 | 4,87 | mscp53.txt |   37 |
| 5 |  500 | 5000 |   35 | 0.31428573 |1585351486611 |     226 |   232.0 | 2,65 | mscp53.txt |   49 |
| 5 |  600 | 5000 |   40 |       0.45 |1585351486611 |     226 |   232.0 | 2,65 | mscp53.txt |   60 |
| 5 |  700 | 5000 |   40 |      0.325 |1585351486611 |     226 |   232.0 | 2,65 | mscp53.txt |   71 |
| 5 |  800 | 5000 |   40 |        0.3 |1585351486611 |     226 |   231.0 | 2,21 | mscp53.txt |   81 |
| 5 |  900 | 5000 |   40 |        0.3 |1585351486611 |     226 |   230.0 | 1,77 | mscp53.txt |   92 |
| 5 | 1000 | 5000 |   45 |       0.45 |1585351486611 |     226 |   229.0 | 1,33 | mscp53.txt |1,0e+02 |
| 5 | 1100 | 5000 |   45 |       0.45 |1585351486611 |     226 |   229.0 | 1,33 | mscp53.txt |1,2e+02 |
| 5 | 1200 | 5000 |   45 |       0.45 |1585351486611 |     226 |   228.0 | 0,88 | mscp53.txt |1,3e+02 |
| 5 | 1300 | 5000 |   45 | 0.44444445 |1585351486611 |     226 |   228.0 | 0,88 | mscp53.txt |1,4e+02 |
| 5 | 1400 | 5000 |   50 |       0.38 |1585351486611 |     226 |   228.0 | 0,88 | mscp53.txt |1,5e+02 |
| 5 | 1500 | 5000 |   50 |       0.34 |1585351486611 |     226 |   228.0 | 0,88 | mscp53.txt |1,7e+02 |
| 5 | 1600 | 5000 |   50 |       0.45 |1585351486611 |     226 |   228.0 | 0,88 | mscp53.txt |1,8e+02 |
| 5 | 1700 | 5000 |   50 |       0.45 |1585351486611 |     226 |   227.0 | 0,44 | mscp53.txt |2,0e+02 |
| 5 | 1800 | 5000 |   55 |  0.4181818 |1585351486611 |     226 |   227.0 | 0,44 | mscp53.txt |2,1e+02 |
| 5 | 1900 | 5000 |   55 |  0.4181818 |1585351486611 |     226 |   227.0 | 0,44 | mscp53.txt |2,2e+02 |
| 5 | 2000 | 5000 |   55 |  0.4181818 |1585351486611 |     226 |   227.0 | 0,44 | mscp53.txt |2,4e+02 |
| 5 | 2100 | 5000 |   55 |  0.4181818 |1585351486611 |     226 |   227.0 | 0,44 | mscp53.txt |2,5e+02 |
| 5 | 2200 | 5000 |   60 | 0.41666666 |1585351486611 |     226 |   227.0 | 0,44 | mscp53.txt |2,7e+02 |
| 5 |  200 | 5000 |   60 | 0.41666666 |1585351486611 |     226 |   226.0 | 0,00 | mscp53.txt |2,7e+02 |
| 6 |    1 | 5000 |   35 |       0.25 |1585351760478 |     226 |   306.0 |35,40 | mscp53.txt | 0,13 |
| 6 |  100 | 5000 |   35 |        0.4 |1585351760478 |     226 |   243.0 | 7,52 | mscp53.txt |   12 |
| 6 |  200 | 5000 |   35 | 0.37142858 |1585351760478 |     226 |   242.0 | 7,08 | mscp53.txt |   20 |
| 6 |  300 | 5000 |   35 | 0.34285715 |1585351760478 |     226 |   242.0 | 7,08 | mscp53.txt |   29 |
| 6 |  400 | 5000 |   40 |       0.35 |1585351760478 |     226 |   237.0 | 4,87 | mscp53.txt |   39 |
| 6 |  500 | 5000 |   40 |        0.3 |1585351760478 |     226 |   237.0 | 4,87 | mscp53.txt |   52 |
| 6 |  600 | 5000 |   40 |       0.45 |1585351760478 |     226 |   228.0 | 0,88 | mscp53.txt |   63 |
| 6 |  700 | 5000 |   40 |      0.425 |1585351760478 |     226 |   228.0 | 0,88 | mscp53.txt |   74 |
| 6 |  800 | 5000 |   45 |       0.45 |1585351760478 |     226 |   228.0 | 0,88 | mscp53.txt |   85 |
| 6 |  900 | 5000 |   45 |        0.4 |1585351760478 |     226 |   228.0 | 0,88 | mscp53.txt |   98 |
| 6 | 1000 | 5000 |   45 | 0.33333334 |1585351760478 |     226 |   228.0 | 0,88 | mscp53.txt |1,1e+02 |
| 6 | 1100 | 5000 |   45 | 0.33333334 |1585351760478 |     226 |   228.0 | 0,88 | mscp53.txt |1,2e+02 |
| 6 | 1200 | 5000 |   50 |       0.36 |1585351760478 |     226 |   228.0 | 0,88 | mscp53.txt |1,3e+02 |
| 6 | 1300 | 5000 |   50 |       0.44 |1585351760478 |     226 |   228.0 | 0,88 | mscp53.txt |1,5e+02 |
| 6 | 1400 | 5000 |   50 |       0.45 |1585351760478 |     226 |   228.0 | 0,88 | mscp53.txt |1,6e+02 |
| 6 |  200 | 5000 |   50 |       0.45 |1585351760478 |     226 |   226.0 | 0,00 | mscp53.txt |1,6e+02 |
| 7 |    1 | 5000 |   35 |       0.25 |1585351925025 |     226 |   282.0 |24,78 | mscp53.txt | 0,13 |
| 7 |  100 | 5000 |   35 |        0.2 |1585351925025 |     226 |   238.0 | 5,31 | mscp53.txt |   12 |
| 7 |  200 | 5000 |   40 |       0.45 |1585351925025 |     226 |   229.0 | 1,33 | mscp53.txt |   23 |
| 7 |  300 | 5000 |   40 |      0.375 |1585351925025 |     226 |   229.0 | 1,33 | mscp53.txt |   34 |
| 7 |  400 | 5000 |   40 |      0.275 |1585351925025 |     226 |   229.0 | 1,33 | mscp53.txt |   45 |
| 7 |  500 | 5000 |   40 |      0.275 |1585351925025 |     226 |   228.0 | 0,88 | mscp53.txt |   55 |
| 7 |  600 | 5000 |   45 | 0.31111112 |1585351925025 |     226 |   228.0 | 0,88 | mscp53.txt |   68 |
| 7 |  700 | 5000 |   45 | 0.26666668 |1585351925025 |     226 |   228.0 | 0,88 | mscp53.txt |   80 |
| 7 |  800 | 5000 |   45 | 0.37777779 |1585351925025 |     226 |   228.0 | 0,88 | mscp53.txt |   95 |
| 7 |  900 | 5000 |   45 | 0.35555556 |1585351925025 |     226 |   228.0 | 0,88 | mscp53.txt |1,1e+02 |
| 7 | 1000 | 5000 |   50 |       0.45 |1585351925025 |     226 |   228.0 | 0,88 | mscp53.txt |1,2e+02 |
| 7 | 1100 | 5000 |   50 |       0.38 |1585351925025 |     226 |   228.0 | 0,88 | mscp53.txt |1,4e+02 |
| 7 | 1200 | 5000 |   50 |       0.45 |1585351925025 |     226 |   228.0 | 0,88 | mscp53.txt |1,5e+02 |
| 7 | 1300 | 5000 |   50 |       0.45 |1585351925025 |     226 |   228.0 | 0,88 | mscp53.txt |1,6e+02 |
| 7 | 1400 | 5000 |   55 |       0.45 |1585351925025 |     226 |   228.0 | 0,88 | mscp53.txt |1,7e+02 |
| 7 | 1500 | 5000 |   55 |       0.45 |1585351925025 |     226 |   228.0 | 0,88 | mscp53.txt |1,9e+02 |
| 7 | 1600 | 5000 |   55 |       0.45 |1585351925025 |     226 |   228.0 | 0,88 | mscp53.txt |2,0e+02 |
| 7 | 1700 | 5000 |   55 |       0.45 |1585351925025 |     226 |   228.0 | 0,88 | mscp53.txt |2,2e+02 |
| 7 | 1800 | 5000 |   60 |       0.45 |1585351925025 |     226 |   228.0 | 0,88 | mscp53.txt |2,3e+02 |
| 7 | 1900 | 5000 |   60 |       0.45 |1585351925025 |     226 |   228.0 | 0,88 | mscp53.txt |2,5e+02 |
| 7 | 2000 | 5000 |   60 |       0.45 |1585351925025 |     226 |   228.0 | 0,88 | mscp53.txt |2,6e+02 |
| 7 | 2100 | 5000 |   60 |       0.45 |1585351925025 |     226 |   228.0 | 0,88 | mscp53.txt |2,8e+02 |
| 7 | 2200 | 5000 |   65 |       0.45 |1585351925025 |     226 |   228.0 | 0,88 | mscp53.txt |3,0e+02 |
| 7 | 2300 | 5000 |   65 |       0.45 |1585351925025 |     226 |   228.0 | 0,88 | mscp53.txt |3,1e+02 |
| 7 | 2400 | 5000 |   65 |       0.45 |1585351925025 |     226 |   228.0 | 0,88 | mscp53.txt |3,3e+02 |
| 7 | 2500 | 5000 |   65 |       0.45 |1585351925025 |     226 |   228.0 | 0,88 | mscp53.txt |3,4e+02 |
| 7 | 2600 | 5000 |   70 |       0.45 |1585351925025 |     226 |   228.0 | 0,88 | mscp53.txt |3,6e+02 |
| 7 | 2700 | 5000 |   70 |       0.45 |1585351925025 |     226 |   228.0 | 0,88 | mscp53.txt |3,8e+02 |
| 7 | 2800 | 5000 |   70 |       0.45 |1585351925025 |     226 |   228.0 | 0,88 | mscp53.txt |4,0e+02 |
| 7 | 2900 | 5000 |   70 |       0.45 |1585351925025 |     226 |   228.0 | 0,88 | mscp53.txt |4,2e+02 |
| 7 | 3000 | 5000 |   75 |       0.45 |1585351925025 |     226 |   228.0 | 0,88 | mscp53.txt |4,4e+02 |
| 7 | 3100 | 5000 |   75 |       0.45 |1585351925025 |     226 |   228.0 | 0,88 | mscp53.txt |4,6e+02 |
| 7 | 3200 | 5000 |   75 |       0.45 |1585351925025 |     226 |   228.0 | 0,88 | mscp53.txt |4,8e+02 |
| 7 | 3300 | 5000 |   75 |       0.45 |1585351925025 |     226 |   228.0 | 0,88 | mscp53.txt |5,0e+02 |
| 7 | 3400 | 5000 |   80 |       0.45 |1585351925025 |     226 |   228.0 | 0,88 | mscp53.txt |5,2e+02 |
| 7 | 3500 | 5000 |   80 |       0.45 |1585351925025 |     226 |   228.0 | 0,88 | mscp53.txt |5,4e+02 |
| 7 | 3600 | 5000 |   80 |       0.45 |1585351925025 |     226 |   228.0 | 0,88 | mscp53.txt |5,6e+02 |
| 7 | 3700 | 5000 |   80 |       0.45 |1585351925025 |     226 |   228.0 | 0,88 | mscp53.txt |5,8e+02 |
| 7 | 3800 | 5000 |   85 |       0.45 |1585351925025 |     226 |   228.0 | 0,88 | mscp53.txt |6,0e+02 |
| 7 | 3900 | 5000 |   85 |       0.45 |1585351925025 |     226 |   228.0 | 0,88 | mscp53.txt |6,2e+02 |
| 7 | 4000 | 5000 |   85 |       0.45 |1585351925025 |     226 |   228.0 | 0,88 | mscp53.txt |6,4e+02 |
| 7 | 4100 | 5000 |   85 |       0.45 |1585351925025 |     226 |   228.0 | 0,88 | mscp53.txt |6,6e+02 |
| 7 | 4200 | 5000 |   90 |       0.45 |1585351925025 |     226 |   228.0 | 0,88 | mscp53.txt |6,9e+02 |
| 7 | 4300 | 5000 |   90 |       0.45 |1585351925025 |     226 |   228.0 | 0,88 | mscp53.txt |7,1e+02 |
| 7 | 4400 | 5000 |   90 |       0.45 |1585351925025 |     226 |   228.0 | 0,88 | mscp53.txt |7,3e+02 |
| 7 | 4500 | 5000 |   90 |       0.45 |1585351925025 |     226 |   228.0 | 0,88 | mscp53.txt |7,5e+02 |
| 7 | 4600 | 5000 |   95 |       0.45 |1585351925025 |     226 |   228.0 | 0,88 | mscp53.txt |7,8e+02 |
| 7 | 4700 | 5000 |   95 |       0.45 |1585351925025 |     226 |   228.0 | 0,88 | mscp53.txt |8,0e+02 |
| 7 | 4800 | 5000 |   95 |       0.45 |1585351925025 |     226 |   228.0 | 0,88 | mscp53.txt |8,2e+02 |
| 7 | 4900 | 5000 |   95 |       0.45 |1585351925025 |     226 |   228.0 | 0,88 | mscp53.txt |8,5e+02 |
| 7 | 5000 | 5000 |  100 |       0.45 |1585351925025 |     226 |   228.0 | 0,88 | mscp53.txt |8,8e+02 |
| 7 |  200 | 5000 |  100 |       0.45 |1585351925025 |     226 |   228.0 | 0,88 | mscp53.txt |8,8e+02 |
| 8 |    1 | 5000 |   35 |       0.25 |1585352803913 |     226 |   303.0 |34,07 | mscp53.txt |0,077 |
| 8 |  100 | 5000 |   35 |       0.45 |1585352803913 |     226 |   250.0 |10,62 | mscp53.txt |   12 |
| 8 |  200 | 5000 |   35 |        0.4 |1585352803913 |     226 |   246.0 | 8,85 | mscp53.txt |   21 |
| 8 |  300 | 5000 |   35 | 0.25714287 |1585352803913 |     226 |   241.0 | 6,64 | mscp53.txt |   30 |
| 8 |  400 | 5000 |   40 |       0.45 |1585352803913 |     226 |   240.0 | 6,19 | mscp53.txt |   42 |
| 8 |  500 | 5000 |   40 |      0.275 |1585352803913 |     226 |   231.0 | 2,21 | mscp53.txt |   52 |
| 8 |  600 | 5000 |   40 |        0.3 |1585352803913 |     226 |   231.0 | 2,21 | mscp53.txt |   66 |
| 8 |  700 | 5000 |   40 |      0.425 |1585352803913 |     226 |   229.0 | 1,33 | mscp53.txt |   77 |
| 8 |  800 | 5000 |   45 | 0.33333334 |1585352803913 |     226 |   229.0 | 1,33 | mscp53.txt |   91 |
| 8 |  900 | 5000 |   45 | 0.33333334 |1585352803913 |     226 |   229.0 | 1,33 | mscp53.txt |1,0e+02 |
| 8 | 1000 | 5000 |   45 | 0.31111112 |1585352803913 |     226 |   229.0 | 1,33 | mscp53.txt |1,1e+02 |
| 8 | 1100 | 5000 |   45 | 0.33333334 |1585352803913 |     226 |   229.0 | 1,33 | mscp53.txt |1,3e+02 |
| 8 | 1200 | 5000 |   50 |        0.3 |1585352803913 |     226 |   229.0 | 1,33 | mscp53.txt |1,4e+02 |
| 8 | 1300 | 5000 |   50 |       0.45 |1585352803913 |     226 |   229.0 | 1,33 | mscp53.txt |1,5e+02 |
| 8 | 1400 | 5000 |   50 |       0.45 |1585352803913 |     226 |   229.0 | 1,33 | mscp53.txt |1,7e+02 |
| 8 | 1500 | 5000 |   50 |       0.45 |1585352803913 |     226 |   229.0 | 1,33 | mscp53.txt |1,8e+02 |
| 8 | 1600 | 5000 |   55 |       0.45 |1585352803913 |     226 |   229.0 | 1,33 | mscp53.txt |2,0e+02 |
| 8 | 1700 | 5000 |   55 |       0.45 |1585352803913 |     226 |   229.0 | 1,33 | mscp53.txt |2,1e+02 |
| 8 | 1800 | 5000 |   55 |       0.45 |1585352803913 |     226 |   229.0 | 1,33 | mscp53.txt |2,3e+02 |
| 8 | 1900 | 5000 |   55 |       0.45 |1585352803913 |     226 |   229.0 | 1,33 | mscp53.txt |2,4e+02 |
| 8 | 2000 | 5000 |   60 |       0.45 |1585352803913 |     226 |   229.0 | 1,33 | mscp53.txt |2,6e+02 |
| 8 |  200 | 5000 |   60 |       0.45 |1585352803913 |     226 |   226.0 | 0,00 | mscp53.txt |2,7e+02 |
| 9 |    1 | 5000 |   35 |       0.25 |1585353071607 |     226 |   295.0 |30,53 | mscp53.txt | 0,13 |
| 9 |  100 | 5000 |   35 |        0.4 |1585353071607 |     226 |   256.0 |13,27 | mscp53.txt |  9,7 |
| 9 |  200 | 5000 |   35 |       0.45 |1585353071607 |     226 |   253.0 |11,95 | mscp53.txt |   18 |
| 9 |  300 | 5000 |   35 | 0.25714287 |1585353071607 |     226 |   242.0 | 7,08 | mscp53.txt |   27 |
| 9 |  400 | 5000 |   35 | 0.31428573 |1585353071607 |     226 |   240.0 | 6,19 | mscp53.txt |   35 |
| 9 |  500 | 5000 |   40 |       0.45 |1585353071607 |     226 |   237.0 | 4,87 | mscp53.txt |   49 |
| 9 |  600 | 5000 |   40 |       0.45 |1585353071607 |     226 |   234.0 | 3,54 | mscp53.txt |   60 |
| 9 |  700 | 5000 |   40 |       0.45 |1585353071607 |     226 |   234.0 | 3,54 | mscp53.txt |   71 |
| 9 |  800 | 5000 |   40 |       0.45 |1585353071607 |     226 |   233.0 | 3,10 | mscp53.txt |   81 |
| 9 |  900 | 5000 |   45 |       0.45 |1585353071607 |     226 |   230.0 | 1,77 | mscp53.txt |   93 |
| 9 | 1000 | 5000 |   45 |       0.45 |1585353071607 |     226 |   230.0 | 1,77 | mscp53.txt |1,1e+02 |
| 9 | 1100 | 5000 |   45 |       0.45 |1585353071607 |     226 |   230.0 | 1,77 | mscp53.txt |1,2e+02 |
| 9 | 1200 | 5000 |   45 |        0.4 |1585353071607 |     226 |   230.0 | 1,77 | mscp53.txt |1,4e+02 |
| 9 | 1300 | 5000 |   50 |       0.42 |1585353071607 |     226 |   229.0 | 1,33 | mscp53.txt |1,5e+02 |
| 9 | 1400 | 5000 |   50 |       0.44 |1585353071607 |     226 |   229.0 | 1,33 | mscp53.txt |1,6e+02 |
| 9 | 1500 | 5000 |   50 |       0.42 |1585353071607 |     226 |   229.0 | 1,33 | mscp53.txt |1,8e+02 |
| 9 | 1600 | 5000 |   50 |       0.44 |1585353071607 |     226 |   229.0 | 1,33 | mscp53.txt |1,9e+02 |
| 9 | 1700 | 5000 |   55 |        0.4 |1585353071607 |     226 |   229.0 | 1,33 | mscp53.txt |2,1e+02 |
| 9 | 1800 | 5000 |   55 |        0.4 |1585353071607 |     226 |   228.0 | 0,88 | mscp53.txt |2,2e+02 |
| 9 | 1900 | 5000 |   55 |  0.4181818 |1585353071607 |     226 |   228.0 | 0,88 | mscp53.txt |2,3e+02 |
| 9 | 2000 | 5000 |   55 |  0.4181818 |1585353071607 |     226 |   228.0 | 0,88 | mscp53.txt |2,5e+02 |
| 9 | 2100 | 5000 |   60 | 0.38333333 |1585353071607 |     226 |   228.0 | 0,88 | mscp53.txt |2,7e+02 |
| 9 | 2200 | 5000 |   60 | 0.38333333 |1585353071607 |     226 |   228.0 | 0,88 | mscp53.txt |2,8e+02 |
| 9 | 2300 | 5000 |   60 |        0.4 |1585353071607 |     226 |   228.0 | 0,88 | mscp53.txt |3,0e+02 |
| 9 | 2400 | 5000 |   60 | 0.41666666 |1585353071607 |     226 |   228.0 | 0,88 | mscp53.txt |3,1e+02 |
| 9 | 2500 | 5000 |   65 | 0.41538462 |1585353071607 |     226 |   228.0 | 0,88 | mscp53.txt |3,3e+02 |
| 9 | 2600 | 5000 |   65 | 0.41538462 |1585353071607 |     226 |   228.0 | 0,88 | mscp53.txt |3,5e+02 |
| 9 | 2700 | 5000 |   65 | 0.41538462 |1585353071607 |     226 |   228.0 | 0,88 | mscp53.txt |3,7e+02 |
| 9 | 2800 | 5000 |   65 | 0.41538462 |1585353071607 |     226 |   228.0 | 0,88 | mscp53.txt |3,8e+02 |
| 9 | 2900 | 5000 |   70 |        0.4 |1585353071607 |     226 |   228.0 | 0,88 | mscp53.txt |4,0e+02 |
| 9 | 3000 | 5000 |   70 | 0.35714287 |1585353071607 |     226 |   228.0 | 0,88 | mscp53.txt |4,2e+02 |
| 9 | 3100 | 5000 |   70 | 0.35714287 |1585353071607 |     226 |   228.0 | 0,88 | mscp53.txt |4,4e+02 |
| 9 | 3200 | 5000 |   70 |       0.45 |1585353071607 |     226 |   228.0 | 0,88 | mscp53.txt |4,6e+02 |
| 9 | 3300 | 5000 |   75 |       0.45 |1585353071607 |     226 |   228.0 | 0,88 | mscp53.txt |4,8e+02 |
| 9 | 3400 | 5000 |   75 |       0.45 |1585353071607 |     226 |   228.0 | 0,88 | mscp53.txt |5,0e+02 |
| 9 | 3500 | 5000 |   75 |       0.45 |1585353071607 |     226 |   228.0 | 0,88 | mscp53.txt |5,2e+02 |
| 9 | 3600 | 5000 |   75 |       0.45 |1585353071607 |     226 |   228.0 | 0,88 | mscp53.txt |5,4e+02 |
| 9 | 3700 | 5000 |   80 |       0.45 |1585353071607 |     226 |   228.0 | 0,88 | mscp53.txt |5,6e+02 |
| 9 | 3800 | 5000 |   80 |       0.45 |1585353071607 |     226 |   228.0 | 0,88 | mscp53.txt |5,8e+02 |
| 9 | 3900 | 5000 |   80 |       0.45 |1585353071607 |     226 |   228.0 | 0,88 | mscp53.txt |6,0e+02 |
| 9 | 4000 | 5000 |   80 |       0.45 |1585353071607 |     226 |   228.0 | 0,88 | mscp53.txt |6,2e+02 |
| 9 | 4100 | 5000 |   85 |       0.45 |1585353071607 |     226 |   228.0 | 0,88 | mscp53.txt |6,4e+02 |
| 9 | 4200 | 5000 |   85 |  0.4117647 |1585353071607 |     226 |   228.0 | 0,88 | mscp53.txt |6,6e+02 |
| 9 | 4300 | 5000 |   85 |  0.4117647 |1585353071607 |     226 |   228.0 | 0,88 | mscp53.txt |6,8e+02 |
| 9 | 4400 | 5000 |   85 |  0.4117647 |1585353071607 |     226 |   228.0 | 0,88 | mscp53.txt |7,0e+02 |
| 9 | 4500 | 5000 |   90 |       0.45 |1585353071607 |     226 |   228.0 | 0,88 | mscp53.txt |7,2e+02 |
| 9 | 4600 | 5000 |   90 |       0.45 |1585353071607 |     226 |   228.0 | 0,88 | mscp53.txt |7,5e+02 |
| 9 | 4700 | 5000 |   90 |       0.45 |1585353071607 |     226 |   228.0 | 0,88 | mscp53.txt |7,7e+02 |
| 9 | 4800 | 5000 |   90 |       0.45 |1585353071607 |     226 |   228.0 | 0,88 | mscp53.txt |7,9e+02 |
| 9 | 4900 | 5000 |   95 |       0.45 |1585353071607 |     226 |   228.0 | 0,88 | mscp53.txt |8,2e+02 |
| 9 | 5000 | 5000 |   95 |       0.45 |1585353071607 |     226 |   228.0 | 0,88 | mscp53.txt |8,4e+02 |
| 9 |  200 | 5000 |   95 |       0.45 |1585353071607 |     226 |   228.0 | 0,88 | mscp53.txt |8,4e+02 |
|10 |    1 | 5000 |   35 |       0.25 |1585353909779 |     226 |   298.0 |31,86 | mscp53.txt |0,073 |
|10 |  100 | 5000 |   35 | 0.37142858 |1585353909779 |     226 |   248.0 | 9,73 | mscp53.txt |  8,1 |
|10 |  200 | 5000 |   35 |  0.2857143 |1585353909779 |     226 |   239.0 | 5,75 | mscp53.txt |   17 |
|10 |  300 | 5000 |   40 |      0.375 |1585353909779 |     226 |   232.0 | 2,65 | mscp53.txt |   29 |
|10 |  400 | 5000 |   40 |      0.425 |1585353909779 |     226 |   230.0 | 1,77 | mscp53.txt |   39 |
|10 |  500 | 5000 |   40 |      0.375 |1585353909779 |     226 |   230.0 | 1,77 | mscp53.txt |   50 |
|10 |  600 | 5000 |   40 |        0.4 |1585353909779 |     226 |   230.0 | 1,77 | mscp53.txt |   61 |
|10 |  700 | 5000 |   45 | 0.37777779 |1585353909779 |     226 |   229.0 | 1,33 | mscp53.txt |   73 |
|10 |  800 | 5000 |   45 | 0.35555556 |1585353909779 |     226 |   229.0 | 1,33 | mscp53.txt |   85 |
|10 |  900 | 5000 |   45 |        0.4 |1585353909779 |     226 |   229.0 | 1,33 | mscp53.txt |   97 |
|10 | 1000 | 5000 |   45 | 0.35555556 |1585353909779 |     226 |   229.0 | 1,33 | mscp53.txt |1,1e+02 |
|10 | 1100 | 5000 |   50 |       0.44 |1585353909779 |     226 |   229.0 | 1,33 | mscp53.txt |1,2e+02 |
|10 | 1200 | 5000 |   50 |       0.44 |1585353909779 |     226 |   229.0 | 1,33 | mscp53.txt |1,4e+02 |
|10 | 1300 | 5000 |   50 |       0.44 |1585353909779 |     226 |   229.0 | 1,33 | mscp53.txt |1,5e+02 |
|10 | 1400 | 5000 |   50 |       0.44 |1585353909779 |     226 |   229.0 | 1,33 | mscp53.txt |1,7e+02 |
|10 | 1500 | 5000 |   55 |  0.4181818 |1585353909779 |     226 |   229.0 | 1,33 | mscp53.txt |1,8e+02 |
|10 | 1600 | 5000 |   55 | 0.43636364 |1585353909779 |     226 |   229.0 | 1,33 | mscp53.txt |2,0e+02 |
|10 | 1700 | 5000 |   55 | 0.43636364 |1585353909779 |     226 |   229.0 | 1,33 | mscp53.txt |2,1e+02 |
|10 | 1800 | 5000 |   55 |  0.4181818 |1585353909779 |     226 |   229.0 | 1,33 | mscp53.txt |2,3e+02 |
|10 | 1900 | 5000 |   60 |        0.4 |1585353909779 |     226 |   229.0 | 1,33 | mscp53.txt |2,4e+02 |
|10 | 2000 | 5000 |   60 | 0.36666667 |1585353909779 |     226 |   229.0 | 1,33 | mscp53.txt |2,6e+02 |
|10 | 2100 | 5000 |   60 | 0.36666667 |1585353909779 |     226 |   229.0 | 1,33 | mscp53.txt |2,8e+02 |
|10 | 2200 | 5000 |   60 | 0.36666667 |1585353909779 |     226 |   229.0 | 1,33 | mscp53.txt |2,9e+02 |
|10 | 2300 | 5000 |   65 |       0.45 |1585353909779 |     226 |   229.0 | 1,33 | mscp53.txt |3,1e+02 |
|10 | 2400 | 5000 |   65 |       0.45 |1585353909779 |     226 |   229.0 | 1,33 | mscp53.txt |3,3e+02 |
|10 | 2500 | 5000 |   65 |       0.45 |1585353909779 |     226 |   229.0 | 1,33 | mscp53.txt |3,5e+02 |
|10 | 2600 | 5000 |   65 |       0.45 |1585353909779 |     226 |   229.0 | 1,33 | mscp53.txt |3,6e+02 |
|10 | 2700 | 5000 |   70 |       0.45 |1585353909779 |     226 |   229.0 | 1,33 | mscp53.txt |3,8e+02 |
|10 | 2800 | 5000 |   70 |       0.45 |1585353909779 |     226 |   229.0 | 1,33 | mscp53.txt |4,0e+02 |
|10 | 2900 | 5000 |   70 |       0.45 |1585353909779 |     226 |   229.0 | 1,33 | mscp53.txt |4,2e+02 |
|10 | 3000 | 5000 |   70 |       0.45 |1585353909779 |     226 |   229.0 | 1,33 | mscp53.txt |4,4e+02 |
|10 | 3100 | 5000 |   75 |       0.45 |1585353909779 |     226 |   229.0 | 1,33 | mscp53.txt |4,6e+02 |
|10 | 3200 | 5000 |   75 |       0.45 |1585353909779 |     226 |   229.0 | 1,33 | mscp53.txt |4,7e+02 |
|10 | 3300 | 5000 |   75 |       0.45 |1585353909779 |     226 |   229.0 | 1,33 | mscp53.txt |5,0e+02 |
|10 | 3400 | 5000 |   75 |       0.45 |1585353909779 |     226 |   229.0 | 1,33 | mscp53.txt |5,2e+02 |
|10 | 3500 | 5000 |   80 |       0.45 |1585353909779 |     226 |   229.0 | 1,33 | mscp53.txt |5,4e+02 |
|10 | 3600 | 5000 |   80 |       0.45 |1585353909779 |     226 |   229.0 | 1,33 | mscp53.txt |5,6e+02 |
|10 | 3700 | 5000 |   80 |       0.45 |1585353909779 |     226 |   229.0 | 1,33 | mscp53.txt |5,8e+02 |
|10 | 3800 | 5000 |   80 |       0.45 |1585353909779 |     226 |   229.0 | 1,33 | mscp53.txt |6,0e+02 |
|10 | 3900 | 5000 |   85 |       0.45 |1585353909779 |     226 |   229.0 | 1,33 | mscp53.txt |6,3e+02 |
|10 | 4000 | 5000 |   85 |       0.45 |1585353909779 |     226 |   229.0 | 1,33 | mscp53.txt |6,5e+02 |
|10 | 4100 | 5000 |   85 |       0.45 |1585353909779 |     226 |   229.0 | 1,33 | mscp53.txt |6,8e+02 |
|10 | 4200 | 5000 |   85 |       0.45 |1585353909779 |     226 |   229.0 | 1,33 | mscp53.txt |7,0e+02 |
|10 | 4300 | 5000 |   90 |       0.45 |1585353909779 |     226 |   229.0 | 1,33 | mscp53.txt |7,2e+02 |
|10 | 4400 | 5000 |   90 |       0.45 |1585353909779 |     226 |   229.0 | 1,33 | mscp53.txt |7,4e+02 |
|10 | 4500 | 5000 |   90 |       0.45 |1585353909779 |     226 |   229.0 | 1,33 | mscp53.txt |7,7e+02 |
|10 | 4600 | 5000 |   90 |       0.45 |1585353909779 |     226 |   229.0 | 1,33 | mscp53.txt |7,9e+02 |
|10 | 4700 | 5000 |   95 |       0.45 |1585353909779 |     226 |   229.0 | 1,33 | mscp53.txt |8,1e+02 |
|10 | 4800 | 5000 |   95 |       0.45 |1585353909779 |     226 |   229.0 | 1,33 | mscp53.txt |8,4e+02 |
|10 | 4900 | 5000 |   95 |       0.45 |1585353909779 |     226 |   229.0 | 1,33 | mscp53.txt |8,6e+02 |
|10 | 5000 | 5000 |   95 |       0.45 |1585353909779 |     226 |   229.0 | 1,33 | mscp53.txt |8,8e+02 |
|10 |  200 | 5000 |  100 |       0.45 |1585353909779 |     226 |   229.0 | 1,33 | mscp53.txt |8,8e+02 |
|11 |    1 | 5000 |   35 |       0.25 |1585354792128 |     226 |   288.0 |27,43 | mscp53.txt |0,075 |
|11 |  100 | 5000 |   35 | 0.31428573 |1585354792128 |     226 |   252.0 |11,50 | mscp53.txt |  9,3 |
|11 |  200 | 5000 |   35 |       0.45 |1585354792128 |     226 |   246.0 | 8,85 | mscp53.txt |   18 |
|11 |  300 | 5000 |   35 |       0.45 |1585354792128 |     226 |   242.0 | 7,08 | mscp53.txt |   26 |
|11 |  400 | 5000 |   35 |       0.45 |1585354792128 |     226 |   242.0 | 7,08 | mscp53.txt |   35 |
|11 |  500 | 5000 |   40 |       0.45 |1585354792128 |     226 |   231.0 | 2,21 | mscp53.txt |   45 |
|11 |  600 | 5000 |   40 |       0.45 |1585354792128 |     226 |   231.0 | 2,21 | mscp53.txt |   58 |
|11 |  700 | 5000 |   40 |       0.45 |1585354792128 |     226 |   229.0 | 1,33 | mscp53.txt |   67 |
|11 |  800 | 5000 |   40 |       0.45 |1585354792128 |     226 |   229.0 | 1,33 | mscp53.txt |   80 |
|11 |  900 | 5000 |   40 |       0.45 |1585354792128 |     226 |   229.0 | 1,33 | mscp53.txt |   90 |
|11 | 1000 | 5000 |   45 |       0.45 |1585354792128 |     226 |   229.0 | 1,33 | mscp53.txt |1,1e+02 |
|11 | 1100 | 5000 |   45 |       0.45 |1585354792128 |     226 |   229.0 | 1,33 | mscp53.txt |1,2e+02 |
|11 | 1200 | 5000 |   45 |        0.4 |1585354792128 |     226 |   229.0 | 1,33 | mscp53.txt |1,3e+02 |
|11 | 1300 | 5000 |   45 | 0.35555556 |1585354792128 |     226 |   229.0 | 1,33 | mscp53.txt |1,5e+02 |
|11 | 1400 | 5000 |   50 |       0.36 |1585354792128 |     226 |   229.0 | 1,33 | mscp53.txt |1,6e+02 |
|11 | 1500 | 5000 |   50 |       0.38 |1585354792128 |     226 |   229.0 | 1,33 | mscp53.txt |1,8e+02 |
|11 | 1600 | 5000 |   50 |       0.44 |1585354792128 |     226 |   228.0 | 0,88 | mscp53.txt |2,0e+02 |
|11 | 1700 | 5000 |   50 |       0.44 |1585354792128 |     226 |   228.0 | 0,88 | mscp53.txt |2,2e+02 |
|11 | 1800 | 5000 |   55 |       0.45 |1585354792128 |     226 |   228.0 | 0,88 | mscp53.txt |2,5e+02 |
|11 | 1900 | 5000 |   55 | 0.43636364 |1585354792128 |     226 |   228.0 | 0,88 | mscp53.txt |2,7e+02 |
|11 | 2000 | 5000 |   55 | 0.43636364 |1585354792128 |     226 |   228.0 | 0,88 | mscp53.txt |2,9e+02 |
|11 | 2100 | 5000 |   55 | 0.43636364 |1585354792128 |     226 |   228.0 | 0,88 | mscp53.txt |3,1e+02 |
|11 |  200 | 5000 |   60 | 0.43636364 |1585354792128 |     226 |   226.0 | 0,00 | mscp53.txt |3,2e+02 |
|12 |    1 | 5000 |   35 |       0.25 |1585355109544 |     226 |   296.0 |30,97 | mscp53.txt | 0,29 |
|12 |  100 | 5000 |   35 | 0.34285715 |1585355109544 |     226 |   249.0 |10,18 | mscp53.txt |   16 |
|12 |  200 | 5000 |   35 | 0.42857143 |1585355109544 |     226 |   248.0 | 9,73 | mscp53.txt |   30 |
|12 |  300 | 5000 |   35 | 0.34285715 |1585355109544 |     226 |   239.0 | 5,75 | mscp53.txt |   43 |
|12 |  400 | 5000 |   35 | 0.34285715 |1585355109544 |     226 |   237.0 | 4,87 | mscp53.txt |   62 |
|12 |  500 | 5000 |   35 | 0.31428573 |1585355109544 |     226 |   235.0 | 3,98 | mscp53.txt |   75 |
|12 |  600 | 5000 |   40 |       0.45 |1585355109544 |     226 |   231.0 | 2,21 | mscp53.txt |   91 |
|12 |  700 | 5000 |   40 |        0.4 |1585355109544 |     226 |   231.0 | 2,21 | mscp53.txt |1,1e+02 |
|12 |  800 | 5000 |   40 |        0.4 |1585355109544 |     226 |   230.0 | 1,77 | mscp53.txt |1,2e+02 |
|12 |  900 | 5000 |   40 |      0.375 |1585355109544 |     226 |   230.0 | 1,77 | mscp53.txt |1,4e+02 |
|12 | 1000 | 5000 |   45 | 0.37777779 |1585355109544 |     226 |   230.0 | 1,77 | mscp53.txt |1,5e+02 |
|12 | 1100 | 5000 |   45 | 0.37777779 |1585355109544 |     226 |   230.0 | 1,77 | mscp53.txt |1,7e+02 |
|12 | 1200 | 5000 |   45 | 0.37777779 |1585355109544 |     226 |   230.0 | 1,77 | mscp53.txt |1,8e+02 |
|12 | 1300 | 5000 |   45 |        0.4 |1585355109544 |     226 |   230.0 | 1,77 | mscp53.txt |2,0e+02 |
|12 | 1400 | 5000 |   50 |       0.38 |1585355109544 |     226 |   230.0 | 1,77 | mscp53.txt |2,2e+02 |
|12 | 1500 | 5000 |   50 |       0.38 |1585355109544 |     226 |   230.0 | 1,77 | mscp53.txt |2,3e+02 |
|12 | 1600 | 5000 |   50 |       0.38 |1585355109544 |     226 |   229.0 | 1,33 | mscp53.txt |2,5e+02 |
|12 | 1700 | 5000 |   50 |       0.36 |1585355109544 |     226 |   229.0 | 1,33 | mscp53.txt |2,6e+02 |
|12 | 1800 | 5000 |   55 | 0.38181818 |1585355109544 |     226 |   229.0 | 1,33 | mscp53.txt |2,8e+02 |
|12 | 1900 | 5000 |   55 |       0.45 |1585355109544 |     226 |   229.0 | 1,33 | mscp53.txt |3,0e+02 |
|12 | 2000 | 5000 |   55 |       0.45 |1585355109544 |     226 |   229.0 | 1,33 | mscp53.txt |3,1e+02 |
|12 | 2100 | 5000 |   55 |       0.45 |1585355109544 |     226 |   229.0 | 1,33 | mscp53.txt |3,3e+02 |
|12 | 2200 | 5000 |   60 |       0.45 |1585355109544 |     226 |   229.0 | 1,33 | mscp53.txt |3,5e+02 |
|12 | 2300 | 5000 |   60 |       0.45 |1585355109544 |     226 |   229.0 | 1,33 | mscp53.txt |3,7e+02 |
|12 | 2400 | 5000 |   60 |       0.45 |1585355109544 |     226 |   229.0 | 1,33 | mscp53.txt |3,8e+02 |
|12 | 2500 | 5000 |   60 |       0.45 |1585355109544 |     226 |   229.0 | 1,33 | mscp53.txt |4,1e+02 |
|12 | 2600 | 5000 |   65 |       0.45 |1585355109544 |     226 |   229.0 | 1,33 | mscp53.txt |4,3e+02 |
|12 | 2700 | 5000 |   65 |       0.45 |1585355109544 |     226 |   229.0 | 1,33 | mscp53.txt |4,5e+02 |
|12 | 2800 | 5000 |   65 |       0.45 |1585355109544 |     226 |   229.0 | 1,33 | mscp53.txt |4,7e+02 |
|12 | 2900 | 5000 |   65 |       0.45 |1585355109544 |     226 |   229.0 | 1,33 | mscp53.txt |4,9e+02 |
|12 | 3000 | 5000 |   70 |       0.45 |1585355109544 |     226 |   229.0 | 1,33 | mscp53.txt |5,1e+02 |
|12 | 3100 | 5000 |   70 |       0.45 |1585355109544 |     226 |   229.0 | 1,33 | mscp53.txt |5,3e+02 |
|12 | 3200 | 5000 |   70 |       0.45 |1585355109544 |     226 |   229.0 | 1,33 | mscp53.txt |5,5e+02 |
|12 | 3300 | 5000 |   70 |       0.45 |1585355109544 |     226 |   229.0 | 1,33 | mscp53.txt |5,7e+02 |
|12 | 3400 | 5000 |   75 |       0.45 |1585355109544 |     226 |   229.0 | 1,33 | mscp53.txt |5,9e+02 |
|12 | 3500 | 5000 |   75 |       0.45 |1585355109544 |     226 |   229.0 | 1,33 | mscp53.txt |6,2e+02 |
|12 | 3600 | 5000 |   75 |       0.45 |1585355109544 |     226 |   229.0 | 1,33 | mscp53.txt |6,4e+02 |
|12 | 3700 | 5000 |   75 |       0.45 |1585355109544 |     226 |   229.0 | 1,33 | mscp53.txt |6,6e+02 |
|12 | 3800 | 5000 |   80 |       0.45 |1585355109544 |     226 |   229.0 | 1,33 | mscp53.txt |6,9e+02 |
|12 | 3900 | 5000 |   80 |       0.45 |1585355109544 |     226 |   229.0 | 1,33 | mscp53.txt |7,1e+02 |
|12 | 4000 | 5000 |   80 |       0.45 |1585355109544 |     226 |   229.0 | 1,33 | mscp53.txt |7,3e+02 |
|12 | 4100 | 5000 |   80 |       0.45 |1585355109544 |     226 |   229.0 | 1,33 | mscp53.txt |7,6e+02 |
|12 | 4200 | 5000 |   85 |       0.45 |1585355109544 |     226 |   229.0 | 1,33 | mscp53.txt |7,8e+02 |
|12 | 4300 | 5000 |   85 |       0.45 |1585355109544 |     226 |   229.0 | 1,33 | mscp53.txt |8,1e+02 |
|12 | 4400 | 5000 |   85 |       0.45 |1585355109544 |     226 |   229.0 | 1,33 | mscp53.txt |8,3e+02 |
|12 | 4500 | 5000 |   85 |       0.45 |1585355109544 |     226 |   229.0 | 1,33 | mscp53.txt |8,5e+02 |
|12 | 4600 | 5000 |   90 |       0.45 |1585355109544 |     226 |   229.0 | 1,33 | mscp53.txt |8,8e+02 |
|12 | 4700 | 5000 |   90 |       0.45 |1585355109544 |     226 |   229.0 | 1,33 | mscp53.txt |9,1e+02 |
|12 | 4800 | 5000 |   90 |       0.45 |1585355109544 |     226 |   229.0 | 1,33 | mscp53.txt |9,3e+02 |
|12 | 4900 | 5000 |   90 |       0.45 |1585355109544 |     226 |   229.0 | 1,33 | mscp53.txt |9,5e+02 |
|12 | 5000 | 5000 |   95 |       0.45 |1585355109544 |     226 |   229.0 | 1,33 | mscp53.txt |9,8e+02 |
|12 |  200 | 5000 |   95 |       0.45 |1585355109544 |     226 |   229.0 | 1,33 | mscp53.txt |9,8e+02 |
|13 |    1 | 5000 |   35 |       0.25 |1585356090030 |     226 |   295.0 |30,53 | mscp53.txt |0,073 |
|13 |  100 | 5000 |   35 | 0.42857143 |1585356090030 |     226 |   251.0 |11,06 | mscp53.txt |  9,2 |
|13 |  200 | 5000 |   35 |  0.2857143 |1585356090030 |     226 |   251.0 |11,06 | mscp53.txt |   20 |
|13 |  300 | 5000 |   35 |        0.4 |1585356090030 |     226 |   241.0 | 6,64 | mscp53.txt |   29 |
|13 |  400 | 5000 |   40 |      0.425 |1585356090030 |     226 |   233.0 | 3,10 | mscp53.txt |   44 |
|13 |  500 | 5000 |   40 |       0.45 |1585356090030 |     226 |   233.0 | 3,10 | mscp53.txt |   55 |
|13 |  600 | 5000 |   40 |       0.45 |1585356090030 |     226 |   230.0 | 1,77 | mscp53.txt |   66 |
|13 |  700 | 5000 |   40 |       0.45 |1585356090030 |     226 |   230.0 | 1,77 | mscp53.txt |   77 |
|13 |  800 | 5000 |   45 | 0.44444445 |1585356090030 |     226 |   228.0 | 0,88 | mscp53.txt |   92 |
|13 |  900 | 5000 |   45 |       0.45 |1585356090030 |     226 |   228.0 | 0,88 | mscp53.txt |1,1e+02 |
|13 | 1000 | 5000 |   45 |       0.45 |1585356090030 |     226 |   228.0 | 0,88 | mscp53.txt |1,2e+02 |
|13 | 1100 | 5000 |   45 |       0.45 |1585356090030 |     226 |   228.0 | 0,88 | mscp53.txt |1,3e+02 |
|13 | 1200 | 5000 |   50 |        0.4 |1585356090030 |     226 |   228.0 | 0,88 | mscp53.txt |1,5e+02 |
|13 | 1300 | 5000 |   50 |       0.36 |1585356090030 |     226 |   228.0 | 0,88 | mscp53.txt |1,7e+02 |
|13 | 1400 | 5000 |   50 |       0.36 |1585356090030 |     226 |   228.0 | 0,88 | mscp53.txt |1,8e+02 |
|13 | 1500 | 5000 |   50 |        0.4 |1585356090030 |     226 |   228.0 | 0,88 | mscp53.txt |2,0e+02 |
|13 | 1600 | 5000 |   55 | 0.36363637 |1585356090030 |     226 |   228.0 | 0,88 | mscp53.txt |2,2e+02 |
|13 | 1700 | 5000 |   55 | 0.38181818 |1585356090030 |     226 |   228.0 | 0,88 | mscp53.txt |2,4e+02 |
|13 | 1800 | 5000 |   55 |       0.45 |1585356090030 |     226 |   228.0 | 0,88 | mscp53.txt |2,5e+02 |
|13 | 1900 | 5000 |   55 |       0.45 |1585356090030 |     226 |   228.0 | 0,88 | mscp53.txt |2,7e+02 |
|13 | 2000 | 5000 |   60 | 0.43333334 |1585356090030 |     226 |   228.0 | 0,88 | mscp53.txt |2,9e+02 |
|13 | 2100 | 5000 |   60 | 0.43333334 |1585356090030 |     226 |   228.0 | 0,88 | mscp53.txt |3,1e+02 |
|13 | 2200 | 5000 |   60 | 0.43333334 |1585356090030 |     226 |   228.0 | 0,88 | mscp53.txt |3,2e+02 |
|13 | 2300 | 5000 |   60 | 0.43333334 |1585356090030 |     226 |   228.0 | 0,88 | mscp53.txt |3,4e+02 |
|13 | 2400 | 5000 |   65 | 0.41538462 |1585356090030 |     226 |   228.0 | 0,88 | mscp53.txt |3,6e+02 |
|13 | 2500 | 5000 |   65 |       0.45 |1585356090030 |     226 |   228.0 | 0,88 | mscp53.txt |3,8e+02 |
|13 | 2600 | 5000 |   65 |       0.45 |1585356090030 |     226 |   228.0 | 0,88 | mscp53.txt |4,0e+02 |
|13 | 2700 | 5000 |   65 |       0.45 |1585356090030 |     226 |   228.0 | 0,88 | mscp53.txt |4,2e+02 |
|13 | 2800 | 5000 |   70 |       0.45 |1585356090030 |     226 |   228.0 | 0,88 | mscp53.txt |4,4e+02 |
|13 | 2900 | 5000 |   70 |       0.45 |1585356090030 |     226 |   228.0 | 0,88 | mscp53.txt |4,6e+02 |
|13 | 3000 | 5000 |   70 |       0.45 |1585356090030 |     226 |   228.0 | 0,88 | mscp53.txt |4,8e+02 |
|13 | 3100 | 5000 |   70 |       0.45 |1585356090030 |     226 |   228.0 | 0,88 | mscp53.txt |5,1e+02 |
|13 | 3200 | 5000 |   75 |       0.45 |1585356090030 |     226 |   228.0 | 0,88 | mscp53.txt |5,3e+02 |
|13 | 3300 | 5000 |   75 |       0.45 |1585356090030 |     226 |   228.0 | 0,88 | mscp53.txt |5,5e+02 |
|13 | 3400 | 5000 |   75 |       0.45 |1585356090030 |     226 |   228.0 | 0,88 | mscp53.txt |5,8e+02 |
|13 | 3500 | 5000 |   75 |       0.45 |1585356090030 |     226 |   228.0 | 0,88 | mscp53.txt |6,0e+02 |
|13 | 3600 | 5000 |   80 |       0.45 |1585356090030 |     226 |   228.0 | 0,88 | mscp53.txt |6,2e+02 |
|13 | 3700 | 5000 |   80 |       0.45 |1585356090030 |     226 |   228.0 | 0,88 | mscp53.txt |6,5e+02 |
|13 | 3800 | 5000 |   80 |       0.45 |1585356090030 |     226 |   228.0 | 0,88 | mscp53.txt |6,7e+02 |
|13 | 3900 | 5000 |   80 |       0.45 |1585356090030 |     226 |   228.0 | 0,88 | mscp53.txt |7,0e+02 |
|13 | 4000 | 5000 |   85 |       0.45 |1585356090030 |     226 |   228.0 | 0,88 | mscp53.txt |7,2e+02 |
|13 | 4100 | 5000 |   85 |       0.45 |1585356090030 |     226 |   228.0 | 0,88 | mscp53.txt |7,4e+02 |
|13 | 4200 | 5000 |   85 |       0.45 |1585356090030 |     226 |   228.0 | 0,88 | mscp53.txt |7,7e+02 |
|13 | 4300 | 5000 |   85 |       0.45 |1585356090030 |     226 |   228.0 | 0,88 | mscp53.txt |7,9e+02 |
|13 | 4400 | 5000 |   90 |       0.45 |1585356090030 |     226 |   228.0 | 0,88 | mscp53.txt |8,2e+02 |
|13 | 4500 | 5000 |   90 |       0.45 |1585356090030 |     226 |   228.0 | 0,88 | mscp53.txt |8,5e+02 |
|13 | 4600 | 5000 |   90 |       0.45 |1585356090030 |     226 |   228.0 | 0,88 | mscp53.txt |8,7e+02 |
|13 | 4700 | 5000 |   90 |       0.45 |1585356090030 |     226 |   228.0 | 0,88 | mscp53.txt |9,0e+02 |
|13 | 4800 | 5000 |   95 |       0.45 |1585356090030 |     226 |   228.0 | 0,88 | mscp53.txt |9,3e+02 |
|13 | 4900 | 5000 |   95 |       0.45 |1585356090030 |     226 |   228.0 | 0,88 | mscp53.txt |9,6e+02 |
|13 | 5000 | 5000 |   95 |       0.45 |1585356090030 |     226 |   228.0 | 0,88 | mscp53.txt |9,8e+02 |
|13 |  200 | 5000 |   95 |       0.45 |1585356090030 |     226 |   228.0 | 0,88 | mscp53.txt |9,8e+02 |
|14 |    1 | 5000 |   35 |       0.25 |1585357073187 |     226 |   292.0 |29,20 | mscp53.txt |0,079 |
|14 |  100 | 5000 |   35 |       0.45 |1585357073187 |     226 |   254.0 |12,39 | mscp53.txt |   10 |
|14 |  200 | 5000 |   40 |        0.4 |1585357073187 |     226 |   234.0 | 3,54 | mscp53.txt |   21 |
|14 |  300 | 5000 |   40 |      0.325 |1585357073187 |     226 |   230.0 | 1,77 | mscp53.txt |   36 |
|14 |  400 | 5000 |   40 |      0.375 |1585357073187 |     226 |   229.0 | 1,33 | mscp53.txt |   47 |
|14 |  500 | 5000 |   40 |      0.375 |1585357073187 |     226 |   229.0 | 1,33 | mscp53.txt |   58 |
|14 |  600 | 5000 |   45 |  0.2888889 |1585357073187 |     226 |   229.0 | 1,33 | mscp53.txt |   75 |
|14 |  700 | 5000 |   45 | 0.26666668 |1585357073187 |     226 |   229.0 | 1,33 | mscp53.txt |   93 |
|14 |  800 | 5000 |   45 |       0.45 |1585357073187 |     226 |   229.0 | 1,33 | mscp53.txt |1,0e+02 |
|14 |  900 | 5000 |   45 |       0.45 |1585357073187 |     226 |   229.0 | 1,33 | mscp53.txt |1,2e+02 |
|14 | 1000 | 5000 |   50 |       0.45 |1585357073187 |     226 |   229.0 | 1,33 | mscp53.txt |1,3e+02 |
|14 | 1100 | 5000 |   50 |       0.45 |1585357073187 |     226 |   229.0 | 1,33 | mscp53.txt |1,5e+02 |
|14 | 1200 | 5000 |   50 |       0.45 |1585357073187 |     226 |   229.0 | 1,33 | mscp53.txt |1,6e+02 |
|14 | 1300 | 5000 |   50 |       0.45 |1585357073187 |     226 |   229.0 | 1,33 | mscp53.txt |1,8e+02 |
|14 | 1400 | 5000 |   55 |       0.45 |1585357073187 |     226 |   229.0 | 1,33 | mscp53.txt |2,0e+02 |
|14 | 1500 | 5000 |   55 |       0.45 |1585357073187 |     226 |   229.0 | 1,33 | mscp53.txt |2,1e+02 |
|14 | 1600 | 5000 |   55 |       0.45 |1585357073187 |     226 |   229.0 | 1,33 | mscp53.txt |2,3e+02 |
|14 | 1700 | 5000 |   55 |       0.45 |1585357073187 |     226 |   229.0 | 1,33 | mscp53.txt |2,5e+02 |
|14 | 1800 | 5000 |   60 |       0.45 |1585357073187 |     226 |   229.0 | 1,33 | mscp53.txt |2,6e+02 |
|14 | 1900 | 5000 |   60 |       0.45 |1585357073187 |     226 |   229.0 | 1,33 | mscp53.txt |2,8e+02 |
|14 | 2000 | 5000 |   60 |       0.45 |1585357073187 |     226 |   229.0 | 1,33 | mscp53.txt |3,0e+02 |
|14 | 2100 | 5000 |   60 |       0.45 |1585357073187 |     226 |   229.0 | 1,33 | mscp53.txt |3,2e+02 |
|14 | 2200 | 5000 |   65 |       0.45 |1585357073187 |     226 |   229.0 | 1,33 | mscp53.txt |3,4e+02 |
|14 | 2300 | 5000 |   65 |       0.45 |1585357073187 |     226 |   229.0 | 1,33 | mscp53.txt |3,6e+02 |
|14 | 2400 | 5000 |   65 |       0.45 |1585357073187 |     226 |   229.0 | 1,33 | mscp53.txt |3,8e+02 |
|14 | 2500 | 5000 |   65 |       0.45 |1585357073187 |     226 |   229.0 | 1,33 | mscp53.txt |4,0e+02 |
|14 | 2600 | 5000 |   70 |       0.45 |1585357073187 |     226 |   229.0 | 1,33 | mscp53.txt |4,2e+02 |
|14 | 2700 | 5000 |   70 |       0.45 |1585357073187 |     226 |   229.0 | 1,33 | mscp53.txt |4,4e+02 |
|14 | 2800 | 5000 |   70 |       0.45 |1585357073187 |     226 |   229.0 | 1,33 | mscp53.txt |4,6e+02 |
|14 | 2900 | 5000 |   70 |       0.45 |1585357073187 |     226 |   229.0 | 1,33 | mscp53.txt |4,8e+02 |
|14 | 3000 | 5000 |   75 |       0.45 |1585357073187 |     226 |   229.0 | 1,33 | mscp53.txt |5,1e+02 |
|14 | 3100 | 5000 |   75 |       0.45 |1585357073187 |     226 |   229.0 | 1,33 | mscp53.txt |5,3e+02 |
|14 | 3200 | 5000 |   75 |       0.45 |1585357073187 |     226 |   229.0 | 1,33 | mscp53.txt |5,5e+02 |
|14 | 3300 | 5000 |   75 |       0.45 |1585357073187 |     226 |   229.0 | 1,33 | mscp53.txt |5,7e+02 |
|14 | 3400 | 5000 |   80 |       0.45 |1585357073187 |     226 |   229.0 | 1,33 | mscp53.txt |6,0e+02 |
|14 | 3500 | 5000 |   80 |       0.45 |1585357073187 |     226 |   229.0 | 1,33 | mscp53.txt |6,2e+02 |
|14 | 3600 | 5000 |   80 |       0.45 |1585357073187 |     226 |   229.0 | 1,33 | mscp53.txt |6,5e+02 |
|14 | 3700 | 5000 |   80 |       0.45 |1585357073187 |     226 |   229.0 | 1,33 | mscp53.txt |6,7e+02 |
|14 | 3800 | 5000 |   85 |       0.45 |1585357073187 |     226 |   229.0 | 1,33 | mscp53.txt |6,9e+02 |
|14 | 3900 | 5000 |   85 |       0.45 |1585357073187 |     226 |   229.0 | 1,33 | mscp53.txt |7,2e+02 |
|14 | 4000 | 5000 |   85 |  0.1882353 |1585357073187 |     226 |   229.0 | 1,33 | mscp53.txt |7,4e+02 |
|14 | 4100 | 5000 |   85 | 0.15294118 |1585357073187 |     226 |   229.0 | 1,33 | mscp53.txt |7,6e+02 |
|14 | 4200 | 5000 |   90 |       0.45 |1585357073187 |     226 |   229.0 | 1,33 | mscp53.txt |7,9e+02 |
|14 | 4300 | 5000 |   90 |       0.45 |1585357073187 |     226 |   229.0 | 1,33 | mscp53.txt |8,1e+02 |
|14 | 4400 | 5000 |   90 |       0.45 |1585357073187 |     226 |   229.0 | 1,33 | mscp53.txt |8,4e+02 |
|14 | 4500 | 5000 |   90 |       0.45 |1585357073187 |     226 |   229.0 | 1,33 | mscp53.txt |8,6e+02 |
|14 | 4600 | 5000 |   95 |       0.45 |1585357073187 |     226 |   229.0 | 1,33 | mscp53.txt |8,9e+02 |
|14 | 4700 | 5000 |   95 |       0.45 |1585357073187 |     226 |   229.0 | 1,33 | mscp53.txt |9,2e+02 |
|14 | 4800 | 5000 |   95 |       0.45 |1585357073187 |     226 |   229.0 | 1,33 | mscp53.txt |9,5e+02 |
|14 | 4900 | 5000 |   95 |       0.45 |1585357073187 |     226 |   229.0 | 1,33 | mscp53.txt |9,8e+02 |
|14 | 5000 | 5000 |  100 |       0.45 |1585357073187 |     226 |   229.0 | 1,33 | mscp53.txt |1,0e+03 |
|14 |  200 | 5000 |  100 |       0.45 |1585357073187 |     226 |   229.0 | 1,33 | mscp53.txt |1,0e+03 |
|15 |    1 | 5000 |   35 |       0.25 |1585358078894 |     226 |   299.0 |32,30 | mscp53.txt |0,076 |
|15 |  100 | 5000 |   35 | 0.31428573 |1585358078894 |     226 |   235.0 | 3,98 | mscp53.txt |   11 |
|15 |  200 | 5000 |   35 | 0.34285715 |1585358078894 |     226 |   235.0 | 3,98 | mscp53.txt |   20 |
|15 |  300 | 5000 |   35 | 0.25714287 |1585358078894 |     226 |   235.0 | 3,98 | mscp53.txt |   29 |
|15 |  400 | 5000 |   40 |      0.425 |1585358078894 |     226 |   229.0 | 1,33 | mscp53.txt |   41 |
|15 |  500 | 5000 |   40 |        0.4 |1585358078894 |     226 |   228.0 | 0,88 | mscp53.txt |   54 |
|15 |  600 | 5000 |   40 |      0.375 |1585358078894 |     226 |   228.0 | 0,88 | mscp53.txt |   65 |
|15 |  700 | 5000 |   40 |        0.4 |1585358078894 |     226 |   228.0 | 0,88 | mscp53.txt |   77 |
|15 |  800 | 5000 |   45 | 0.35555556 |1585358078894 |     226 |   228.0 | 0,88 | mscp53.txt |   92 |
|15 |  900 | 5000 |   45 | 0.35555556 |1585358078894 |     226 |   228.0 | 0,88 | mscp53.txt |1,0e+02 |
|15 | 1000 | 5000 |   45 | 0.33333334 |1585358078894 |     226 |   228.0 | 0,88 | mscp53.txt |1,2e+02 |
|15 | 1100 | 5000 |   45 | 0.33333334 |1585358078894 |     226 |   228.0 | 0,88 | mscp53.txt |1,3e+02 |
|15 | 1200 | 5000 |   50 |       0.45 |1585358078894 |     226 |   228.0 | 0,88 | mscp53.txt |1,4e+02 |
|15 | 1300 | 5000 |   50 |       0.45 |1585358078894 |     226 |   228.0 | 0,88 | mscp53.txt |1,6e+02 |
|15 | 1400 | 5000 |   50 |       0.45 |1585358078894 |     226 |   228.0 | 0,88 | mscp53.txt |1,7e+02 |
|15 | 1500 | 5000 |   50 |       0.45 |1585358078894 |     226 |   228.0 | 0,88 | mscp53.txt |1,9e+02 |
|15 | 1600 | 5000 |   55 |       0.45 |1585358078894 |     226 |   228.0 | 0,88 | mscp53.txt |2,0e+02 |
|15 | 1700 | 5000 |   55 |       0.45 |1585358078894 |     226 |   228.0 | 0,88 | mscp53.txt |2,2e+02 |
|15 | 1800 | 5000 |   55 |       0.45 |1585358078894 |     226 |   228.0 | 0,88 | mscp53.txt |2,3e+02 |
|15 |  200 | 5000 |   55 |       0.45 |1585358078894 |     226 |   226.0 | 0,00 | mscp53.txt |2,4e+02 |
