| # |    #ITER | #IterMAX | Nest |      %Desc |      semilla | BestFit |GottedFit |  RDP |  instancia | time |
-------------------------------------------------------------------------------------------------
| 3 | 3000 | 3000 |   65 | 0.32106474 |1578733165954 |     215 |   217.0 | 0,93 | mscpc5.txt |1,4e+03 |
| 3 |  400 | 3000 |   65 | 0.32106474 |1578733165954 |     215 |   217.0 | 0,93 | mscpc5.txt |1,4e+03 |
| 5 | 2900 | 3000 |   65 | 0.29702792 |1578734716468 |     215 |   217.0 | 0,93 | mscpc5.txt |1,5e+03 |
| 5 | 3000 | 3000 |   65 |  0.3011908 |1578734716468 |     215 |   217.0 | 0,93 | mscpc5.txt |1,7e+03 |
| 5 |  400 | 3000 |   65 |  0.3011908 |1578734716468 |     215 |   217.0 | 0,93 | mscpc5.txt |1,7e+03 |
| 6 | 2700 | 3000 |   65 | 0.31349537 |1578736369910 |     215 |   217.0 | 0,93 | mscpc5.txt |1,2e+03 |
| 6 | 2800 | 3000 |   65 | 0.31106108 |1578736369910 |     215 |   217.0 | 0,93 | mscpc5.txt |1,3e+03 |
| 6 | 2900 | 3000 |   65 | 0.30928198 |1578736369910 |     215 |   217.0 | 0,93 | mscpc5.txt |1,3e+03 |
| 6 | 3000 | 3000 |   65 |  0.3080164 |1578736369910 |     215 |   217.0 | 0,93 | mscpc5.txt |1,4e+03 |
| 8 | 2900 | 3000 |   65 | 0.28068167 |1578738522223 |     215 |   216.0 | 0,47 | mscpc5.txt |1,3e+03 |
| 8 | 3000 | 3000 |   65 | 0.27565676 |1578738522223 |     215 |   216.0 | 0,47 | mscpc5.txt |1,4e+03 |
| 8 |  400 | 3000 |   65 | 0.27565676 |1578738522223 |     215 |   216.0 | 0,47 | mscpc5.txt |1,4e+03 |
| 9 | 2700 | 3000 |   65 | 0.28491023 |1578739914909 |     215 |   217.0 | 0,93 | mscpc5.txt |1,3e+03 |
| 9 | 2800 | 3000 |   65 | 0.28425002 |1578739914909 |     215 |   217.0 | 0,93 | mscpc5.txt |1,4e+03 |
| 9 | 2900 | 3000 |   65 |  0.2941885 |1578739914909 |     215 |   217.0 | 0,93 | mscpc5.txt |1,5e+03 |
| 9 | 3000 | 3000 |   65 | 0.29151833 |1578739914909 |     215 |   217.0 | 0,93 | mscpc5.txt |1,6e+03 |
|10 | 2900 | 3000 |   65 | 0.30443907 |1578741498856 |     215 |   217.0 | 0,93 | mscpc5.txt |1,2e+03 |
|10 | 3000 | 3000 |   65 | 0.30043188 |1578741498856 |     215 |   217.0 | 0,93 | mscpc5.txt |1,4e+03 |
|10 |  400 | 3000 |   65 | 0.30043188 |1578741498856 |     215 |   217.0 | 0,93 | mscpc5.txt |1,4e+03 |
|11 | 2800 | 3000 |   65 | 0.28998408 |1578742857683 |     215 |   216.0 | 0,47 | mscpc5.txt |1,2e+03 |
|11 | 2900 | 3000 |   65 |  0.2973646 |1578742857683 |     215 |   216.0 | 0,47 | mscpc5.txt |1,3e+03 |
|11 | 3000 | 3000 |   65 |  0.2962781 |1578742857683 |     215 |   216.0 | 0,47 | mscpc5.txt |1,4e+03 |
|11 |  400 | 3000 |   65 |  0.2962781 |1578742857683 |     215 |   216.0 | 0,47 | mscpc5.txt |1,4e+03 |
|12 | 2600 | 3000 |   65 | 0.25945386 |1578744293592 |     215 |   217.0 | 0,93 | mscpc5.txt |1,7e+03 |
|12 | 2700 | 3000 |   65 | 0.26138857 |1578744293592 |     215 |   217.0 | 0,93 | mscpc5.txt |1,8e+03 |
|12 | 2800 | 3000 |   65 | 0.26061845 |1578744293592 |     215 |   217.0 | 0,93 | mscpc5.txt |1,9e+03 |
|12 | 2900 | 3000 |   65 | 0.26754948 |1578744293592 |     215 |   217.0 | 0,93 | mscpc5.txt |2,1e+03 |
|14 | 2700 | 3000 |   65 | 0.26191494 |1578746778112 |     215 |   216.0 | 0,47 | mscpc5.txt |1,2e+03 |
|14 | 2800 | 3000 |   65 | 0.25931478 |1578746778112 |     215 |   216.0 | 0,47 | mscpc5.txt |1,3e+03 |
|14 | 2900 | 3000 |   65 | 0.25732103 |1578746778112 |     215 |   216.0 | 0,47 | mscpc5.txt |1,4e+03 |
|14 | 3000 | 3000 |   65 | 0.26249015 |1578746778112 |     215 |   216.0 | 0,47 | mscpc5.txt |1,5e+03 |
|16 | 2700 | 3000 |   65 |  0.3216161 |1578748368821 |     215 |   217.0 | 0,93 | mscpc5.txt |1,2e+03 |
|16 | 2800 | 3000 |   65 | 0.31719688 |1578748368821 |     215 |   217.0 | 0,93 | mscpc5.txt |1,4e+03 |
|16 | 2900 | 3000 |   65 | 0.31706622 |1578748368821 |     215 |   217.0 | 0,93 | mscpc5.txt |1,6e+03 |
|16 | 3000 | 3000 |   65 | 0.31764373 |1578748368821 |     215 |   217.0 | 0,93 | mscpc5.txt |1,7e+03 |
|17 | 2900 | 3000 |   65 | 0.28864807 |1578750026971 |     215 |   217.0 | 0,93 | mscpc5.txt |1,5e+03 |
|17 | 3000 | 3000 |   65 | 0.29121774 |1578750026971 |     215 |   217.0 | 0,93 | mscpc5.txt |1,7e+03 |
|17 |  400 | 3000 |   65 | 0.29121774 |1578750026971 |     215 |   217.0 | 0,93 | mscpc5.txt |1,7e+03 |
|18 | 2800 | 3000 |   65 | 0.29413626 |1578751682343 |     215 |   217.0 | 0,93 | mscpc5.txt |1,1e+03 |
|18 | 2900 | 3000 |   65 |   0.290592 |1578751682343 |     215 |   217.0 | 0,93 | mscpc5.txt |1,3e+03 |
|18 | 3000 | 3000 |   65 | 0.29331654 |1578751682343 |     215 |   217.0 | 0,93 | mscpc5.txt |1,4e+03 |
|18 |  400 | 3000 |   65 | 0.29331654 |1578751682343 |     215 |   217.0 | 0,93 | mscpc5.txt |1,4e+03 |
|19 | 2700 | 3000 |   65 | 0.29186508 |1578753036112 |     215 |   217.0 | 0,93 | mscpc5.txt |1,6e+03 |
|19 | 2800 | 3000 |   65 | 0.29131293 |1578753036112 |     215 |   217.0 | 0,93 | mscpc5.txt |1,7e+03 |
|19 | 2900 | 3000 |   65 |  0.2956661 |1578753036112 |     215 |   217.0 | 0,93 | mscpc5.txt |1,9e+03 |
|19 | 3000 | 3000 |   65 |  0.2971822 |1578753036112 |     215 |   217.0 | 0,93 | mscpc5.txt |2,0e+03 |
|20 | 2900 | 3000 |   65 | 0.27468604 |1578755051939 |     215 |   216.0 | 0,47 | mscpc5.txt |1,4e+03 |
|20 | 3000 | 3000 |   65 |  0.2723676 |1578755051939 |     215 |   216.0 | 0,47 | mscpc5.txt |1,5e+03 |
|20 |  400 | 3000 |   65 |  0.2723676 |1578755051939 |     215 |   216.0 | 0,47 | mscpc5.txt |1,5e+03 |
|21 | 2700 | 3000 |   65 | 0.26298177 |1578756556438 |     215 |   216.0 | 0,47 | mscpc5.txt |1,4e+03 |
|21 | 2800 | 3000 |   65 | 0.26824066 |1578756556438 |     215 |   216.0 | 0,47 | mscpc5.txt |1,5e+03 |
|21 | 2900 | 3000 |   65 | 0.27166927 |1578756556438 |     215 |   216.0 | 0,47 | mscpc5.txt |1,6e+03 |
|21 | 3000 | 3000 |   65 |  0.2656992 |1578756556438 |     215 |   216.0 | 0,47 | mscpc5.txt |1,7e+03 |
|23 | 2900 | 3000 |   65 | 0.26923686 |1578758709685 |     215 |   216.0 | 0,47 | mscpc5.txt |1,7e+03 |
|23 | 3000 | 3000 |   65 | 0.27081203 |1578758709685 |     215 |   216.0 | 0,47 | mscpc5.txt |1,8e+03 |
|23 |  400 | 3000 |   65 | 0.27081203 |1578758709685 |     215 |   216.0 | 0,47 | mscpc5.txt |1,8e+03 |
|26 | 2800 | 3000 |   65 | 0.29555258 |1578761017296 |     215 |   217.0 | 0,93 | mscpc5.txt |1,6e+05 |
|26 | 2900 | 3000 |   65 | 0.29454803 |1578761017296 |     215 |   217.0 | 0,93 | mscpc5.txt |1,6e+05 |
|26 | 3000 | 3000 |   65 | 0.29458463 |1578761017296 |     215 |   217.0 | 0,93 | mscpc5.txt |1,6e+05 |
|26 |  400 | 3000 |   65 | 0.29458463 |1578761017296 |     215 |   217.0 | 0,93 | mscpc5.txt |1,6e+05 |
|27 | 2600 | 3000 |   65 | 0.29147834 |1578923693287 |     215 |   217.0 | 0,93 | mscpc5.txt |1,1e+03 |
|27 | 2700 | 3000 |   65 |  0.3026041 |1578923693287 |     215 |   217.0 | 0,93 | mscpc5.txt |1,2e+03 |
|27 | 2800 | 3000 |   65 |  0.3009202 |1578923693287 |     215 |   217.0 | 0,93 | mscpc5.txt |1,2e+03 |
|27 |  400 | 3000 |   65 |  0.3009202 |1578923693287 |     215 |   215.0 | 0,00 | mscpc5.txt |1,3e+03 |
|28 | 2600 | 3000 |   65 |  0.2655089 |1578924946024 |     215 |   217.0 | 0,93 | mscpc5.txt |6,2e+03 |
|28 | 2700 | 3000 |   65 | 0.27796748 |1578924946024 |     215 |   217.0 | 0,93 | mscpc5.txt |6,3e+03 |
|28 | 2800 | 3000 |   65 | 0.28171858 |1578924946024 |     215 |   217.0 | 0,93 | mscpc5.txt |6,7e+03 |
|28 | 2900 | 3000 |   65 | 0.28420666 |1578924946024 |     215 |   217.0 | 0,93 | mscpc5.txt |6,8e+03 |
