| # |    #ITER | #IterMAX | Nest |      %Desc |      semilla | BestFit |GottedFit |  RDP |  instancia | time |
-------------------------------------------------------------------------------------------------
| 1 |    1 | 5000 |   35 |       0.25 |1585324829342 |      60 |  2517.0 |4095,00 | mscpd1.txt |0,048 |
| 1 |  100 | 5000 |   35 | 0.42857143 |1585324829342 |      60 |  2077.0 |3361,67 | mscpd1.txt | 0,92 |
| 1 |  200 | 5000 |   35 | 0.37142858 |1585324829342 |      60 |  1910.0 |3083,33 | mscpd1.txt |  1,7 |
| 1 |  300 | 5000 |   35 | 0.22857143 |1585324829342 |      60 |  1768.0 |2846,67 | mscpd1.txt |  2,5 |
| 1 |  400 | 5000 |   40 |       0.45 |1585324829342 |      60 |    66.0 |10,00 | mscpd1.txt |   47 |
| 1 |  500 | 5000 |   40 |       0.45 |1585324829342 |      60 |    66.0 |10,00 | mscpd1.txt |1,0e+02 |
| 1 |  600 | 5000 |   40 |       0.45 |1585324829342 |      60 |    66.0 |10,00 | mscpd1.txt |1,5e+02 |
| 1 |  700 | 5000 |   40 |       0.45 |1585324829342 |      60 |    66.0 |10,00 | mscpd1.txt |2,0e+02 |
| 1 |  800 | 5000 |   45 |       0.45 |1585324829342 |      60 |    66.0 |10,00 | mscpd1.txt |2,6e+02 |
| 1 |  900 | 5000 |   45 |       0.45 |1585324829342 |      60 |    66.0 |10,00 | mscpd1.txt |3,1e+02 |
| 1 | 1000 | 5000 |   45 |       0.45 |1585324829342 |      60 |    66.0 |10,00 | mscpd1.txt |3,6e+02 |
| 1 | 1100 | 5000 |   45 |       0.45 |1585324829342 |      60 |    66.0 |10,00 | mscpd1.txt |4,2e+02 |
| 1 | 1200 | 5000 |   50 |       0.45 |1585324829342 |      60 |    66.0 |10,00 | mscpd1.txt |5,0e+02 |
| 1 | 1300 | 5000 |   50 |       0.45 |1585324829342 |      60 |    66.0 |10,00 | mscpd1.txt |5,5e+02 |
| 1 | 1400 | 5000 |   50 |       0.45 |1585324829342 |      60 |    66.0 |10,00 | mscpd1.txt |6,1e+02 |
| 1 | 1500 | 5000 |   50 |       0.45 |1585324829342 |      60 |    66.0 |10,00 | mscpd1.txt |6,6e+02 |
| 1 | 1600 | 5000 |   55 |       0.45 |1585324829342 |      60 |    66.0 |10,00 | mscpd1.txt |7,2e+02 |
| 1 | 1700 | 5000 |   55 |       0.45 |1585324829342 |      60 |    66.0 |10,00 | mscpd1.txt |7,9e+02 |
| 1 | 1800 | 5000 |   55 |       0.45 |1585324829342 |      60 |    66.0 |10,00 | mscpd1.txt |8,6e+02 |
| 1 | 1900 | 5000 |   55 |       0.45 |1585324829342 |      60 |    66.0 |10,00 | mscpd1.txt |9,4e+02 |
| 1 | 2000 | 5000 |   60 |       0.45 |1585324829342 |      60 |    66.0 |10,00 | mscpd1.txt |9,9e+02 |
| 1 | 2100 | 5000 |   60 |       0.45 |1585324829342 |      60 |    64.0 | 6,67 | mscpd1.txt |1,1e+03 |
| 1 | 2200 | 5000 |   60 |       0.45 |1585324829342 |      60 |    64.0 | 6,67 | mscpd1.txt |1,1e+03 |
| 1 | 2300 | 5000 |   60 |       0.45 |1585324829342 |      60 |    64.0 | 6,67 | mscpd1.txt |1,2e+03 |
| 1 | 2400 | 5000 |   65 |       0.45 |1585324829342 |      60 |    64.0 | 6,67 | mscpd1.txt |1,2e+03 |
| 1 | 2500 | 5000 |   65 |       0.45 |1585324829342 |      60 |    64.0 | 6,67 | mscpd1.txt |1,3e+03 |
| 1 | 2600 | 5000 |   65 |       0.45 |1585324829342 |      60 |    64.0 | 6,67 | mscpd1.txt |1,4e+03 |
| 1 | 2700 | 5000 |   65 |       0.45 |1585324829342 |      60 |    64.0 | 6,67 | mscpd1.txt |1,4e+03 |
| 1 | 2800 | 5000 |   70 |       0.45 |1585324829342 |      60 |    64.0 | 6,67 | mscpd1.txt |1,5e+03 |
| 1 | 2900 | 5000 |   70 |       0.45 |1585324829342 |      60 |    64.0 | 6,67 | mscpd1.txt |1,6e+03 |
| 1 | 3000 | 5000 |   70 |       0.45 |1585324829342 |      60 |    64.0 | 6,67 | mscpd1.txt |1,7e+03 |
| 1 | 3100 | 5000 |   70 |       0.45 |1585324829342 |      60 |    64.0 | 6,67 | mscpd1.txt |1,7e+03 |
| 1 | 3200 | 5000 |   75 |       0.45 |1585324829342 |      60 |    64.0 | 6,67 | mscpd1.txt |1,8e+03 |
| 1 | 3300 | 5000 |   75 |       0.45 |1585324829342 |      60 |    64.0 | 6,67 | mscpd1.txt |1,9e+03 |
| 1 | 3400 | 5000 |   75 |       0.45 |1585324829342 |      60 |    64.0 | 6,67 | mscpd1.txt |2,0e+03 |
| 1 | 3500 | 5000 |   75 |       0.45 |1585324829342 |      60 |    64.0 | 6,67 | mscpd1.txt |2,1e+03 |
| 1 | 3600 | 5000 |   80 |       0.45 |1585324829342 |      60 |    64.0 | 6,67 | mscpd1.txt |2,2e+03 |
| 1 | 3700 | 5000 |   80 |       0.45 |1585324829342 |      60 |    64.0 | 6,67 | mscpd1.txt |2,3e+03 |
| 1 | 3800 | 5000 |   80 |       0.45 |1585324829342 |      60 |    64.0 | 6,67 | mscpd1.txt |2,4e+03 |
| 1 | 3900 | 5000 |   80 |       0.45 |1585324829342 |      60 |    64.0 | 6,67 | mscpd1.txt |2,5e+03 |
| 1 | 4000 | 5000 |   85 |       0.45 |1585324829342 |      60 |    64.0 | 6,67 | mscpd1.txt |2,6e+03 |
| 1 | 4100 | 5000 |   85 |       0.45 |1585324829342 |      60 |    64.0 | 6,67 | mscpd1.txt |2,7e+03 |
| 1 | 4200 | 5000 |   85 |       0.45 |1585324829342 |      60 |    64.0 | 6,67 | mscpd1.txt |2,9e+03 |
| 1 | 4300 | 5000 |   85 |       0.45 |1585324829342 |      60 |    64.0 | 6,67 | mscpd1.txt |3,0e+03 |
| 1 | 4400 | 5000 |   90 |       0.45 |1585324829342 |      60 |    64.0 | 6,67 | mscpd1.txt |3,1e+03 |
| 1 | 4500 | 5000 |   90 |       0.45 |1585324829342 |      60 |    64.0 | 6,67 | mscpd1.txt |3,2e+03 |
| 1 | 4600 | 5000 |   90 |       0.45 |1585324829342 |      60 |    64.0 | 6,67 | mscpd1.txt |3,3e+03 |
| 1 | 4700 | 5000 |   90 |       0.45 |1585324829342 |      60 |    64.0 | 6,67 | mscpd1.txt |3,5e+03 |
| 1 | 4800 | 5000 |   95 |       0.45 |1585324829342 |      60 |    64.0 | 6,67 | mscpd1.txt |3,6e+03 |
| 1 | 4900 | 5000 |   95 |       0.45 |1585324829342 |      60 |    64.0 | 6,67 | mscpd1.txt |3,7e+03 |
| 1 | 5000 | 5000 |   95 |       0.45 |1585324829342 |      60 |    64.0 | 6,67 | mscpd1.txt |3,9e+03 |
| 1 |  400 | 5000 |   95 |       0.45 |1585324829342 |      60 |    64.0 | 6,67 | mscpd1.txt |3,9e+03 |
| 2 |    1 | 5000 |   35 |       0.25 |1585328698410 |      60 |  2530.0 |4116,67 | mscpd1.txt |0,0090 |
| 2 |  100 | 5000 |   35 |       0.45 |1585328698410 |      60 |  2137.0 |3461,67 | mscpd1.txt |  1,9 |
| 2 |  200 | 5000 |   40 |       0.45 |1585328698410 |      60 |    66.0 |10,00 | mscpd1.txt |   52 |
| 2 |  300 | 5000 |   40 |       0.45 |1585328698410 |      60 |    66.0 |10,00 | mscpd1.txt |1,2e+02 |
| 2 |  400 | 5000 |   40 |      0.425 |1585328698410 |      60 |    66.0 |10,00 | mscpd1.txt |1,7e+02 |
| 2 |  500 | 5000 |   40 |       0.45 |1585328698410 |      60 |    66.0 |10,00 | mscpd1.txt |2,2e+02 |
| 2 |  600 | 5000 |   45 |       0.45 |1585328698410 |      60 |    66.0 |10,00 | mscpd1.txt |2,7e+02 |
| 2 |  700 | 5000 |   45 |       0.45 |1585328698410 |      60 |    66.0 |10,00 | mscpd1.txt |3,0e+02 |
| 2 |  800 | 5000 |   45 |       0.45 |1585328698410 |      60 |    66.0 |10,00 | mscpd1.txt |3,3e+02 |
| 2 |  900 | 5000 |   45 |       0.45 |1585328698410 |      60 |    66.0 |10,00 | mscpd1.txt |3,6e+02 |
| 2 | 1000 | 5000 |   50 |       0.45 |1585328698410 |      60 |    66.0 |10,00 | mscpd1.txt |4,0e+02 |
| 2 | 1100 | 5000 |   50 |       0.45 |1585328698410 |      60 |    66.0 |10,00 | mscpd1.txt |4,5e+02 |
| 2 | 1200 | 5000 |   50 |       0.45 |1585328698410 |      60 |    66.0 |10,00 | mscpd1.txt |4,9e+02 |
| 2 | 1300 | 5000 |   50 |       0.45 |1585328698410 |      60 |    66.0 |10,00 | mscpd1.txt |5,4e+02 |
| 2 | 1400 | 5000 |   55 |       0.45 |1585328698410 |      60 |    66.0 |10,00 | mscpd1.txt |5,9e+02 |
| 2 | 1500 | 5000 |   55 |       0.45 |1585328698410 |      60 |    66.0 |10,00 | mscpd1.txt |6,3e+02 |
| 2 | 1600 | 5000 |   55 |       0.45 |1585328698410 |      60 |    66.0 |10,00 | mscpd1.txt |6,6e+02 |
| 2 | 1700 | 5000 |   55 |       0.45 |1585328698410 |      60 |    66.0 |10,00 | mscpd1.txt |7,0e+02 |
| 2 | 1800 | 5000 |   60 |       0.45 |1585328698410 |      60 |    66.0 |10,00 | mscpd1.txt |7,5e+02 |
| 2 | 1900 | 5000 |   60 |       0.45 |1585328698410 |      60 |    66.0 |10,00 | mscpd1.txt |8,0e+02 |
| 2 | 2000 | 5000 |   60 |       0.45 |1585328698410 |      60 |    66.0 |10,00 | mscpd1.txt |8,5e+02 |
| 2 | 2100 | 5000 |   60 |       0.45 |1585328698410 |      60 |    66.0 |10,00 | mscpd1.txt |8,9e+02 |
| 2 | 2200 | 5000 |   65 |       0.45 |1585328698410 |      60 |    66.0 |10,00 | mscpd1.txt |9,6e+02 |
| 2 | 2300 | 5000 |   65 |       0.45 |1585328698410 |      60 |    66.0 |10,00 | mscpd1.txt |1,0e+03 |
| 2 | 2400 | 5000 |   65 |       0.45 |1585328698410 |      60 |    66.0 |10,00 | mscpd1.txt |1,0e+03 |
| 2 | 2500 | 5000 |   65 |       0.45 |1585328698410 |      60 |    66.0 |10,00 | mscpd1.txt |1,1e+03 |
| 2 | 2600 | 5000 |   70 |       0.45 |1585328698410 |      60 |    66.0 |10,00 | mscpd1.txt |1,1e+03 |
| 2 | 2700 | 5000 |   70 |       0.45 |1585328698410 |      60 |    66.0 |10,00 | mscpd1.txt |1,2e+03 |
| 2 | 2800 | 5000 |   70 |       0.45 |1585328698410 |      60 |    66.0 |10,00 | mscpd1.txt |1,2e+03 |
| 2 | 2900 | 5000 |   70 |       0.45 |1585328698410 |      60 |    66.0 |10,00 | mscpd1.txt |1,3e+03 |
| 2 | 3000 | 5000 |   75 |       0.45 |1585328698410 |      60 |    66.0 |10,00 | mscpd1.txt |1,4e+03 |
| 2 | 3100 | 5000 |   75 |       0.45 |1585328698410 |      60 |    66.0 |10,00 | mscpd1.txt |1,4e+03 |
| 2 | 3200 | 5000 |   75 |       0.45 |1585328698410 |      60 |    66.0 |10,00 | mscpd1.txt |1,5e+03 |
| 2 | 3300 | 5000 |   75 |       0.45 |1585328698410 |      60 |    66.0 |10,00 | mscpd1.txt |1,5e+03 |
| 2 | 3400 | 5000 |   80 |       0.45 |1585328698410 |      60 |    66.0 |10,00 | mscpd1.txt |1,6e+03 |
| 2 | 3500 | 5000 |   80 |       0.45 |1585328698410 |      60 |    66.0 |10,00 | mscpd1.txt |1,7e+03 |
| 2 | 3600 | 5000 |   80 |       0.45 |1585328698410 |      60 |    66.0 |10,00 | mscpd1.txt |1,7e+03 |
| 2 | 3700 | 5000 |   80 |       0.45 |1585328698410 |      60 |    66.0 |10,00 | mscpd1.txt |1,8e+03 |
| 2 | 3800 | 5000 |   85 |       0.45 |1585328698410 |      60 |    66.0 |10,00 | mscpd1.txt |1,8e+03 |
| 2 | 3900 | 5000 |   85 |       0.45 |1585328698410 |      60 |    66.0 |10,00 | mscpd1.txt |1,9e+03 |
| 2 | 4000 | 5000 |   85 |       0.45 |1585328698410 |      60 |    66.0 |10,00 | mscpd1.txt |2,0e+03 |
| 2 | 4100 | 5000 |   85 |       0.45 |1585328698410 |      60 |    66.0 |10,00 | mscpd1.txt |2,0e+03 |
| 2 | 4200 | 5000 |   90 |       0.45 |1585328698410 |      60 |    66.0 |10,00 | mscpd1.txt |2,1e+03 |
| 2 | 4300 | 5000 |   90 |       0.45 |1585328698410 |      60 |    66.0 |10,00 | mscpd1.txt |2,2e+03 |
| 2 | 4400 | 5000 |   90 |       0.45 |1585328698410 |      60 |    66.0 |10,00 | mscpd1.txt |2,2e+03 |
| 2 | 4500 | 5000 |   90 |       0.45 |1585328698410 |      60 |    66.0 |10,00 | mscpd1.txt |2,3e+03 |
| 2 | 4600 | 5000 |   95 |       0.45 |1585328698410 |      60 |    66.0 |10,00 | mscpd1.txt |2,4e+03 |
| 2 | 4700 | 5000 |   95 |       0.45 |1585328698410 |      60 |    66.0 |10,00 | mscpd1.txt |2,4e+03 |
| 2 | 4800 | 5000 |   95 |       0.45 |1585328698410 |      60 |    66.0 |10,00 | mscpd1.txt |2,5e+03 |
| 2 | 4900 | 5000 |   95 |       0.45 |1585328698410 |      60 |    66.0 |10,00 | mscpd1.txt |2,6e+03 |
| 2 | 5000 | 5000 |  100 |       0.45 |1585328698410 |      60 |    66.0 |10,00 | mscpd1.txt |2,6e+03 |
| 2 |  400 | 5000 |  100 |       0.45 |1585328698410 |      60 |    66.0 |10,00 | mscpd1.txt |2,6e+03 |
| 3 |    1 | 5000 |   35 |       0.25 |1585331314965 |      60 |  2538.0 |4130,00 | mscpd1.txt |0,010 |
| 3 |  100 | 5000 |   35 | 0.37142858 |1585331314965 |      60 |  2102.0 |3403,33 | mscpd1.txt | 0,84 |
| 3 |  200 | 5000 |   35 | 0.37142858 |1585331314965 |      60 |   146.0 |143,33 | mscpd1.txt |  2,4 |
| 3 |  300 | 5000 |   35 | 0.42857143 |1585331314965 |      60 |   146.0 |143,33 | mscpd1.txt |  4,5 |
| 3 |  400 | 5000 |   35 |  0.2857143 |1585331314965 |      60 |   146.0 |143,33 | mscpd1.txt |  6,8 |
| 3 |  500 | 5000 |   40 |       0.45 |1585331314965 |      60 |    66.0 |10,00 | mscpd1.txt |   67 |
| 3 |  600 | 5000 |   40 |       0.45 |1585331314965 |      60 |    65.0 | 8,33 | mscpd1.txt |1,4e+02 |
| 3 |  700 | 5000 |   40 |       0.45 |1585331314965 |      60 |    65.0 | 8,33 | mscpd1.txt |2,1e+02 |
| 3 |  800 | 5000 |   40 |      0.425 |1585331314965 |      60 |    65.0 | 8,33 | mscpd1.txt |2,6e+02 |
| 3 |  900 | 5000 |   45 |       0.45 |1585331314965 |      60 |    65.0 | 8,33 | mscpd1.txt |3,1e+02 |
| 3 | 1000 | 5000 |   45 |       0.45 |1585331314965 |      60 |    64.0 | 6,67 | mscpd1.txt |3,5e+02 |
| 3 | 1100 | 5000 |   45 |       0.45 |1585331314965 |      60 |    64.0 | 6,67 | mscpd1.txt |3,9e+02 |
| 3 | 1200 | 5000 |   45 |       0.45 |1585331314965 |      60 |    64.0 | 6,67 | mscpd1.txt |4,3e+02 |
| 3 | 1300 | 5000 |   50 |       0.45 |1585331314965 |      60 |    64.0 | 6,67 | mscpd1.txt |4,9e+02 |
| 3 | 1400 | 5000 |   50 |       0.45 |1585331314965 |      60 |    64.0 | 6,67 | mscpd1.txt |5,4e+02 |
| 3 | 1500 | 5000 |   50 |       0.45 |1585331314965 |      60 |    64.0 | 6,67 | mscpd1.txt |6,0e+02 |
| 3 | 1600 | 5000 |   50 |       0.45 |1585331314965 |      60 |    64.0 | 6,67 | mscpd1.txt |6,5e+02 |
| 3 | 1700 | 5000 |   55 |       0.45 |1585331314965 |      60 |    64.0 | 6,67 | mscpd1.txt |7,2e+02 |
| 3 | 1800 | 5000 |   55 |       0.45 |1585331314965 |      60 |    64.0 | 6,67 | mscpd1.txt |7,6e+02 |
| 3 | 1900 | 5000 |   55 |       0.45 |1585331314965 |      60 |    64.0 | 6,67 | mscpd1.txt |8,1e+02 |
| 3 | 2000 | 5000 |   55 |       0.45 |1585331314965 |      60 |    64.0 | 6,67 | mscpd1.txt |8,5e+02 |
| 3 | 2100 | 5000 |   60 |       0.45 |1585331314965 |      60 |    64.0 | 6,67 | mscpd1.txt |9,1e+02 |
| 3 | 2200 | 5000 |   60 |       0.45 |1585331314965 |      60 |    64.0 | 6,67 | mscpd1.txt |9,6e+02 |
| 3 | 2300 | 5000 |   60 |       0.45 |1585331314965 |      60 |    64.0 | 6,67 | mscpd1.txt |1,0e+03 |
| 3 | 2400 | 5000 |   60 |       0.45 |1585331314965 |      60 |    64.0 | 6,67 | mscpd1.txt |1,1e+03 |
| 3 | 2500 | 5000 |   65 |       0.45 |1585331314965 |      60 |    64.0 | 6,67 | mscpd1.txt |1,1e+03 |
| 3 | 2600 | 5000 |   65 |       0.45 |1585331314965 |      60 |    64.0 | 6,67 | mscpd1.txt |1,2e+03 |
| 3 | 2700 | 5000 |   65 |       0.45 |1585331314965 |      60 |    64.0 | 6,67 | mscpd1.txt |1,3e+03 |
| 3 | 2800 | 5000 |   65 |       0.45 |1585331314965 |      60 |    64.0 | 6,67 | mscpd1.txt |1,3e+03 |
| 3 | 2900 | 5000 |   70 |       0.45 |1585331314965 |      60 |    64.0 | 6,67 | mscpd1.txt |1,4e+03 |
| 3 | 3000 | 5000 |   70 |       0.45 |1585331314965 |      60 |    64.0 | 6,67 | mscpd1.txt |1,5e+03 |
| 3 | 3100 | 5000 |   70 |       0.45 |1585331314965 |      60 |    64.0 | 6,67 | mscpd1.txt |1,5e+03 |
| 3 | 3200 | 5000 |   70 |       0.45 |1585331314965 |      60 |    64.0 | 6,67 | mscpd1.txt |1,6e+03 |
| 3 | 3300 | 5000 |   75 |       0.45 |1585331314965 |      60 |    64.0 | 6,67 | mscpd1.txt |1,7e+03 |
| 3 | 3400 | 5000 |   75 |       0.45 |1585331314965 |      60 |    64.0 | 6,67 | mscpd1.txt |1,7e+03 |
| 3 | 3500 | 5000 |   75 |       0.45 |1585331314965 |      60 |    64.0 | 6,67 | mscpd1.txt |1,8e+03 |
| 3 | 3600 | 5000 |   75 |       0.45 |1585331314965 |      60 |    64.0 | 6,67 | mscpd1.txt |1,9e+03 |
| 3 | 3700 | 5000 |   80 |       0.45 |1585331314965 |      60 |    64.0 | 6,67 | mscpd1.txt |2,0e+03 |
| 3 | 3800 | 5000 |   80 |       0.45 |1585331314965 |      60 |    64.0 | 6,67 | mscpd1.txt |2,1e+03 |
| 3 | 3900 | 5000 |   80 |       0.45 |1585331314965 |      60 |    64.0 | 6,67 | mscpd1.txt |2,2e+03 |
| 3 | 4000 | 5000 |   80 |       0.45 |1585331314965 |      60 |    64.0 | 6,67 | mscpd1.txt |2,3e+03 |
| 3 | 4100 | 5000 |   85 |       0.45 |1585331314965 |      60 |    64.0 | 6,67 | mscpd1.txt |2,4e+03 |
| 3 | 4200 | 5000 |   85 |       0.45 |1585331314965 |      60 |    64.0 | 6,67 | mscpd1.txt |2,4e+03 |
| 3 | 4300 | 5000 |   85 |       0.45 |1585331314965 |      60 |    64.0 | 6,67 | mscpd1.txt |2,5e+03 |
| 3 | 4400 | 5000 |   85 |       0.45 |1585331314965 |      60 |    64.0 | 6,67 | mscpd1.txt |2,5e+03 |
| 3 | 4500 | 5000 |   90 |       0.45 |1585331314965 |      60 |    64.0 | 6,67 | mscpd1.txt |2,6e+03 |
| 3 | 4600 | 5000 |   90 |       0.45 |1585331314965 |      60 |    64.0 | 6,67 | mscpd1.txt |2,7e+03 |
| 3 | 4700 | 5000 |   90 |       0.45 |1585331314965 |      60 |    64.0 | 6,67 | mscpd1.txt |2,7e+03 |
| 3 | 4800 | 5000 |   90 |       0.45 |1585331314965 |      60 |    64.0 | 6,67 | mscpd1.txt |2,8e+03 |
| 3 | 4900 | 5000 |   95 |       0.45 |1585331314965 |      60 |    64.0 | 6,67 | mscpd1.txt |2,9e+03 |
| 3 | 5000 | 5000 |   95 |       0.45 |1585331314965 |      60 |    64.0 | 6,67 | mscpd1.txt |3,0e+03 |
| 3 |  400 | 5000 |   95 |       0.45 |1585331314965 |      60 |    64.0 | 6,67 | mscpd1.txt |3,0e+03 |
| 4 |    1 | 5000 |   35 |       0.25 |1585334299183 |      60 |  2360.0 |3833,33 | mscpd1.txt |0,0090 |
| 4 |  100 | 5000 |   35 | 0.42857143 |1585334299183 |      60 |  2025.0 |3275,00 | mscpd1.txt |  1,1 |
| 4 |  200 | 5000 |   35 | 0.31428573 |1585334299183 |      60 |   137.0 |128,33 | mscpd1.txt |  6,4 |
| 4 |  300 | 5000 |   40 |       0.45 |1585334299183 |      60 |    63.0 | 5,00 | mscpd1.txt |   70 |
| 4 |  400 | 5000 |   40 |       0.45 |1585334299183 |      60 |    63.0 | 5,00 | mscpd1.txt |1,5e+02 |
| 4 |  500 | 5000 |   40 |       0.45 |1585334299183 |      60 |    63.0 | 5,00 | mscpd1.txt |2,2e+02 |
| 4 |  600 | 5000 |   40 |      0.425 |1585334299183 |      60 |    63.0 | 5,00 | mscpd1.txt |2,7e+02 |
| 4 |  700 | 5000 |   45 |       0.45 |1585334299183 |      60 |    63.0 | 5,00 | mscpd1.txt |3,2e+02 |
| 4 |  800 | 5000 |   45 |       0.45 |1585334299183 |      60 |    63.0 | 5,00 | mscpd1.txt |3,7e+02 |
| 4 |  900 | 5000 |   45 |       0.45 |1585334299183 |      60 |    63.0 | 5,00 | mscpd1.txt |3,9e+02 |
| 4 | 1000 | 5000 |   45 |       0.45 |1585334299183 |      60 |    63.0 | 5,00 | mscpd1.txt |4,2e+02 |
| 4 | 1100 | 5000 |   50 |       0.45 |1585334299183 |      60 |    63.0 | 5,00 | mscpd1.txt |4,7e+02 |
| 4 | 1200 | 5000 |   50 |       0.45 |1585334299183 |      60 |    63.0 | 5,00 | mscpd1.txt |5,0e+02 |
| 4 | 1300 | 5000 |   50 |       0.45 |1585334299183 |      60 |    63.0 | 5,00 | mscpd1.txt |5,2e+02 |
| 4 | 1400 | 5000 |   50 |       0.45 |1585334299183 |      60 |    63.0 | 5,00 | mscpd1.txt |5,4e+02 |
| 4 | 1500 | 5000 |   55 |       0.45 |1585334299183 |      60 |    63.0 | 5,00 | mscpd1.txt |5,7e+02 |
| 4 | 1600 | 5000 |   55 |       0.45 |1585334299183 |      60 |    63.0 | 5,00 | mscpd1.txt |6,1e+02 |
| 4 | 1700 | 5000 |   55 |       0.45 |1585334299183 |      60 |    63.0 | 5,00 | mscpd1.txt |6,5e+02 |
| 4 | 1800 | 5000 |   55 |       0.45 |1585334299183 |      60 |    63.0 | 5,00 | mscpd1.txt |6,8e+02 |
| 4 | 1900 | 5000 |   60 |       0.45 |1585334299183 |      60 |    63.0 | 5,00 | mscpd1.txt |7,3e+02 |
| 4 | 2000 | 5000 |   60 |       0.45 |1585334299183 |      60 |    63.0 | 5,00 | mscpd1.txt |7,6e+02 |
| 4 | 2100 | 5000 |   60 |       0.45 |1585334299183 |      60 |    63.0 | 5,00 | mscpd1.txt |7,9e+02 |
| 4 | 2200 | 5000 |   60 |       0.45 |1585334299183 |      60 |    63.0 | 5,00 | mscpd1.txt |8,2e+02 |
| 4 | 2300 | 5000 |   65 |       0.45 |1585334299183 |      60 |    63.0 | 5,00 | mscpd1.txt |8,6e+02 |
| 4 | 2400 | 5000 |   65 |       0.45 |1585334299183 |      60 |    63.0 | 5,00 | mscpd1.txt |9,1e+02 |
| 4 | 2500 | 5000 |   65 |       0.45 |1585334299183 |      60 |    63.0 | 5,00 | mscpd1.txt |9,5e+02 |
| 4 | 2600 | 5000 |   65 |       0.45 |1585334299183 |      60 |    63.0 | 5,00 | mscpd1.txt |1,0e+03 |
| 4 | 2700 | 5000 |   70 |       0.45 |1585334299183 |      60 |    63.0 | 5,00 | mscpd1.txt |1,1e+03 |
| 4 | 2800 | 5000 |   70 |       0.45 |1585334299183 |      60 |    63.0 | 5,00 | mscpd1.txt |1,1e+03 |
| 4 | 2900 | 5000 |   70 |       0.45 |1585334299183 |      60 |    63.0 | 5,00 | mscpd1.txt |1,1e+03 |
| 4 | 3000 | 5000 |   70 |       0.45 |1585334299183 |      60 |    63.0 | 5,00 | mscpd1.txt |1,2e+03 |
| 4 | 3100 | 5000 |   75 |       0.45 |1585334299183 |      60 |    63.0 | 5,00 | mscpd1.txt |1,2e+03 |
| 4 | 3200 | 5000 |   75 |       0.45 |1585334299183 |      60 |    63.0 | 5,00 | mscpd1.txt |1,3e+03 |
| 4 | 3300 | 5000 |   75 |       0.45 |1585334299183 |      60 |    63.0 | 5,00 | mscpd1.txt |1,3e+03 |
| 4 | 3400 | 5000 |   75 |       0.45 |1585334299183 |      60 |    63.0 | 5,00 | mscpd1.txt |1,4e+03 |
| 4 | 3500 | 5000 |   80 |       0.45 |1585334299183 |      60 |    63.0 | 5,00 | mscpd1.txt |1,4e+03 |
| 4 | 3600 | 5000 |   80 |       0.45 |1585334299183 |      60 |    63.0 | 5,00 | mscpd1.txt |1,5e+03 |
| 4 | 3700 | 5000 |   80 |       0.45 |1585334299183 |      60 |    63.0 | 5,00 | mscpd1.txt |1,5e+03 |
| 4 | 3800 | 5000 |   80 |       0.45 |1585334299183 |      60 |    63.0 | 5,00 | mscpd1.txt |1,6e+03 |
| 4 | 3900 | 5000 |   85 |       0.45 |1585334299183 |      60 |    63.0 | 5,00 | mscpd1.txt |1,6e+03 |
| 4 | 4000 | 5000 |   85 |       0.45 |1585334299183 |      60 |    63.0 | 5,00 | mscpd1.txt |1,7e+03 |
| 4 | 4100 | 5000 |   85 |       0.45 |1585334299183 |      60 |    63.0 | 5,00 | mscpd1.txt |1,7e+03 |
| 4 | 4200 | 5000 |   85 |       0.45 |1585334299183 |      60 |    63.0 | 5,00 | mscpd1.txt |1,8e+03 |
| 4 | 4300 | 5000 |   90 |       0.45 |1585334299183 |      60 |    63.0 | 5,00 | mscpd1.txt |1,8e+03 |
| 4 | 4400 | 5000 |   90 |       0.45 |1585334299183 |      60 |    63.0 | 5,00 | mscpd1.txt |1,9e+03 |
| 4 | 4500 | 5000 |   90 |       0.45 |1585334299183 |      60 |    63.0 | 5,00 | mscpd1.txt |1,9e+03 |
| 4 | 4600 | 5000 |   90 |       0.45 |1585334299183 |      60 |    63.0 | 5,00 | mscpd1.txt |2,0e+03 |
| 4 | 4700 | 5000 |   95 |       0.45 |1585334299183 |      60 |    63.0 | 5,00 | mscpd1.txt |2,1e+03 |
| 4 | 4800 | 5000 |   95 |       0.45 |1585334299183 |      60 |    63.0 | 5,00 | mscpd1.txt |2,1e+03 |
| 4 | 4900 | 5000 |   95 |       0.45 |1585334299183 |      60 |    63.0 | 5,00 | mscpd1.txt |2,2e+03 |
| 4 | 5000 | 5000 |   95 |       0.45 |1585334299183 |      60 |    63.0 | 5,00 | mscpd1.txt |2,2e+03 |
| 4 |  400 | 5000 |  100 |       0.45 |1585334299183 |      60 |    63.0 | 5,00 | mscpd1.txt |2,2e+03 |
| 5 |    1 | 5000 |   35 |       0.25 |1585336518327 |      60 |  2525.0 |4108,33 | mscpd1.txt |0,0090 |
| 5 |  100 | 5000 |   35 |       0.45 |1585336518327 |      60 |  2098.0 |3396,67 | mscpd1.txt |  1,6 |
| 5 |  200 | 5000 |   35 | 0.42857143 |1585336518327 |      60 |  1904.0 |3073,33 | mscpd1.txt |  4,6 |
| 5 |  300 | 5000 |   35 |       0.45 |1585336518327 |      60 |   113.0 |88,33 | mscpd1.txt |  7,1 |
| 5 |  400 | 5000 |   35 |        0.4 |1585336518327 |      60 |    97.0 |61,67 | mscpd1.txt |   16 |
| 5 |  500 | 5000 |   40 |       0.45 |1585336518327 |      60 |    66.0 |10,00 | mscpd1.txt |   77 |
| 5 |  600 | 5000 |   40 |       0.45 |1585336518327 |      60 |    66.0 |10,00 | mscpd1.txt |1,5e+02 |
| 5 |  700 | 5000 |   40 |        0.3 |1585336518327 |      60 |    66.0 |10,00 | mscpd1.txt |2,0e+02 |
| 5 |  800 | 5000 |   40 |        0.3 |1585336518327 |      60 |    66.0 |10,00 | mscpd1.txt |2,4e+02 |
| 5 |  900 | 5000 |   45 |       0.45 |1585336518327 |      60 |    66.0 |10,00 | mscpd1.txt |3,1e+02 |
| 5 | 1000 | 5000 |   45 |        0.4 |1585336518327 |      60 |    66.0 |10,00 | mscpd1.txt |3,6e+02 |
| 5 | 1100 | 5000 |   45 |        0.4 |1585336518327 |      60 |    66.0 |10,00 | mscpd1.txt |4,0e+02 |
| 5 | 1200 | 5000 |   45 | 0.37777779 |1585336518327 |      60 |    66.0 |10,00 | mscpd1.txt |4,4e+02 |
| 5 | 1300 | 5000 |   50 |       0.45 |1585336518327 |      60 |    66.0 |10,00 | mscpd1.txt |5,0e+02 |
| 5 | 1400 | 5000 |   50 |       0.45 |1585336518327 |      60 |    66.0 |10,00 | mscpd1.txt |5,4e+02 |
| 5 | 1500 | 5000 |   50 |       0.45 |1585336518327 |      60 |    66.0 |10,00 | mscpd1.txt |5,8e+02 |
| 5 | 1600 | 5000 |   50 |       0.45 |1585336518327 |      60 |    66.0 |10,00 | mscpd1.txt |6,1e+02 |
| 5 | 1700 | 5000 |   55 |       0.45 |1585336518327 |      60 |    66.0 |10,00 | mscpd1.txt |6,6e+02 |
| 5 | 1800 | 5000 |   55 |       0.45 |1585336518327 |      60 |    66.0 |10,00 | mscpd1.txt |7,1e+02 |
| 5 | 1900 | 5000 |   55 |       0.45 |1585336518327 |      60 |    66.0 |10,00 | mscpd1.txt |7,5e+02 |
| 5 | 2000 | 5000 |   55 |       0.45 |1585336518327 |      60 |    66.0 |10,00 | mscpd1.txt |8,0e+02 |
| 5 | 2100 | 5000 |   60 |       0.45 |1585336518327 |      60 |    66.0 |10,00 | mscpd1.txt |8,7e+02 |
| 5 | 2200 | 5000 |   60 |       0.45 |1585336518327 |      60 |    66.0 |10,00 | mscpd1.txt |9,3e+02 |
| 5 | 2300 | 5000 |   60 |       0.45 |1585336518327 |      60 |    66.0 |10,00 | mscpd1.txt |9,9e+02 |
| 5 | 2400 | 5000 |   60 |       0.45 |1585336518327 |      60 |    66.0 |10,00 | mscpd1.txt |1,1e+03 |
| 5 | 2500 | 5000 |   65 |       0.45 |1585336518327 |      60 |    66.0 |10,00 | mscpd1.txt |1,1e+03 |
| 5 | 2600 | 5000 |   65 |       0.45 |1585336518327 |      60 |    66.0 |10,00 | mscpd1.txt |1,2e+03 |
| 5 | 2700 | 5000 |   65 |       0.45 |1585336518327 |      60 |    66.0 |10,00 | mscpd1.txt |1,2e+03 |
| 5 | 2800 | 5000 |   65 |       0.45 |1585336518327 |      60 |    66.0 |10,00 | mscpd1.txt |1,3e+03 |
| 5 | 2900 | 5000 |   70 |       0.45 |1585336518327 |      60 |    66.0 |10,00 | mscpd1.txt |1,3e+03 |
| 5 | 3000 | 5000 |   70 |       0.45 |1585336518327 |      60 |    66.0 |10,00 | mscpd1.txt |1,4e+03 |
| 5 | 3100 | 5000 |   70 |       0.45 |1585336518327 |      60 |    66.0 |10,00 | mscpd1.txt |1,4e+03 |
| 5 | 3200 | 5000 |   70 |       0.45 |1585336518327 |      60 |    66.0 |10,00 | mscpd1.txt |1,5e+03 |
| 5 | 3300 | 5000 |   75 |       0.45 |1585336518327 |      60 |    66.0 |10,00 | mscpd1.txt |1,6e+03 |
| 5 | 3400 | 5000 |   75 |       0.45 |1585336518327 |      60 |    66.0 |10,00 | mscpd1.txt |1,7e+03 |
| 5 | 3500 | 5000 |   75 |       0.45 |1585336518327 |      60 |    66.0 |10,00 | mscpd1.txt |1,7e+03 |
| 5 | 3600 | 5000 |   75 |       0.45 |1585336518327 |      60 |    66.0 |10,00 | mscpd1.txt |1,8e+03 |
| 5 | 3700 | 5000 |   80 |       0.45 |1585336518327 |      60 |    66.0 |10,00 | mscpd1.txt |1,9e+03 |
| 5 | 3800 | 5000 |   80 |       0.45 |1585336518327 |      60 |    66.0 |10,00 | mscpd1.txt |2,0e+03 |
| 5 | 3900 | 5000 |   80 |       0.45 |1585336518327 |      60 |    66.0 |10,00 | mscpd1.txt |2,0e+03 |
| 5 | 4000 | 5000 |   80 |       0.45 |1585336518327 |      60 |    66.0 |10,00 | mscpd1.txt |2,1e+03 |
| 5 | 4100 | 5000 |   85 |       0.45 |1585336518327 |      60 |    66.0 |10,00 | mscpd1.txt |2,1e+03 |
| 5 | 4200 | 5000 |   85 |       0.45 |1585336518327 |      60 |    66.0 |10,00 | mscpd1.txt |2,2e+03 |
| 5 | 4300 | 5000 |   85 |       0.45 |1585336518327 |      60 |    66.0 |10,00 | mscpd1.txt |2,3e+03 |
| 5 | 4400 | 5000 |   85 |       0.45 |1585336518327 |      60 |    66.0 |10,00 | mscpd1.txt |2,3e+03 |
| 5 | 4500 | 5000 |   90 |       0.45 |1585336518327 |      60 |    66.0 |10,00 | mscpd1.txt |2,4e+03 |
| 5 | 4600 | 5000 |   90 |       0.45 |1585336518327 |      60 |    66.0 |10,00 | mscpd1.txt |2,5e+03 |
| 5 | 4700 | 5000 |   90 |       0.45 |1585336518327 |      60 |    66.0 |10,00 | mscpd1.txt |2,6e+03 |
| 5 | 4800 | 5000 |   90 |       0.45 |1585336518327 |      60 |    66.0 |10,00 | mscpd1.txt |2,7e+03 |
| 5 | 4900 | 5000 |   95 |       0.45 |1585336518327 |      60 |    66.0 |10,00 | mscpd1.txt |2,8e+03 |
| 5 | 5000 | 5000 |   95 |       0.45 |1585336518327 |      60 |    66.0 |10,00 | mscpd1.txt |2,8e+03 |
| 5 |  400 | 5000 |   95 |       0.45 |1585336518327 |      60 |    66.0 |10,00 | mscpd1.txt |2,8e+03 |
| 6 |    1 | 5000 |   35 |       0.25 |1585339324043 |      60 |  2448.0 |3980,00 | mscpd1.txt |0,0090 |
| 6 |  100 | 5000 |   35 |       0.45 |1585339324043 |      60 |   122.0 |103,33 | mscpd1.txt |  2,1 |
| 6 |  200 | 5000 |   35 |       0.45 |1585339324043 |      60 |   116.0 |93,33 | mscpd1.txt |  7,8 |
| 6 |  300 | 5000 |   40 |       0.45 |1585339324043 |      60 |    65.0 | 8,33 | mscpd1.txt |   75 |
| 6 |  400 | 5000 |   40 |       0.45 |1585339324043 |      60 |    65.0 | 8,33 | mscpd1.txt |1,7e+02 |
| 6 |  500 | 5000 |   40 |       0.45 |1585339324043 |      60 |    65.0 | 8,33 | mscpd1.txt |2,7e+02 |
| 6 |  600 | 5000 |   40 |       0.45 |1585339324043 |      60 |    64.0 | 6,67 | mscpd1.txt |3,4e+02 |
| 6 |  700 | 5000 |   45 |       0.45 |1585339324043 |      60 |    64.0 | 6,67 | mscpd1.txt |3,9e+02 |
| 6 |  800 | 5000 |   45 |       0.45 |1585339324043 |      60 |    64.0 | 6,67 | mscpd1.txt |4,3e+02 |
| 6 |  900 | 5000 |   45 |       0.45 |1585339324043 |      60 |    64.0 | 6,67 | mscpd1.txt |4,8e+02 |
| 6 | 1000 | 5000 |   45 |       0.45 |1585339324043 |      60 |    64.0 | 6,67 | mscpd1.txt |5,2e+02 |
| 6 | 1100 | 5000 |   50 |       0.45 |1585339324043 |      60 |    64.0 | 6,67 | mscpd1.txt |5,8e+02 |
| 6 | 1200 | 5000 |   50 |       0.45 |1585339324043 |      60 |    64.0 | 6,67 | mscpd1.txt |6,5e+02 |
| 6 | 1300 | 5000 |   50 |       0.45 |1585339324043 |      60 |    64.0 | 6,67 | mscpd1.txt |6,8e+02 |
| 6 | 1400 | 5000 |   50 |       0.45 |1585339324043 |      60 |    64.0 | 6,67 | mscpd1.txt |7,2e+02 |
| 6 | 1500 | 5000 |   55 |       0.45 |1585339324043 |      60 |    64.0 | 6,67 | mscpd1.txt |7,6e+02 |
| 6 | 1600 | 5000 |   55 |       0.45 |1585339324043 |      60 |    64.0 | 6,67 | mscpd1.txt |8,1e+02 |
| 6 | 1700 | 5000 |   55 |       0.45 |1585339324043 |      60 |    64.0 | 6,67 | mscpd1.txt |8,6e+02 |
| 6 | 1800 | 5000 |   55 |       0.45 |1585339324043 |      60 |    64.0 | 6,67 | mscpd1.txt |9,1e+02 |
| 6 | 1900 | 5000 |   60 |       0.45 |1585339324043 |      60 |    64.0 | 6,67 | mscpd1.txt |9,8e+02 |
| 6 | 2000 | 5000 |   60 |       0.45 |1585339324043 |      60 |    64.0 | 6,67 | mscpd1.txt |1,0e+03 |
| 6 | 2100 | 5000 |   60 |       0.45 |1585339324043 |      60 |    64.0 | 6,67 | mscpd1.txt |1,1e+03 |
| 6 | 2200 | 5000 |   60 |       0.45 |1585339324043 |      60 |    64.0 | 6,67 | mscpd1.txt |1,2e+03 |
| 6 | 2300 | 5000 |   65 |       0.45 |1585339324043 |      60 |    64.0 | 6,67 | mscpd1.txt |1,3e+03 |
| 6 | 2400 | 5000 |   65 |       0.45 |1585339324043 |      60 |    64.0 | 6,67 | mscpd1.txt |1,3e+03 |
| 6 | 2500 | 5000 |   65 |       0.45 |1585339324043 |      60 |    64.0 | 6,67 | mscpd1.txt |1,4e+03 |
| 6 | 2600 | 5000 |   65 |       0.45 |1585339324043 |      60 |    64.0 | 6,67 | mscpd1.txt |1,4e+03 |
| 6 | 2700 | 5000 |   70 |       0.45 |1585339324043 |      60 |    64.0 | 6,67 | mscpd1.txt |1,5e+03 |
| 6 | 2800 | 5000 |   70 |       0.45 |1585339324043 |      60 |    64.0 | 6,67 | mscpd1.txt |1,6e+03 |
| 6 | 2900 | 5000 |   70 |       0.45 |1585339324043 |      60 |    64.0 | 6,67 | mscpd1.txt |1,6e+03 |
| 6 | 3000 | 5000 |   70 |       0.45 |1585339324043 |      60 |    64.0 | 6,67 | mscpd1.txt |1,7e+03 |
| 6 | 3100 | 5000 |   75 |       0.45 |1585339324043 |      60 |    64.0 | 6,67 | mscpd1.txt |1,8e+03 |
| 6 | 3200 | 5000 |   75 |       0.45 |1585339324043 |      60 |    64.0 | 6,67 | mscpd1.txt |1,8e+03 |
| 6 | 3300 | 5000 |   75 |       0.45 |1585339324043 |      60 |    64.0 | 6,67 | mscpd1.txt |1,9e+03 |
| 6 | 3400 | 5000 |   75 |       0.45 |1585339324043 |      60 |    64.0 | 6,67 | mscpd1.txt |2,0e+03 |
| 6 | 3500 | 5000 |   80 |       0.45 |1585339324043 |      60 |    63.0 | 5,00 | mscpd1.txt |2,1e+03 |
| 6 | 3600 | 5000 |   80 |       0.45 |1585339324043 |      60 |    63.0 | 5,00 | mscpd1.txt |2,1e+03 |
| 6 | 3700 | 5000 |   80 |       0.45 |1585339324043 |      60 |    63.0 | 5,00 | mscpd1.txt |2,2e+03 |
| 6 | 3800 | 5000 |   80 |       0.45 |1585339324043 |      60 |    63.0 | 5,00 | mscpd1.txt |2,2e+03 |
| 6 | 3900 | 5000 |   85 |       0.45 |1585339324043 |      60 |    63.0 | 5,00 | mscpd1.txt |2,3e+03 |
| 6 | 4000 | 5000 |   85 |       0.45 |1585339324043 |      60 |    63.0 | 5,00 | mscpd1.txt |2,4e+03 |
| 6 | 4100 | 5000 |   85 |       0.45 |1585339324043 |      60 |    63.0 | 5,00 | mscpd1.txt |2,5e+03 |
| 6 | 4200 | 5000 |   85 |       0.45 |1585339324043 |      60 |    63.0 | 5,00 | mscpd1.txt |2,5e+03 |
| 6 | 4300 | 5000 |   90 |       0.45 |1585339324043 |      60 |    63.0 | 5,00 | mscpd1.txt |2,6e+03 |
| 6 | 4400 | 5000 |   90 |       0.45 |1585339324043 |      60 |    63.0 | 5,00 | mscpd1.txt |2,7e+03 |
| 6 | 4500 | 5000 |   90 |       0.45 |1585339324043 |      60 |    63.0 | 5,00 | mscpd1.txt |2,8e+03 |
| 6 | 4600 | 5000 |   90 |       0.45 |1585339324043 |      60 |    63.0 | 5,00 | mscpd1.txt |2,9e+03 |
| 6 | 4700 | 5000 |   95 |       0.45 |1585339324043 |      60 |    63.0 | 5,00 | mscpd1.txt |3,0e+03 |
| 6 | 4800 | 5000 |   95 |       0.45 |1585339324043 |      60 |    63.0 | 5,00 | mscpd1.txt |3,1e+03 |
| 6 | 4900 | 5000 |   95 |       0.45 |1585339324043 |      60 |    63.0 | 5,00 | mscpd1.txt |3,1e+03 |
| 6 | 5000 | 5000 |   95 |       0.45 |1585339324043 |      60 |    63.0 | 5,00 | mscpd1.txt |3,2e+03 |
| 6 |  400 | 5000 |  100 |       0.45 |1585339324043 |      60 |    63.0 | 5,00 | mscpd1.txt |3,2e+03 |
| 7 |    1 | 5000 |   35 |       0.25 |1585342571846 |      60 |  2498.0 |4063,33 | mscpd1.txt |0,0090 |
| 7 |  100 | 5000 |   35 |       0.45 |1585342571846 |      60 |  2048.0 |3313,33 | mscpd1.txt | 0,80 |
| 7 |  200 | 5000 |   35 |       0.45 |1585342571846 |      60 |  1916.0 |3093,33 | mscpd1.txt |  1,8 |
| 7 |  300 | 5000 |   35 | 0.34285715 |1585342571846 |      60 |   109.0 |81,67 | mscpd1.txt |  5,2 |
| 7 |  400 | 5000 |   35 | 0.25714287 |1585342571846 |      60 |   109.0 |81,67 | mscpd1.txt |   15 |
| 7 |  500 | 5000 |   40 |       0.45 |1585342571846 |      60 |    66.0 |10,00 | mscpd1.txt |   81 |
| 7 |  600 | 5000 |   40 |       0.45 |1585342571846 |      60 |    66.0 |10,00 | mscpd1.txt |1,6e+02 |
| 7 |  700 | 5000 |   40 |       0.45 |1585342571846 |      60 |    66.0 |10,00 | mscpd1.txt |2,1e+02 |
| 7 |  800 | 5000 |   40 |      0.425 |1585342571846 |      60 |    66.0 |10,00 | mscpd1.txt |2,4e+02 |
| 7 |  900 | 5000 |   45 |       0.45 |1585342571846 |      60 |    65.0 | 8,33 | mscpd1.txt |2,9e+02 |
| 7 | 1000 | 5000 |   45 |       0.45 |1585342571846 |      60 |    65.0 | 8,33 | mscpd1.txt |3,4e+02 |
| 7 | 1100 | 5000 |   45 |       0.45 |1585342571846 |      60 |    65.0 | 8,33 | mscpd1.txt |3,9e+02 |
| 7 | 1200 | 5000 |   45 |       0.45 |1585342571846 |      60 |    65.0 | 8,33 | mscpd1.txt |4,3e+02 |
| 7 | 1300 | 5000 |   50 |       0.45 |1585342571846 |      60 |    65.0 | 8,33 | mscpd1.txt |5,0e+02 |
| 7 | 1400 | 5000 |   50 |       0.45 |1585342571846 |      60 |    65.0 | 8,33 | mscpd1.txt |5,3e+02 |
| 7 | 1500 | 5000 |   50 |       0.45 |1585342571846 |      60 |    65.0 | 8,33 | mscpd1.txt |5,7e+02 |
| 7 | 1600 | 5000 |   50 |       0.45 |1585342571846 |      60 |    65.0 | 8,33 | mscpd1.txt |6,1e+02 |
| 7 | 1700 | 5000 |   55 |       0.45 |1585342571846 |      60 |    65.0 | 8,33 | mscpd1.txt |6,6e+02 |
| 7 | 1800 | 5000 |   55 |       0.45 |1585342571846 |      60 |    65.0 | 8,33 | mscpd1.txt |7,2e+02 |
| 7 | 1900 | 5000 |   55 |       0.45 |1585342571846 |      60 |    65.0 | 8,33 | mscpd1.txt |7,8e+02 |
| 7 | 2000 | 5000 |   55 |       0.45 |1585342571846 |      60 |    65.0 | 8,33 | mscpd1.txt |8,3e+02 |
| 7 | 2100 | 5000 |   60 |       0.45 |1585342571846 |      60 |    65.0 | 8,33 | mscpd1.txt |9,0e+02 |
| 7 | 2200 | 5000 |   60 |       0.45 |1585342571846 |      60 |    65.0 | 8,33 | mscpd1.txt |9,4e+02 |
| 7 | 2300 | 5000 |   60 |       0.45 |1585342571846 |      60 |    65.0 | 8,33 | mscpd1.txt |9,8e+02 |
| 7 | 2400 | 5000 |   60 |       0.45 |1585342571846 |      60 |    65.0 | 8,33 | mscpd1.txt |1,0e+03 |
| 7 | 2500 | 5000 |   65 |       0.45 |1585342571846 |      60 |    65.0 | 8,33 | mscpd1.txt |1,1e+03 |
| 7 | 2600 | 5000 |   65 |       0.45 |1585342571846 |      60 |    65.0 | 8,33 | mscpd1.txt |1,1e+03 |
| 7 | 2700 | 5000 |   65 |       0.45 |1585342571846 |      60 |    65.0 | 8,33 | mscpd1.txt |1,2e+03 |
| 7 | 2800 | 5000 |   65 |       0.45 |1585342571846 |      60 |    65.0 | 8,33 | mscpd1.txt |1,2e+03 |
| 7 | 2900 | 5000 |   70 |       0.45 |1585342571846 |      60 |    65.0 | 8,33 | mscpd1.txt |1,3e+03 |
| 7 | 3000 | 5000 |   70 |       0.45 |1585342571846 |      60 |    65.0 | 8,33 | mscpd1.txt |1,4e+03 |
| 7 | 3100 | 5000 |   70 |       0.45 |1585342571846 |      60 |    65.0 | 8,33 | mscpd1.txt |1,5e+03 |
| 7 | 3200 | 5000 |   70 |       0.45 |1585342571846 |      60 |    65.0 | 8,33 | mscpd1.txt |1,6e+03 |
| 7 | 3300 | 5000 |   75 |       0.45 |1585342571846 |      60 |    65.0 | 8,33 | mscpd1.txt |1,7e+03 |
| 7 | 3400 | 5000 |   75 |       0.45 |1585342571846 |      60 |    65.0 | 8,33 | mscpd1.txt |1,7e+03 |
| 7 | 3500 | 5000 |   75 |       0.45 |1585342571846 |      60 |    65.0 | 8,33 | mscpd1.txt |1,8e+03 |
| 7 | 3600 | 5000 |   75 |       0.45 |1585342571846 |      60 |    65.0 | 8,33 | mscpd1.txt |1,8e+03 |
| 7 | 3700 | 5000 |   80 |       0.45 |1585342571846 |      60 |    65.0 | 8,33 | mscpd1.txt |1,9e+03 |
| 7 | 3800 | 5000 |   80 |       0.45 |1585342571846 |      60 |    65.0 | 8,33 | mscpd1.txt |1,9e+03 |
| 7 | 3900 | 5000 |   80 |       0.45 |1585342571846 |      60 |    65.0 | 8,33 | mscpd1.txt |2,0e+03 |
| 7 | 4000 | 5000 |   80 |       0.45 |1585342571846 |      60 |    65.0 | 8,33 | mscpd1.txt |2,1e+03 |
| 7 | 4100 | 5000 |   85 |       0.45 |1585342571846 |      60 |    65.0 | 8,33 | mscpd1.txt |2,1e+03 |
| 7 | 4200 | 5000 |   85 |       0.45 |1585342571846 |      60 |    65.0 | 8,33 | mscpd1.txt |2,2e+03 |
| 7 | 4300 | 5000 |   85 |       0.45 |1585342571846 |      60 |    65.0 | 8,33 | mscpd1.txt |2,3e+03 |
| 7 | 4400 | 5000 |   85 |       0.45 |1585342571846 |      60 |    65.0 | 8,33 | mscpd1.txt |2,4e+03 |
| 7 | 4500 | 5000 |   90 |       0.45 |1585342571846 |      60 |    65.0 | 8,33 | mscpd1.txt |2,4e+03 |
| 7 | 4600 | 5000 |   90 |       0.45 |1585342571846 |      60 |    65.0 | 8,33 | mscpd1.txt |2,5e+03 |
| 7 | 4700 | 5000 |   90 |       0.45 |1585342571846 |      60 |    65.0 | 8,33 | mscpd1.txt |2,6e+03 |
| 7 | 4800 | 5000 |   90 |       0.45 |1585342571846 |      60 |    65.0 | 8,33 | mscpd1.txt |2,7e+03 |
| 7 | 4900 | 5000 |   95 |       0.45 |1585342571846 |      60 |    65.0 | 8,33 | mscpd1.txt |2,8e+03 |
| 7 | 5000 | 5000 |   95 |       0.45 |1585342571846 |      60 |    65.0 | 8,33 | mscpd1.txt |2,9e+03 |
| 7 |  400 | 5000 |   95 |       0.45 |1585342571846 |      60 |    65.0 | 8,33 | mscpd1.txt |2,9e+03 |
| 8 |    1 | 5000 |   35 |       0.25 |1585345495452 |      60 |  2360.0 |3833,33 | mscpd1.txt |0,011 |
| 8 |  100 | 5000 |   35 | 0.37142858 |1585345495452 |      60 |  2059.0 |3331,67 | mscpd1.txt |  2,1 |
| 8 |  200 | 5000 |   35 | 0.42857143 |1585345495452 |      60 |  1858.0 |2996,67 | mscpd1.txt |  3,4 |
| 8 |  300 | 5000 |   40 |       0.45 |1585345495452 |      60 |    66.0 |10,00 | mscpd1.txt |   66 |
| 8 |  400 | 5000 |   40 |        0.4 |1585345495452 |      60 |    66.0 |10,00 | mscpd1.txt |1,2e+02 |
| 8 |  500 | 5000 |   40 |        0.4 |1585345495452 |      60 |    66.0 |10,00 | mscpd1.txt |1,7e+02 |
| 8 |  600 | 5000 |   40 |      0.425 |1585345495452 |      60 |    66.0 |10,00 | mscpd1.txt |1,9e+02 |
| 8 |  700 | 5000 |   45 |        0.4 |1585345495452 |      60 |    66.0 |10,00 | mscpd1.txt |2,3e+02 |
| 8 |  800 | 5000 |   45 | 0.42222223 |1585345495452 |      60 |    66.0 |10,00 | mscpd1.txt |2,8e+02 |
| 8 |  900 | 5000 |   45 |        0.4 |1585345495452 |      60 |    66.0 |10,00 | mscpd1.txt |3,2e+02 |
| 8 | 1000 | 5000 |   45 | 0.42222223 |1585345495452 |      60 |    66.0 |10,00 | mscpd1.txt |3,6e+02 |
| 8 | 1100 | 5000 |   50 |       0.45 |1585345495452 |      60 |    66.0 |10,00 | mscpd1.txt |4,1e+02 |
| 8 | 1200 | 5000 |   50 |       0.45 |1585345495452 |      60 |    66.0 |10,00 | mscpd1.txt |4,5e+02 |
| 8 | 1300 | 5000 |   50 |       0.45 |1585345495452 |      60 |    66.0 |10,00 | mscpd1.txt |4,9e+02 |
| 8 | 1400 | 5000 |   50 |       0.45 |1585345495452 |      60 |    66.0 |10,00 | mscpd1.txt |5,2e+02 |
| 8 | 1500 | 5000 |   55 |       0.45 |1585345495452 |      60 |    66.0 |10,00 | mscpd1.txt |5,7e+02 |
| 8 | 1600 | 5000 |   55 |       0.45 |1585345495452 |      60 |    66.0 |10,00 | mscpd1.txt |6,2e+02 |
| 8 | 1700 | 5000 |   55 |       0.45 |1585345495452 |      60 |    66.0 |10,00 | mscpd1.txt |6,7e+02 |
| 8 | 1800 | 5000 |   55 |       0.45 |1585345495452 |      60 |    66.0 |10,00 | mscpd1.txt |7,2e+02 |
| 8 | 1900 | 5000 |   60 |       0.45 |1585345495452 |      60 |    66.0 |10,00 | mscpd1.txt |7,8e+02 |
| 8 | 2000 | 5000 |   60 |       0.45 |1585345495452 |      60 |    66.0 |10,00 | mscpd1.txt |8,2e+02 |
| 8 | 2100 | 5000 |   60 |       0.45 |1585345495452 |      60 |    66.0 |10,00 | mscpd1.txt |8,6e+02 |
| 8 | 2200 | 5000 |   60 |       0.45 |1585345495452 |      60 |    66.0 |10,00 | mscpd1.txt |9,1e+02 |
| 8 | 2300 | 5000 |   65 |       0.45 |1585345495452 |      60 |    66.0 |10,00 | mscpd1.txt |9,6e+02 |
| 8 | 2400 | 5000 |   65 |       0.45 |1585345495452 |      60 |    66.0 |10,00 | mscpd1.txt |1,0e+03 |
| 8 | 2500 | 5000 |   65 |       0.45 |1585345495452 |      60 |    66.0 |10,00 | mscpd1.txt |1,0e+03 |
| 8 | 2600 | 5000 |   65 |       0.45 |1585345495452 |      60 |    66.0 |10,00 | mscpd1.txt |1,1e+03 |
| 8 | 2700 | 5000 |   70 |       0.45 |1585345495452 |      60 |    65.0 | 8,33 | mscpd1.txt |1,1e+03 |
| 8 | 2800 | 5000 |   70 |       0.45 |1585345495452 |      60 |    65.0 | 8,33 | mscpd1.txt |1,2e+03 |
| 8 | 2900 | 5000 |   70 |       0.45 |1585345495452 |      60 |    65.0 | 8,33 | mscpd1.txt |1,2e+03 |
| 8 | 3000 | 5000 |   70 |       0.45 |1585345495452 |      60 |    65.0 | 8,33 | mscpd1.txt |1,3e+03 |
| 8 | 3100 | 5000 |   75 |       0.45 |1585345495452 |      60 |    65.0 | 8,33 | mscpd1.txt |1,3e+03 |
| 8 | 3200 | 5000 |   75 |       0.45 |1585345495452 |      60 |    65.0 | 8,33 | mscpd1.txt |1,3e+03 |
| 8 | 3300 | 5000 |   75 |       0.45 |1585345495452 |      60 |    65.0 | 8,33 | mscpd1.txt |1,4e+03 |
| 8 | 3400 | 5000 |   75 |       0.45 |1585345495452 |      60 |    65.0 | 8,33 | mscpd1.txt |1,4e+03 |
| 8 | 3500 | 5000 |   80 |       0.45 |1585345495452 |      60 |    65.0 | 8,33 | mscpd1.txt |1,5e+03 |
| 8 | 3600 | 5000 |   80 |       0.45 |1585345495452 |      60 |    65.0 | 8,33 | mscpd1.txt |1,5e+03 |
| 8 | 3700 | 5000 |   80 |       0.45 |1585345495452 |      60 |    65.0 | 8,33 | mscpd1.txt |1,5e+03 |
| 8 | 3800 | 5000 |   80 |       0.45 |1585345495452 |      60 |    65.0 | 8,33 | mscpd1.txt |1,6e+03 |
| 8 | 3900 | 5000 |   85 |       0.45 |1585345495452 |      60 |    65.0 | 8,33 | mscpd1.txt |1,6e+03 |
| 8 | 4000 | 5000 |   85 |       0.45 |1585345495452 |      60 |    65.0 | 8,33 | mscpd1.txt |1,7e+03 |
| 8 | 4100 | 5000 |   85 |       0.45 |1585345495452 |      60 |    65.0 | 8,33 | mscpd1.txt |1,7e+03 |
| 8 | 4200 | 5000 |   85 |       0.45 |1585345495452 |      60 |    65.0 | 8,33 | mscpd1.txt |1,7e+03 |
| 8 | 4300 | 5000 |   90 |       0.45 |1585345495452 |      60 |    65.0 | 8,33 | mscpd1.txt |1,8e+03 |
| 8 | 4400 | 5000 |   90 |       0.45 |1585345495452 |      60 |    65.0 | 8,33 | mscpd1.txt |1,8e+03 |
| 8 | 4500 | 5000 |   90 |       0.45 |1585345495452 |      60 |    65.0 | 8,33 | mscpd1.txt |1,8e+03 |
| 8 | 4600 | 5000 |   90 |       0.45 |1585345495452 |      60 |    65.0 | 8,33 | mscpd1.txt |1,8e+03 |
| 8 | 4700 | 5000 |   95 |       0.45 |1585345495452 |      60 |    65.0 | 8,33 | mscpd1.txt |1,9e+03 |
| 8 | 4800 | 5000 |   95 |       0.45 |1585345495452 |      60 |    65.0 | 8,33 | mscpd1.txt |1,9e+03 |
| 8 | 4900 | 5000 |   95 |       0.45 |1585345495452 |      60 |    65.0 | 8,33 | mscpd1.txt |2,0e+03 |
| 8 | 5000 | 5000 |   95 |       0.45 |1585345495452 |      60 |    65.0 | 8,33 | mscpd1.txt |2,0e+03 |
| 8 |  400 | 5000 |  100 |       0.45 |1585345495452 |      60 |    65.0 | 8,33 | mscpd1.txt |2,0e+03 |
| 9 |    1 | 5000 |   35 |       0.25 |1585347486198 |      60 |  2396.0 |3893,33 | mscpd1.txt |0,0080 |
| 9 |  100 | 5000 |   35 |       0.45 |1585347486198 |      60 |  2130.0 |3450,00 | mscpd1.txt | 0,85 |
| 9 |  200 | 5000 |   35 | 0.42857143 |1585347486198 |      60 |  1939.0 |3131,67 | mscpd1.txt |  1,8 |
| 9 |  300 | 5000 |   35 | 0.34285715 |1585347486198 |      60 |  1815.0 |2925,00 | mscpd1.txt |  2,9 |
| 9 |  400 | 5000 |   35 | 0.37142858 |1585347486198 |      60 |   135.0 |125,00 | mscpd1.txt |  8,9 |
| 9 |  500 | 5000 |   40 |       0.45 |1585347486198 |      60 |    66.0 |10,00 | mscpd1.txt |   66 |
| 9 |  600 | 5000 |   40 |       0.45 |1585347486198 |      60 |    66.0 |10,00 | mscpd1.txt |1,3e+02 |
| 9 |  700 | 5000 |   40 |       0.45 |1585347486198 |      60 |    66.0 |10,00 | mscpd1.txt |1,8e+02 |
| 9 |  800 | 5000 |   40 |       0.45 |1585347486198 |      60 |    66.0 |10,00 | mscpd1.txt |2,2e+02 |
| 9 |  900 | 5000 |   45 |       0.45 |1585347486198 |      60 |    66.0 |10,00 | mscpd1.txt |2,7e+02 |
| 9 | 1000 | 5000 |   45 |       0.45 |1585347486198 |      60 |    66.0 |10,00 | mscpd1.txt |2,9e+02 |
| 9 | 1100 | 5000 |   45 |       0.45 |1585347486198 |      60 |    66.0 |10,00 | mscpd1.txt |3,2e+02 |
| 9 | 1200 | 5000 |   45 |       0.45 |1585347486198 |      60 |    66.0 |10,00 | mscpd1.txt |3,4e+02 |
| 9 | 1300 | 5000 |   50 |       0.45 |1585347486198 |      60 |    66.0 |10,00 | mscpd1.txt |3,8e+02 |
| 9 | 1400 | 5000 |   50 |       0.45 |1585347486198 |      60 |    66.0 |10,00 | mscpd1.txt |4,2e+02 |
| 9 | 1500 | 5000 |   50 |       0.45 |1585347486198 |      60 |    66.0 |10,00 | mscpd1.txt |4,5e+02 |
| 9 | 1600 | 5000 |   50 |       0.45 |1585347486198 |      60 |    66.0 |10,00 | mscpd1.txt |4,9e+02 |
| 9 | 1700 | 5000 |   55 |       0.45 |1585347486198 |      60 |    66.0 |10,00 | mscpd1.txt |5,4e+02 |
| 9 | 1800 | 5000 |   55 |       0.45 |1585347486198 |      60 |    66.0 |10,00 | mscpd1.txt |5,8e+02 |
| 9 | 1900 | 5000 |   55 |       0.45 |1585347486198 |      60 |    66.0 |10,00 | mscpd1.txt |6,1e+02 |
| 9 | 2000 | 5000 |   55 |       0.45 |1585347486198 |      60 |    66.0 |10,00 | mscpd1.txt |6,4e+02 |
| 9 | 2100 | 5000 |   60 |       0.45 |1585347486198 |      60 |    66.0 |10,00 | mscpd1.txt |6,8e+02 |
| 9 | 2200 | 5000 |   60 |       0.45 |1585347486198 |      60 |    66.0 |10,00 | mscpd1.txt |7,2e+02 |
| 9 | 2300 | 5000 |   60 |       0.45 |1585347486198 |      60 |    66.0 |10,00 | mscpd1.txt |7,6e+02 |
| 9 | 2400 | 5000 |   60 |       0.45 |1585347486198 |      60 |    66.0 |10,00 | mscpd1.txt |8,1e+02 |
| 9 | 2500 | 5000 |   65 |       0.45 |1585347486198 |      60 |    66.0 |10,00 | mscpd1.txt |8,6e+02 |
| 9 | 2600 | 5000 |   65 |       0.45 |1585347486198 |      60 |    66.0 |10,00 | mscpd1.txt |8,9e+02 |
| 9 | 2700 | 5000 |   65 |       0.45 |1585347486198 |      60 |    66.0 |10,00 | mscpd1.txt |9,3e+02 |
| 9 | 2800 | 5000 |   65 |       0.45 |1585347486198 |      60 |    66.0 |10,00 | mscpd1.txt |9,7e+02 |
| 9 | 2900 | 5000 |   70 |       0.45 |1585347486198 |      60 |    66.0 |10,00 | mscpd1.txt |1,0e+03 |
| 9 | 3000 | 5000 |   70 |       0.45 |1585347486198 |      60 |    66.0 |10,00 | mscpd1.txt |1,1e+03 |
| 9 | 3100 | 5000 |   70 |       0.45 |1585347486198 |      60 |    66.0 |10,00 | mscpd1.txt |1,1e+03 |
| 9 | 3200 | 5000 |   70 |       0.45 |1585347486198 |      60 |    66.0 |10,00 | mscpd1.txt |1,1e+03 |
| 9 | 3300 | 5000 |   75 |       0.45 |1585347486198 |      60 |    66.0 |10,00 | mscpd1.txt |1,2e+03 |
| 9 | 3400 | 5000 |   75 |       0.45 |1585347486198 |      60 |    66.0 |10,00 | mscpd1.txt |1,2e+03 |
| 9 | 3500 | 5000 |   75 |       0.45 |1585347486198 |      60 |    66.0 |10,00 | mscpd1.txt |1,3e+03 |
| 9 | 3600 | 5000 |   75 |       0.45 |1585347486198 |      60 |    66.0 |10,00 | mscpd1.txt |1,3e+03 |
| 9 | 3700 | 5000 |   80 |       0.45 |1585347486198 |      60 |    66.0 |10,00 | mscpd1.txt |1,4e+03 |
| 9 | 3800 | 5000 |   80 |       0.45 |1585347486198 |      60 |    66.0 |10,00 | mscpd1.txt |1,4e+03 |
| 9 | 3900 | 5000 |   80 |       0.45 |1585347486198 |      60 |    66.0 |10,00 | mscpd1.txt |1,5e+03 |
| 9 | 4000 | 5000 |   80 |       0.45 |1585347486198 |      60 |    66.0 |10,00 | mscpd1.txt |1,5e+03 |
| 9 | 4100 | 5000 |   85 |       0.45 |1585347486198 |      60 |    66.0 |10,00 | mscpd1.txt |1,6e+03 |
| 9 | 4200 | 5000 |   85 |       0.45 |1585347486198 |      60 |    66.0 |10,00 | mscpd1.txt |1,6e+03 |
| 9 | 4300 | 5000 |   85 |       0.45 |1585347486198 |      60 |    66.0 |10,00 | mscpd1.txt |1,7e+03 |
| 9 | 4400 | 5000 |   85 |       0.45 |1585347486198 |      60 |    66.0 |10,00 | mscpd1.txt |1,7e+03 |
| 9 | 4500 | 5000 |   90 |       0.45 |1585347486198 |      60 |    65.0 | 8,33 | mscpd1.txt |1,8e+03 |
| 9 | 4600 | 5000 |   90 |       0.45 |1585347486198 |      60 |    65.0 | 8,33 | mscpd1.txt |1,9e+03 |
| 9 | 4700 | 5000 |   90 |       0.45 |1585347486198 |      60 |    65.0 | 8,33 | mscpd1.txt |1,9e+03 |
| 9 | 4800 | 5000 |   90 |       0.45 |1585347486198 |      60 |    65.0 | 8,33 | mscpd1.txt |1,9e+03 |
| 9 | 4900 | 5000 |   95 |       0.45 |1585347486198 |      60 |    65.0 | 8,33 | mscpd1.txt |2,0e+03 |
| 9 | 5000 | 5000 |   95 |       0.45 |1585347486198 |      60 |    65.0 | 8,33 | mscpd1.txt |2,1e+03 |
| 9 |  400 | 5000 |   95 |       0.45 |1585347486198 |      60 |    65.0 | 8,33 | mscpd1.txt |2,1e+03 |
|10 |    1 | 5000 |   35 |       0.25 |1585349543606 |      60 |  2560.0 |4166,67 | mscpd1.txt |0,0080 |
|10 |  100 | 5000 |   35 |       0.45 |1585349543606 |      60 |  2124.0 |3440,00 | mscpd1.txt | 0,90 |
|10 |  200 | 5000 |   35 | 0.34285715 |1585349543606 |      60 |  1979.0 |3198,33 | mscpd1.txt |  2,6 |
|10 |  300 | 5000 |   40 |       0.45 |1585349543606 |      60 |    66.0 |10,00 | mscpd1.txt |   53 |
|10 |  400 | 5000 |   40 |       0.45 |1585349543606 |      60 |    66.0 |10,00 | mscpd1.txt |1,2e+02 |
|10 |  500 | 5000 |   40 |       0.45 |1585349543606 |      60 |    66.0 |10,00 | mscpd1.txt |1,7e+02 |
|10 |  600 | 5000 |   40 |       0.45 |1585349543606 |      60 |    66.0 |10,00 | mscpd1.txt |2,0e+02 |
|10 |  700 | 5000 |   45 |       0.45 |1585349543606 |      60 |    66.0 |10,00 | mscpd1.txt |2,4e+02 |
|10 |  800 | 5000 |   45 |       0.45 |1585349543606 |      60 |    66.0 |10,00 | mscpd1.txt |2,9e+02 |
|10 |  900 | 5000 |   45 |       0.45 |1585349543606 |      60 |    66.0 |10,00 | mscpd1.txt |3,4e+02 |
|10 | 1000 | 5000 |   45 |       0.45 |1585349543606 |      60 |    66.0 |10,00 | mscpd1.txt |3,8e+02 |
|10 | 1100 | 5000 |   50 |       0.45 |1585349543606 |      60 |    66.0 |10,00 | mscpd1.txt |4,4e+02 |
|10 | 1200 | 5000 |   50 |       0.45 |1585349543606 |      60 |    66.0 |10,00 | mscpd1.txt |4,8e+02 |
|10 | 1300 | 5000 |   50 |       0.45 |1585349543606 |      60 |    66.0 |10,00 | mscpd1.txt |5,1e+02 |
|10 | 1400 | 5000 |   50 |       0.45 |1585349543606 |      60 |    66.0 |10,00 | mscpd1.txt |5,5e+02 |
|10 | 1500 | 5000 |   55 |       0.45 |1585349543606 |      60 |    66.0 |10,00 | mscpd1.txt |6,0e+02 |
|10 | 1600 | 5000 |   55 |       0.45 |1585349543606 |      60 |    66.0 |10,00 | mscpd1.txt |6,2e+02 |
|10 | 1700 | 5000 |   55 |       0.45 |1585349543606 |      60 |    66.0 |10,00 | mscpd1.txt |6,5e+02 |
|10 | 1800 | 5000 |   55 |       0.45 |1585349543606 |      60 |    66.0 |10,00 | mscpd1.txt |6,8e+02 |
|10 | 1900 | 5000 |   60 |       0.45 |1585349543606 |      60 |    66.0 |10,00 | mscpd1.txt |7,2e+02 |
|10 | 2000 | 5000 |   60 |       0.45 |1585349543606 |      60 |    66.0 |10,00 | mscpd1.txt |7,6e+02 |
|10 | 2100 | 5000 |   60 |       0.45 |1585349543606 |      60 |    66.0 |10,00 | mscpd1.txt |8,0e+02 |
|10 | 2200 | 5000 |   60 |       0.45 |1585349543606 |      60 |    66.0 |10,00 | mscpd1.txt |8,3e+02 |
|10 | 2300 | 5000 |   65 |       0.45 |1585349543606 |      60 |    66.0 |10,00 | mscpd1.txt |8,8e+02 |
|10 | 2400 | 5000 |   65 |       0.45 |1585349543606 |      60 |    66.0 |10,00 | mscpd1.txt |9,1e+02 |
|10 | 2500 | 5000 |   65 |       0.45 |1585349543606 |      60 |    66.0 |10,00 | mscpd1.txt |9,4e+02 |
|10 | 2600 | 5000 |   65 |       0.45 |1585349543606 |      60 |    66.0 |10,00 | mscpd1.txt |9,7e+02 |
|10 | 2700 | 5000 |   70 |       0.45 |1585349543606 |      60 |    66.0 |10,00 | mscpd1.txt |1,0e+03 |
|10 | 2800 | 5000 |   70 |       0.45 |1585349543606 |      60 |    66.0 |10,00 | mscpd1.txt |1,0e+03 |
|10 | 2900 | 5000 |   70 |       0.45 |1585349543606 |      60 |    66.0 |10,00 | mscpd1.txt |1,1e+03 |
|10 | 3000 | 5000 |   70 |       0.45 |1585349543606 |      60 |    66.0 |10,00 | mscpd1.txt |1,1e+03 |
|10 | 3100 | 5000 |   75 |       0.45 |1585349543606 |      60 |    66.0 |10,00 | mscpd1.txt |1,2e+03 |
|10 | 3200 | 5000 |   75 |       0.45 |1585349543606 |      60 |    64.0 | 6,67 | mscpd1.txt |1,2e+03 |
|10 | 3300 | 5000 |   75 |       0.45 |1585349543606 |      60 |    64.0 | 6,67 | mscpd1.txt |1,2e+03 |
|10 | 3400 | 5000 |   75 |       0.45 |1585349543606 |      60 |    64.0 | 6,67 | mscpd1.txt |1,3e+03 |
|10 | 3500 | 5000 |   80 |       0.45 |1585349543606 |      60 |    64.0 | 6,67 | mscpd1.txt |1,3e+03 |
|10 | 3600 | 5000 |   80 |       0.45 |1585349543606 |      60 |    64.0 | 6,67 | mscpd1.txt |1,4e+03 |
|10 | 3700 | 5000 |   80 |       0.45 |1585349543606 |      60 |    64.0 | 6,67 | mscpd1.txt |1,4e+03 |
|10 | 3800 | 5000 |   80 |       0.45 |1585349543606 |      60 |    64.0 | 6,67 | mscpd1.txt |1,4e+03 |
|10 | 3900 | 5000 |   85 |       0.45 |1585349543606 |      60 |    64.0 | 6,67 | mscpd1.txt |1,5e+03 |
|10 | 4000 | 5000 |   85 |       0.45 |1585349543606 |      60 |    64.0 | 6,67 | mscpd1.txt |1,6e+03 |
|10 | 4100 | 5000 |   85 |       0.45 |1585349543606 |      60 |    64.0 | 6,67 | mscpd1.txt |1,6e+03 |
|10 | 4200 | 5000 |   85 |       0.45 |1585349543606 |      60 |    64.0 | 6,67 | mscpd1.txt |1,7e+03 |
|10 | 4300 | 5000 |   90 |       0.45 |1585349543606 |      60 |    64.0 | 6,67 | mscpd1.txt |1,7e+03 |
|10 | 4400 | 5000 |   90 |       0.45 |1585349543606 |      60 |    64.0 | 6,67 | mscpd1.txt |1,8e+03 |
|10 | 4500 | 5000 |   90 |       0.45 |1585349543606 |      60 |    64.0 | 6,67 | mscpd1.txt |1,9e+03 |
|10 | 4600 | 5000 |   90 |       0.45 |1585349543606 |      60 |    64.0 | 6,67 | mscpd1.txt |1,9e+03 |
|10 | 4700 | 5000 |   95 |       0.45 |1585349543606 |      60 |    64.0 | 6,67 | mscpd1.txt |2,0e+03 |
|10 | 4800 | 5000 |   95 |       0.45 |1585349543606 |      60 |    64.0 | 6,67 | mscpd1.txt |2,1e+03 |
|10 | 4900 | 5000 |   95 |       0.45 |1585349543606 |      60 |    64.0 | 6,67 | mscpd1.txt |2,2e+03 |
|10 | 5000 | 5000 |   95 |       0.45 |1585349543606 |      60 |    64.0 | 6,67 | mscpd1.txt |2,2e+03 |
|10 |  400 | 5000 |  100 |       0.45 |1585349543606 |      60 |    64.0 | 6,67 | mscpd1.txt |2,2e+03 |
|11 |    1 | 5000 |   35 |       0.25 |1585351784156 |      60 |  2470.0 |4016,67 | mscpd1.txt |0,0080 |
|11 |  100 | 5000 |   35 |       0.45 |1585351784156 |      60 |   120.0 |100,00 | mscpd1.txt |  1,0 |
|11 |  200 | 5000 |   35 | 0.42857143 |1585351784156 |      60 |   120.0 |100,00 | mscpd1.txt |  3,3 |
|11 |  300 | 5000 |   35 | 0.31428573 |1585351784156 |      60 |   120.0 |100,00 | mscpd1.txt |  6,3 |
|11 |  400 | 5000 |   35 | 0.34285715 |1585351784156 |      60 |   120.0 |100,00 | mscpd1.txt |  8,2 |
|11 |  500 | 5000 |   40 |       0.45 |1585351784156 |      60 |    66.0 |10,00 | mscpd1.txt |   59 |
|11 |  600 | 5000 |   40 |       0.45 |1585351784156 |      60 |    65.0 | 8,33 | mscpd1.txt |1,2e+02 |
|11 |  700 | 5000 |   40 |       0.45 |1585351784156 |      60 |    64.0 | 6,67 | mscpd1.txt |1,9e+02 |
|11 |  800 | 5000 |   40 |       0.45 |1585351784156 |      60 |    64.0 | 6,67 | mscpd1.txt |2,5e+02 |
|11 |  900 | 5000 |   45 |       0.45 |1585351784156 |      60 |    64.0 | 6,67 | mscpd1.txt |3,2e+02 |
|11 | 1000 | 5000 |   45 | 0.33333334 |1585351784156 |      60 |    64.0 | 6,67 | mscpd1.txt |3,7e+02 |
|11 | 1100 | 5000 |   45 | 0.35555556 |1585351784156 |      60 |    64.0 | 6,67 | mscpd1.txt |4,1e+02 |
|11 | 1200 | 5000 |   45 | 0.35555556 |1585351784156 |      60 |    64.0 | 6,67 | mscpd1.txt |4,5e+02 |
|11 | 1300 | 5000 |   50 |       0.45 |1585351784156 |      60 |    64.0 | 6,67 | mscpd1.txt |5,1e+02 |
|11 | 1400 | 5000 |   50 |       0.45 |1585351784156 |      60 |    64.0 | 6,67 | mscpd1.txt |5,5e+02 |
|11 | 1500 | 5000 |   50 |       0.45 |1585351784156 |      60 |    64.0 | 6,67 | mscpd1.txt |5,9e+02 |
|11 | 1600 | 5000 |   50 |       0.45 |1585351784156 |      60 |    64.0 | 6,67 | mscpd1.txt |6,3e+02 |
|11 | 1700 | 5000 |   55 |       0.45 |1585351784156 |      60 |    64.0 | 6,67 | mscpd1.txt |6,8e+02 |
|11 | 1800 | 5000 |   55 |       0.45 |1585351784156 |      60 |    64.0 | 6,67 | mscpd1.txt |7,3e+02 |
|11 | 1900 | 5000 |   55 |       0.45 |1585351784156 |      60 |    64.0 | 6,67 | mscpd1.txt |7,8e+02 |
|11 | 2000 | 5000 |   55 |       0.45 |1585351784156 |      60 |    64.0 | 6,67 | mscpd1.txt |8,4e+02 |
|11 | 2100 | 5000 |   60 |       0.45 |1585351784156 |      60 |    64.0 | 6,67 | mscpd1.txt |9,0e+02 |
|11 | 2200 | 5000 |   60 |       0.45 |1585351784156 |      60 |    64.0 | 6,67 | mscpd1.txt |9,4e+02 |
|11 | 2300 | 5000 |   60 |       0.45 |1585351784156 |      60 |    64.0 | 6,67 | mscpd1.txt |9,8e+02 |
|11 | 2400 | 5000 |   60 |       0.45 |1585351784156 |      60 |    64.0 | 6,67 | mscpd1.txt |1,0e+03 |
|11 | 2500 | 5000 |   65 |       0.45 |1585351784156 |      60 |    64.0 | 6,67 | mscpd1.txt |1,1e+03 |
|11 | 2600 | 5000 |   65 |       0.45 |1585351784156 |      60 |    64.0 | 6,67 | mscpd1.txt |1,1e+03 |
|11 | 2700 | 5000 |   65 |       0.45 |1585351784156 |      60 |    64.0 | 6,67 | mscpd1.txt |1,2e+03 |
|11 | 2800 | 5000 |   65 |       0.45 |1585351784156 |      60 |    64.0 | 6,67 | mscpd1.txt |1,2e+03 |
|11 | 2900 | 5000 |   70 |       0.45 |1585351784156 |      60 |    64.0 | 6,67 | mscpd1.txt |1,3e+03 |
|11 | 3000 | 5000 |   70 |       0.45 |1585351784156 |      60 |    64.0 | 6,67 | mscpd1.txt |1,3e+03 |
|11 | 3100 | 5000 |   70 |       0.45 |1585351784156 |      60 |    64.0 | 6,67 | mscpd1.txt |1,4e+03 |
|11 | 3200 | 5000 |   70 |       0.45 |1585351784156 |      60 |    64.0 | 6,67 | mscpd1.txt |1,4e+03 |
|11 | 3300 | 5000 |   75 |       0.45 |1585351784156 |      60 |    64.0 | 6,67 | mscpd1.txt |1,5e+03 |
|11 | 3400 | 5000 |   75 |       0.45 |1585351784156 |      60 |    64.0 | 6,67 | mscpd1.txt |1,5e+03 |
|11 | 3500 | 5000 |   75 |       0.45 |1585351784156 |      60 |    64.0 | 6,67 | mscpd1.txt |1,5e+03 |
|11 | 3600 | 5000 |   75 |       0.45 |1585351784156 |      60 |    64.0 | 6,67 | mscpd1.txt |1,5e+03 |
|11 | 3700 | 5000 |   80 |       0.45 |1585351784156 |      60 |    64.0 | 6,67 | mscpd1.txt |1,6e+03 |
|11 | 3800 | 5000 |   80 |       0.45 |1585351784156 |      60 |    64.0 | 6,67 | mscpd1.txt |1,6e+03 |
|11 | 3900 | 5000 |   80 |       0.45 |1585351784156 |      60 |    64.0 | 6,67 | mscpd1.txt |1,6e+03 |
|11 | 4000 | 5000 |   80 |       0.45 |1585351784156 |      60 |    64.0 | 6,67 | mscpd1.txt |1,6e+03 |
|11 | 4100 | 5000 |   85 |       0.45 |1585351784156 |      60 |    64.0 | 6,67 | mscpd1.txt |1,6e+03 |
|11 | 4200 | 5000 |   85 |       0.45 |1585351784156 |      60 |    64.0 | 6,67 | mscpd1.txt |1,6e+03 |
|11 | 4300 | 5000 |   85 |       0.45 |1585351784156 |      60 |    64.0 | 6,67 | mscpd1.txt |1,7e+03 |
|11 | 4400 | 5000 |   85 |       0.45 |1585351784156 |      60 |    64.0 | 6,67 | mscpd1.txt |1,7e+03 |
|11 | 4500 | 5000 |   90 |       0.45 |1585351784156 |      60 |    64.0 | 6,67 | mscpd1.txt |1,7e+03 |
|11 | 4600 | 5000 |   90 |       0.45 |1585351784156 |      60 |    64.0 | 6,67 | mscpd1.txt |1,7e+03 |
|11 | 4700 | 5000 |   90 |       0.45 |1585351784156 |      60 |    64.0 | 6,67 | mscpd1.txt |1,7e+03 |
|11 | 4800 | 5000 |   90 |       0.45 |1585351784156 |      60 |    64.0 | 6,67 | mscpd1.txt |1,8e+03 |
|11 | 4900 | 5000 |   95 |       0.45 |1585351784156 |      60 |    64.0 | 6,67 | mscpd1.txt |1,8e+03 |
|11 | 5000 | 5000 |   95 |       0.45 |1585351784156 |      60 |    64.0 | 6,67 | mscpd1.txt |1,8e+03 |
|11 |  400 | 5000 |   95 |       0.45 |1585351784156 |      60 |    64.0 | 6,67 | mscpd1.txt |1,8e+03 |
|12 |    1 | 5000 |   35 |       0.25 |1585353568715 |      60 |  2482.0 |4036,67 | mscpd1.txt |0,0080 |
|12 |  100 | 5000 |   35 | 0.31428573 |1585353568715 |      60 |  1959.0 |3165,00 | mscpd1.txt |  1,1 |
|12 |  200 | 5000 |   35 | 0.34285715 |1585353568715 |      60 |  1786.0 |2876,67 | mscpd1.txt |  2,0 |
|12 |  300 | 5000 |   40 |       0.45 |1585353568715 |      60 |    66.0 |10,00 | mscpd1.txt |   56 |
|12 |  400 | 5000 |   40 |       0.45 |1585353568715 |      60 |    63.0 | 5,00 | mscpd1.txt |1,2e+02 |
|12 |  500 | 5000 |   40 |       0.45 |1585353568715 |      60 |    61.0 | 1,67 | mscpd1.txt |1,8e+02 |
|12 |  600 | 5000 |   40 |       0.45 |1585353568715 |      60 |    61.0 | 1,67 | mscpd1.txt |2,4e+02 |
|12 |  700 | 5000 |   45 |       0.45 |1585353568715 |      60 |    61.0 | 1,67 | mscpd1.txt |3,2e+02 |
|12 |  800 | 5000 |   45 |       0.45 |1585353568715 |      60 |    61.0 | 1,67 | mscpd1.txt |3,9e+02 |
|12 |  900 | 5000 |   45 |       0.45 |1585353568715 |      60 |    61.0 | 1,67 | mscpd1.txt |4,7e+02 |
|12 | 1000 | 5000 |   45 |       0.45 |1585353568715 |      60 |    61.0 | 1,67 | mscpd1.txt |5,5e+02 |
|12 | 1100 | 5000 |   50 |       0.45 |1585353568715 |      60 |    61.0 | 1,67 | mscpd1.txt |6,4e+02 |
|12 | 1200 | 5000 |   50 |       0.45 |1585353568715 |      60 |    61.0 | 1,67 | mscpd1.txt |7,3e+02 |
|12 | 1300 | 5000 |   50 |       0.45 |1585353568715 |      60 |    61.0 | 1,67 | mscpd1.txt |8,2e+02 |
|12 | 1400 | 5000 |   50 |       0.45 |1585353568715 |      60 |    61.0 | 1,67 | mscpd1.txt |9,2e+02 |
|12 | 1500 | 5000 |   55 |       0.45 |1585353568715 |      60 |    61.0 | 1,67 | mscpd1.txt |1,0e+03 |
|12 | 1600 | 5000 |   55 |       0.45 |1585353568715 |      60 |    61.0 | 1,67 | mscpd1.txt |1,1e+03 |
|12 | 1700 | 5000 |   55 |       0.45 |1585353568715 |      60 |    61.0 | 1,67 | mscpd1.txt |1,2e+03 |
|12 | 1800 | 5000 |   55 |       0.45 |1585353568715 |      60 |    61.0 | 1,67 | mscpd1.txt |1,4e+03 |
|12 | 1900 | 5000 |   60 |       0.45 |1585353568715 |      60 |    61.0 | 1,67 | mscpd1.txt |1,5e+03 |
|12 | 2000 | 5000 |   60 |       0.45 |1585353568715 |      60 |    61.0 | 1,67 | mscpd1.txt |1,7e+03 |
|12 | 2100 | 5000 |   60 |       0.45 |1585353568715 |      60 |    61.0 | 1,67 | mscpd1.txt |1,9e+03 |
|12 | 2200 | 5000 |   60 |       0.45 |1585353568715 |      60 |    61.0 | 1,67 | mscpd1.txt |2,0e+03 |
|12 | 2300 | 5000 |   65 | 0.44615385 |1585353568715 |      60 |    61.0 | 1,67 | mscpd1.txt |2,1e+03 |
|12 | 2400 | 5000 |   65 | 0.44615385 |1585353568715 |      60 |    61.0 | 1,67 | mscpd1.txt |2,3e+03 |
|12 | 2500 | 5000 |   65 | 0.44615385 |1585353568715 |      60 |    61.0 | 1,67 | mscpd1.txt |2,4e+03 |
|12 | 2600 | 5000 |   65 | 0.44615385 |1585353568715 |      60 |    61.0 | 1,67 | mscpd1.txt |2,6e+03 |
|12 | 2700 | 5000 |   70 | 0.41428572 |1585353568715 |      60 |    61.0 | 1,67 | mscpd1.txt |2,8e+03 |
|12 | 2800 | 5000 |   70 |       0.45 |1585353568715 |      60 |    61.0 | 1,67 | mscpd1.txt |2,9e+03 |
|12 | 2900 | 5000 |   70 |       0.45 |1585353568715 |      60 |    61.0 | 1,67 | mscpd1.txt |2,9e+03 |
|12 | 3000 | 5000 |   70 |       0.45 |1585353568715 |      60 |    61.0 | 1,67 | mscpd1.txt |3,0e+03 |
|12 | 3100 | 5000 |   75 |       0.45 |1585353568715 |      60 |    61.0 | 1,67 | mscpd1.txt |3,1e+03 |
|12 | 3200 | 5000 |   75 |       0.45 |1585353568715 |      60 |    61.0 | 1,67 | mscpd1.txt |3,2e+03 |
|12 | 3300 | 5000 |   75 |       0.45 |1585353568715 |      60 |    61.0 | 1,67 | mscpd1.txt |3,2e+03 |
|12 | 3400 | 5000 |   75 |       0.45 |1585353568715 |      60 |    61.0 | 1,67 | mscpd1.txt |3,3e+03 |
|12 | 3500 | 5000 |   80 |       0.45 |1585353568715 |      60 |    61.0 | 1,67 | mscpd1.txt |3,4e+03 |
|12 | 3600 | 5000 |   80 |       0.45 |1585353568715 |      60 |    61.0 | 1,67 | mscpd1.txt |3,5e+03 |
|12 | 3700 | 5000 |   80 |       0.45 |1585353568715 |      60 |    61.0 | 1,67 | mscpd1.txt |3,5e+03 |
|12 | 3800 | 5000 |   80 |       0.45 |1585353568715 |      60 |    61.0 | 1,67 | mscpd1.txt |3,6e+03 |
|12 | 3900 | 5000 |   85 |       0.45 |1585353568715 |      60 |    61.0 | 1,67 | mscpd1.txt |3,6e+03 |
|12 | 4000 | 5000 |   85 |       0.45 |1585353568715 |      60 |    61.0 | 1,67 | mscpd1.txt |3,7e+03 |
|12 | 4100 | 5000 |   85 |       0.45 |1585353568715 |      60 |    61.0 | 1,67 | mscpd1.txt |3,8e+03 |
|12 | 4200 | 5000 |   85 |       0.45 |1585353568715 |      60 |    61.0 | 1,67 | mscpd1.txt |3,8e+03 |
|12 | 4300 | 5000 |   90 |       0.45 |1585353568715 |      60 |    61.0 | 1,67 | mscpd1.txt |3,9e+03 |
|12 | 4400 | 5000 |   90 |       0.45 |1585353568715 |      60 |    61.0 | 1,67 | mscpd1.txt |4,0e+03 |
|12 | 4500 | 5000 |   90 |       0.45 |1585353568715 |      60 |    61.0 | 1,67 | mscpd1.txt |4,1e+03 |
|12 | 4600 | 5000 |   90 |       0.45 |1585353568715 |      60 |    61.0 | 1,67 | mscpd1.txt |4,1e+03 |
|12 | 4700 | 5000 |   95 |       0.45 |1585353568715 |      60 |    61.0 | 1,67 | mscpd1.txt |4,2e+03 |
|12 | 4800 | 5000 |   95 |       0.45 |1585353568715 |      60 |    61.0 | 1,67 | mscpd1.txt |4,3e+03 |
|12 | 4900 | 5000 |   95 |       0.45 |1585353568715 |      60 |    61.0 | 1,67 | mscpd1.txt |4,3e+03 |
|12 | 5000 | 5000 |   95 |       0.45 |1585353568715 |      60 |    61.0 | 1,67 | mscpd1.txt |4,4e+03 |
|12 |  400 | 5000 |  100 |       0.45 |1585353568715 |      60 |    61.0 | 1,67 | mscpd1.txt |4,4e+03 |
|13 |    1 | 5000 |   35 |       0.25 |1585357954729 |      60 |  2469.0 |4015,00 | mscpd1.txt |0,0090 |
|13 |  100 | 5000 |   35 | 0.37142858 |1585357954729 |      60 |  1957.0 |3161,67 | mscpd1.txt |  1,1 |
|13 |  200 | 5000 |   35 |       0.45 |1585357954729 |      60 |   134.0 |123,33 | mscpd1.txt |  2,6 |
|13 |  300 | 5000 |   35 | 0.25714287 |1585357954729 |      60 |   134.0 |123,33 | mscpd1.txt |  5,3 |
|13 |  400 | 5000 |   35 | 0.34285715 |1585357954729 |      60 |   134.0 |123,33 | mscpd1.txt |  7,7 |
|13 |  500 | 5000 |   40 |       0.45 |1585357954729 |      60 |    65.0 | 8,33 | mscpd1.txt |   79 |
|13 |  600 | 5000 |   40 |       0.45 |1585357954729 |      60 |    64.0 | 6,67 | mscpd1.txt |1,6e+02 |
|13 |  700 | 5000 |   40 |       0.45 |1585357954729 |      60 |    64.0 | 6,67 | mscpd1.txt |2,5e+02 |
|13 |  800 | 5000 |   40 |       0.45 |1585357954729 |      60 |    64.0 | 6,67 | mscpd1.txt |3,1e+02 |
|13 |  900 | 5000 |   45 |       0.45 |1585357954729 |      60 |    64.0 | 6,67 | mscpd1.txt |3,5e+02 |
|13 | 1000 | 5000 |   45 |       0.45 |1585357954729 |      60 |    64.0 | 6,67 | mscpd1.txt |3,8e+02 |
|13 | 1100 | 5000 |   45 |       0.45 |1585357954729 |      60 |    64.0 | 6,67 | mscpd1.txt |4,1e+02 |
|13 | 1200 | 5000 |   45 |       0.45 |1585357954729 |      60 |    64.0 | 6,67 | mscpd1.txt |4,3e+02 |
|13 | 1300 | 5000 |   50 |       0.45 |1585357954729 |      60 |    64.0 | 6,67 | mscpd1.txt |4,7e+02 |
|13 | 1400 | 5000 |   50 |       0.45 |1585357954729 |      60 |    64.0 | 6,67 | mscpd1.txt |5,1e+02 |
|13 | 1500 | 5000 |   50 |       0.45 |1585357954729 |      60 |    64.0 | 6,67 | mscpd1.txt |5,5e+02 |
|13 | 1600 | 5000 |   50 |       0.45 |1585357954729 |      60 |    64.0 | 6,67 | mscpd1.txt |5,9e+02 |
|13 | 1700 | 5000 |   55 |       0.45 |1585357954729 |      60 |    64.0 | 6,67 | mscpd1.txt |6,5e+02 |
|13 | 1800 | 5000 |   55 |       0.45 |1585357954729 |      60 |    64.0 | 6,67 | mscpd1.txt |7,1e+02 |
|13 | 1900 | 5000 |   55 |       0.45 |1585357954729 |      60 |    64.0 | 6,67 | mscpd1.txt |7,6e+02 |
|13 | 2000 | 5000 |   55 |       0.45 |1585357954729 |      60 |    63.0 | 5,00 | mscpd1.txt |8,2e+02 |
|13 | 2100 | 5000 |   60 |       0.45 |1585357954729 |      60 |    63.0 | 5,00 | mscpd1.txt |8,9e+02 |
|13 | 2200 | 5000 |   60 |       0.45 |1585357954729 |      60 |    63.0 | 5,00 | mscpd1.txt |9,3e+02 |
|13 | 2300 | 5000 |   60 |       0.45 |1585357954729 |      60 |    63.0 | 5,00 | mscpd1.txt |9,7e+02 |
|13 | 2400 | 5000 |   60 |       0.45 |1585357954729 |      60 |    63.0 | 5,00 | mscpd1.txt |1,0e+03 |
|13 | 2500 | 5000 |   65 |       0.45 |1585357954729 |      60 |    63.0 | 5,00 | mscpd1.txt |1,1e+03 |
|13 | 2600 | 5000 |   65 |       0.45 |1585357954729 |      60 |    63.0 | 5,00 | mscpd1.txt |1,1e+03 |
|13 | 2700 | 5000 |   65 |       0.45 |1585357954729 |      60 |    63.0 | 5,00 | mscpd1.txt |1,2e+03 |
|13 | 2800 | 5000 |   65 |       0.45 |1585357954729 |      60 |    63.0 | 5,00 | mscpd1.txt |1,3e+03 |
|13 | 2900 | 5000 |   70 |       0.45 |1585357954729 |      60 |    63.0 | 5,00 | mscpd1.txt |1,3e+03 |
|13 | 3000 | 5000 |   70 |       0.45 |1585357954729 |      60 |    63.0 | 5,00 | mscpd1.txt |1,4e+03 |
|13 | 3100 | 5000 |   70 |       0.45 |1585357954729 |      60 |    63.0 | 5,00 | mscpd1.txt |1,4e+03 |
|13 | 3200 | 5000 |   70 |       0.45 |1585357954729 |      60 |    63.0 | 5,00 | mscpd1.txt |1,5e+03 |
|13 | 3300 | 5000 |   75 |       0.45 |1585357954729 |      60 |    63.0 | 5,00 | mscpd1.txt |1,5e+03 |
|13 | 3400 | 5000 |   75 |       0.45 |1585357954729 |      60 |    63.0 | 5,00 | mscpd1.txt |1,6e+03 |
|13 | 3500 | 5000 |   75 |       0.45 |1585357954729 |      60 |    63.0 | 5,00 | mscpd1.txt |1,6e+03 |
|13 | 3600 | 5000 |   75 |       0.45 |1585357954729 |      60 |    63.0 | 5,00 | mscpd1.txt |1,7e+03 |
|13 | 3700 | 5000 |   80 |       0.45 |1585357954729 |      60 |    63.0 | 5,00 | mscpd1.txt |1,8e+03 |
|13 | 3800 | 5000 |   80 |       0.45 |1585357954729 |      60 |    63.0 | 5,00 | mscpd1.txt |1,9e+03 |
|13 | 3900 | 5000 |   80 |       0.45 |1585357954729 |      60 |    63.0 | 5,00 | mscpd1.txt |1,9e+03 |
|13 | 4000 | 5000 |   80 |       0.45 |1585357954729 |      60 |    63.0 | 5,00 | mscpd1.txt |2,0e+03 |
|13 | 4100 | 5000 |   85 |       0.45 |1585357954729 |      60 |    63.0 | 5,00 | mscpd1.txt |2,1e+03 |
|13 | 4200 | 5000 |   85 |       0.45 |1585357954729 |      60 |    63.0 | 5,00 | mscpd1.txt |2,1e+03 |
|13 | 4300 | 5000 |   85 |       0.45 |1585357954729 |      60 |    63.0 | 5,00 | mscpd1.txt |2,2e+03 |
|13 | 4400 | 5000 |   85 |       0.45 |1585357954729 |      60 |    63.0 | 5,00 | mscpd1.txt |2,2e+03 |
|13 | 4500 | 5000 |   90 |       0.45 |1585357954729 |      60 |    63.0 | 5,00 | mscpd1.txt |2,3e+03 |
|13 | 4600 | 5000 |   90 |       0.45 |1585357954729 |      60 |    63.0 | 5,00 | mscpd1.txt |2,4e+03 |
|13 | 4700 | 5000 |   90 |       0.45 |1585357954729 |      60 |    63.0 | 5,00 | mscpd1.txt |2,4e+03 |
|13 | 4800 | 5000 |   90 |       0.45 |1585357954729 |      60 |    63.0 | 5,00 | mscpd1.txt |2,5e+03 |
|13 | 4900 | 5000 |   95 |       0.45 |1585357954729 |      60 |    63.0 | 5,00 | mscpd1.txt |2,6e+03 |
|13 | 5000 | 5000 |   95 |       0.45 |1585357954729 |      60 |    63.0 | 5,00 | mscpd1.txt |2,7e+03 |
|13 |  400 | 5000 |   95 |       0.45 |1585357954729 |      60 |    63.0 | 5,00 | mscpd1.txt |2,7e+03 |
|14 |    1 | 5000 |   35 |       0.25 |1585360605535 |      60 |  2513.0 |4088,33 | mscpd1.txt |0,0090 |
|14 |  100 | 5000 |   35 | 0.42857143 |1585360605535 |      60 |  2019.0 |3265,00 | mscpd1.txt |  3,0 |
|14 |  200 | 5000 |   35 | 0.42857143 |1585360605535 |      60 |  1963.0 |3171,67 | mscpd1.txt |  4,1 |
|14 |  300 | 5000 |   40 |       0.45 |1585360605535 |      60 |    65.0 | 8,33 | mscpd1.txt |   62 |
|14 |  400 | 5000 |   40 |       0.45 |1585360605535 |      60 |    65.0 | 8,33 | mscpd1.txt |1,4e+02 |
|14 |  500 | 5000 |   40 |      0.375 |1585360605535 |      60 |    65.0 | 8,33 | mscpd1.txt |1,9e+02 |
|14 |  600 | 5000 |   40 |       0.45 |1585360605535 |      60 |    65.0 | 8,33 | mscpd1.txt |2,2e+02 |
|14 |  700 | 5000 |   45 |       0.45 |1585360605535 |      60 |    65.0 | 8,33 | mscpd1.txt |2,7e+02 |
|14 |  800 | 5000 |   45 |       0.45 |1585360605535 |      60 |    65.0 | 8,33 | mscpd1.txt |3,1e+02 |
|14 |  900 | 5000 |   45 |       0.45 |1585360605535 |      60 |    65.0 | 8,33 | mscpd1.txt |3,6e+02 |
|14 | 1000 | 5000 |   45 |       0.45 |1585360605535 |      60 |    65.0 | 8,33 | mscpd1.txt |4,0e+02 |
|14 | 1100 | 5000 |   50 |       0.45 |1585360605535 |      60 |    65.0 | 8,33 | mscpd1.txt |4,6e+02 |
|14 | 1200 | 5000 |   50 |       0.45 |1585360605535 |      60 |    65.0 | 8,33 | mscpd1.txt |5,0e+02 |
|14 | 1300 | 5000 |   50 |       0.45 |1585360605535 |      60 |    65.0 | 8,33 | mscpd1.txt |5,4e+02 |
|14 | 1400 | 5000 |   50 |       0.45 |1585360605535 |      60 |    65.0 | 8,33 | mscpd1.txt |5,7e+02 |
|14 | 1500 | 5000 |   55 |       0.45 |1585360605535 |      60 |    65.0 | 8,33 | mscpd1.txt |6,3e+02 |
|14 | 1600 | 5000 |   55 |       0.45 |1585360605535 |      60 |    65.0 | 8,33 | mscpd1.txt |6,7e+02 |
|14 | 1700 | 5000 |   55 |       0.45 |1585360605535 |      60 |    65.0 | 8,33 | mscpd1.txt |7,2e+02 |
|14 | 1800 | 5000 |   55 |       0.45 |1585360605535 |      60 |    65.0 | 8,33 | mscpd1.txt |7,7e+02 |
|14 | 1900 | 5000 |   60 |       0.45 |1585360605535 |      60 |    65.0 | 8,33 | mscpd1.txt |8,4e+02 |
|14 | 2000 | 5000 |   60 |       0.45 |1585360605535 |      60 |    65.0 | 8,33 | mscpd1.txt |8,8e+02 |
|14 | 2100 | 5000 |   60 |       0.45 |1585360605535 |      60 |    65.0 | 8,33 | mscpd1.txt |9,2e+02 |
|14 | 2200 | 5000 |   60 |       0.45 |1585360605535 |      60 |    65.0 | 8,33 | mscpd1.txt |9,7e+02 |
|14 | 2300 | 5000 |   65 |       0.45 |1585360605535 |      60 |    65.0 | 8,33 | mscpd1.txt |1,0e+03 |
|14 | 2400 | 5000 |   65 |       0.45 |1585360605535 |      60 |    65.0 | 8,33 | mscpd1.txt |1,1e+03 |
|14 | 2500 | 5000 |   65 |       0.45 |1585360605535 |      60 |    65.0 | 8,33 | mscpd1.txt |1,2e+03 |
|14 | 2600 | 5000 |   65 |       0.45 |1585360605535 |      60 |    65.0 | 8,33 | mscpd1.txt |1,2e+03 |
|14 | 2700 | 5000 |   70 |       0.45 |1585360605535 |      60 |    65.0 | 8,33 | mscpd1.txt |1,3e+03 |
|14 | 2800 | 5000 |   70 |       0.45 |1585360605535 |      60 |    65.0 | 8,33 | mscpd1.txt |1,3e+03 |
|14 | 2900 | 5000 |   70 |       0.45 |1585360605535 |      60 |    65.0 | 8,33 | mscpd1.txt |1,4e+03 |
|14 | 3000 | 5000 |   70 |       0.45 |1585360605535 |      60 |    65.0 | 8,33 | mscpd1.txt |1,4e+03 |
|14 | 3100 | 5000 |   75 |       0.45 |1585360605535 |      60 |    65.0 | 8,33 | mscpd1.txt |1,5e+03 |
|14 | 3200 | 5000 |   75 |       0.45 |1585360605535 |      60 |    65.0 | 8,33 | mscpd1.txt |1,5e+03 |
|14 | 3300 | 5000 |   75 |       0.45 |1585360605535 |      60 |    65.0 | 8,33 | mscpd1.txt |1,6e+03 |
|14 | 3400 | 5000 |   75 |       0.45 |1585360605535 |      60 |    65.0 | 8,33 | mscpd1.txt |1,7e+03 |
|14 | 3500 | 5000 |   80 |       0.45 |1585360605535 |      60 |    65.0 | 8,33 | mscpd1.txt |1,7e+03 |
|14 | 3600 | 5000 |   80 |       0.45 |1585360605535 |      60 |    65.0 | 8,33 | mscpd1.txt |1,8e+03 |
|14 | 3700 | 5000 |   80 |       0.45 |1585360605535 |      60 |    65.0 | 8,33 | mscpd1.txt |1,9e+03 |
|14 | 3800 | 5000 |   80 |       0.45 |1585360605535 |      60 |    65.0 | 8,33 | mscpd1.txt |2,0e+03 |
|14 | 3900 | 5000 |   85 |       0.45 |1585360605535 |      60 |    65.0 | 8,33 | mscpd1.txt |2,1e+03 |
|14 | 4000 | 5000 |   85 |       0.45 |1585360605535 |      60 |    65.0 | 8,33 | mscpd1.txt |2,1e+03 |
|14 | 4100 | 5000 |   85 |       0.45 |1585360605535 |      60 |    65.0 | 8,33 | mscpd1.txt |2,2e+03 |
|14 | 4200 | 5000 |   85 |       0.45 |1585360605535 |      60 |    65.0 | 8,33 | mscpd1.txt |2,2e+03 |
|14 | 4300 | 5000 |   90 |       0.45 |1585360605535 |      60 |    65.0 | 8,33 | mscpd1.txt |2,3e+03 |
|14 | 4400 | 5000 |   90 |       0.45 |1585360605535 |      60 |    65.0 | 8,33 | mscpd1.txt |2,3e+03 |
|14 | 4500 | 5000 |   90 |       0.45 |1585360605535 |      60 |    65.0 | 8,33 | mscpd1.txt |2,4e+03 |
|14 | 4600 | 5000 |   90 |       0.45 |1585360605535 |      60 |    65.0 | 8,33 | mscpd1.txt |2,5e+03 |
|14 | 4700 | 5000 |   95 |       0.45 |1585360605535 |      60 |    65.0 | 8,33 | mscpd1.txt |2,6e+03 |
|14 | 4800 | 5000 |   95 |       0.45 |1585360605535 |      60 |    65.0 | 8,33 | mscpd1.txt |2,6e+03 |
|14 | 4900 | 5000 |   95 |       0.45 |1585360605535 |      60 |    65.0 | 8,33 | mscpd1.txt |2,7e+03 |
|14 | 5000 | 5000 |   95 |       0.45 |1585360605535 |      60 |    65.0 | 8,33 | mscpd1.txt |2,8e+03 |
|14 |  400 | 5000 |  100 |       0.45 |1585360605535 |      60 |    65.0 | 8,33 | mscpd1.txt |2,8e+03 |
|15 |    1 | 5000 |   35 |       0.25 |1585363402495 |      60 |  2506.0 |4076,67 | mscpd1.txt |0,0080 |
|15 |  100 | 5000 |   35 |        0.4 |1585363402495 |      60 |  2064.0 |3340,00 | mscpd1.txt | 0,82 |
|15 |  200 | 5000 |   35 | 0.31428573 |1585363402495 |      60 |  1936.0 |3126,67 | mscpd1.txt |  1,8 |
|15 |  300 | 5000 |   35 | 0.42857143 |1585363402495 |      60 |  1811.0 |2918,33 | mscpd1.txt |  2,8 |
|15 |  400 | 5000 |   35 |       0.45 |1585363402495 |      60 |   117.0 |95,00 | mscpd1.txt |  4,2 |
|15 |  500 | 5000 |   40 |       0.45 |1585363402495 |      60 |    66.0 |10,00 | mscpd1.txt |   54 |
|15 |  600 | 5000 |   40 |       0.45 |1585363402495 |      60 |    66.0 |10,00 | mscpd1.txt |1,2e+02 |
|15 |  700 | 5000 |   40 |       0.45 |1585363402495 |      60 |    66.0 |10,00 | mscpd1.txt |1,8e+02 |
|15 |  800 | 5000 |   40 |       0.45 |1585363402495 |      60 |    65.0 | 8,33 | mscpd1.txt |2,3e+02 |
|15 |  900 | 5000 |   45 |       0.45 |1585363402495 |      60 |    65.0 | 8,33 | mscpd1.txt |2,7e+02 |
|15 | 1000 | 5000 |   45 |       0.45 |1585363402495 |      60 |    65.0 | 8,33 | mscpd1.txt |2,9e+02 |
|15 | 1100 | 5000 |   45 |       0.45 |1585363402495 |      60 |    65.0 | 8,33 | mscpd1.txt |3,2e+02 |
|15 | 1200 | 5000 |   45 |       0.45 |1585363402495 |      60 |    65.0 | 8,33 | mscpd1.txt |3,4e+02 |
|15 | 1300 | 5000 |   50 |       0.45 |1585363402495 |      60 |    65.0 | 8,33 | mscpd1.txt |3,8e+02 |
|15 | 1400 | 5000 |   50 |       0.45 |1585363402495 |      60 |    65.0 | 8,33 | mscpd1.txt |4,0e+02 |
|15 | 1500 | 5000 |   50 |       0.45 |1585363402495 |      60 |    65.0 | 8,33 | mscpd1.txt |4,2e+02 |
|15 | 1600 | 5000 |   50 |       0.45 |1585363402495 |      60 |    65.0 | 8,33 | mscpd1.txt |4,4e+02 |
|15 | 1700 | 5000 |   55 |       0.45 |1585363402495 |      60 |    65.0 | 8,33 | mscpd1.txt |4,8e+02 |
|15 | 1800 | 5000 |   55 |       0.45 |1585363402495 |      60 |    65.0 | 8,33 | mscpd1.txt |5,1e+02 |
|15 | 1900 | 5000 |   55 |       0.45 |1585363402495 |      60 |    65.0 | 8,33 | mscpd1.txt |5,4e+02 |
|15 | 2000 | 5000 |   55 |       0.45 |1585363402495 |      60 |    65.0 | 8,33 | mscpd1.txt |5,8e+02 |
|15 | 2100 | 5000 |   60 |       0.45 |1585363402495 |      60 |    65.0 | 8,33 | mscpd1.txt |6,2e+02 |
|15 | 2200 | 5000 |   60 |       0.45 |1585363402495 |      60 |    65.0 | 8,33 | mscpd1.txt |6,5e+02 |
|15 | 2300 | 5000 |   60 |       0.45 |1585363402495 |      60 |    65.0 | 8,33 | mscpd1.txt |6,8e+02 |
|15 | 2400 | 5000 |   60 |       0.45 |1585363402495 |      60 |    65.0 | 8,33 | mscpd1.txt |7,0e+02 |
|15 | 2500 | 5000 |   65 |       0.45 |1585363402495 |      60 |    65.0 | 8,33 | mscpd1.txt |7,4e+02 |
|15 | 2600 | 5000 |   65 |       0.45 |1585363402495 |      60 |    65.0 | 8,33 | mscpd1.txt |7,7e+02 |
|15 | 2700 | 5000 |   65 |       0.45 |1585363402495 |      60 |    65.0 | 8,33 | mscpd1.txt |8,1e+02 |
|15 | 2800 | 5000 |   65 |       0.45 |1585363402495 |      60 |    65.0 | 8,33 | mscpd1.txt |8,5e+02 |
|15 | 2900 | 5000 |   70 |       0.45 |1585363402495 |      60 |    64.0 | 6,67 | mscpd1.txt |9,0e+02 |
|15 | 3000 | 5000 |   70 |       0.45 |1585363402495 |      60 |    64.0 | 6,67 | mscpd1.txt |9,5e+02 |
|15 | 3100 | 5000 |   70 |       0.45 |1585363402495 |      60 |    64.0 | 6,67 | mscpd1.txt |9,9e+02 |
|15 | 3200 | 5000 |   70 |       0.45 |1585363402495 |      60 |    62.0 | 3,33 | mscpd1.txt |1,0e+03 |
|15 | 3300 | 5000 |   75 |       0.45 |1585363402495 |      60 |    62.0 | 3,33 | mscpd1.txt |1,1e+03 |
|15 | 3400 | 5000 |   75 |       0.45 |1585363402495 |      60 |    62.0 | 3,33 | mscpd1.txt |1,1e+03 |
|15 | 3500 | 5000 |   75 |       0.45 |1585363402495 |      60 |    62.0 | 3,33 | mscpd1.txt |1,1e+03 |
|15 | 3600 | 5000 |   75 |       0.45 |1585363402495 |      60 |    62.0 | 3,33 | mscpd1.txt |1,2e+03 |
|15 | 3700 | 5000 |   80 |       0.45 |1585363402495 |      60 |    62.0 | 3,33 | mscpd1.txt |1,2e+03 |
|15 | 3800 | 5000 |   80 |       0.45 |1585363402495 |      60 |    62.0 | 3,33 | mscpd1.txt |1,3e+03 |
|15 | 3900 | 5000 |   80 |       0.45 |1585363402495 |      60 |    62.0 | 3,33 | mscpd1.txt |1,3e+03 |
|15 | 4000 | 5000 |   80 |       0.45 |1585363402495 |      60 |    62.0 | 3,33 | mscpd1.txt |1,3e+03 |
|15 | 4100 | 5000 |   85 |       0.45 |1585363402495 |      60 |    62.0 | 3,33 | mscpd1.txt |1,4e+03 |
|15 | 4200 | 5000 |   85 |       0.45 |1585363402495 |      60 |    62.0 | 3,33 | mscpd1.txt |1,4e+03 |
|15 | 4300 | 5000 |   85 |       0.45 |1585363402495 |      60 |    62.0 | 3,33 | mscpd1.txt |1,4e+03 |
|15 | 4400 | 5000 |   85 |       0.45 |1585363402495 |      60 |    62.0 | 3,33 | mscpd1.txt |1,5e+03 |
|15 | 4500 | 5000 |   90 |       0.45 |1585363402495 |      60 |    62.0 | 3,33 | mscpd1.txt |1,5e+03 |
|15 | 4600 | 5000 |   90 |       0.45 |1585363402495 |      60 |    62.0 | 3,33 | mscpd1.txt |1,6e+03 |
|15 | 4700 | 5000 |   90 |       0.45 |1585363402495 |      60 |    62.0 | 3,33 | mscpd1.txt |1,6e+03 |
|15 | 4800 | 5000 |   90 |       0.45 |1585363402495 |      60 |    62.0 | 3,33 | mscpd1.txt |1,7e+03 |
|15 | 4900 | 5000 |   95 |       0.45 |1585363402495 |      60 |    62.0 | 3,33 | mscpd1.txt |1,8e+03 |
|15 | 5000 | 5000 |   95 |       0.45 |1585363402495 |      60 |    62.0 | 3,33 | mscpd1.txt |1,8e+03 |
|15 |  400 | 5000 |   95 |       0.45 |1585363402495 |      60 |    62.0 | 3,33 | mscpd1.txt |1,8e+03 |
