| # |    #ITER | #IterMAX | Nest |      %Desc |      semilla | BestFit |GottedFit |  RDP |  instancia | time |
-------------------------------------------------------------------------------------------------
| 1 |    1 | 5000 |   35 |       0.25 |1585367149911 |     492 |   685.0 |39,23 | mscp48.txt | 0,11 |
| 1 |  100 | 5000 |   35 | 0.31428573 |1585367149911 |     492 |   555.0 |12,80 | mscp48.txt |   11 |
| 1 |  200 | 5000 |   35 |       0.45 |1585367149911 |     492 |   549.0 |11,59 | mscp48.txt |   20 |
| 1 |  300 | 5000 |   35 |       0.45 |1585367149911 |     492 |   541.0 | 9,96 | mscp48.txt |   28 |
| 1 |  400 | 5000 |   40 |       0.45 |1585367149911 |     492 |   501.0 | 1,83 | mscp48.txt |   38 |
| 1 |  500 | 5000 |   40 |       0.35 |1585367149911 |     492 |   501.0 | 1,83 | mscp48.txt |   51 |
| 1 |  600 | 5000 |   40 |      0.325 |1585367149911 |     492 |   501.0 | 1,83 | mscp48.txt |   64 |
| 1 |  700 | 5000 |   40 |        0.2 |1585367149911 |     492 |   497.0 | 1,02 | mscp48.txt |   73 |
| 1 |  800 | 5000 |   45 | 0.24444444 |1585367149911 |     492 |   497.0 | 1,02 | mscp48.txt |   87 |
| 1 |  900 | 5000 |   45 |        0.2 |1585367149911 |     492 |   497.0 | 1,02 | mscp48.txt |   99 |
| 1 | 1000 | 5000 |   45 |  0.2888889 |1585367149911 |     492 |   497.0 | 1,02 | mscp48.txt |1,1e+02 |
| 1 | 1100 | 5000 |   45 | 0.42222223 |1585367149911 |     492 |   497.0 | 1,02 | mscp48.txt |1,2e+02 |
| 1 | 1200 | 5000 |   50 |       0.38 |1585367149911 |     492 |   497.0 | 1,02 | mscp48.txt |1,3e+02 |
| 1 | 1300 | 5000 |   50 |       0.38 |1585367149911 |     492 |   497.0 | 1,02 | mscp48.txt |1,5e+02 |
| 1 | 1400 | 5000 |   50 |       0.38 |1585367149911 |     492 |   497.0 | 1,02 | mscp48.txt |1,6e+02 |
| 1 | 1500 | 5000 |   50 |       0.38 |1585367149911 |     492 |   497.0 | 1,02 | mscp48.txt |1,7e+02 |
| 1 | 1600 | 5000 |   55 |       0.45 |1585367149911 |     492 |   497.0 | 1,02 | mscp48.txt |1,9e+02 |
| 1 | 1700 | 5000 |   55 |       0.45 |1585367149911 |     492 |   497.0 | 1,02 | mscp48.txt |2,0e+02 |
| 1 | 1800 | 5000 |   55 |       0.45 |1585367149911 |     492 |   497.0 | 1,02 | mscp48.txt |2,2e+02 |
| 1 | 1900 | 5000 |   55 |       0.45 |1585367149911 |     492 |   497.0 | 1,02 | mscp48.txt |2,3e+02 |
| 1 | 2000 | 5000 |   60 |       0.45 |1585367149911 |     492 |   497.0 | 1,02 | mscp48.txt |2,5e+02 |
| 1 | 2100 | 5000 |   60 |       0.45 |1585367149911 |     492 |   497.0 | 1,02 | mscp48.txt |2,7e+02 |
| 1 | 2200 | 5000 |   60 |       0.45 |1585367149911 |     492 |   497.0 | 1,02 | mscp48.txt |2,8e+02 |
| 1 | 2300 | 5000 |   60 |       0.45 |1585367149911 |     492 |   497.0 | 1,02 | mscp48.txt |3,0e+02 |
| 1 | 2400 | 5000 |   65 |       0.45 |1585367149911 |     492 |   497.0 | 1,02 | mscp48.txt |3,1e+02 |
| 1 | 2500 | 5000 |   65 |       0.45 |1585367149911 |     492 |   497.0 | 1,02 | mscp48.txt |3,3e+02 |
| 1 | 2600 | 5000 |   65 |       0.45 |1585367149911 |     492 |   497.0 | 1,02 | mscp48.txt |3,5e+02 |
| 1 | 2700 | 5000 |   65 |       0.45 |1585367149911 |     492 |   497.0 | 1,02 | mscp48.txt |3,6e+02 |
| 1 | 2800 | 5000 |   70 |       0.45 |1585367149911 |     492 |   497.0 | 1,02 | mscp48.txt |3,8e+02 |
| 1 | 2900 | 5000 |   70 |       0.45 |1585367149911 |     492 |   497.0 | 1,02 | mscp48.txt |4,0e+02 |
| 1 | 3000 | 5000 |   70 |       0.45 |1585367149911 |     492 |   497.0 | 1,02 | mscp48.txt |4,2e+02 |
| 1 | 3100 | 5000 |   70 |       0.45 |1585367149911 |     492 |   497.0 | 1,02 | mscp48.txt |4,4e+02 |
| 1 | 3200 | 5000 |   75 |       0.45 |1585367149911 |     492 |   497.0 | 1,02 | mscp48.txt |4,6e+02 |
| 1 | 3300 | 5000 |   75 |       0.45 |1585367149911 |     492 |   497.0 | 1,02 | mscp48.txt |4,8e+02 |
| 1 | 3400 | 5000 |   75 |       0.45 |1585367149911 |     492 |   494.0 | 0,41 | mscp48.txt |5,0e+02 |
| 1 | 3500 | 5000 |   75 |       0.45 |1585367149911 |     492 |   494.0 | 0,41 | mscp48.txt |5,2e+02 |
| 1 |  200 | 5000 |   80 |       0.45 |1585367149911 |     492 |   492.0 | 0,00 | mscp48.txt |5,2e+02 |
| 2 |    1 | 5000 |   35 |       0.25 |1585367669431 |     492 |   661.0 |34,35 | mscp48.txt | 0,13 |
| 2 |  100 | 5000 |   35 | 0.42857143 |1585367669431 |     492 |   605.0 |22,97 | mscp48.txt |  8,5 |
| 2 |  200 | 5000 |   35 |       0.45 |1585367669431 |     492 |   558.0 |13,41 | mscp48.txt |   21 |
| 2 |  300 | 5000 |   35 | 0.42857143 |1585367669431 |     492 |   557.0 |13,21 | mscp48.txt |   32 |
| 2 |  400 | 5000 |   35 |        0.4 |1585367669431 |     492 |   526.0 | 6,91 | mscp48.txt |   41 |
| 2 |  500 | 5000 |   40 |       0.45 |1585367669431 |     492 |   501.0 | 1,83 | mscp48.txt |   51 |
| 2 |  600 | 5000 |   40 |      0.225 |1585367669431 |     492 |   499.0 | 1,42 | mscp48.txt |   62 |
| 2 |  700 | 5000 |   40 |        0.2 |1585367669431 |     492 |   499.0 | 1,42 | mscp48.txt |   72 |
| 2 |  800 | 5000 |   40 |      0.175 |1585367669431 |     492 |   499.0 | 1,42 | mscp48.txt |   82 |
| 2 |  900 | 5000 |   45 | 0.44444445 |1585367669431 |     492 |   499.0 | 1,42 | mscp48.txt |   94 |
| 2 | 1000 | 5000 |   45 |       0.45 |1585367669431 |     492 |   499.0 | 1,42 | mscp48.txt |1,0e+02 |
| 2 | 1100 | 5000 |   45 |       0.45 |1585367669431 |     492 |   499.0 | 1,42 | mscp48.txt |1,2e+02 |
| 2 | 1200 | 5000 |   45 |       0.45 |1585367669431 |     492 |   497.0 | 1,02 | mscp48.txt |1,3e+02 |
| 2 | 1300 | 5000 |   50 |       0.45 |1585367669431 |     492 |   497.0 | 1,02 | mscp48.txt |1,4e+02 |
| 2 | 1400 | 5000 |   50 |       0.45 |1585367669431 |     492 |   497.0 | 1,02 | mscp48.txt |1,5e+02 |
| 2 | 1500 | 5000 |   50 |       0.45 |1585367669431 |     492 |   497.0 | 1,02 | mscp48.txt |1,7e+02 |
| 2 | 1600 | 5000 |   50 |       0.45 |1585367669431 |     492 |   497.0 | 1,02 | mscp48.txt |1,8e+02 |
| 2 | 1700 | 5000 |   55 |       0.45 |1585367669431 |     492 |   497.0 | 1,02 | mscp48.txt |1,9e+02 |
| 2 | 1800 | 5000 |   55 |       0.45 |1585367669431 |     492 |   497.0 | 1,02 | mscp48.txt |2,1e+02 |
| 2 | 1900 | 5000 |   55 |       0.45 |1585367669431 |     492 |   497.0 | 1,02 | mscp48.txt |2,2e+02 |
| 2 | 2000 | 5000 |   55 |       0.45 |1585367669431 |     492 |   497.0 | 1,02 | mscp48.txt |2,4e+02 |
| 2 | 2100 | 5000 |   60 |       0.45 |1585367669431 |     492 |   497.0 | 1,02 | mscp48.txt |2,5e+02 |
| 2 | 2200 | 5000 |   60 |       0.45 |1585367669431 |     492 |   497.0 | 1,02 | mscp48.txt |2,7e+02 |
| 2 | 2300 | 5000 |   60 |       0.45 |1585367669431 |     492 |   497.0 | 1,02 | mscp48.txt |2,8e+02 |
| 2 | 2400 | 5000 |   60 |       0.45 |1585367669431 |     492 |   497.0 | 1,02 | mscp48.txt |3,0e+02 |
| 2 | 2500 | 5000 |   65 |       0.45 |1585367669431 |     492 |   497.0 | 1,02 | mscp48.txt |3,1e+02 |
| 2 | 2600 | 5000 |   65 |       0.45 |1585367669431 |     492 |   497.0 | 1,02 | mscp48.txt |3,3e+02 |
| 2 | 2700 | 5000 |   65 |       0.45 |1585367669431 |     492 |   497.0 | 1,02 | mscp48.txt |3,5e+02 |
| 2 | 2800 | 5000 |   65 |       0.45 |1585367669431 |     492 |   497.0 | 1,02 | mscp48.txt |3,6e+02 |
| 2 | 2900 | 5000 |   70 |       0.45 |1585367669431 |     492 |   497.0 | 1,02 | mscp48.txt |3,8e+02 |
| 2 | 3000 | 5000 |   70 |       0.45 |1585367669431 |     492 |   497.0 | 1,02 | mscp48.txt |4,0e+02 |
| 2 | 3100 | 5000 |   70 |       0.45 |1585367669431 |     492 |   497.0 | 1,02 | mscp48.txt |4,2e+02 |
| 2 | 3200 | 5000 |   70 |       0.45 |1585367669431 |     492 |   497.0 | 1,02 | mscp48.txt |4,4e+02 |
| 2 | 3300 | 5000 |   75 |       0.45 |1585367669431 |     492 |   497.0 | 1,02 | mscp48.txt |4,6e+02 |
| 2 | 3400 | 5000 |   75 |       0.45 |1585367669431 |     492 |   497.0 | 1,02 | mscp48.txt |4,8e+02 |
| 2 | 3500 | 5000 |   75 |       0.45 |1585367669431 |     492 |   497.0 | 1,02 | mscp48.txt |5,0e+02 |
| 2 | 3600 | 5000 |   75 |       0.45 |1585367669431 |     492 |   497.0 | 1,02 | mscp48.txt |5,2e+02 |
| 2 | 3700 | 5000 |   80 |       0.45 |1585367669431 |     492 |   497.0 | 1,02 | mscp48.txt |5,4e+02 |
| 2 | 3800 | 5000 |   80 |       0.45 |1585367669431 |     492 |   497.0 | 1,02 | mscp48.txt |5,6e+02 |
| 2 | 3900 | 5000 |   80 |       0.45 |1585367669431 |     492 |   497.0 | 1,02 | mscp48.txt |5,8e+02 |
| 2 | 4000 | 5000 |   80 |       0.45 |1585367669431 |     492 |   497.0 | 1,02 | mscp48.txt |6,0e+02 |
| 2 | 4100 | 5000 |   85 |       0.45 |1585367669431 |     492 |   497.0 | 1,02 | mscp48.txt |6,2e+02 |
| 2 | 4200 | 5000 |   85 |       0.45 |1585367669431 |     492 |   497.0 | 1,02 | mscp48.txt |6,4e+02 |
| 2 | 4300 | 5000 |   85 |       0.45 |1585367669431 |     492 |   497.0 | 1,02 | mscp48.txt |6,7e+02 |
| 2 | 4400 | 5000 |   85 |       0.45 |1585367669431 |     492 |   497.0 | 1,02 | mscp48.txt |6,9e+02 |
| 2 | 4500 | 5000 |   90 |       0.45 |1585367669431 |     492 |   497.0 | 1,02 | mscp48.txt |7,1e+02 |
| 2 | 4600 | 5000 |   90 |       0.45 |1585367669431 |     492 |   497.0 | 1,02 | mscp48.txt |7,3e+02 |
| 2 | 4700 | 5000 |   90 |       0.45 |1585367669431 |     492 |   497.0 | 1,02 | mscp48.txt |7,6e+02 |
| 2 | 4800 | 5000 |   90 |       0.45 |1585367669431 |     492 |   497.0 | 1,02 | mscp48.txt |7,8e+02 |
| 2 | 4900 | 5000 |   95 |       0.45 |1585367669431 |     492 |   497.0 | 1,02 | mscp48.txt |8,0e+02 |
| 2 | 5000 | 5000 |   95 |       0.45 |1585367669431 |     492 |   497.0 | 1,02 | mscp48.txt |8,3e+02 |
| 2 |  200 | 5000 |   95 |       0.45 |1585367669431 |     492 |   497.0 | 1,02 | mscp48.txt |8,3e+02 |
| 3 |    1 | 5000 |   35 |       0.25 |1585368498056 |     492 |   662.0 |34,55 | mscp48.txt |0,073 |
| 3 |  100 | 5000 |   35 |       0.45 |1585368498056 |     492 |   538.0 | 9,35 | mscp48.txt |  8,5 |
| 3 |  200 | 5000 |   35 |        0.4 |1585368498056 |     492 |   538.0 | 9,35 | mscp48.txt |   17 |
| 3 |  300 | 5000 |   40 |        0.4 |1585368498056 |     492 |   500.0 | 1,63 | mscp48.txt |   26 |
| 3 |  400 | 5000 |   40 |      0.425 |1585368498056 |     492 |   495.0 | 0,61 | mscp48.txt |   39 |
| 3 |  500 | 5000 |   40 |        0.4 |1585368498056 |     492 |   495.0 | 0,61 | mscp48.txt |   51 |
| 3 |  600 | 5000 |   40 |        0.3 |1585368498056 |     492 |   495.0 | 0,61 | mscp48.txt |   61 |
| 3 |  700 | 5000 |   45 |       0.45 |1585368498056 |     492 |   495.0 | 0,61 | mscp48.txt |   73 |
| 3 |  800 | 5000 |   45 |       0.45 |1585368498056 |     492 |   495.0 | 0,61 | mscp48.txt |   86 |
| 3 |  900 | 5000 |   45 | 0.44444445 |1585368498056 |     492 |   495.0 | 0,61 | mscp48.txt |   97 |
| 3 | 1000 | 5000 |   45 | 0.37777779 |1585368498056 |     492 |   495.0 | 0,61 | mscp48.txt |1,1e+02 |
| 3 | 1100 | 5000 |   50 |       0.45 |1585368498056 |     492 |   495.0 | 0,61 | mscp48.txt |1,2e+02 |
| 3 | 1200 | 5000 |   50 |        0.4 |1585368498056 |     492 |   495.0 | 0,61 | mscp48.txt |1,4e+02 |
| 3 | 1300 | 5000 |   50 |       0.34 |1585368498056 |     492 |   495.0 | 0,61 | mscp48.txt |1,5e+02 |
| 3 | 1400 | 5000 |   50 |       0.34 |1585368498056 |     492 |   495.0 | 0,61 | mscp48.txt |1,6e+02 |
| 3 | 1500 | 5000 |   55 | 0.36363637 |1585368498056 |     492 |   495.0 | 0,61 | mscp48.txt |1,8e+02 |
| 3 | 1600 | 5000 |   55 | 0.36363637 |1585368498056 |     492 |   495.0 | 0,61 | mscp48.txt |1,9e+02 |
| 3 | 1700 | 5000 |   55 | 0.34545454 |1585368498056 |     492 |   495.0 | 0,61 | mscp48.txt |2,1e+02 |
| 3 | 1800 | 5000 |   55 | 0.38181818 |1585368498056 |     492 |   495.0 | 0,61 | mscp48.txt |2,2e+02 |
| 3 | 1900 | 5000 |   60 | 0.38333333 |1585368498056 |     492 |   494.0 | 0,41 | mscp48.txt |2,4e+02 |
| 3 | 2000 | 5000 |   60 |       0.35 |1585368498056 |     492 |   494.0 | 0,41 | mscp48.txt |2,6e+02 |
| 3 | 2100 | 5000 |   60 | 0.33333334 |1585368498056 |     492 |   494.0 | 0,41 | mscp48.txt |2,8e+02 |
| 3 | 2200 | 5000 |   60 |       0.35 |1585368498056 |     492 |   494.0 | 0,41 | mscp48.txt |2,9e+02 |
| 3 | 2300 | 5000 |   65 | 0.44615385 |1585368498056 |     492 |   494.0 | 0,41 | mscp48.txt |3,1e+02 |
| 3 | 2400 | 5000 |   65 | 0.43076923 |1585368498056 |     492 |   494.0 | 0,41 | mscp48.txt |3,3e+02 |
| 3 | 2500 | 5000 |   65 |        0.4 |1585368498056 |     492 |   494.0 | 0,41 | mscp48.txt |3,5e+02 |
| 3 | 2600 | 5000 |   65 | 0.43076923 |1585368498056 |     492 |   494.0 | 0,41 | mscp48.txt |3,6e+02 |
| 3 | 2700 | 5000 |   70 |        0.4 |1585368498056 |     492 |   494.0 | 0,41 | mscp48.txt |3,8e+02 |
| 3 | 2800 | 5000 |   70 | 0.37142858 |1585368498056 |     492 |   494.0 | 0,41 | mscp48.txt |4,0e+02 |
| 3 | 2900 | 5000 |   70 | 0.37142858 |1585368498056 |     492 |   494.0 | 0,41 | mscp48.txt |4,2e+02 |
| 3 | 3000 | 5000 |   70 | 0.37142858 |1585368498056 |     492 |   494.0 | 0,41 | mscp48.txt |4,4e+02 |
| 3 | 3100 | 5000 |   75 |       0.36 |1585368498056 |     492 |   494.0 | 0,41 | mscp48.txt |4,6e+02 |
| 3 | 3200 | 5000 |   75 | 0.34666666 |1585368498056 |     492 |   494.0 | 0,41 | mscp48.txt |4,9e+02 |
| 3 | 3300 | 5000 |   75 |       0.36 |1585368498056 |     492 |   494.0 | 0,41 | mscp48.txt |5,1e+02 |
| 3 | 3400 | 5000 |   75 | 0.34666666 |1585368498056 |     492 |   494.0 | 0,41 | mscp48.txt |5,3e+02 |
| 3 |  200 | 5000 |   80 | 0.34666666 |1585368498056 |     492 |   492.0 | 0,00 | mscp48.txt |5,4e+02 |
| 4 |    1 | 5000 |   35 |       0.25 |1585369041890 |     492 |   664.0 |34,96 | mscp48.txt | 0,12 |
| 4 |  100 | 5000 |   35 |       0.45 |1585369041890 |     492 |   568.0 |15,45 | mscp48.txt |  8,1 |
| 4 |  200 | 5000 |   35 | 0.42857143 |1585369041890 |     492 |   538.0 | 9,35 | mscp48.txt |   16 |
| 4 |  300 | 5000 |   35 | 0.42857143 |1585369041890 |     492 |   527.0 | 7,11 | mscp48.txt |   24 |
| 4 |  400 | 5000 |   35 | 0.34285715 |1585369041890 |     492 |   527.0 | 7,11 | mscp48.txt |   32 |
| 4 |  500 | 5000 |   40 |      0.425 |1585369041890 |     492 |   501.0 | 1,83 | mscp48.txt |   43 |
| 4 |  600 | 5000 |   40 |       0.45 |1585369041890 |     492 |   499.0 | 1,42 | mscp48.txt |   54 |
| 4 |  700 | 5000 |   40 |      0.375 |1585369041890 |     492 |   499.0 | 1,42 | mscp48.txt |   64 |
| 4 |  800 | 5000 |   40 |        0.4 |1585369041890 |     492 |   499.0 | 1,42 | mscp48.txt |   76 |
| 4 |  900 | 5000 |   45 | 0.37777779 |1585369041890 |     492 |   499.0 | 1,42 | mscp48.txt |   91 |
| 4 | 1000 | 5000 |   45 | 0.35555556 |1585369041890 |     492 |   497.0 | 1,02 | mscp48.txt |1,1e+02 |
| 4 | 1100 | 5000 |   45 | 0.35555556 |1585369041890 |     492 |   497.0 | 1,02 | mscp48.txt |1,2e+02 |
| 4 | 1200 | 5000 |   45 | 0.35555556 |1585369041890 |     492 |   497.0 | 1,02 | mscp48.txt |1,3e+02 |
| 4 | 1300 | 5000 |   50 |       0.38 |1585369041890 |     492 |   497.0 | 1,02 | mscp48.txt |1,4e+02 |
| 4 | 1400 | 5000 |   50 |       0.34 |1585369041890 |     492 |   497.0 | 1,02 | mscp48.txt |1,6e+02 |
| 4 | 1500 | 5000 |   50 |       0.32 |1585369041890 |     492 |   496.0 | 0,81 | mscp48.txt |1,7e+02 |
| 4 | 1600 | 5000 |   50 |       0.36 |1585369041890 |     492 |   496.0 | 0,81 | mscp48.txt |1,8e+02 |
| 4 | 1700 | 5000 |   55 | 0.34545454 |1585369041890 |     492 |   496.0 | 0,81 | mscp48.txt |2,0e+02 |
| 4 | 1800 | 5000 |   55 | 0.34545454 |1585369041890 |     492 |   496.0 | 0,81 | mscp48.txt |2,1e+02 |
| 4 | 1900 | 5000 |   55 | 0.34545454 |1585369041890 |     492 |   496.0 | 0,81 | mscp48.txt |2,3e+02 |
| 4 | 2000 | 5000 |   55 | 0.34545454 |1585369041890 |     492 |   496.0 | 0,81 | mscp48.txt |2,5e+02 |
| 4 | 2100 | 5000 |   60 | 0.31666666 |1585369041890 |     492 |   496.0 | 0,81 | mscp48.txt |2,6e+02 |
| 4 | 2200 | 5000 |   60 | 0.31666666 |1585369041890 |     492 |   496.0 | 0,81 | mscp48.txt |2,8e+02 |
| 4 | 2300 | 5000 |   60 | 0.33333334 |1585369041890 |     492 |   496.0 | 0,81 | mscp48.txt |3,0e+02 |
| 4 | 2400 | 5000 |   60 | 0.31666666 |1585369041890 |     492 |   495.0 | 0,61 | mscp48.txt |3,1e+02 |
| 4 | 2500 | 5000 |   65 | 0.30769232 |1585369041890 |     492 |   494.0 | 0,41 | mscp48.txt |3,3e+02 |
| 4 | 2600 | 5000 |   65 |  0.2923077 |1585369041890 |     492 |   494.0 | 0,41 | mscp48.txt |3,5e+02 |
| 4 | 2700 | 5000 |   65 |  0.2923077 |1585369041890 |     492 |   494.0 | 0,41 | mscp48.txt |3,6e+02 |
| 4 | 2800 | 5000 |   65 |  0.2923077 |1585369041890 |     492 |   494.0 | 0,41 | mscp48.txt |3,8e+02 |
| 4 | 2900 | 5000 |   70 | 0.27142859 |1585369041890 |     492 |   494.0 | 0,41 | mscp48.txt |4,0e+02 |
| 4 | 3000 | 5000 |   70 | 0.27142859 |1585369041890 |     492 |   494.0 | 0,41 | mscp48.txt |4,2e+02 |
| 4 | 3100 | 5000 |   70 | 0.27142859 |1585369041890 |     492 |   494.0 | 0,41 | mscp48.txt |4,4e+02 |
| 4 | 3200 | 5000 |   70 | 0.27142859 |1585369041890 |     492 |   494.0 | 0,41 | mscp48.txt |4,6e+02 |
| 4 | 3300 | 5000 |   75 | 0.25333333 |1585369041890 |     492 |   494.0 | 0,41 | mscp48.txt |4,8e+02 |
| 4 | 3400 | 5000 |   75 | 0.25333333 |1585369041890 |     492 |   494.0 | 0,41 | mscp48.txt |5,0e+02 |
| 4 | 3500 | 5000 |   75 | 0.25333333 |1585369041890 |     492 |   494.0 | 0,41 | mscp48.txt |5,2e+02 |
| 4 | 3600 | 5000 |   75 | 0.25333333 |1585369041890 |     492 |   494.0 | 0,41 | mscp48.txt |5,4e+02 |
| 4 | 3700 | 5000 |   80 |     0.2375 |1585369041890 |     492 |   494.0 | 0,41 | mscp48.txt |5,6e+02 |
| 4 | 3800 | 5000 |   80 |     0.2375 |1585369041890 |     492 |   494.0 | 0,41 | mscp48.txt |5,9e+02 |
| 4 | 3900 | 5000 |   80 |     0.2375 |1585369041890 |     492 |   494.0 | 0,41 | mscp48.txt |6,1e+02 |
| 4 | 4000 | 5000 |   80 |     0.2375 |1585369041890 |     492 |   494.0 | 0,41 | mscp48.txt |6,3e+02 |
| 4 |  200 | 5000 |   85 |     0.2375 |1585369041890 |     492 |   492.0 | 0,00 | mscp48.txt |6,5e+02 |
| 5 |    1 | 5000 |   35 |       0.25 |1585369691009 |     492 |   628.0 |27,64 | mscp48.txt | 0,12 |
| 5 |  100 | 5000 |   35 |       0.45 |1585369691009 |     492 |   573.0 |16,46 | mscp48.txt |  9,4 |
| 5 |  200 | 5000 |   35 | 0.42857143 |1585369691009 |     492 |   544.0 |10,57 | mscp48.txt |   18 |
| 5 |  300 | 5000 |   35 |       0.45 |1585369691009 |     492 |   544.0 |10,57 | mscp48.txt |   26 |
| 5 |  400 | 5000 |   35 |       0.45 |1585369691009 |     492 |   544.0 |10,57 | mscp48.txt |   36 |
| 5 |  500 | 5000 |   40 |       0.45 |1585369691009 |     492 |   509.0 | 3,46 | mscp48.txt |   46 |
| 5 |  600 | 5000 |   40 |       0.45 |1585369691009 |     492 |   501.0 | 1,83 | mscp48.txt |   58 |
| 5 |  700 | 5000 |   40 |      0.425 |1585369691009 |     492 |   499.0 | 1,42 | mscp48.txt |   67 |
| 5 |  800 | 5000 |   40 |      0.325 |1585369691009 |     492 |   499.0 | 1,42 | mscp48.txt |   79 |
| 5 |  900 | 5000 |   45 | 0.24444444 |1585369691009 |     492 |   499.0 | 1,42 | mscp48.txt |   93 |
| 5 | 1000 | 5000 |   45 | 0.24444444 |1585369691009 |     492 |   499.0 | 1,42 | mscp48.txt |1,1e+02 |
| 5 | 1100 | 5000 |   45 | 0.44444445 |1585369691009 |     492 |   499.0 | 1,42 | mscp48.txt |1,2e+02 |
| 5 | 1200 | 5000 |   45 |       0.45 |1585369691009 |     492 |   499.0 | 1,42 | mscp48.txt |1,3e+02 |
| 5 | 1300 | 5000 |   50 |       0.45 |1585369691009 |     492 |   499.0 | 1,42 | mscp48.txt |1,5e+02 |
| 5 | 1400 | 5000 |   50 |       0.45 |1585369691009 |     492 |   499.0 | 1,42 | mscp48.txt |1,6e+02 |
| 5 | 1500 | 5000 |   50 |       0.45 |1585369691009 |     492 |   499.0 | 1,42 | mscp48.txt |1,7e+02 |
| 5 | 1600 | 5000 |   50 |       0.45 |1585369691009 |     492 |   499.0 | 1,42 | mscp48.txt |1,8e+02 |
| 5 | 1700 | 5000 |   55 |       0.45 |1585369691009 |     492 |   499.0 | 1,42 | mscp48.txt |2,0e+02 |
| 5 | 1800 | 5000 |   55 |       0.45 |1585369691009 |     492 |   499.0 | 1,42 | mscp48.txt |2,1e+02 |
| 5 | 1900 | 5000 |   55 |       0.45 |1585369691009 |     492 |   499.0 | 1,42 | mscp48.txt |2,3e+02 |
| 5 | 2000 | 5000 |   55 |       0.45 |1585369691009 |     492 |   499.0 | 1,42 | mscp48.txt |2,4e+02 |
| 5 | 2100 | 5000 |   60 |       0.45 |1585369691009 |     492 |   499.0 | 1,42 | mscp48.txt |2,6e+02 |
| 5 | 2200 | 5000 |   60 |       0.45 |1585369691009 |     492 |   499.0 | 1,42 | mscp48.txt |2,7e+02 |
| 5 | 2300 | 5000 |   60 |       0.45 |1585369691009 |     492 |   499.0 | 1,42 | mscp48.txt |2,9e+02 |
| 5 | 2400 | 5000 |   60 |       0.45 |1585369691009 |     492 |   499.0 | 1,42 | mscp48.txt |3,0e+02 |
| 5 | 2500 | 5000 |   65 |       0.45 |1585369691009 |     492 |   499.0 | 1,42 | mscp48.txt |3,2e+02 |
| 5 | 2600 | 5000 |   65 |       0.45 |1585369691009 |     492 |   499.0 | 1,42 | mscp48.txt |3,4e+02 |
| 5 | 2700 | 5000 |   65 |       0.45 |1585369691009 |     492 |   499.0 | 1,42 | mscp48.txt |3,5e+02 |
| 5 |  200 | 5000 |   65 |       0.45 |1585369691009 |     492 |   492.0 | 0,00 | mscp48.txt |3,5e+02 |
| 6 |    1 | 5000 |   35 |       0.25 |1585370045612 |     492 |   709.0 |44,11 | mscp48.txt | 0,14 |
| 6 |  100 | 5000 |   35 | 0.31428573 |1585370045612 |     492 |   561.0 |14,02 | mscp48.txt |  8,5 |
| 6 |  200 | 5000 |   40 |      0.325 |1585370045612 |     492 |   501.0 | 1,83 | mscp48.txt |   22 |
| 6 |  300 | 5000 |   40 |      0.325 |1585370045612 |     492 |   499.0 | 1,42 | mscp48.txt |   33 |
| 6 |  400 | 5000 |   40 |      0.325 |1585370045612 |     492 |   499.0 | 1,42 | mscp48.txt |   44 |
| 6 |  500 | 5000 |   40 |        0.3 |1585370045612 |     492 |   499.0 | 1,42 | mscp48.txt |   54 |
| 6 |  600 | 5000 |   45 | 0.31111112 |1585370045612 |     492 |   499.0 | 1,42 | mscp48.txt |   67 |
| 6 |  700 | 5000 |   45 |        0.4 |1585370045612 |     492 |   499.0 | 1,42 | mscp48.txt |   78 |
| 6 |  800 | 5000 |   45 |       0.45 |1585370045612 |     492 |   499.0 | 1,42 | mscp48.txt |   89 |
| 6 |  900 | 5000 |   45 |       0.45 |1585370045612 |     492 |   499.0 | 1,42 | mscp48.txt |1,0e+02 |
| 6 | 1000 | 5000 |   50 |       0.45 |1585370045612 |     492 |   499.0 | 1,42 | mscp48.txt |1,1e+02 |
| 6 | 1100 | 5000 |   50 |       0.45 |1585370045612 |     492 |   499.0 | 1,42 | mscp48.txt |1,3e+02 |
| 6 | 1200 | 5000 |   50 |       0.45 |1585370045612 |     492 |   499.0 | 1,42 | mscp48.txt |1,4e+02 |
| 6 | 1300 | 5000 |   50 |       0.45 |1585370045612 |     492 |   499.0 | 1,42 | mscp48.txt |1,5e+02 |
| 6 | 1400 | 5000 |   55 |       0.45 |1585370045612 |     492 |   499.0 | 1,42 | mscp48.txt |1,6e+02 |
| 6 | 1500 | 5000 |   55 |       0.45 |1585370045612 |     492 |   499.0 | 1,42 | mscp48.txt |1,8e+02 |
| 6 | 1600 | 5000 |   55 |       0.45 |1585370045612 |     492 |   499.0 | 1,42 | mscp48.txt |1,9e+02 |
| 6 | 1700 | 5000 |   55 |       0.45 |1585370045612 |     492 |   499.0 | 1,42 | mscp48.txt |2,1e+02 |
| 6 | 1800 | 5000 |   60 |       0.45 |1585370045612 |     492 |   499.0 | 1,42 | mscp48.txt |2,2e+02 |
| 6 | 1900 | 5000 |   60 |       0.45 |1585370045612 |     492 |   499.0 | 1,42 | mscp48.txt |2,4e+02 |
| 6 | 2000 | 5000 |   60 |       0.45 |1585370045612 |     492 |   499.0 | 1,42 | mscp48.txt |2,6e+02 |
| 6 | 2100 | 5000 |   60 |       0.45 |1585370045612 |     492 |   499.0 | 1,42 | mscp48.txt |2,7e+02 |
| 6 | 2200 | 5000 |   65 |       0.45 |1585370045612 |     492 |   499.0 | 1,42 | mscp48.txt |2,9e+02 |
| 6 | 2300 | 5000 |   65 |       0.45 |1585370045612 |     492 |   499.0 | 1,42 | mscp48.txt |3,1e+02 |
| 6 | 2400 | 5000 |   65 |       0.45 |1585370045612 |     492 |   499.0 | 1,42 | mscp48.txt |3,2e+02 |
| 6 | 2500 | 5000 |   65 |       0.45 |1585370045612 |     492 |   499.0 | 1,42 | mscp48.txt |3,4e+02 |
| 6 | 2600 | 5000 |   70 |       0.45 |1585370045612 |     492 |   499.0 | 1,42 | mscp48.txt |3,6e+02 |
| 6 | 2700 | 5000 |   70 |       0.45 |1585370045612 |     492 |   499.0 | 1,42 | mscp48.txt |3,8e+02 |
| 6 | 2800 | 5000 |   70 |       0.45 |1585370045612 |     492 |   499.0 | 1,42 | mscp48.txt |4,0e+02 |
| 6 | 2900 | 5000 |   70 |       0.45 |1585370045612 |     492 |   499.0 | 1,42 | mscp48.txt |4,1e+02 |
| 6 | 3000 | 5000 |   75 |       0.45 |1585370045612 |     492 |   499.0 | 1,42 | mscp48.txt |4,3e+02 |
| 6 | 3100 | 5000 |   75 |       0.45 |1585370045612 |     492 |   499.0 | 1,42 | mscp48.txt |4,5e+02 |
| 6 | 3200 | 5000 |   75 |       0.45 |1585370045612 |     492 |   499.0 | 1,42 | mscp48.txt |4,7e+02 |
| 6 | 3300 | 5000 |   75 |       0.45 |1585370045612 |     492 |   499.0 | 1,42 | mscp48.txt |4,9e+02 |
| 6 | 3400 | 5000 |   80 |       0.45 |1585370045612 |     492 |   499.0 | 1,42 | mscp48.txt |5,1e+02 |
| 6 | 3500 | 5000 |   80 |       0.45 |1585370045612 |     492 |   499.0 | 1,42 | mscp48.txt |5,3e+02 |
| 6 | 3600 | 5000 |   80 |       0.45 |1585370045612 |     492 |   499.0 | 1,42 | mscp48.txt |5,6e+02 |
| 6 | 3700 | 5000 |   80 |       0.45 |1585370045612 |     492 |   499.0 | 1,42 | mscp48.txt |5,8e+02 |
| 6 | 3800 | 5000 |   85 |       0.45 |1585370045612 |     492 |   499.0 | 1,42 | mscp48.txt |6,0e+02 |
| 6 | 3900 | 5000 |   85 |       0.45 |1585370045612 |     492 |   499.0 | 1,42 | mscp48.txt |6,3e+02 |
| 6 | 4000 | 5000 |   85 |       0.45 |1585370045612 |     492 |   499.0 | 1,42 | mscp48.txt |6,5e+02 |
| 6 | 4100 | 5000 |   85 |       0.45 |1585370045612 |     492 |   499.0 | 1,42 | mscp48.txt |6,7e+02 |
| 6 | 4200 | 5000 |   90 |       0.45 |1585370045612 |     492 |   499.0 | 1,42 | mscp48.txt |7,0e+02 |
| 6 | 4300 | 5000 |   90 |       0.45 |1585370045612 |     492 |   499.0 | 1,42 | mscp48.txt |7,2e+02 |
| 6 | 4400 | 5000 |   90 |       0.45 |1585370045612 |     492 |   499.0 | 1,42 | mscp48.txt |7,5e+02 |
| 6 | 4500 | 5000 |   90 |       0.45 |1585370045612 |     492 |   499.0 | 1,42 | mscp48.txt |7,7e+02 |
| 6 | 4600 | 5000 |   95 |       0.45 |1585370045612 |     492 |   499.0 | 1,42 | mscp48.txt |8,0e+02 |
| 6 | 4700 | 5000 |   95 |       0.45 |1585370045612 |     492 |   499.0 | 1,42 | mscp48.txt |8,3e+02 |
| 6 | 4800 | 5000 |   95 |       0.45 |1585370045612 |     492 |   499.0 | 1,42 | mscp48.txt |8,5e+02 |
| 6 | 4900 | 5000 |   95 |       0.45 |1585370045612 |     492 |   499.0 | 1,42 | mscp48.txt |8,8e+02 |
| 6 | 5000 | 5000 |  100 |       0.45 |1585370045612 |     492 |   499.0 | 1,42 | mscp48.txt |9,1e+02 |
| 6 |  200 | 5000 |  100 |       0.45 |1585370045612 |     492 |   499.0 | 1,42 | mscp48.txt |9,1e+02 |
| 7 |    1 | 5000 |   35 |       0.25 |1585370951555 |     492 |   673.0 |36,79 | mscp48.txt |0,070 |
| 7 |  100 | 5000 |   35 | 0.37142858 |1585370951555 |     492 |   549.0 |11,59 | mscp48.txt |  9,1 |
| 7 |  200 | 5000 |   35 |        0.4 |1585370951555 |     492 |   549.0 |11,59 | mscp48.txt |   18 |
| 7 |  300 | 5000 |   35 |       0.45 |1585370951555 |     492 |   541.0 | 9,96 | mscp48.txt |   27 |
| 7 |  400 | 5000 |   35 |       0.45 |1585370951555 |     492 |   522.0 | 6,10 | mscp48.txt |   35 |
| 7 |  500 | 5000 |   40 |       0.45 |1585370951555 |     492 |   499.0 | 1,42 | mscp48.txt |   44 |
| 7 |  600 | 5000 |   40 |      0.325 |1585370951555 |     492 |   499.0 | 1,42 | mscp48.txt |   57 |
| 7 |  700 | 5000 |   40 |      0.275 |1585370951555 |     492 |   499.0 | 1,42 | mscp48.txt |   67 |
| 7 |  800 | 5000 |   40 |      0.325 |1585370951555 |     492 |   497.0 | 1,02 | mscp48.txt |   78 |
| 7 |  900 | 5000 |   45 | 0.44444445 |1585370951555 |     492 |   497.0 | 1,02 | mscp48.txt |   91 |
| 7 | 1000 | 5000 |   45 | 0.42222223 |1585370951555 |     492 |   497.0 | 1,02 | mscp48.txt |1,0e+02 |
| 7 | 1100 | 5000 |   45 | 0.35555556 |1585370951555 |     492 |   497.0 | 1,02 | mscp48.txt |1,2e+02 |
| 7 | 1200 | 5000 |   45 |       0.45 |1585370951555 |     492 |   497.0 | 1,02 | mscp48.txt |1,3e+02 |
| 7 | 1300 | 5000 |   50 |       0.45 |1585370951555 |     492 |   497.0 | 1,02 | mscp48.txt |1,4e+02 |
| 7 | 1400 | 5000 |   50 |       0.45 |1585370951555 |     492 |   497.0 | 1,02 | mscp48.txt |1,6e+02 |
| 7 | 1500 | 5000 |   50 |       0.45 |1585370951555 |     492 |   497.0 | 1,02 | mscp48.txt |1,7e+02 |
| 7 | 1600 | 5000 |   50 |       0.45 |1585370951555 |     492 |   497.0 | 1,02 | mscp48.txt |1,8e+02 |
| 7 | 1700 | 5000 |   55 |       0.45 |1585370951555 |     492 |   497.0 | 1,02 | mscp48.txt |2,0e+02 |
| 7 | 1800 | 5000 |   55 |       0.45 |1585370951555 |     492 |   497.0 | 1,02 | mscp48.txt |2,1e+02 |
| 7 | 1900 | 5000 |   55 |       0.45 |1585370951555 |     492 |   497.0 | 1,02 | mscp48.txt |2,3e+02 |
| 7 | 2000 | 5000 |   55 |       0.45 |1585370951555 |     492 |   497.0 | 1,02 | mscp48.txt |2,4e+02 |
| 7 | 2100 | 5000 |   60 |       0.45 |1585370951555 |     492 |   497.0 | 1,02 | mscp48.txt |2,6e+02 |
| 7 | 2200 | 5000 |   60 |       0.45 |1585370951555 |     492 |   497.0 | 1,02 | mscp48.txt |2,7e+02 |
| 7 | 2300 | 5000 |   60 |       0.45 |1585370951555 |     492 |   497.0 | 1,02 | mscp48.txt |2,9e+02 |
| 7 | 2400 | 5000 |   60 |       0.45 |1585370951555 |     492 |   497.0 | 1,02 | mscp48.txt |3,1e+02 |
| 7 | 2500 | 5000 |   65 |       0.45 |1585370951555 |     492 |   497.0 | 1,02 | mscp48.txt |3,2e+02 |
| 7 | 2600 | 5000 |   65 |       0.45 |1585370951555 |     492 |   497.0 | 1,02 | mscp48.txt |3,4e+02 |
| 7 | 2700 | 5000 |   65 |       0.45 |1585370951555 |     492 |   497.0 | 1,02 | mscp48.txt |3,5e+02 |
| 7 | 2800 | 5000 |   65 |       0.45 |1585370951555 |     492 |   497.0 | 1,02 | mscp48.txt |3,7e+02 |
| 7 | 2900 | 5000 |   70 |       0.45 |1585370951555 |     492 |   497.0 | 1,02 | mscp48.txt |3,9e+02 |
| 7 | 3000 | 5000 |   70 |       0.45 |1585370951555 |     492 |   497.0 | 1,02 | mscp48.txt |4,1e+02 |
| 7 | 3100 | 5000 |   70 |       0.45 |1585370951555 |     492 |   497.0 | 1,02 | mscp48.txt |4,3e+02 |
| 7 | 3200 | 5000 |   70 |       0.45 |1585370951555 |     492 |   497.0 | 1,02 | mscp48.txt |4,4e+02 |
| 7 | 3300 | 5000 |   75 |       0.45 |1585370951555 |     492 |   497.0 | 1,02 | mscp48.txt |4,6e+02 |
| 7 | 3400 | 5000 |   75 |       0.45 |1585370951555 |     492 |   497.0 | 1,02 | mscp48.txt |4,8e+02 |
| 7 | 3500 | 5000 |   75 |       0.45 |1585370951555 |     492 |   497.0 | 1,02 | mscp48.txt |5,0e+02 |
| 7 | 3600 | 5000 |   75 |       0.45 |1585370951555 |     492 |   497.0 | 1,02 | mscp48.txt |5,2e+02 |
| 7 | 3700 | 5000 |   80 |       0.45 |1585370951555 |     492 |   497.0 | 1,02 | mscp48.txt |5,4e+02 |
| 7 | 3800 | 5000 |   80 |       0.45 |1585370951555 |     492 |   497.0 | 1,02 | mscp48.txt |5,6e+02 |
| 7 | 3900 | 5000 |   80 |       0.45 |1585370951555 |     492 |   497.0 | 1,02 | mscp48.txt |5,8e+02 |
| 7 | 4000 | 5000 |   80 |       0.45 |1585370951555 |     492 |   497.0 | 1,02 | mscp48.txt |6,1e+02 |
| 7 | 4100 | 5000 |   85 |       0.45 |1585370951555 |     492 |   497.0 | 1,02 | mscp48.txt |6,3e+02 |
| 7 | 4200 | 5000 |   85 |       0.45 |1585370951555 |     492 |   497.0 | 1,02 | mscp48.txt |6,5e+02 |
| 7 | 4300 | 5000 |   85 |       0.45 |1585370951555 |     492 |   497.0 | 1,02 | mscp48.txt |6,7e+02 |
| 7 | 4400 | 5000 |   85 |       0.45 |1585370951555 |     492 |   497.0 | 1,02 | mscp48.txt |6,9e+02 |
| 7 | 4500 | 5000 |   90 |       0.45 |1585370951555 |     492 |   497.0 | 1,02 | mscp48.txt |7,1e+02 |
| 7 | 4600 | 5000 |   90 |       0.45 |1585370951555 |     492 |   497.0 | 1,02 | mscp48.txt |7,3e+02 |
| 7 | 4700 | 5000 |   90 |       0.45 |1585370951555 |     492 |   497.0 | 1,02 | mscp48.txt |7,5e+02 |
| 7 | 4800 | 5000 |   90 |       0.45 |1585370951555 |     492 |   497.0 | 1,02 | mscp48.txt |7,7e+02 |
| 7 | 4900 | 5000 |   95 |       0.45 |1585370951555 |     492 |   497.0 | 1,02 | mscp48.txt |8,0e+02 |
| 7 | 5000 | 5000 |   95 |       0.45 |1585370951555 |     492 |   497.0 | 1,02 | mscp48.txt |8,2e+02 |
| 7 |  200 | 5000 |   95 |       0.45 |1585370951555 |     492 |   497.0 | 1,02 | mscp48.txt |8,2e+02 |
| 8 |    1 | 5000 |   35 |       0.25 |1585371771411 |     492 |   646.0 |31,30 | mscp48.txt |0,074 |
| 8 |  100 | 5000 |   35 |        0.4 |1585371771411 |     492 |   573.0 |16,46 | mscp48.txt |  7,6 |
| 8 |  200 | 5000 |   35 |       0.45 |1585371771411 |     492 |   566.0 |15,04 | mscp48.txt |   15 |
| 8 |  300 | 5000 |   40 |      0.375 |1585371771411 |     492 |   499.0 | 1,42 | mscp48.txt |   25 |
| 8 |  400 | 5000 |   40 |       0.25 |1585371771411 |     492 |   497.0 | 1,02 | mscp48.txt |   35 |
| 8 |  500 | 5000 |   40 |        0.2 |1585371771411 |     492 |   497.0 | 1,02 | mscp48.txt |   44 |
| 8 |  600 | 5000 |   40 |        0.3 |1585371771411 |     492 |   497.0 | 1,02 | mscp48.txt |   54 |
| 8 |  700 | 5000 |   45 | 0.35555556 |1585371771411 |     492 |   497.0 | 1,02 | mscp48.txt |   65 |
| 8 |  800 | 5000 |   45 |       0.45 |1585371771411 |     492 |   497.0 | 1,02 | mscp48.txt |   77 |
| 8 |  900 | 5000 |   45 |       0.45 |1585371771411 |     492 |   497.0 | 1,02 | mscp48.txt |   87 |
| 8 | 1000 | 5000 |   45 |       0.45 |1585371771411 |     492 |   497.0 | 1,02 | mscp48.txt |   96 |
| 8 | 1100 | 5000 |   50 |       0.45 |1585371771411 |     492 |   497.0 | 1,02 | mscp48.txt |1,1e+02 |
| 8 | 1200 | 5000 |   50 |       0.42 |1585371771411 |     492 |   497.0 | 1,02 | mscp48.txt |1,2e+02 |
| 8 | 1300 | 5000 |   50 |       0.44 |1585371771411 |     492 |   497.0 | 1,02 | mscp48.txt |1,3e+02 |
| 8 | 1400 | 5000 |   50 |       0.44 |1585371771411 |     492 |   497.0 | 1,02 | mscp48.txt |1,4e+02 |
| 8 | 1500 | 5000 |   55 |       0.45 |1585371771411 |     492 |   497.0 | 1,02 | mscp48.txt |1,5e+02 |
| 8 | 1600 | 5000 |   55 |       0.45 |1585371771411 |     492 |   497.0 | 1,02 | mscp48.txt |1,7e+02 |
| 8 | 1700 | 5000 |   55 |       0.45 |1585371771411 |     492 |   497.0 | 1,02 | mscp48.txt |1,8e+02 |
| 8 | 1800 | 5000 |   55 |       0.45 |1585371771411 |     492 |   497.0 | 1,02 | mscp48.txt |1,9e+02 |
| 8 | 1900 | 5000 |   60 |       0.45 |1585371771411 |     492 |   497.0 | 1,02 | mscp48.txt |2,0e+02 |
| 8 | 2000 | 5000 |   60 |       0.45 |1585371771411 |     492 |   497.0 | 1,02 | mscp48.txt |2,2e+02 |
| 8 | 2100 | 5000 |   60 |       0.45 |1585371771411 |     492 |   497.0 | 1,02 | mscp48.txt |2,3e+02 |
| 8 | 2200 | 5000 |   60 |       0.45 |1585371771411 |     492 |   497.0 | 1,02 | mscp48.txt |2,5e+02 |
| 8 | 2300 | 5000 |   65 |       0.45 |1585371771411 |     492 |   497.0 | 1,02 | mscp48.txt |2,6e+02 |
| 8 | 2400 | 5000 |   65 |       0.45 |1585371771411 |     492 |   494.0 | 0,41 | mscp48.txt |2,8e+02 |
| 8 |  200 | 5000 |   65 |       0.45 |1585371771411 |     492 |   492.0 | 0,00 | mscp48.txt |2,9e+02 |
| 9 |    1 | 5000 |   35 |       0.25 |1585372057220 |     492 |   658.0 |33,74 | mscp48.txt | 0,12 |
| 9 |  100 | 5000 |   35 |       0.45 |1585372057220 |     492 |   545.0 |10,77 | mscp48.txt |  7,5 |
| 9 |  200 | 5000 |   35 | 0.42857143 |1585372057220 |     492 |   528.0 | 7,32 | mscp48.txt |   15 |
| 9 |  300 | 5000 |   35 |        0.4 |1585372057220 |     492 |   523.0 | 6,30 | mscp48.txt |   24 |
| 9 |  400 | 5000 |   40 |       0.45 |1585372057220 |     492 |   508.0 | 3,25 | mscp48.txt |   33 |
| 9 |  500 | 5000 |   40 |       0.45 |1585372057220 |     492 |   501.0 | 1,83 | mscp48.txt |   42 |
| 9 |  600 | 5000 |   40 |      0.425 |1585372057220 |     492 |   501.0 | 1,83 | mscp48.txt |   51 |
| 9 |  700 | 5000 |   40 |       0.35 |1585372057220 |     492 |   499.0 | 1,42 | mscp48.txt |   61 |
| 9 |  800 | 5000 |   45 | 0.35555556 |1585372057220 |     492 |   499.0 | 1,42 | mscp48.txt |   71 |
| 9 |  900 | 5000 |   45 | 0.31111112 |1585372057220 |     492 |   499.0 | 1,42 | mscp48.txt |   82 |
| 9 | 1000 | 5000 |   45 | 0.31111112 |1585372057220 |     492 |   497.0 | 1,02 | mscp48.txt |   93 |
| 9 | 1100 | 5000 |   45 | 0.31111112 |1585372057220 |     492 |   497.0 | 1,02 | mscp48.txt |1,0e+02 |
| 9 | 1200 | 5000 |   50 |       0.45 |1585372057220 |     492 |   497.0 | 1,02 | mscp48.txt |1,2e+02 |
| 9 | 1300 | 5000 |   50 |       0.45 |1585372057220 |     492 |   497.0 | 1,02 | mscp48.txt |1,3e+02 |
| 9 | 1400 | 5000 |   50 |       0.42 |1585372057220 |     492 |   497.0 | 1,02 | mscp48.txt |1,4e+02 |
| 9 | 1500 | 5000 |   50 |       0.38 |1585372057220 |     492 |   497.0 | 1,02 | mscp48.txt |1,5e+02 |
| 9 | 1600 | 5000 |   55 | 0.43636364 |1585372057220 |     492 |   497.0 | 1,02 | mscp48.txt |1,6e+02 |
| 9 | 1700 | 5000 |   55 |       0.45 |1585372057220 |     492 |   497.0 | 1,02 | mscp48.txt |1,8e+02 |
| 9 | 1800 | 5000 |   55 | 0.43636364 |1585372057220 |     492 |   497.0 | 1,02 | mscp48.txt |1,9e+02 |
| 9 | 1900 | 5000 |   55 |       0.45 |1585372057220 |     492 |   497.0 | 1,02 | mscp48.txt |2,0e+02 |
| 9 | 2000 | 5000 |   60 | 0.43333334 |1585372057220 |     492 |   497.0 | 1,02 | mscp48.txt |2,2e+02 |
| 9 |  200 | 5000 |   60 | 0.43333334 |1585372057220 |     492 |   492.0 | 0,00 | mscp48.txt |2,2e+02 |
|10 |    1 | 5000 |   35 |       0.25 |1585372280427 |     492 |   704.0 |43,09 | mscp48.txt | 0,12 |
|10 |  100 | 5000 |   35 | 0.31428573 |1585372280427 |     492 |   568.0 |15,45 | mscp48.txt |  7,9 |
|10 |  200 | 5000 |   35 | 0.42857143 |1585372280427 |     492 |   542.0 |10,16 | mscp48.txt |   15 |
|10 |  300 | 5000 |   35 | 0.37142858 |1585372280427 |     492 |   542.0 |10,16 | mscp48.txt |   23 |
|10 |  400 | 5000 |   40 |       0.45 |1585372280427 |     492 |   499.0 | 1,42 | mscp48.txt |   32 |
|10 |  500 | 5000 |   40 |        0.3 |1585372280427 |     492 |   499.0 | 1,42 | mscp48.txt |   42 |
|10 |  600 | 5000 |   40 |       0.45 |1585372280427 |     492 |   499.0 | 1,42 | mscp48.txt |   50 |
|10 |  700 | 5000 |   40 |       0.45 |1585372280427 |     492 |   499.0 | 1,42 | mscp48.txt |   59 |
|10 |  800 | 5000 |   45 |        0.4 |1585372280427 |     492 |   499.0 | 1,42 | mscp48.txt |   70 |
|10 |  900 | 5000 |   45 |        0.4 |1585372280427 |     492 |   499.0 | 1,42 | mscp48.txt |   81 |
|10 | 1000 | 5000 |   45 |       0.45 |1585372280427 |     492 |   499.0 | 1,42 | mscp48.txt |   91 |
|10 | 1100 | 5000 |   45 |       0.45 |1585372280427 |     492 |   499.0 | 1,42 | mscp48.txt |1,0e+02 |
|10 | 1200 | 5000 |   50 |       0.45 |1585372280427 |     492 |   499.0 | 1,42 | mscp48.txt |1,1e+02 |
|10 | 1300 | 5000 |   50 |       0.45 |1585372280427 |     492 |   499.0 | 1,42 | mscp48.txt |1,2e+02 |
|10 | 1400 | 5000 |   50 |       0.45 |1585372280427 |     492 |   499.0 | 1,42 | mscp48.txt |1,4e+02 |
|10 | 1500 | 5000 |   50 |       0.45 |1585372280427 |     492 |   499.0 | 1,42 | mscp48.txt |1,5e+02 |
|10 | 1600 | 5000 |   55 |       0.45 |1585372280427 |     492 |   499.0 | 1,42 | mscp48.txt |1,6e+02 |
|10 | 1700 | 5000 |   55 |       0.45 |1585372280427 |     492 |   497.0 | 1,02 | mscp48.txt |1,7e+02 |
|10 | 1800 | 5000 |   55 |       0.45 |1585372280427 |     492 |   497.0 | 1,02 | mscp48.txt |1,9e+02 |
|10 | 1900 | 5000 |   55 |       0.45 |1585372280427 |     492 |   497.0 | 1,02 | mscp48.txt |2,0e+02 |
|10 | 2000 | 5000 |   60 |       0.45 |1585372280427 |     492 |   497.0 | 1,02 | mscp48.txt |2,1e+02 |
|10 | 2100 | 5000 |   60 |       0.45 |1585372280427 |     492 |   497.0 | 1,02 | mscp48.txt |2,3e+02 |
|10 | 2200 | 5000 |   60 |       0.45 |1585372280427 |     492 |   497.0 | 1,02 | mscp48.txt |2,4e+02 |
|10 | 2300 | 5000 |   60 |       0.45 |1585372280427 |     492 |   497.0 | 1,02 | mscp48.txt |2,6e+02 |
|10 | 2400 | 5000 |   65 |       0.45 |1585372280427 |     492 |   497.0 | 1,02 | mscp48.txt |2,7e+02 |
|10 | 2500 | 5000 |   65 |       0.45 |1585372280427 |     492 |   497.0 | 1,02 | mscp48.txt |2,9e+02 |
|10 | 2600 | 5000 |   65 |       0.45 |1585372280427 |     492 |   497.0 | 1,02 | mscp48.txt |3,1e+02 |
|10 | 2700 | 5000 |   65 |       0.45 |1585372280427 |     492 |   497.0 | 1,02 | mscp48.txt |3,2e+02 |
|10 | 2800 | 5000 |   70 |       0.45 |1585372280427 |     492 |   497.0 | 1,02 | mscp48.txt |3,4e+02 |
|10 | 2900 | 5000 |   70 |       0.45 |1585372280427 |     492 |   497.0 | 1,02 | mscp48.txt |3,6e+02 |
|10 | 3000 | 5000 |   70 |       0.45 |1585372280427 |     492 |   497.0 | 1,02 | mscp48.txt |3,7e+02 |
|10 | 3100 | 5000 |   70 |       0.45 |1585372280427 |     492 |   497.0 | 1,02 | mscp48.txt |3,9e+02 |
|10 | 3200 | 5000 |   75 |       0.45 |1585372280427 |     492 |   497.0 | 1,02 | mscp48.txt |4,1e+02 |
|10 | 3300 | 5000 |   75 |       0.45 |1585372280427 |     492 |   497.0 | 1,02 | mscp48.txt |4,3e+02 |
|10 | 3400 | 5000 |   75 |       0.45 |1585372280427 |     492 |   497.0 | 1,02 | mscp48.txt |4,5e+02 |
|10 | 3500 | 5000 |   75 |       0.45 |1585372280427 |     492 |   497.0 | 1,02 | mscp48.txt |4,7e+02 |
|10 | 3600 | 5000 |   80 |       0.45 |1585372280427 |     492 |   497.0 | 1,02 | mscp48.txt |4,9e+02 |
|10 | 3700 | 5000 |   80 |       0.45 |1585372280427 |     492 |   497.0 | 1,02 | mscp48.txt |5,1e+02 |
|10 | 3800 | 5000 |   80 |       0.45 |1585372280427 |     492 |   497.0 | 1,02 | mscp48.txt |5,3e+02 |
|10 | 3900 | 5000 |   80 |       0.45 |1585372280427 |     492 |   497.0 | 1,02 | mscp48.txt |5,5e+02 |
|10 | 4000 | 5000 |   85 |       0.45 |1585372280427 |     492 |   497.0 | 1,02 | mscp48.txt |5,7e+02 |
|10 | 4100 | 5000 |   85 |       0.45 |1585372280427 |     492 |   497.0 | 1,02 | mscp48.txt |5,9e+02 |
|10 | 4200 | 5000 |   85 |       0.45 |1585372280427 |     492 |   497.0 | 1,02 | mscp48.txt |6,1e+02 |
|10 | 4300 | 5000 |   85 |       0.45 |1585372280427 |     492 |   497.0 | 1,02 | mscp48.txt |6,4e+02 |
|10 | 4400 | 5000 |   90 |       0.45 |1585372280427 |     492 |   497.0 | 1,02 | mscp48.txt |6,6e+02 |
|10 | 4500 | 5000 |   90 |       0.45 |1585372280427 |     492 |   497.0 | 1,02 | mscp48.txt |6,8e+02 |
|10 | 4600 | 5000 |   90 |       0.45 |1585372280427 |     492 |   497.0 | 1,02 | mscp48.txt |7,1e+02 |
|10 | 4700 | 5000 |   90 |       0.45 |1585372280427 |     492 |   497.0 | 1,02 | mscp48.txt |7,3e+02 |
|10 | 4800 | 5000 |   95 |       0.45 |1585372280427 |     492 |   497.0 | 1,02 | mscp48.txt |7,5e+02 |
|10 | 4900 | 5000 |   95 |       0.45 |1585372280427 |     492 |   497.0 | 1,02 | mscp48.txt |7,8e+02 |
|10 | 5000 | 5000 |   95 |       0.45 |1585372280427 |     492 |   497.0 | 1,02 | mscp48.txt |8,0e+02 |
|10 |  200 | 5000 |   95 |       0.45 |1585372280427 |     492 |   497.0 | 1,02 | mscp48.txt |8,0e+02 |
|11 |    1 | 5000 |   35 |       0.25 |1585373082559 |     492 |   629.0 |27,85 | mscp48.txt | 0,10 |
|11 |  100 | 5000 |   35 | 0.31428573 |1585373082559 |     492 |   571.0 |16,06 | mscp48.txt |  7,7 |
|11 |  200 | 5000 |   40 |       0.45 |1585373082559 |     492 |   501.0 | 1,83 | mscp48.txt |   17 |
|11 |  300 | 5000 |   40 |        0.3 |1585373082559 |     492 |   497.0 | 1,02 | mscp48.txt |   27 |
|11 |  400 | 5000 |   40 |       0.25 |1585373082559 |     492 |   497.0 | 1,02 | mscp48.txt |   38 |
|11 |  500 | 5000 |   40 |      0.175 |1585373082559 |     492 |   495.0 | 0,61 | mscp48.txt |   48 |
|11 |  600 | 5000 |   45 | 0.17777778 |1585373082559 |     492 |   495.0 | 0,61 | mscp48.txt |   58 |
|11 |  700 | 5000 |   45 |  0.2888889 |1585373082559 |     492 |   495.0 | 0,61 | mscp48.txt |   70 |
|11 |  800 | 5000 |   45 | 0.24444444 |1585373082559 |     492 |   495.0 | 0,61 | mscp48.txt |   81 |
|11 |  900 | 5000 |   45 | 0.24444444 |1585373082559 |     492 |   495.0 | 0,61 | mscp48.txt |   92 |
|11 | 1000 | 5000 |   50 |       0.24 |1585373082559 |     492 |   495.0 | 0,61 | mscp48.txt |1,0e+02 |
|11 | 1100 | 5000 |   50 |       0.28 |1585373082559 |     492 |   495.0 | 0,61 | mscp48.txt |1,2e+02 |
|11 | 1200 | 5000 |   50 |       0.26 |1585373082559 |     492 |   495.0 | 0,61 | mscp48.txt |1,3e+02 |
|11 | 1300 | 5000 |   50 |       0.28 |1585373082559 |     492 |   495.0 | 0,61 | mscp48.txt |1,4e+02 |
|11 | 1400 | 5000 |   55 |  0.3090909 |1585373082559 |     492 |   495.0 | 0,61 | mscp48.txt |1,6e+02 |
|11 | 1500 | 5000 |   55 |  0.3090909 |1585373082559 |     492 |   495.0 | 0,61 | mscp48.txt |1,7e+02 |
|11 | 1600 | 5000 |   55 |  0.3090909 |1585373082559 |     492 |   495.0 | 0,61 | mscp48.txt |1,9e+02 |
|11 | 1700 | 5000 |   55 |  0.3090909 |1585373082559 |     492 |   495.0 | 0,61 | mscp48.txt |2,0e+02 |
|11 | 1800 | 5000 |   60 | 0.26666668 |1585373082559 |     492 |   495.0 | 0,61 | mscp48.txt |2,1e+02 |
|11 | 1900 | 5000 |   60 |       0.25 |1585373082559 |     492 |   495.0 | 0,61 | mscp48.txt |2,3e+02 |
|11 | 2000 | 5000 |   60 | 0.28333333 |1585373082559 |     492 |   495.0 | 0,61 | mscp48.txt |2,5e+02 |
|11 | 2100 | 5000 |   60 | 0.28333333 |1585373082559 |     492 |   495.0 | 0,61 | mscp48.txt |2,6e+02 |
|11 | 2200 | 5000 |   65 | 0.30769232 |1585373082559 |     492 |   495.0 | 0,61 | mscp48.txt |2,8e+02 |
|11 | 2300 | 5000 |   65 |  0.2923077 |1585373082559 |     492 |   495.0 | 0,61 | mscp48.txt |3,0e+02 |
|11 | 2400 | 5000 |   65 | 0.32307693 |1585373082559 |     492 |   495.0 | 0,61 | mscp48.txt |3,1e+02 |
|11 | 2500 | 5000 |   65 | 0.32307693 |1585373082559 |     492 |   495.0 | 0,61 | mscp48.txt |3,3e+02 |
|11 | 2600 | 5000 |   70 | 0.34285715 |1585373082559 |     492 |   495.0 | 0,61 | mscp48.txt |3,5e+02 |
|11 | 2700 | 5000 |   70 | 0.35714287 |1585373082559 |     492 |   495.0 | 0,61 | mscp48.txt |3,7e+02 |
|11 | 2800 | 5000 |   70 | 0.35714287 |1585373082559 |     492 |   495.0 | 0,61 | mscp48.txt |3,8e+02 |
|11 | 2900 | 5000 |   70 | 0.35714287 |1585373082559 |     492 |   495.0 | 0,61 | mscp48.txt |4,0e+02 |
|11 | 3000 | 5000 |   75 | 0.33333334 |1585373082559 |     492 |   495.0 | 0,61 | mscp48.txt |4,2e+02 |
|11 | 3100 | 5000 |   75 | 0.33333334 |1585373082559 |     492 |   495.0 | 0,61 | mscp48.txt |4,4e+02 |
|11 | 3200 | 5000 |   75 | 0.33333334 |1585373082559 |     492 |   495.0 | 0,61 | mscp48.txt |4,6e+02 |
|11 | 3300 | 5000 |   75 | 0.33333334 |1585373082559 |     492 |   495.0 | 0,61 | mscp48.txt |4,8e+02 |
|11 | 3400 | 5000 |   80 |     0.2875 |1585373082559 |     492 |   495.0 | 0,61 | mscp48.txt |5,0e+02 |
|11 | 3500 | 5000 |   80 |        0.3 |1585373082559 |     492 |   495.0 | 0,61 | mscp48.txt |5,3e+02 |
|11 | 3600 | 5000 |   80 |     0.2875 |1585373082559 |     492 |   495.0 | 0,61 | mscp48.txt |5,5e+02 |
|11 | 3700 | 5000 |   80 |     0.2625 |1585373082559 |     492 |   495.0 | 0,61 | mscp48.txt |5,7e+02 |
|11 | 3800 | 5000 |   85 | 0.29411766 |1585373082559 |     492 |   495.0 | 0,61 | mscp48.txt |5,9e+02 |
|11 | 3900 | 5000 |   85 | 0.25882354 |1585373082559 |     492 |   495.0 | 0,61 | mscp48.txt |6,1e+02 |
|11 | 4000 | 5000 |   85 | 0.28235295 |1585373082559 |     492 |   495.0 | 0,61 | mscp48.txt |6,4e+02 |
|11 | 4100 | 5000 |   85 | 0.25882354 |1585373082559 |     492 |   495.0 | 0,61 | mscp48.txt |6,6e+02 |
|11 | 4200 | 5000 |   90 |        0.3 |1585373082559 |     492 |   495.0 | 0,61 | mscp48.txt |6,8e+02 |
|11 | 4300 | 5000 |   90 |        0.3 |1585373082559 |     492 |   495.0 | 0,61 | mscp48.txt |7,1e+02 |
|11 | 4400 | 5000 |   90 | 0.32222223 |1585373082559 |     492 |   495.0 | 0,61 | mscp48.txt |7,3e+02 |
|11 | 4500 | 5000 |   90 | 0.31111112 |1585373082559 |     492 |   495.0 | 0,61 | mscp48.txt |7,5e+02 |
|11 | 4600 | 5000 |   95 | 0.33684212 |1585373082559 |     492 |   495.0 | 0,61 | mscp48.txt |7,8e+02 |
|11 | 4700 | 5000 |   95 | 0.31578946 |1585373082559 |     492 |   495.0 | 0,61 | mscp48.txt |8,1e+02 |
|11 | 4800 | 5000 |   95 |  0.3263158 |1585373082559 |     492 |   495.0 | 0,61 | mscp48.txt |8,3e+02 |
|11 | 4900 | 5000 |   95 |  0.3263158 |1585373082559 |     492 |   495.0 | 0,61 | mscp48.txt |8,6e+02 |
|11 | 5000 | 5000 |  100 |       0.31 |1585373082559 |     492 |   495.0 | 0,61 | mscp48.txt |8,9e+02 |
|11 |  200 | 5000 |  100 |       0.31 |1585373082559 |     492 |   495.0 | 0,61 | mscp48.txt |8,9e+02 |
|12 |    1 | 5000 |   35 |       0.25 |1585373968425 |     492 |   655.0 |33,13 | mscp48.txt |0,080 |
|12 |  100 | 5000 |   35 |        0.4 |1585373968425 |     492 |   561.0 |14,02 | mscp48.txt |  7,9 |
|12 |  200 | 5000 |   35 |       0.45 |1585373968425 |     492 |   545.0 |10,77 | mscp48.txt |   16 |
|12 |  300 | 5000 |   35 |        0.4 |1585373968425 |     492 |   539.0 | 9,55 | mscp48.txt |   24 |
|12 |  400 | 5000 |   35 | 0.34285715 |1585373968425 |     492 |   526.0 | 6,91 | mscp48.txt |   32 |
|12 |  500 | 5000 |   40 |       0.45 |1585373968425 |     492 |   508.0 | 3,25 | mscp48.txt |   41 |
|12 |  600 | 5000 |   40 |      0.375 |1585373968425 |     492 |   504.0 | 2,44 | mscp48.txt |   51 |
|12 |  700 | 5000 |   40 |       0.45 |1585373968425 |     492 |   499.0 | 1,42 | mscp48.txt |   60 |
|12 |  800 | 5000 |   40 |      0.425 |1585373968425 |     492 |   499.0 | 1,42 | mscp48.txt |   69 |
|12 |  900 | 5000 |   45 |        0.4 |1585373968425 |     492 |   499.0 | 1,42 | mscp48.txt |   80 |
|12 | 1000 | 5000 |   45 | 0.37777779 |1585373968425 |     492 |   499.0 | 1,42 | mscp48.txt |   91 |
|12 | 1100 | 5000 |   45 | 0.31111112 |1585373968425 |     492 |   499.0 | 1,42 | mscp48.txt |1,0e+02 |
|12 | 1200 | 5000 |   45 | 0.33333334 |1585373968425 |     492 |   495.0 | 0,61 | mscp48.txt |1,1e+02 |
|12 | 1300 | 5000 |   50 |       0.38 |1585373968425 |     492 |   495.0 | 0,61 | mscp48.txt |1,3e+02 |
|12 | 1400 | 5000 |   50 |       0.38 |1585373968425 |     492 |   495.0 | 0,61 | mscp48.txt |1,4e+02 |
|12 | 1500 | 5000 |   50 |       0.38 |1585373968425 |     492 |   495.0 | 0,61 | mscp48.txt |1,5e+02 |
|12 | 1600 | 5000 |   50 |       0.42 |1585373968425 |     492 |   495.0 | 0,61 | mscp48.txt |1,6e+02 |
|12 | 1700 | 5000 |   55 |       0.45 |1585373968425 |     492 |   495.0 | 0,61 | mscp48.txt |1,8e+02 |
|12 | 1800 | 5000 |   55 |       0.45 |1585373968425 |     492 |   495.0 | 0,61 | mscp48.txt |1,9e+02 |
|12 | 1900 | 5000 |   55 | 0.43636364 |1585373968425 |     492 |   495.0 | 0,61 | mscp48.txt |2,0e+02 |
|12 | 2000 | 5000 |   55 | 0.43636364 |1585373968425 |     492 |   495.0 | 0,61 | mscp48.txt |2,2e+02 |
|12 | 2100 | 5000 |   60 |       0.45 |1585373968425 |     492 |   495.0 | 0,61 | mscp48.txt |2,3e+02 |
|12 | 2200 | 5000 |   60 |       0.45 |1585373968425 |     492 |   494.0 | 0,41 | mscp48.txt |2,5e+02 |
|12 | 2300 | 5000 |   60 |       0.45 |1585373968425 |     492 |   494.0 | 0,41 | mscp48.txt |2,6e+02 |
|12 | 2400 | 5000 |   60 |       0.45 |1585373968425 |     492 |   494.0 | 0,41 | mscp48.txt |2,8e+02 |
|12 | 2500 | 5000 |   65 |       0.45 |1585373968425 |     492 |   494.0 | 0,41 | mscp48.txt |2,9e+02 |
|12 | 2600 | 5000 |   65 |       0.45 |1585373968425 |     492 |   494.0 | 0,41 | mscp48.txt |3,1e+02 |
|12 |  200 | 5000 |   65 |       0.45 |1585373968425 |     492 |   492.0 | 0,00 | mscp48.txt |3,1e+02 |
|13 |    1 | 5000 |   35 |       0.25 |1585374279504 |     492 |   697.0 |41,67 | mscp48.txt | 0,11 |
|13 |  100 | 5000 |   35 |       0.45 |1585374279504 |     492 |   579.0 |17,68 | mscp48.txt |  8,3 |
|13 |  200 | 5000 |   35 |        0.4 |1585374279504 |     492 |   562.0 |14,23 | mscp48.txt |   16 |
|13 |  300 | 5000 |   40 |       0.45 |1585374279504 |     492 |   509.0 | 3,46 | mscp48.txt |   26 |
|13 |  400 | 5000 |   40 |      0.275 |1585374279504 |     492 |   501.0 | 1,83 | mscp48.txt |   35 |
|13 |  500 | 5000 |   40 |      0.375 |1585374279504 |     492 |   501.0 | 1,83 | mscp48.txt |   44 |
|13 |  600 | 5000 |   40 |       0.35 |1585374279504 |     492 |   499.0 | 1,42 | mscp48.txt |   53 |
|13 |  700 | 5000 |   45 | 0.37777779 |1585374279504 |     492 |   499.0 | 1,42 | mscp48.txt |   64 |
|13 |  800 | 5000 |   45 |        0.4 |1585374279504 |     492 |   499.0 | 1,42 | mscp48.txt |   75 |
|13 |  900 | 5000 |   45 |        0.4 |1585374279504 |     492 |   499.0 | 1,42 | mscp48.txt |   86 |
|13 | 1000 | 5000 |   45 |        0.4 |1585374279504 |     492 |   499.0 | 1,42 | mscp48.txt |   96 |
|13 | 1100 | 5000 |   50 |       0.36 |1585374279504 |     492 |   499.0 | 1,42 | mscp48.txt |1,1e+02 |
|13 | 1200 | 5000 |   50 |       0.36 |1585374279504 |     492 |   499.0 | 1,42 | mscp48.txt |1,2e+02 |
|13 | 1300 | 5000 |   50 |       0.36 |1585374279504 |     492 |   499.0 | 1,42 | mscp48.txt |1,3e+02 |
|13 | 1400 | 5000 |   50 |       0.45 |1585374279504 |     492 |   499.0 | 1,42 | mscp48.txt |1,4e+02 |
|13 | 1500 | 5000 |   55 |       0.45 |1585374279504 |     492 |   499.0 | 1,42 | mscp48.txt |1,6e+02 |
|13 | 1600 | 5000 |   55 |       0.45 |1585374279504 |     492 |   499.0 | 1,42 | mscp48.txt |1,7e+02 |
|13 | 1700 | 5000 |   55 |       0.45 |1585374279504 |     492 |   499.0 | 1,42 | mscp48.txt |1,8e+02 |
|13 | 1800 | 5000 |   55 |       0.45 |1585374279504 |     492 |   496.0 | 0,81 | mscp48.txt |2,0e+02 |
|13 | 1900 | 5000 |   60 |       0.45 |1585374279504 |     492 |   496.0 | 0,81 | mscp48.txt |2,1e+02 |
|13 | 2000 | 5000 |   60 |       0.45 |1585374279504 |     492 |   496.0 | 0,81 | mscp48.txt |2,3e+02 |
|13 | 2100 | 5000 |   60 |       0.45 |1585374279504 |     492 |   496.0 | 0,81 | mscp48.txt |2,4e+02 |
|13 | 2200 | 5000 |   60 |       0.45 |1585374279504 |     492 |   496.0 | 0,81 | mscp48.txt |2,5e+02 |
|13 | 2300 | 5000 |   65 |       0.45 |1585374279504 |     492 |   496.0 | 0,81 | mscp48.txt |2,7e+02 |
|13 | 2400 | 5000 |   65 |       0.45 |1585374279504 |     492 |   496.0 | 0,81 | mscp48.txt |2,9e+02 |
|13 | 2500 | 5000 |   65 |       0.45 |1585374279504 |     492 |   496.0 | 0,81 | mscp48.txt |3,0e+02 |
|13 | 2600 | 5000 |   65 |       0.45 |1585374279504 |     492 |   496.0 | 0,81 | mscp48.txt |3,2e+02 |
|13 | 2700 | 5000 |   70 |       0.45 |1585374279504 |     492 |   496.0 | 0,81 | mscp48.txt |3,4e+02 |
|13 | 2800 | 5000 |   70 |       0.45 |1585374279504 |     492 |   496.0 | 0,81 | mscp48.txt |3,5e+02 |
|13 | 2900 | 5000 |   70 |       0.45 |1585374279504 |     492 |   496.0 | 0,81 | mscp48.txt |3,7e+02 |
|13 | 3000 | 5000 |   70 |       0.45 |1585374279504 |     492 |   496.0 | 0,81 | mscp48.txt |3,9e+02 |
|13 | 3100 | 5000 |   75 |       0.44 |1585374279504 |     492 |   496.0 | 0,81 | mscp48.txt |4,1e+02 |
|13 | 3200 | 5000 |   75 |       0.44 |1585374279504 |     492 |   496.0 | 0,81 | mscp48.txt |4,2e+02 |
|13 | 3300 | 5000 |   75 |       0.44 |1585374279504 |     492 |   496.0 | 0,81 | mscp48.txt |4,4e+02 |
|13 | 3400 | 5000 |   75 |       0.45 |1585374279504 |     492 |   496.0 | 0,81 | mscp48.txt |4,6e+02 |
|13 | 3500 | 5000 |   80 |       0.45 |1585374279504 |     492 |   496.0 | 0,81 | mscp48.txt |4,8e+02 |
|13 | 3600 | 5000 |   80 |       0.45 |1585374279504 |     492 |   496.0 | 0,81 | mscp48.txt |5,0e+02 |
|13 | 3700 | 5000 |   80 |       0.45 |1585374279504 |     492 |   496.0 | 0,81 | mscp48.txt |5,1e+02 |
|13 | 3800 | 5000 |   80 |       0.45 |1585374279504 |     492 |   496.0 | 0,81 | mscp48.txt |5,3e+02 |
|13 | 3900 | 5000 |   85 |       0.45 |1585374279504 |     492 |   496.0 | 0,81 | mscp48.txt |5,5e+02 |
|13 | 4000 | 5000 |   85 |       0.45 |1585374279504 |     492 |   496.0 | 0,81 | mscp48.txt |5,7e+02 |
|13 | 4100 | 5000 |   85 |       0.45 |1585374279504 |     492 |   496.0 | 0,81 | mscp48.txt |5,9e+02 |
|13 | 4200 | 5000 |   85 |       0.45 |1585374279504 |     492 |   496.0 | 0,81 | mscp48.txt |6,1e+02 |
|13 | 4300 | 5000 |   90 |       0.45 |1585374279504 |     492 |   496.0 | 0,81 | mscp48.txt |6,3e+02 |
|13 | 4400 | 5000 |   90 |       0.45 |1585374279504 |     492 |   496.0 | 0,81 | mscp48.txt |6,5e+02 |
|13 | 4500 | 5000 |   90 |       0.45 |1585374279504 |     492 |   496.0 | 0,81 | mscp48.txt |6,8e+02 |
|13 | 4600 | 5000 |   90 |       0.45 |1585374279504 |     492 |   496.0 | 0,81 | mscp48.txt |7,0e+02 |
|13 | 4700 | 5000 |   95 |       0.45 |1585374279504 |     492 |   496.0 | 0,81 | mscp48.txt |7,2e+02 |
|13 | 4800 | 5000 |   95 |       0.45 |1585374279504 |     492 |   496.0 | 0,81 | mscp48.txt |7,4e+02 |
|13 | 4900 | 5000 |   95 |       0.45 |1585374279504 |     492 |   496.0 | 0,81 | mscp48.txt |7,6e+02 |
|13 | 5000 | 5000 |   95 |       0.45 |1585374279504 |     492 |   496.0 | 0,81 | mscp48.txt |7,8e+02 |
|13 |  200 | 5000 |  100 |       0.45 |1585374279504 |     492 |   496.0 | 0,81 | mscp48.txt |7,8e+02 |
|14 |    1 | 5000 |   35 |       0.25 |1585375064174 |     492 |   661.0 |34,35 | mscp48.txt |0,082 |
|14 |  100 | 5000 |   35 | 0.42857143 |1585375064174 |     492 |   567.0 |15,24 | mscp48.txt |  7,5 |
|14 |  200 | 5000 |   35 | 0.42857143 |1585375064174 |     492 |   545.0 |10,77 | mscp48.txt |   15 |
|14 |  300 | 5000 |   35 |       0.45 |1585375064174 |     492 |   537.0 | 9,15 | mscp48.txt |   23 |
|14 |  400 | 5000 |   35 |       0.45 |1585375064174 |     492 |   525.0 | 6,71 | mscp48.txt |   31 |
|14 |  500 | 5000 |   40 |       0.45 |1585375064174 |     492 |   514.0 | 4,47 | mscp48.txt |   41 |
|14 |  600 | 5000 |   40 |      0.275 |1585375064174 |     492 |   501.0 | 1,83 | mscp48.txt |   50 |
|14 |  700 | 5000 |   40 |      0.375 |1585375064174 |     492 |   501.0 | 1,83 | mscp48.txt |   60 |
|14 |  800 | 5000 |   40 |       0.25 |1585375064174 |     492 |   497.0 | 1,02 | mscp48.txt |   69 |
|14 |  900 | 5000 |   45 | 0.42222223 |1585375064174 |     492 |   497.0 | 1,02 | mscp48.txt |   79 |
|14 | 1000 | 5000 |   45 |        0.4 |1585375064174 |     492 |   497.0 | 1,02 | mscp48.txt |   91 |
|14 | 1100 | 5000 |   45 |        0.4 |1585375064174 |     492 |   497.0 | 1,02 | mscp48.txt |1,0e+02 |
|14 | 1200 | 5000 |   45 | 0.37777779 |1585375064174 |     492 |   497.0 | 1,02 | mscp48.txt |1,1e+02 |
|14 | 1300 | 5000 |   50 |        0.4 |1585375064174 |     492 |   497.0 | 1,02 | mscp48.txt |1,2e+02 |
|14 | 1400 | 5000 |   50 |        0.4 |1585375064174 |     492 |   497.0 | 1,02 | mscp48.txt |1,4e+02 |
|14 | 1500 | 5000 |   50 |       0.38 |1585375064174 |     492 |   497.0 | 1,02 | mscp48.txt |1,5e+02 |
|14 | 1600 | 5000 |   50 |       0.38 |1585375064174 |     492 |   497.0 | 1,02 | mscp48.txt |1,6e+02 |
|14 | 1700 | 5000 |   55 | 0.43636364 |1585375064174 |     492 |   497.0 | 1,02 | mscp48.txt |1,7e+02 |
|14 | 1800 | 5000 |   55 |        0.4 |1585375064174 |     492 |   497.0 | 1,02 | mscp48.txt |1,9e+02 |
|14 | 1900 | 5000 |   55 |        0.4 |1585375064174 |     492 |   497.0 | 1,02 | mscp48.txt |2,0e+02 |
|14 | 2000 | 5000 |   55 |  0.4181818 |1585375064174 |     492 |   497.0 | 1,02 | mscp48.txt |2,2e+02 |
|14 | 2100 | 5000 |   60 | 0.38333333 |1585375064174 |     492 |   497.0 | 1,02 | mscp48.txt |2,3e+02 |
|14 | 2200 | 5000 |   60 | 0.38333333 |1585375064174 |     492 |   497.0 | 1,02 | mscp48.txt |2,5e+02 |
|14 | 2300 | 5000 |   60 | 0.38333333 |1585375064174 |     492 |   497.0 | 1,02 | mscp48.txt |2,6e+02 |
|14 | 2400 | 5000 |   60 | 0.38333333 |1585375064174 |     492 |   497.0 | 1,02 | mscp48.txt |2,8e+02 |
|14 | 2500 | 5000 |   65 | 0.35384616 |1585375064174 |     492 |   497.0 | 1,02 | mscp48.txt |2,9e+02 |
|14 | 2600 | 5000 |   65 | 0.35384616 |1585375064174 |     492 |   497.0 | 1,02 | mscp48.txt |3,1e+02 |
|14 | 2700 | 5000 |   65 | 0.36923078 |1585375064174 |     492 |   497.0 | 1,02 | mscp48.txt |3,3e+02 |
|14 | 2800 | 5000 |   65 | 0.36923078 |1585375064174 |     492 |   497.0 | 1,02 | mscp48.txt |3,4e+02 |
|14 | 2900 | 5000 |   70 |        0.3 |1585375064174 |     492 |   497.0 | 1,02 | mscp48.txt |3,6e+02 |
|14 | 3000 | 5000 |   70 |        0.3 |1585375064174 |     492 |   497.0 | 1,02 | mscp48.txt |3,8e+02 |
|14 | 3100 | 5000 |   70 |        0.3 |1585375064174 |     492 |   497.0 | 1,02 | mscp48.txt |3,9e+02 |
|14 | 3200 | 5000 |   70 | 0.31428573 |1585375064174 |     492 |   497.0 | 1,02 | mscp48.txt |4,1e+02 |
|14 | 3300 | 5000 |   75 | 0.34666666 |1585375064174 |     492 |   497.0 | 1,02 | mscp48.txt |4,3e+02 |
|14 | 3400 | 5000 |   75 | 0.34666666 |1585375064174 |     492 |   497.0 | 1,02 | mscp48.txt |4,5e+02 |
|14 | 3500 | 5000 |   75 | 0.34666666 |1585375064174 |     492 |   497.0 | 1,02 | mscp48.txt |4,7e+02 |
|14 | 3600 | 5000 |   75 | 0.33333334 |1585375064174 |     492 |   497.0 | 1,02 | mscp48.txt |4,9e+02 |
|14 | 3700 | 5000 |   80 |     0.3125 |1585375064174 |     492 |   497.0 | 1,02 | mscp48.txt |5,1e+02 |
|14 | 3800 | 5000 |   80 |      0.325 |1585375064174 |     492 |   497.0 | 1,02 | mscp48.txt |5,3e+02 |
|14 | 3900 | 5000 |   80 |     0.3375 |1585375064174 |     492 |   497.0 | 1,02 | mscp48.txt |5,5e+02 |
|14 | 4000 | 5000 |   80 |      0.325 |1585375064174 |     492 |   497.0 | 1,02 | mscp48.txt |5,7e+02 |
|14 | 4100 | 5000 |   85 | 0.29411766 |1585375064174 |     492 |   497.0 | 1,02 | mscp48.txt |5,9e+02 |
|14 | 4200 | 5000 |   85 | 0.29411766 |1585375064174 |     492 |   497.0 | 1,02 | mscp48.txt |6,1e+02 |
|14 | 4300 | 5000 |   85 | 0.29411766 |1585375064174 |     492 |   497.0 | 1,02 | mscp48.txt |6,4e+02 |
|14 | 4400 | 5000 |   85 | 0.29411766 |1585375064174 |     492 |   497.0 | 1,02 | mscp48.txt |6,6e+02 |
|14 | 4500 | 5000 |   90 |  0.2888889 |1585375064174 |     492 |   497.0 | 1,02 | mscp48.txt |6,8e+02 |
|14 | 4600 | 5000 |   90 |  0.2888889 |1585375064174 |     492 |   497.0 | 1,02 | mscp48.txt |7,1e+02 |
|14 | 4700 | 5000 |   90 |  0.2888889 |1585375064174 |     492 |   497.0 | 1,02 | mscp48.txt |7,3e+02 |
|14 | 4800 | 5000 |   90 |  0.2888889 |1585375064174 |     492 |   497.0 | 1,02 | mscp48.txt |7,5e+02 |
|14 | 4900 | 5000 |   95 | 0.29473683 |1585375064174 |     492 |   497.0 | 1,02 | mscp48.txt |7,8e+02 |
|14 | 5000 | 5000 |   95 | 0.28421053 |1585375064174 |     492 |   497.0 | 1,02 | mscp48.txt |8,0e+02 |
|14 |  200 | 5000 |   95 | 0.28421053 |1585375064174 |     492 |   497.0 | 1,02 | mscp48.txt |8,0e+02 |
|15 |    1 | 5000 |   35 |       0.25 |1585375866333 |     492 |   668.0 |35,77 | mscp48.txt |0,075 |
|15 |  100 | 5000 |   35 |       0.45 |1585375866333 |     492 |   569.0 |15,65 | mscp48.txt |  7,5 |
|15 |  200 | 5000 |   35 |        0.4 |1585375866333 |     492 |   543.0 |10,37 | mscp48.txt |   15 |
|15 |  300 | 5000 |   40 |       0.45 |1585375866333 |     492 |   501.0 | 1,83 | mscp48.txt |   25 |
|15 |  400 | 5000 |   40 |      0.375 |1585375866333 |     492 |   501.0 | 1,83 | mscp48.txt |   34 |
|15 |  500 | 5000 |   40 |        0.4 |1585375866333 |     492 |   501.0 | 1,83 | mscp48.txt |   43 |
|15 |  600 | 5000 |   40 |        0.4 |1585375866333 |     492 |   499.0 | 1,42 | mscp48.txt |   53 |
|15 |  700 | 5000 |   45 | 0.33333334 |1585375866333 |     492 |   499.0 | 1,42 | mscp48.txt |   65 |
|15 |  800 | 5000 |   45 | 0.31111112 |1585375866333 |     492 |   499.0 | 1,42 | mscp48.txt |   76 |
|15 |  900 | 5000 |   45 | 0.31111112 |1585375866333 |     492 |   497.0 | 1,02 | mscp48.txt |   87 |
|15 | 1000 | 5000 |   45 | 0.37777779 |1585375866333 |     492 |   497.0 | 1,02 | mscp48.txt |   97 |
|15 | 1100 | 5000 |   50 |       0.36 |1585375866333 |     492 |   497.0 | 1,02 | mscp48.txt |1,1e+02 |
|15 | 1200 | 5000 |   50 |       0.36 |1585375866333 |     492 |   497.0 | 1,02 | mscp48.txt |1,2e+02 |
|15 | 1300 | 5000 |   50 |       0.38 |1585375866333 |     492 |   497.0 | 1,02 | mscp48.txt |1,4e+02 |
|15 | 1400 | 5000 |   50 |       0.38 |1585375866333 |     492 |   497.0 | 1,02 | mscp48.txt |1,5e+02 |
|15 | 1500 | 5000 |   55 |        0.4 |1585375866333 |     492 |   497.0 | 1,02 | mscp48.txt |1,6e+02 |
|15 | 1600 | 5000 |   55 | 0.43636364 |1585375866333 |     492 |   497.0 | 1,02 | mscp48.txt |1,8e+02 |
|15 | 1700 | 5000 |   55 | 0.43636364 |1585375866333 |     492 |   497.0 | 1,02 | mscp48.txt |1,9e+02 |
|15 | 1800 | 5000 |   55 |  0.4181818 |1585375866333 |     492 |   497.0 | 1,02 | mscp48.txt |2,0e+02 |
|15 | 1900 | 5000 |   60 |       0.35 |1585375866333 |     492 |   497.0 | 1,02 | mscp48.txt |2,2e+02 |
|15 | 2000 | 5000 |   60 |       0.35 |1585375866333 |     492 |   497.0 | 1,02 | mscp48.txt |2,3e+02 |
|15 | 2100 | 5000 |   60 |       0.35 |1585375866333 |     492 |   497.0 | 1,02 | mscp48.txt |2,4e+02 |
|15 | 2200 | 5000 |   60 | 0.33333334 |1585375866333 |     492 |   497.0 | 1,02 | mscp48.txt |2,6e+02 |
|15 | 2300 | 5000 |   65 | 0.35384616 |1585375866333 |     492 |   497.0 | 1,02 | mscp48.txt |2,8e+02 |
|15 | 2400 | 5000 |   65 | 0.33846155 |1585375866333 |     492 |   497.0 | 1,02 | mscp48.txt |2,9e+02 |
|15 | 2500 | 5000 |   65 | 0.33846155 |1585375866333 |     492 |   497.0 | 1,02 | mscp48.txt |3,1e+02 |
|15 | 2600 | 5000 |   65 | 0.32307693 |1585375866333 |     492 |   497.0 | 1,02 | mscp48.txt |3,2e+02 |
|15 | 2700 | 5000 |   70 | 0.32857144 |1585375866333 |     492 |   497.0 | 1,02 | mscp48.txt |3,4e+02 |
|15 | 2800 | 5000 |   70 |       0.45 |1585375866333 |     492 |   497.0 | 1,02 | mscp48.txt |3,5e+02 |
|15 | 2900 | 5000 |   70 |       0.45 |1585375866333 |     492 |   497.0 | 1,02 | mscp48.txt |3,7e+02 |
|15 | 3000 | 5000 |   70 |       0.45 |1585375866333 |     492 |   497.0 | 1,02 | mscp48.txt |3,9e+02 |
|15 | 3100 | 5000 |   75 |       0.45 |1585375866333 |     492 |   497.0 | 1,02 | mscp48.txt |4,0e+02 |
|15 | 3200 | 5000 |   75 |       0.45 |1585375866333 |     492 |   497.0 | 1,02 | mscp48.txt |4,2e+02 |
|15 | 3300 | 5000 |   75 |       0.45 |1585375866333 |     492 |   497.0 | 1,02 | mscp48.txt |4,4e+02 |
|15 | 3400 | 5000 |   75 |       0.45 |1585375866333 |     492 |   497.0 | 1,02 | mscp48.txt |4,5e+02 |
|15 | 3500 | 5000 |   80 |       0.45 |1585375866333 |     492 |   497.0 | 1,02 | mscp48.txt |4,7e+02 |
|15 | 3600 | 5000 |   80 |       0.45 |1585375866333 |     492 |   497.0 | 1,02 | mscp48.txt |4,9e+02 |
|15 | 3700 | 5000 |   80 |       0.45 |1585375866333 |     492 |   497.0 | 1,02 | mscp48.txt |5,1e+02 |
|15 | 3800 | 5000 |   80 |       0.45 |1585375866333 |     492 |   497.0 | 1,02 | mscp48.txt |5,3e+02 |
|15 | 3900 | 5000 |   85 |       0.45 |1585375866333 |     492 |   497.0 | 1,02 | mscp48.txt |5,5e+02 |
|15 | 4000 | 5000 |   85 |       0.45 |1585375866333 |     492 |   497.0 | 1,02 | mscp48.txt |5,7e+02 |
|15 | 4100 | 5000 |   85 |       0.45 |1585375866333 |     492 |   497.0 | 1,02 | mscp48.txt |5,9e+02 |
|15 | 4200 | 5000 |   85 |       0.45 |1585375866333 |     492 |   497.0 | 1,02 | mscp48.txt |6,1e+02 |
|15 | 4300 | 5000 |   90 |       0.45 |1585375866333 |     492 |   497.0 | 1,02 | mscp48.txt |6,3e+02 |
|15 | 4400 | 5000 |   90 |       0.45 |1585375866333 |     492 |   497.0 | 1,02 | mscp48.txt |6,4e+02 |
|15 | 4500 | 5000 |   90 |       0.45 |1585375866333 |     492 |   497.0 | 1,02 | mscp48.txt |6,6e+02 |
|15 | 4600 | 5000 |   90 |       0.45 |1585375866333 |     492 |   497.0 | 1,02 | mscp48.txt |6,9e+02 |
|15 | 4700 | 5000 |   95 |       0.45 |1585375866333 |     492 |   497.0 | 1,02 | mscp48.txt |7,1e+02 |
|15 | 4800 | 5000 |   95 |       0.45 |1585375866333 |     492 |   497.0 | 1,02 | mscp48.txt |7,3e+02 |
|15 | 4900 | 5000 |   95 |       0.45 |1585375866333 |     492 |   497.0 | 1,02 | mscp48.txt |7,5e+02 |
|15 | 5000 | 5000 |   95 |       0.45 |1585375866333 |     492 |   497.0 | 1,02 | mscp48.txt |7,7e+02 |
|15 |  200 | 5000 |  100 |       0.45 |1585375866333 |     492 |   497.0 | 1,02 | mscp48.txt |7,7e+02 |
