| # |    #ITER | #IterMAX | Nest |      %Desc |      semilla | BestFit |GottedFit |  RDP |  instancia | time |
-------------------------------------------------------------------------------------------------
| 1 |    1 | 5000 |   35 |       0.25 |1585360122706 |     161 |   270.0 |67,70 | mscp65.txt |0,033 |
| 1 |  100 | 5000 |   35 | 0.22857143 |1585360122706 |     161 |   200.0 |24,22 | mscp65.txt |   10 |
| 1 |  200 | 5000 |   40 |       0.45 |1585360122706 |     161 |   171.0 | 6,21 | mscp65.txt |   26 |
| 1 |  300 | 5000 |   40 |       0.45 |1585360122706 |     161 |   162.0 | 0,62 | mscp65.txt |   40 |
| 1 |  400 | 5000 |   40 |       0.45 |1585360122706 |     161 |   162.0 | 0,62 | mscp65.txt |   55 |
| 1 |  500 | 5000 |   40 |       0.45 |1585360122706 |     161 |   162.0 | 0,62 | mscp65.txt |   71 |
| 1 |  600 | 5000 |   45 |       0.45 |1585360122706 |     161 |   162.0 | 0,62 | mscp65.txt |   89 |
| 1 |  700 | 5000 |   45 |       0.45 |1585360122706 |     161 |   162.0 | 0,62 | mscp65.txt |1,1e+02 |
| 1 |  800 | 5000 |   45 |       0.45 |1585360122706 |     161 |   162.0 | 0,62 | mscp65.txt |1,2e+02 |
| 1 |  200 | 5000 |   45 |       0.45 |1585360122706 |     161 |   161.0 | 0,00 | mscp65.txt |1,3e+02 |
| 2 |    1 | 5000 |   35 |       0.25 |1585360255457 |     161 |   256.0 |59,01 | mscp65.txt |0,068 |
| 2 |  100 | 5000 |   35 |       0.45 |1585360255457 |     161 |   185.0 |14,91 | mscp65.txt |  9,8 |
| 2 |  200 | 5000 |   40 |       0.45 |1585360255457 |     161 |   173.0 | 7,45 | mscp65.txt |   29 |
| 2 |  300 | 5000 |   40 |       0.45 |1585360255457 |     161 |   170.0 | 5,59 | mscp65.txt |   43 |
| 2 |  400 | 5000 |   40 |       0.45 |1585360255457 |     161 |   168.0 | 4,35 | mscp65.txt |   58 |
| 2 |  500 | 5000 |   40 |       0.45 |1585360255457 |     161 |   167.0 | 3,73 | mscp65.txt |   75 |
| 2 |  600 | 5000 |   45 |       0.45 |1585360255457 |     161 |   167.0 | 3,73 | mscp65.txt |   93 |
| 2 |  700 | 5000 |   45 |       0.45 |1585360255457 |     161 |   167.0 | 3,73 | mscp65.txt |1,1e+02 |
| 2 |  800 | 5000 |   45 |       0.45 |1585360255457 |     161 |   167.0 | 3,73 | mscp65.txt |1,3e+02 |
| 2 |  900 | 5000 |   45 |       0.45 |1585360255457 |     161 |   167.0 | 3,73 | mscp65.txt |1,5e+02 |
| 2 | 1000 | 5000 |   50 |       0.45 |1585360255457 |     161 |   167.0 | 3,73 | mscp65.txt |1,7e+02 |
| 2 | 1100 | 5000 |   50 |       0.45 |1585360255457 |     161 |   167.0 | 3,73 | mscp65.txt |1,9e+02 |
| 2 | 1200 | 5000 |   50 |       0.44 |1585360255457 |     161 |   167.0 | 3,73 | mscp65.txt |2,0e+02 |
| 2 | 1300 | 5000 |   50 |       0.45 |1585360255457 |     161 |   167.0 | 3,73 | mscp65.txt |2,1e+02 |
| 2 | 1400 | 5000 |   55 |       0.45 |1585360255457 |     161 |   167.0 | 3,73 | mscp65.txt |2,2e+02 |
| 2 | 1500 | 5000 |   55 |       0.45 |1585360255457 |     161 |   167.0 | 3,73 | mscp65.txt |2,3e+02 |
| 2 | 1600 | 5000 |   55 |       0.45 |1585360255457 |     161 |   167.0 | 3,73 | mscp65.txt |2,5e+02 |
| 2 | 1700 | 5000 |   55 |       0.45 |1585360255457 |     161 |   167.0 | 3,73 | mscp65.txt |2,6e+02 |
| 2 | 1800 | 5000 |   60 |       0.45 |1585360255457 |     161 |   167.0 | 3,73 | mscp65.txt |2,7e+02 |
| 2 | 1900 | 5000 |   60 |       0.45 |1585360255457 |     161 |   167.0 | 3,73 | mscp65.txt |2,8e+02 |
| 2 | 2000 | 5000 |   60 |       0.45 |1585360255457 |     161 |   167.0 | 3,73 | mscp65.txt |3,0e+02 |
| 2 | 2100 | 5000 |   60 |       0.45 |1585360255457 |     161 |   167.0 | 3,73 | mscp65.txt |3,1e+02 |
| 2 | 2200 | 5000 |   65 |       0.45 |1585360255457 |     161 |   167.0 | 3,73 | mscp65.txt |3,2e+02 |
| 2 | 2300 | 5000 |   65 |       0.45 |1585360255457 |     161 |   167.0 | 3,73 | mscp65.txt |3,3e+02 |
| 2 | 2400 | 5000 |   65 |       0.45 |1585360255457 |     161 |   167.0 | 3,73 | mscp65.txt |3,5e+02 |
| 2 | 2500 | 5000 |   65 |       0.45 |1585360255457 |     161 |   167.0 | 3,73 | mscp65.txt |3,6e+02 |
| 2 | 2600 | 5000 |   70 |       0.45 |1585360255457 |     161 |   167.0 | 3,73 | mscp65.txt |3,7e+02 |
| 2 | 2700 | 5000 |   70 |       0.45 |1585360255457 |     161 |   167.0 | 3,73 | mscp65.txt |3,9e+02 |
| 2 | 2800 | 5000 |   70 |       0.45 |1585360255457 |     161 |   167.0 | 3,73 | mscp65.txt |4,0e+02 |
| 2 | 2900 | 5000 |   70 |       0.45 |1585360255457 |     161 |   167.0 | 3,73 | mscp65.txt |4,2e+02 |
| 2 | 3000 | 5000 |   75 |       0.45 |1585360255457 |     161 |   167.0 | 3,73 | mscp65.txt |4,3e+02 |
| 2 | 3100 | 5000 |   75 |       0.45 |1585360255457 |     161 |   167.0 | 3,73 | mscp65.txt |4,5e+02 |
| 2 | 3200 | 5000 |   75 |       0.45 |1585360255457 |     161 |   167.0 | 3,73 | mscp65.txt |4,6e+02 |
| 2 | 3300 | 5000 |   75 |       0.45 |1585360255457 |     161 |   167.0 | 3,73 | mscp65.txt |4,8e+02 |
| 2 | 3400 | 5000 |   80 |       0.45 |1585360255457 |     161 |   167.0 | 3,73 | mscp65.txt |4,9e+02 |
| 2 | 3500 | 5000 |   80 |       0.45 |1585360255457 |     161 |   167.0 | 3,73 | mscp65.txt |5,1e+02 |
| 2 | 3600 | 5000 |   80 |       0.45 |1585360255457 |     161 |   167.0 | 3,73 | mscp65.txt |5,3e+02 |
| 2 | 3700 | 5000 |   80 |       0.45 |1585360255457 |     161 |   167.0 | 3,73 | mscp65.txt |5,4e+02 |
| 2 | 3800 | 5000 |   85 |       0.45 |1585360255457 |     161 |   167.0 | 3,73 | mscp65.txt |5,6e+02 |
| 2 | 3900 | 5000 |   85 |       0.45 |1585360255457 |     161 |   167.0 | 3,73 | mscp65.txt |5,7e+02 |
| 2 | 4000 | 5000 |   85 |       0.45 |1585360255457 |     161 |   167.0 | 3,73 | mscp65.txt |5,9e+02 |
| 2 | 4100 | 5000 |   85 |       0.45 |1585360255457 |     161 |   167.0 | 3,73 | mscp65.txt |6,1e+02 |
| 2 | 4200 | 5000 |   90 |       0.45 |1585360255457 |     161 |   167.0 | 3,73 | mscp65.txt |6,3e+02 |
| 2 | 4300 | 5000 |   90 | 0.44444445 |1585360255457 |     161 |   167.0 | 3,73 | mscp65.txt |6,4e+02 |
| 2 | 4400 | 5000 |   90 | 0.44444445 |1585360255457 |     161 |   167.0 | 3,73 | mscp65.txt |6,6e+02 |
| 2 | 4500 | 5000 |   90 | 0.44444445 |1585360255457 |     161 |   167.0 | 3,73 | mscp65.txt |6,8e+02 |
| 2 | 4600 | 5000 |   95 |       0.45 |1585360255457 |     161 |   167.0 | 3,73 | mscp65.txt |6,9e+02 |
| 2 | 4700 | 5000 |   95 |       0.45 |1585360255457 |     161 |   167.0 | 3,73 | mscp65.txt |7,1e+02 |
| 2 | 4800 | 5000 |   95 |       0.45 |1585360255457 |     161 |   167.0 | 3,73 | mscp65.txt |7,3e+02 |
| 2 | 4900 | 5000 |   95 |       0.45 |1585360255457 |     161 |   167.0 | 3,73 | mscp65.txt |7,5e+02 |
| 2 | 5000 | 5000 |  100 |       0.45 |1585360255457 |     161 |   167.0 | 3,73 | mscp65.txt |7,7e+02 |
| 2 |  200 | 5000 |  100 |       0.45 |1585360255457 |     161 |   167.0 | 3,73 | mscp65.txt |7,7e+02 |
| 3 |    1 | 5000 |   35 |       0.25 |1585361023137 |     161 |   234.0 |45,34 | mscp65.txt |0,036 |
| 3 |  100 | 5000 |   35 | 0.37142858 |1585361023137 |     161 |   187.0 |16,15 | mscp65.txt |   10 |
| 3 |  200 | 5000 |   35 | 0.42857143 |1585361023137 |     161 |   179.0 |11,18 | mscp65.txt |   23 |
| 3 |  300 | 5000 |   35 |       0.45 |1585361023137 |     161 |   173.0 | 7,45 | mscp65.txt |   34 |
| 3 |  400 | 5000 |   40 |       0.45 |1585361023137 |     161 |   169.0 | 4,97 | mscp65.txt |   48 |
| 3 |  500 | 5000 |   40 |       0.45 |1585361023137 |     161 |   168.0 | 4,35 | mscp65.txt |   62 |
| 3 |  600 | 5000 |   40 |      0.375 |1585361023137 |     161 |   165.0 | 2,48 | mscp65.txt |   78 |
| 3 |  700 | 5000 |   40 |       0.45 |1585361023137 |     161 |   165.0 | 2,48 | mscp65.txt |   92 |
| 3 |  800 | 5000 |   45 |       0.45 |1585361023137 |     161 |   165.0 | 2,48 | mscp65.txt |1,1e+02 |
| 3 |  900 | 5000 |   45 |       0.45 |1585361023137 |     161 |   165.0 | 2,48 | mscp65.txt |1,2e+02 |
| 3 | 1000 | 5000 |   45 |       0.45 |1585361023137 |     161 |   165.0 | 2,48 | mscp65.txt |1,4e+02 |
| 3 | 1100 | 5000 |   45 |       0.45 |1585361023137 |     161 |   165.0 | 2,48 | mscp65.txt |1,6e+02 |
| 3 | 1200 | 5000 |   50 |       0.45 |1585361023137 |     161 |   165.0 | 2,48 | mscp65.txt |1,8e+02 |
| 3 | 1300 | 5000 |   50 |       0.45 |1585361023137 |     161 |   165.0 | 2,48 | mscp65.txt |2,0e+02 |
| 3 | 1400 | 5000 |   50 |       0.45 |1585361023137 |     161 |   165.0 | 2,48 | mscp65.txt |2,1e+02 |
| 3 | 1500 | 5000 |   50 |       0.45 |1585361023137 |     161 |   165.0 | 2,48 | mscp65.txt |2,3e+02 |
| 3 | 1600 | 5000 |   55 |       0.45 |1585361023137 |     161 |   165.0 | 2,48 | mscp65.txt |2,5e+02 |
| 3 | 1700 | 5000 |   55 |       0.45 |1585361023137 |     161 |   165.0 | 2,48 | mscp65.txt |2,7e+02 |
| 3 | 1800 | 5000 |   55 |       0.45 |1585361023137 |     161 |   165.0 | 2,48 | mscp65.txt |2,9e+02 |
| 3 | 1900 | 5000 |   55 |       0.45 |1585361023137 |     161 |   165.0 | 2,48 | mscp65.txt |3,2e+02 |
| 3 | 2000 | 5000 |   60 |       0.45 |1585361023137 |     161 |   165.0 | 2,48 | mscp65.txt |3,4e+02 |
| 3 | 2100 | 5000 |   60 |       0.45 |1585361023137 |     161 |   165.0 | 2,48 | mscp65.txt |3,6e+02 |
| 3 | 2200 | 5000 |   60 |       0.45 |1585361023137 |     161 |   165.0 | 2,48 | mscp65.txt |3,8e+02 |
| 3 | 2300 | 5000 |   60 |       0.45 |1585361023137 |     161 |   165.0 | 2,48 | mscp65.txt |4,1e+02 |
| 3 | 2400 | 5000 |   65 |       0.45 |1585361023137 |     161 |   165.0 | 2,48 | mscp65.txt |4,3e+02 |
| 3 | 2500 | 5000 |   65 |       0.45 |1585361023137 |     161 |   165.0 | 2,48 | mscp65.txt |4,5e+02 |
| 3 | 2600 | 5000 |   65 |       0.45 |1585361023137 |     161 |   165.0 | 2,48 | mscp65.txt |4,8e+02 |
| 3 | 2700 | 5000 |   65 |       0.45 |1585361023137 |     161 |   165.0 | 2,48 | mscp65.txt |5,1e+02 |
| 3 | 2800 | 5000 |   70 |       0.45 |1585361023137 |     161 |   165.0 | 2,48 | mscp65.txt |5,4e+02 |
| 3 | 2900 | 5000 |   70 |       0.45 |1585361023137 |     161 |   165.0 | 2,48 | mscp65.txt |5,8e+02 |
| 3 | 3000 | 5000 |   70 |       0.45 |1585361023137 |     161 |   165.0 | 2,48 | mscp65.txt |6,1e+02 |
| 3 | 3100 | 5000 |   70 |       0.45 |1585361023137 |     161 |   165.0 | 2,48 | mscp65.txt |6,4e+02 |
| 3 | 3200 | 5000 |   75 |       0.45 |1585361023137 |     161 |   165.0 | 2,48 | mscp65.txt |6,8e+02 |
| 3 | 3300 | 5000 |   75 |       0.45 |1585361023137 |     161 |   165.0 | 2,48 | mscp65.txt |7,1e+02 |
| 3 | 3400 | 5000 |   75 |       0.45 |1585361023137 |     161 |   164.0 | 1,86 | mscp65.txt |7,5e+02 |
| 3 | 3500 | 5000 |   75 |       0.45 |1585361023137 |     161 |   164.0 | 1,86 | mscp65.txt |7,9e+02 |
| 3 | 3600 | 5000 |   80 |     0.4375 |1585361023137 |     161 |   164.0 | 1,86 | mscp65.txt |8,2e+02 |
| 3 | 3700 | 5000 |   80 |     0.4375 |1585361023137 |     161 |   164.0 | 1,86 | mscp65.txt |8,5e+02 |
| 3 | 3800 | 5000 |   80 |     0.4375 |1585361023137 |     161 |   164.0 | 1,86 | mscp65.txt |8,8e+02 |
| 3 | 3900 | 5000 |   80 |     0.4375 |1585361023137 |     161 |   164.0 | 1,86 | mscp65.txt |9,1e+02 |
| 3 | 4000 | 5000 |   85 |  0.4117647 |1585361023137 |     161 |   164.0 | 1,86 | mscp65.txt |9,4e+02 |
| 3 | 4100 | 5000 |   85 |  0.4117647 |1585361023137 |     161 |   164.0 | 1,86 | mscp65.txt |9,8e+02 |
| 3 | 4200 | 5000 |   85 |  0.4117647 |1585361023137 |     161 |   164.0 | 1,86 | mscp65.txt |1,0e+03 |
| 3 | 4300 | 5000 |   85 |  0.4117647 |1585361023137 |     161 |   164.0 | 1,86 | mscp65.txt |1,0e+03 |
| 3 | 4400 | 5000 |   90 |  0.3888889 |1585361023137 |     161 |   164.0 | 1,86 | mscp65.txt |1,1e+03 |
| 3 | 4500 | 5000 |   90 |  0.3888889 |1585361023137 |     161 |   164.0 | 1,86 | mscp65.txt |1,1e+03 |
| 3 | 4600 | 5000 |   90 |  0.3888889 |1585361023137 |     161 |   164.0 | 1,86 | mscp65.txt |1,1e+03 |
| 3 | 4700 | 5000 |   90 |  0.3888889 |1585361023137 |     161 |   164.0 | 1,86 | mscp65.txt |1,2e+03 |
| 3 | 4800 | 5000 |   95 | 0.36842105 |1585361023137 |     161 |   164.0 | 1,86 | mscp65.txt |1,2e+03 |
| 3 | 4900 | 5000 |   95 | 0.36842105 |1585361023137 |     161 |   164.0 | 1,86 | mscp65.txt |1,3e+03 |
| 3 | 5000 | 5000 |   95 | 0.36842105 |1585361023137 |     161 |   164.0 | 1,86 | mscp65.txt |1,3e+03 |
| 3 |  200 | 5000 |   95 | 0.36842105 |1585361023137 |     161 |   164.0 | 1,86 | mscp65.txt |1,3e+03 |
| 4 |    1 | 5000 |   35 |       0.25 |1585362327501 |     161 |   236.0 |46,58 | mscp65.txt |0,032 |
| 4 |  100 | 5000 |   35 |        0.4 |1585362327501 |     161 |   181.0 |12,42 | mscp65.txt |   15 |
| 4 |  200 | 5000 |   40 |       0.45 |1585362327501 |     161 |   169.0 | 4,97 | mscp65.txt |   28 |
| 4 |  300 | 5000 |   40 |       0.45 |1585362327501 |     161 |   169.0 | 4,97 | mscp65.txt |   43 |
| 4 |  400 | 5000 |   40 |       0.45 |1585362327501 |     161 |   169.0 | 4,97 | mscp65.txt |   60 |
| 4 |  500 | 5000 |   40 |       0.45 |1585362327501 |     161 |   167.0 | 3,73 | mscp65.txt |   76 |
| 4 |  600 | 5000 |   45 |       0.45 |1585362327501 |     161 |   167.0 | 3,73 | mscp65.txt |   94 |
| 4 |  700 | 5000 |   45 |       0.45 |1585362327501 |     161 |   167.0 | 3,73 | mscp65.txt |1,1e+02 |
| 4 |  800 | 5000 |   45 |       0.45 |1585362327501 |     161 |   164.0 | 1,86 | mscp65.txt |1,3e+02 |
| 4 |  900 | 5000 |   45 |       0.45 |1585362327501 |     161 |   164.0 | 1,86 | mscp65.txt |1,5e+02 |
| 4 | 1000 | 5000 |   50 |       0.45 |1585362327501 |     161 |   164.0 | 1,86 | mscp65.txt |1,8e+02 |
| 4 | 1100 | 5000 |   50 |       0.45 |1585362327501 |     161 |   164.0 | 1,86 | mscp65.txt |1,9e+02 |
| 4 | 1200 | 5000 |   50 |       0.45 |1585362327501 |     161 |   164.0 | 1,86 | mscp65.txt |2,1e+02 |
| 4 | 1300 | 5000 |   50 |       0.45 |1585362327501 |     161 |   164.0 | 1,86 | mscp65.txt |2,3e+02 |
| 4 | 1400 | 5000 |   55 |       0.45 |1585362327501 |     161 |   164.0 | 1,86 | mscp65.txt |2,6e+02 |
| 4 | 1500 | 5000 |   55 |       0.45 |1585362327501 |     161 |   164.0 | 1,86 | mscp65.txt |2,8e+02 |
| 4 | 1600 | 5000 |   55 |       0.45 |1585362327501 |     161 |   164.0 | 1,86 | mscp65.txt |3,0e+02 |
| 4 | 1700 | 5000 |   55 |       0.45 |1585362327501 |     161 |   164.0 | 1,86 | mscp65.txt |3,2e+02 |
| 4 | 1800 | 5000 |   60 |       0.45 |1585362327501 |     161 |   164.0 | 1,86 | mscp65.txt |3,4e+02 |
| 4 | 1900 | 5000 |   60 |       0.45 |1585362327501 |     161 |   164.0 | 1,86 | mscp65.txt |3,7e+02 |
| 4 | 2000 | 5000 |   60 |       0.45 |1585362327501 |     161 |   164.0 | 1,86 | mscp65.txt |3,9e+02 |
| 4 | 2100 | 5000 |   60 |       0.45 |1585362327501 |     161 |   164.0 | 1,86 | mscp65.txt |4,1e+02 |
| 4 | 2200 | 5000 |   65 |       0.45 |1585362327501 |     161 |   164.0 | 1,86 | mscp65.txt |4,3e+02 |
| 4 | 2300 | 5000 |   65 |       0.45 |1585362327501 |     161 |   164.0 | 1,86 | mscp65.txt |4,6e+02 |
| 4 | 2400 | 5000 |   65 |       0.45 |1585362327501 |     161 |   164.0 | 1,86 | mscp65.txt |4,8e+02 |
| 4 | 2500 | 5000 |   65 |       0.45 |1585362327501 |     161 |   164.0 | 1,86 | mscp65.txt |5,1e+02 |
| 4 | 2600 | 5000 |   70 |       0.45 |1585362327501 |     161 |   164.0 | 1,86 | mscp65.txt |5,3e+02 |
| 4 | 2700 | 5000 |   70 |       0.45 |1585362327501 |     161 |   164.0 | 1,86 | mscp65.txt |5,6e+02 |
| 4 | 2800 | 5000 |   70 |       0.45 |1585362327501 |     161 |   164.0 | 1,86 | mscp65.txt |5,8e+02 |
| 4 | 2900 | 5000 |   70 |       0.45 |1585362327501 |     161 |   164.0 | 1,86 | mscp65.txt |6,1e+02 |
| 4 | 3000 | 5000 |   75 |       0.45 |1585362327501 |     161 |   164.0 | 1,86 | mscp65.txt |6,4e+02 |
| 4 | 3100 | 5000 |   75 |       0.45 |1585362327501 |     161 |   164.0 | 1,86 | mscp65.txt |6,7e+02 |
| 4 | 3200 | 5000 |   75 |       0.45 |1585362327501 |     161 |   164.0 | 1,86 | mscp65.txt |7,1e+02 |
| 4 | 3300 | 5000 |   75 |       0.45 |1585362327501 |     161 |   164.0 | 1,86 | mscp65.txt |7,4e+02 |
| 4 | 3400 | 5000 |   80 |     0.4375 |1585362327501 |     161 |   164.0 | 1,86 | mscp65.txt |7,7e+02 |
| 4 | 3500 | 5000 |   80 |     0.4375 |1585362327501 |     161 |   164.0 | 1,86 | mscp65.txt |8,0e+02 |
| 4 | 3600 | 5000 |   80 |     0.4375 |1585362327501 |     161 |   164.0 | 1,86 | mscp65.txt |8,4e+02 |
| 4 | 3700 | 5000 |   80 |     0.4375 |1585362327501 |     161 |   164.0 | 1,86 | mscp65.txt |8,7e+02 |
| 4 | 3800 | 5000 |   85 |  0.4117647 |1585362327501 |     161 |   164.0 | 1,86 | mscp65.txt |9,0e+02 |
| 4 | 3900 | 5000 |   85 |  0.4117647 |1585362327501 |     161 |   164.0 | 1,86 | mscp65.txt |9,4e+02 |
| 4 | 4000 | 5000 |   85 |  0.4117647 |1585362327501 |     161 |   164.0 | 1,86 | mscp65.txt |9,8e+02 |
| 4 | 4100 | 5000 |   85 |  0.4117647 |1585362327501 |     161 |   164.0 | 1,86 | mscp65.txt |1,0e+03 |
| 4 | 4200 | 5000 |   90 |  0.3888889 |1585362327501 |     161 |   164.0 | 1,86 | mscp65.txt |1,0e+03 |
| 4 | 4300 | 5000 |   90 |  0.3888889 |1585362327501 |     161 |   164.0 | 1,86 | mscp65.txt |1,1e+03 |
| 4 | 4400 | 5000 |   90 |  0.3888889 |1585362327501 |     161 |   163.0 | 1,24 | mscp65.txt |1,1e+03 |
| 4 | 4500 | 5000 |   90 |  0.3888889 |1585362327501 |     161 |   163.0 | 1,24 | mscp65.txt |1,1e+03 |
| 4 | 4600 | 5000 |   95 | 0.36842105 |1585362327501 |     161 |   163.0 | 1,24 | mscp65.txt |1,2e+03 |
| 4 | 4700 | 5000 |   95 | 0.36842105 |1585362327501 |     161 |   163.0 | 1,24 | mscp65.txt |1,2e+03 |
| 4 | 4800 | 5000 |   95 | 0.36842105 |1585362327501 |     161 |   163.0 | 1,24 | mscp65.txt |1,2e+03 |
| 4 | 4900 | 5000 |   95 | 0.36842105 |1585362327501 |     161 |   163.0 | 1,24 | mscp65.txt |1,3e+03 |
| 4 | 5000 | 5000 |  100 |       0.35 |1585362327501 |     161 |   163.0 | 1,24 | mscp65.txt |1,3e+03 |
| 4 |  200 | 5000 |  100 |       0.35 |1585362327501 |     161 |   163.0 | 1,24 | mscp65.txt |1,3e+03 |
| 5 |    1 | 5000 |   35 |       0.25 |1585363644040 |     161 |   235.0 |45,96 | mscp65.txt |0,033 |
| 5 |  100 | 5000 |   35 |       0.45 |1585363644040 |     161 |   179.0 |11,18 | mscp65.txt |  9,1 |
| 5 |  200 | 5000 |   35 | 0.31428573 |1585363644040 |     161 |   179.0 |11,18 | mscp65.txt |   19 |
| 5 |  300 | 5000 |   35 | 0.31428573 |1585363644040 |     161 |   179.0 |11,18 | mscp65.txt |   29 |
| 5 |  400 | 5000 |   40 |       0.45 |1585363644040 |     161 |   166.0 | 3,11 | mscp65.txt |   42 |
| 5 |  500 | 5000 |   40 |       0.45 |1585363644040 |     161 |   165.0 | 2,48 | mscp65.txt |   55 |
| 5 |  600 | 5000 |   40 |       0.45 |1585363644040 |     161 |   165.0 | 2,48 | mscp65.txt |   72 |
| 5 |  700 | 5000 |   40 |       0.25 |1585363644040 |     161 |   165.0 | 2,48 | mscp65.txt |   83 |
| 5 |  800 | 5000 |   40 |       0.25 |1585363644040 |     161 |   162.0 | 0,62 | mscp65.txt |   93 |
| 5 |  900 | 5000 |   45 | 0.35555556 |1585363644040 |     161 |   162.0 | 0,62 | mscp65.txt |1,1e+02 |
| 5 | 1000 | 5000 |   45 | 0.33333334 |1585363644040 |     161 |   162.0 | 0,62 | mscp65.txt |1,2e+02 |
| 5 | 1100 | 5000 |   45 |  0.2888889 |1585363644040 |     161 |   162.0 | 0,62 | mscp65.txt |1,3e+02 |
| 5 | 1200 | 5000 |   45 | 0.31111112 |1585363644040 |     161 |   162.0 | 0,62 | mscp65.txt |1,5e+02 |
| 5 | 1300 | 5000 |   50 |       0.45 |1585363644040 |     161 |   162.0 | 0,62 | mscp65.txt |1,6e+02 |
| 5 | 1400 | 5000 |   50 |       0.45 |1585363644040 |     161 |   162.0 | 0,62 | mscp65.txt |1,8e+02 |
| 5 | 1500 | 5000 |   50 |       0.42 |1585363644040 |     161 |   162.0 | 0,62 | mscp65.txt |1,9e+02 |
| 5 | 1600 | 5000 |   50 |       0.45 |1585363644040 |     161 |   162.0 | 0,62 | mscp65.txt |2,1e+02 |
| 5 | 1700 | 5000 |   55 |       0.45 |1585363644040 |     161 |   162.0 | 0,62 | mscp65.txt |2,3e+02 |
| 5 | 1800 | 5000 |   55 |       0.45 |1585363644040 |     161 |   162.0 | 0,62 | mscp65.txt |2,4e+02 |
| 5 | 1900 | 5000 |   55 |       0.45 |1585363644040 |     161 |   162.0 | 0,62 | mscp65.txt |2,6e+02 |
| 5 | 2000 | 5000 |   55 |       0.45 |1585363644040 |     161 |   162.0 | 0,62 | mscp65.txt |2,8e+02 |
| 5 | 2100 | 5000 |   60 |       0.45 |1585363644040 |     161 |   162.0 | 0,62 | mscp65.txt |3,0e+02 |
| 5 | 2200 | 5000 |   60 |       0.45 |1585363644040 |     161 |   162.0 | 0,62 | mscp65.txt |3,2e+02 |
| 5 | 2300 | 5000 |   60 |       0.45 |1585363644040 |     161 |   162.0 | 0,62 | mscp65.txt |3,4e+02 |
| 5 | 2400 | 5000 |   60 |       0.45 |1585363644040 |     161 |   162.0 | 0,62 | mscp65.txt |3,6e+02 |
| 5 | 2500 | 5000 |   65 |       0.45 |1585363644040 |     161 |   162.0 | 0,62 | mscp65.txt |3,8e+02 |
| 5 | 2600 | 5000 |   65 |       0.45 |1585363644040 |     161 |   162.0 | 0,62 | mscp65.txt |4,0e+02 |
| 5 | 2700 | 5000 |   65 |       0.45 |1585363644040 |     161 |   162.0 | 0,62 | mscp65.txt |4,2e+02 |
| 5 | 2800 | 5000 |   65 |       0.45 |1585363644040 |     161 |   162.0 | 0,62 | mscp65.txt |4,5e+02 |
| 5 | 2900 | 5000 |   70 | 0.44285715 |1585363644040 |     161 |   162.0 | 0,62 | mscp65.txt |4,7e+02 |
| 5 | 3000 | 5000 |   70 | 0.44285715 |1585363644040 |     161 |   162.0 | 0,62 | mscp65.txt |4,9e+02 |
| 5 | 3100 | 5000 |   70 | 0.44285715 |1585363644040 |     161 |   162.0 | 0,62 | mscp65.txt |5,2e+02 |
| 5 | 3200 | 5000 |   70 | 0.44285715 |1585363644040 |     161 |   162.0 | 0,62 | mscp65.txt |5,4e+02 |
| 5 | 3300 | 5000 |   75 |       0.45 |1585363644040 |     161 |   162.0 | 0,62 | mscp65.txt |5,7e+02 |
| 5 | 3400 | 5000 |   75 |       0.45 |1585363644040 |     161 |   162.0 | 0,62 | mscp65.txt |5,9e+02 |
| 5 | 3500 | 5000 |   75 |       0.45 |1585363644040 |     161 |   162.0 | 0,62 | mscp65.txt |6,2e+02 |
| 5 | 3600 | 5000 |   75 |       0.45 |1585363644040 |     161 |   162.0 | 0,62 | mscp65.txt |6,4e+02 |
| 5 | 3700 | 5000 |   80 |       0.45 |1585363644040 |     161 |   162.0 | 0,62 | mscp65.txt |6,7e+02 |
| 5 | 3800 | 5000 |   80 |       0.45 |1585363644040 |     161 |   162.0 | 0,62 | mscp65.txt |7,0e+02 |
| 5 | 3900 | 5000 |   80 |       0.45 |1585363644040 |     161 |   162.0 | 0,62 | mscp65.txt |7,3e+02 |
| 5 | 4000 | 5000 |   80 |       0.45 |1585363644040 |     161 |   162.0 | 0,62 | mscp65.txt |7,5e+02 |
| 5 | 4100 | 5000 |   85 | 0.44705883 |1585363644040 |     161 |   162.0 | 0,62 | mscp65.txt |7,8e+02 |
| 5 | 4200 | 5000 |   85 | 0.44705883 |1585363644040 |     161 |   162.0 | 0,62 | mscp65.txt |8,1e+02 |
| 5 | 4300 | 5000 |   85 | 0.44705883 |1585363644040 |     161 |   162.0 | 0,62 | mscp65.txt |8,4e+02 |
| 5 | 4400 | 5000 |   85 | 0.44705883 |1585363644040 |     161 |   162.0 | 0,62 | mscp65.txt |8,7e+02 |
| 5 | 4500 | 5000 |   90 | 0.42222223 |1585363644040 |     161 |   162.0 | 0,62 | mscp65.txt |9,0e+02 |
| 5 | 4600 | 5000 |   90 | 0.42222223 |1585363644040 |     161 |   162.0 | 0,62 | mscp65.txt |9,3e+02 |
| 5 | 4700 | 5000 |   90 | 0.42222223 |1585363644040 |     161 |   162.0 | 0,62 | mscp65.txt |9,7e+02 |
| 5 | 4800 | 5000 |   90 | 0.42222223 |1585363644040 |     161 |   162.0 | 0,62 | mscp65.txt |1,0e+03 |
| 5 | 4900 | 5000 |   95 |        0.4 |1585363644040 |     161 |   162.0 | 0,62 | mscp65.txt |1,0e+03 |
| 5 | 5000 | 5000 |   95 |        0.4 |1585363644040 |     161 |   162.0 | 0,62 | mscp65.txt |1,1e+03 |
| 5 |  200 | 5000 |   95 |        0.4 |1585363644040 |     161 |   162.0 | 0,62 | mscp65.txt |1,1e+03 |
| 6 |    1 | 5000 |   35 |       0.25 |1585364715646 |     161 |   236.0 |46,58 | mscp65.txt |0,042 |
| 6 |  100 | 5000 |   35 | 0.37142858 |1585364715646 |     161 |   196.0 |21,74 | mscp65.txt |  8,8 |
| 6 |  200 | 5000 |   35 |       0.45 |1585364715646 |     161 |   180.0 |11,80 | mscp65.txt |   19 |
| 6 |  300 | 5000 |   40 |       0.45 |1585364715646 |     161 |   174.0 | 8,07 | mscp65.txt |   32 |
| 6 |  400 | 5000 |   40 |      0.275 |1585364715646 |     161 |   169.0 | 4,97 | mscp65.txt |   42 |
| 6 |  500 | 5000 |   40 |      0.275 |1585364715646 |     161 |   165.0 | 2,48 | mscp65.txt |   52 |
| 6 |  600 | 5000 |   40 |      0.225 |1585364715646 |     161 |   165.0 | 2,48 | mscp65.txt |   63 |
| 6 |  700 | 5000 |   45 |       0.45 |1585364715646 |     161 |   165.0 | 2,48 | mscp65.txt |   78 |
| 6 |  800 | 5000 |   45 | 0.31111112 |1585364715646 |     161 |   165.0 | 2,48 | mscp65.txt |   90 |
| 6 |  900 | 5000 |   45 | 0.31111112 |1585364715646 |     161 |   165.0 | 2,48 | mscp65.txt |1,0e+02 |
| 6 | 1000 | 5000 |   45 |  0.2888889 |1585364715646 |     161 |   165.0 | 2,48 | mscp65.txt |1,2e+02 |
| 6 | 1100 | 5000 |   50 |       0.44 |1585364715646 |     161 |   165.0 | 2,48 | mscp65.txt |1,3e+02 |
| 6 | 1200 | 5000 |   50 |       0.42 |1585364715646 |     161 |   165.0 | 2,48 | mscp65.txt |1,4e+02 |
| 6 | 1300 | 5000 |   50 |       0.45 |1585364715646 |     161 |   165.0 | 2,48 | mscp65.txt |1,6e+02 |
| 6 | 1400 | 5000 |   50 |       0.45 |1585364715646 |     161 |   165.0 | 2,48 | mscp65.txt |1,7e+02 |
| 6 | 1500 | 5000 |   55 |       0.45 |1585364715646 |     161 |   165.0 | 2,48 | mscp65.txt |1,8e+02 |
| 6 | 1600 | 5000 |   55 |       0.45 |1585364715646 |     161 |   164.0 | 1,86 | mscp65.txt |1,9e+02 |
| 6 | 1700 | 5000 |   55 |       0.45 |1585364715646 |     161 |   164.0 | 1,86 | mscp65.txt |2,1e+02 |
| 6 | 1800 | 5000 |   55 |       0.45 |1585364715646 |     161 |   164.0 | 1,86 | mscp65.txt |2,2e+02 |
| 6 | 1900 | 5000 |   60 |       0.45 |1585364715646 |     161 |   164.0 | 1,86 | mscp65.txt |2,4e+02 |
| 6 | 2000 | 5000 |   60 |       0.45 |1585364715646 |     161 |   164.0 | 1,86 | mscp65.txt |2,5e+02 |
| 6 | 2100 | 5000 |   60 |       0.45 |1585364715646 |     161 |   164.0 | 1,86 | mscp65.txt |2,7e+02 |
| 6 | 2200 | 5000 |   60 |       0.45 |1585364715646 |     161 |   164.0 | 1,86 | mscp65.txt |2,8e+02 |
| 6 | 2300 | 5000 |   65 |       0.45 |1585364715646 |     161 |   164.0 | 1,86 | mscp65.txt |3,0e+02 |
| 6 | 2400 | 5000 |   65 |       0.45 |1585364715646 |     161 |   164.0 | 1,86 | mscp65.txt |3,1e+02 |
| 6 | 2500 | 5000 |   65 |       0.45 |1585364715646 |     161 |   164.0 | 1,86 | mscp65.txt |3,3e+02 |
| 6 | 2600 | 5000 |   65 |       0.45 |1585364715646 |     161 |   164.0 | 1,86 | mscp65.txt |3,4e+02 |
| 6 | 2700 | 5000 |   70 |       0.45 |1585364715646 |     161 |   164.0 | 1,86 | mscp65.txt |3,6e+02 |
| 6 | 2800 | 5000 |   70 |       0.45 |1585364715646 |     161 |   164.0 | 1,86 | mscp65.txt |3,7e+02 |
| 6 | 2900 | 5000 |   70 |       0.45 |1585364715646 |     161 |   164.0 | 1,86 | mscp65.txt |3,9e+02 |
| 6 | 3000 | 5000 |   70 |       0.45 |1585364715646 |     161 |   164.0 | 1,86 | mscp65.txt |4,0e+02 |
| 6 | 3100 | 5000 |   75 |       0.45 |1585364715646 |     161 |   164.0 | 1,86 | mscp65.txt |4,2e+02 |
| 6 | 3200 | 5000 |   75 |       0.45 |1585364715646 |     161 |   164.0 | 1,86 | mscp65.txt |4,4e+02 |
| 6 | 3300 | 5000 |   75 |       0.45 |1585364715646 |     161 |   164.0 | 1,86 | mscp65.txt |4,6e+02 |
| 6 | 3400 | 5000 |   75 |       0.45 |1585364715646 |     161 |   164.0 | 1,86 | mscp65.txt |4,7e+02 |
| 6 | 3500 | 5000 |   80 |       0.45 |1585364715646 |     161 |   164.0 | 1,86 | mscp65.txt |5,0e+02 |
| 6 | 3600 | 5000 |   80 |       0.45 |1585364715646 |     161 |   164.0 | 1,86 | mscp65.txt |5,2e+02 |
| 6 | 3700 | 5000 |   80 |       0.45 |1585364715646 |     161 |   164.0 | 1,86 | mscp65.txt |5,4e+02 |
| 6 | 3800 | 5000 |   80 |       0.45 |1585364715646 |     161 |   164.0 | 1,86 | mscp65.txt |5,6e+02 |
| 6 | 3900 | 5000 |   85 |       0.45 |1585364715646 |     161 |   164.0 | 1,86 | mscp65.txt |5,8e+02 |
| 6 | 4000 | 5000 |   85 |       0.45 |1585364715646 |     161 |   164.0 | 1,86 | mscp65.txt |6,0e+02 |
| 6 | 4100 | 5000 |   85 |       0.45 |1585364715646 |     161 |   164.0 | 1,86 | mscp65.txt |6,2e+02 |
| 6 | 4200 | 5000 |   85 |       0.45 |1585364715646 |     161 |   164.0 | 1,86 | mscp65.txt |6,4e+02 |
| 6 | 4300 | 5000 |   90 |       0.45 |1585364715646 |     161 |   164.0 | 1,86 | mscp65.txt |6,6e+02 |
| 6 | 4400 | 5000 |   90 |       0.45 |1585364715646 |     161 |   164.0 | 1,86 | mscp65.txt |6,8e+02 |
| 6 | 4500 | 5000 |   90 |       0.45 |1585364715646 |     161 |   164.0 | 1,86 | mscp65.txt |7,0e+02 |
| 6 | 4600 | 5000 |   90 |       0.45 |1585364715646 |     161 |   164.0 | 1,86 | mscp65.txt |7,2e+02 |
| 6 | 4700 | 5000 |   95 |       0.45 |1585364715646 |     161 |   164.0 | 1,86 | mscp65.txt |7,4e+02 |
| 6 | 4800 | 5000 |   95 |       0.45 |1585364715646 |     161 |   164.0 | 1,86 | mscp65.txt |7,6e+02 |
| 6 | 4900 | 5000 |   95 |       0.45 |1585364715646 |     161 |   164.0 | 1,86 | mscp65.txt |7,8e+02 |
| 6 | 5000 | 5000 |   95 |       0.45 |1585364715646 |     161 |   164.0 | 1,86 | mscp65.txt |8,1e+02 |
| 6 |  200 | 5000 |  100 |       0.45 |1585364715646 |     161 |   164.0 | 1,86 | mscp65.txt |8,1e+02 |
| 7 |    1 | 5000 |   35 |       0.25 |1585365521259 |     161 |   231.0 |43,48 | mscp65.txt |0,034 |
| 7 |  100 | 5000 |   35 |       0.45 |1585365521259 |     161 |   181.0 |12,42 | mscp65.txt |  8,8 |
| 7 |  200 | 5000 |   35 | 0.34285715 |1585365521259 |     161 |   175.0 | 8,70 | mscp65.txt |   19 |
| 7 |  300 | 5000 |   35 |  0.2857143 |1585365521259 |     161 |   170.0 | 5,59 | mscp65.txt |   31 |
| 7 |  400 | 5000 |   35 | 0.34285715 |1585365521259 |     161 |   167.0 | 3,73 | mscp65.txt |   44 |
| 7 |  500 | 5000 |   40 |       0.45 |1585365521259 |     161 |   167.0 | 3,73 | mscp65.txt |   57 |
| 7 |  600 | 5000 |   40 |       0.45 |1585365521259 |     161 |   166.0 | 3,11 | mscp65.txt |   70 |
| 7 |  700 | 5000 |   40 |       0.45 |1585365521259 |     161 |   166.0 | 3,11 | mscp65.txt |   86 |
| 7 |  800 | 5000 |   40 |       0.45 |1585365521259 |     161 |   166.0 | 3,11 | mscp65.txt |1,0e+02 |
| 7 |  900 | 5000 |   45 |       0.45 |1585365521259 |     161 |   166.0 | 3,11 | mscp65.txt |1,2e+02 |
| 7 | 1000 | 5000 |   45 |       0.45 |1585365521259 |     161 |   166.0 | 3,11 | mscp65.txt |1,3e+02 |
| 7 | 1100 | 5000 |   45 |       0.45 |1585365521259 |     161 |   166.0 | 3,11 | mscp65.txt |1,5e+02 |
| 7 | 1200 | 5000 |   45 |       0.45 |1585365521259 |     161 |   166.0 | 3,11 | mscp65.txt |1,6e+02 |
| 7 | 1300 | 5000 |   50 |       0.45 |1585365521259 |     161 |   166.0 | 3,11 | mscp65.txt |1,8e+02 |
| 7 | 1400 | 5000 |   50 |       0.45 |1585365521259 |     161 |   166.0 | 3,11 | mscp65.txt |2,0e+02 |
| 7 | 1500 | 5000 |   50 |       0.45 |1585365521259 |     161 |   166.0 | 3,11 | mscp65.txt |2,2e+02 |
| 7 | 1600 | 5000 |   50 |       0.45 |1585365521259 |     161 |   166.0 | 3,11 | mscp65.txt |2,3e+02 |
| 7 | 1700 | 5000 |   55 |       0.45 |1585365521259 |     161 |   164.0 | 1,86 | mscp65.txt |2,5e+02 |
| 7 | 1800 | 5000 |   55 |       0.45 |1585365521259 |     161 |   164.0 | 1,86 | mscp65.txt |2,7e+02 |
| 7 | 1900 | 5000 |   55 |       0.45 |1585365521259 |     161 |   164.0 | 1,86 | mscp65.txt |2,9e+02 |
| 7 | 2000 | 5000 |   55 |       0.45 |1585365521259 |     161 |   164.0 | 1,86 | mscp65.txt |3,1e+02 |
| 7 | 2100 | 5000 |   60 |       0.45 |1585365521259 |     161 |   164.0 | 1,86 | mscp65.txt |3,3e+02 |
| 7 | 2200 | 5000 |   60 |       0.45 |1585365521259 |     161 |   164.0 | 1,86 | mscp65.txt |3,6e+02 |
| 7 | 2300 | 5000 |   60 |       0.45 |1585365521259 |     161 |   164.0 | 1,86 | mscp65.txt |3,8e+02 |
| 7 | 2400 | 5000 |   60 |       0.45 |1585365521259 |     161 |   164.0 | 1,86 | mscp65.txt |4,0e+02 |
| 7 | 2500 | 5000 |   65 |       0.45 |1585365521259 |     161 |   164.0 | 1,86 | mscp65.txt |4,2e+02 |
| 7 | 2600 | 5000 |   65 |       0.45 |1585365521259 |     161 |   164.0 | 1,86 | mscp65.txt |4,4e+02 |
| 7 | 2700 | 5000 |   65 |       0.45 |1585365521259 |     161 |   164.0 | 1,86 | mscp65.txt |4,7e+02 |
| 7 | 2800 | 5000 |   65 |       0.45 |1585365521259 |     161 |   164.0 | 1,86 | mscp65.txt |4,9e+02 |
| 7 | 2900 | 5000 |   70 |       0.45 |1585365521259 |     161 |   164.0 | 1,86 | mscp65.txt |5,2e+02 |
| 7 | 3000 | 5000 |   70 |       0.45 |1585365521259 |     161 |   164.0 | 1,86 | mscp65.txt |5,4e+02 |
| 7 | 3100 | 5000 |   70 |       0.45 |1585365521259 |     161 |   164.0 | 1,86 | mscp65.txt |5,7e+02 |
| 7 | 3200 | 5000 |   70 |       0.45 |1585365521259 |     161 |   164.0 | 1,86 | mscp65.txt |5,9e+02 |
| 7 | 3300 | 5000 |   75 |       0.45 |1585365521259 |     161 |   164.0 | 1,86 | mscp65.txt |6,2e+02 |
| 7 | 3400 | 5000 |   75 |       0.45 |1585365521259 |     161 |   164.0 | 1,86 | mscp65.txt |6,5e+02 |
| 7 | 3500 | 5000 |   75 |       0.45 |1585365521259 |     161 |   164.0 | 1,86 | mscp65.txt |6,7e+02 |
| 7 | 3600 | 5000 |   75 |       0.45 |1585365521259 |     161 |   164.0 | 1,86 | mscp65.txt |7,0e+02 |
| 7 | 3700 | 5000 |   80 |     0.4375 |1585365521259 |     161 |   164.0 | 1,86 | mscp65.txt |7,3e+02 |
| 7 | 3800 | 5000 |   80 |     0.4375 |1585365521259 |     161 |   164.0 | 1,86 | mscp65.txt |7,6e+02 |
| 7 | 3900 | 5000 |   80 |     0.4375 |1585365521259 |     161 |   164.0 | 1,86 | mscp65.txt |7,9e+02 |
| 7 | 4000 | 5000 |   80 |     0.4375 |1585365521259 |     161 |   164.0 | 1,86 | mscp65.txt |8,2e+02 |
| 7 | 4100 | 5000 |   85 |  0.4117647 |1585365521259 |     161 |   164.0 | 1,86 | mscp65.txt |8,5e+02 |
| 7 | 4200 | 5000 |   85 |  0.4117647 |1585365521259 |     161 |   164.0 | 1,86 | mscp65.txt |8,8e+02 |
| 7 | 4300 | 5000 |   85 |  0.4117647 |1585365521259 |     161 |   164.0 | 1,86 | mscp65.txt |9,2e+02 |
| 7 | 4400 | 5000 |   85 |  0.4117647 |1585365521259 |     161 |   164.0 | 1,86 | mscp65.txt |9,5e+02 |
| 7 | 4500 | 5000 |   90 |  0.3888889 |1585365521259 |     161 |   164.0 | 1,86 | mscp65.txt |9,8e+02 |
| 7 | 4600 | 5000 |   90 |  0.3888889 |1585365521259 |     161 |   164.0 | 1,86 | mscp65.txt |1,0e+03 |
| 7 | 4700 | 5000 |   90 |  0.3888889 |1585365521259 |     161 |   164.0 | 1,86 | mscp65.txt |1,0e+03 |
| 7 | 4800 | 5000 |   90 |  0.3888889 |1585365521259 |     161 |   164.0 | 1,86 | mscp65.txt |1,1e+03 |
| 7 | 4900 | 5000 |   95 | 0.36842105 |1585365521259 |     161 |   164.0 | 1,86 | mscp65.txt |1,1e+03 |
| 7 | 5000 | 5000 |   95 | 0.36842105 |1585365521259 |     161 |   164.0 | 1,86 | mscp65.txt |1,1e+03 |
| 7 |  200 | 5000 |   95 | 0.36842105 |1585365521259 |     161 |   164.0 | 1,86 | mscp65.txt |1,1e+03 |
| 8 |    1 | 5000 |   35 |       0.25 |1585366664147 |     161 |   242.0 |50,31 | mscp65.txt |0,039 |
| 8 |  100 | 5000 |   35 | 0.31428573 |1585366664147 |     161 |   180.0 |11,80 | mscp65.txt |  8,4 |
| 8 |  200 | 5000 |   35 | 0.42857143 |1585366664147 |     161 |   179.0 |11,18 | mscp65.txt |   18 |
| 8 |  300 | 5000 |   40 |       0.45 |1585366664147 |     161 |   169.0 | 4,97 | mscp65.txt |   30 |
| 8 |  400 | 5000 |   40 |      0.425 |1585366664147 |     161 |   169.0 | 4,97 | mscp65.txt |   42 |
| 8 |  500 | 5000 |   40 |       0.45 |1585366664147 |     161 |   169.0 | 4,97 | mscp65.txt |   54 |
| 8 |  600 | 5000 |   40 |      0.375 |1585366664147 |     161 |   164.0 | 1,86 | mscp65.txt |   67 |
| 8 |  700 | 5000 |   45 |       0.45 |1585366664147 |     161 |   164.0 | 1,86 | mscp65.txt |   81 |
| 8 |  800 | 5000 |   45 |       0.45 |1585366664147 |     161 |   164.0 | 1,86 | mscp65.txt |   98 |
| 8 |  900 | 5000 |   45 |       0.45 |1585366664147 |     161 |   164.0 | 1,86 | mscp65.txt |1,1e+02 |
| 8 | 1000 | 5000 |   45 |       0.45 |1585366664147 |     161 |   164.0 | 1,86 | mscp65.txt |1,3e+02 |
| 8 | 1100 | 5000 |   50 |       0.45 |1585366664147 |     161 |   164.0 | 1,86 | mscp65.txt |1,4e+02 |
| 8 | 1200 | 5000 |   50 |       0.45 |1585366664147 |     161 |   164.0 | 1,86 | mscp65.txt |1,6e+02 |
| 8 | 1300 | 5000 |   50 |       0.45 |1585366664147 |     161 |   164.0 | 1,86 | mscp65.txt |1,8e+02 |
| 8 | 1400 | 5000 |   50 |       0.45 |1585366664147 |     161 |   164.0 | 1,86 | mscp65.txt |1,9e+02 |
| 8 | 1500 | 5000 |   55 |       0.45 |1585366664147 |     161 |   164.0 | 1,86 | mscp65.txt |2,1e+02 |
| 8 | 1600 | 5000 |   55 |       0.45 |1585366664147 |     161 |   164.0 | 1,86 | mscp65.txt |2,3e+02 |
| 8 | 1700 | 5000 |   55 |       0.45 |1585366664147 |     161 |   164.0 | 1,86 | mscp65.txt |2,5e+02 |
| 8 | 1800 | 5000 |   55 |       0.45 |1585366664147 |     161 |   164.0 | 1,86 | mscp65.txt |2,6e+02 |
| 8 | 1900 | 5000 |   60 |       0.45 |1585366664147 |     161 |   164.0 | 1,86 | mscp65.txt |2,9e+02 |
| 8 | 2000 | 5000 |   60 |       0.45 |1585366664147 |     161 |   164.0 | 1,86 | mscp65.txt |3,1e+02 |
| 8 | 2100 | 5000 |   60 |       0.45 |1585366664147 |     161 |   164.0 | 1,86 | mscp65.txt |3,3e+02 |
| 8 | 2200 | 5000 |   60 |       0.45 |1585366664147 |     161 |   164.0 | 1,86 | mscp65.txt |3,5e+02 |
| 8 | 2300 | 5000 |   65 |       0.45 |1585366664147 |     161 |   164.0 | 1,86 | mscp65.txt |3,7e+02 |
| 8 | 2400 | 5000 |   65 |       0.45 |1585366664147 |     161 |   164.0 | 1,86 | mscp65.txt |3,9e+02 |
| 8 | 2500 | 5000 |   65 | 0.33846155 |1585366664147 |     161 |   164.0 | 1,86 | mscp65.txt |4,1e+02 |
| 8 | 2600 | 5000 |   65 | 0.33846155 |1585366664147 |     161 |   164.0 | 1,86 | mscp65.txt |4,3e+02 |
| 8 | 2700 | 5000 |   70 | 0.35714287 |1585366664147 |     161 |   164.0 | 1,86 | mscp65.txt |4,5e+02 |
| 8 | 2800 | 5000 |   70 | 0.35714287 |1585366664147 |     161 |   164.0 | 1,86 | mscp65.txt |4,7e+02 |
| 8 | 2900 | 5000 |   70 | 0.35714287 |1585366664147 |     161 |   164.0 | 1,86 | mscp65.txt |4,9e+02 |
| 8 | 3000 | 5000 |   70 | 0.35714287 |1585366664147 |     161 |   164.0 | 1,86 | mscp65.txt |5,1e+02 |
| 8 | 3100 | 5000 |   75 | 0.41333333 |1585366664147 |     161 |   164.0 | 1,86 | mscp65.txt |5,3e+02 |
| 8 | 3200 | 5000 |   75 |       0.45 |1585366664147 |     161 |   164.0 | 1,86 | mscp65.txt |5,5e+02 |
| 8 | 3300 | 5000 |   75 |       0.45 |1585366664147 |     161 |   164.0 | 1,86 | mscp65.txt |5,6e+02 |
| 8 | 3400 | 5000 |   75 |       0.45 |1585366664147 |     161 |   164.0 | 1,86 | mscp65.txt |5,8e+02 |
| 8 | 3500 | 5000 |   80 |       0.45 |1585366664147 |     161 |   164.0 | 1,86 | mscp65.txt |6,0e+02 |
| 8 | 3600 | 5000 |   80 |       0.45 |1585366664147 |     161 |   164.0 | 1,86 | mscp65.txt |6,2e+02 |
| 8 | 3700 | 5000 |   80 |       0.45 |1585366664147 |     161 |   164.0 | 1,86 | mscp65.txt |6,4e+02 |
| 8 | 3800 | 5000 |   80 |       0.45 |1585366664147 |     161 |   164.0 | 1,86 | mscp65.txt |6,6e+02 |
| 8 | 3900 | 5000 |   85 |       0.45 |1585366664147 |     161 |   164.0 | 1,86 | mscp65.txt |6,8e+02 |
| 8 | 4000 | 5000 |   85 |       0.45 |1585366664147 |     161 |   164.0 | 1,86 | mscp65.txt |7,0e+02 |
| 8 | 4100 | 5000 |   85 |       0.45 |1585366664147 |     161 |   164.0 | 1,86 | mscp65.txt |7,2e+02 |
| 8 | 4200 | 5000 |   85 |       0.45 |1585366664147 |     161 |   164.0 | 1,86 | mscp65.txt |7,4e+02 |
| 8 | 4300 | 5000 |   90 |       0.45 |1585366664147 |     161 |   164.0 | 1,86 | mscp65.txt |7,7e+02 |
| 8 | 4400 | 5000 |   90 |       0.45 |1585366664147 |     161 |   164.0 | 1,86 | mscp65.txt |7,9e+02 |
| 8 | 4500 | 5000 |   90 |       0.45 |1585366664147 |     161 |   164.0 | 1,86 | mscp65.txt |8,1e+02 |
| 8 | 4600 | 5000 |   90 |       0.45 |1585366664147 |     161 |   164.0 | 1,86 | mscp65.txt |8,4e+02 |
| 8 | 4700 | 5000 |   95 |       0.45 |1585366664147 |     161 |   164.0 | 1,86 | mscp65.txt |8,6e+02 |
| 8 | 4800 | 5000 |   95 |       0.45 |1585366664147 |     161 |   164.0 | 1,86 | mscp65.txt |8,9e+02 |
| 8 | 4900 | 5000 |   95 |       0.45 |1585366664147 |     161 |   164.0 | 1,86 | mscp65.txt |9,1e+02 |
| 8 | 5000 | 5000 |   95 |       0.45 |1585366664147 |     161 |   164.0 | 1,86 | mscp65.txt |9,4e+02 |
| 8 |  200 | 5000 |  100 |       0.45 |1585366664147 |     161 |   164.0 | 1,86 | mscp65.txt |9,4e+02 |
| 9 |    1 | 5000 |   35 |       0.25 |1585367603698 |     161 |   241.0 |49,69 | mscp65.txt |0,043 |
| 9 |  100 | 5000 |   35 |        0.4 |1585367603698 |     161 |   182.0 |13,04 | mscp65.txt |  9,5 |
| 9 |  200 | 5000 |   35 | 0.34285715 |1585367603698 |     161 |   171.0 | 6,21 | mscp65.txt |   20 |
| 9 |  300 | 5000 |   35 |        0.4 |1585367603698 |     161 |   170.0 | 5,59 | mscp65.txt |   29 |
| 9 |  400 | 5000 |   35 |       0.45 |1585367603698 |     161 |   169.0 | 4,97 | mscp65.txt |   41 |
| 9 |  500 | 5000 |   40 |       0.45 |1585367603698 |     161 |   166.0 | 3,11 | mscp65.txt |   52 |
| 9 |  600 | 5000 |   40 |       0.45 |1585367603698 |     161 |   165.0 | 2,48 | mscp65.txt |   64 |
| 9 |  700 | 5000 |   40 |       0.45 |1585367603698 |     161 |   165.0 | 2,48 | mscp65.txt |   78 |
| 9 |  800 | 5000 |   40 |      0.425 |1585367603698 |     161 |   165.0 | 2,48 | mscp65.txt |   90 |
| 9 |  900 | 5000 |   45 |       0.45 |1585367603698 |     161 |   165.0 | 2,48 | mscp65.txt |1,0e+02 |
| 9 | 1000 | 5000 |   45 |       0.45 |1585367603698 |     161 |   165.0 | 2,48 | mscp65.txt |1,2e+02 |
| 9 | 1100 | 5000 |   45 |       0.45 |1585367603698 |     161 |   165.0 | 2,48 | mscp65.txt |1,4e+02 |
| 9 | 1200 | 5000 |   45 |       0.45 |1585367603698 |     161 |   165.0 | 2,48 | mscp65.txt |1,5e+02 |
| 9 | 1300 | 5000 |   50 |       0.45 |1585367603698 |     161 |   165.0 | 2,48 | mscp65.txt |1,7e+02 |
| 9 | 1400 | 5000 |   50 |       0.32 |1585367603698 |     161 |   165.0 | 2,48 | mscp65.txt |1,8e+02 |
| 9 | 1500 | 5000 |   50 |       0.32 |1585367603698 |     161 |   165.0 | 2,48 | mscp65.txt |1,9e+02 |
| 9 | 1600 | 5000 |   50 |       0.32 |1585367603698 |     161 |   165.0 | 2,48 | mscp65.txt |2,1e+02 |
| 9 | 1700 | 5000 |   55 | 0.34545454 |1585367603698 |     161 |   165.0 | 2,48 | mscp65.txt |2,2e+02 |
| 9 | 1800 | 5000 |   55 |       0.45 |1585367603698 |     161 |   165.0 | 2,48 | mscp65.txt |2,4e+02 |
| 9 | 1900 | 5000 |   55 |       0.45 |1585367603698 |     161 |   165.0 | 2,48 | mscp65.txt |2,5e+02 |
| 9 | 2000 | 5000 |   55 |       0.45 |1585367603698 |     161 |   165.0 | 2,48 | mscp65.txt |2,6e+02 |
| 9 | 2100 | 5000 |   60 |       0.45 |1585367603698 |     161 |   165.0 | 2,48 | mscp65.txt |2,8e+02 |
| 9 | 2200 | 5000 |   60 |       0.45 |1585367603698 |     161 |   165.0 | 2,48 | mscp65.txt |2,9e+02 |
| 9 | 2300 | 5000 |   60 |       0.45 |1585367603698 |     161 |   165.0 | 2,48 | mscp65.txt |3,0e+02 |
| 9 | 2400 | 5000 |   60 |       0.45 |1585367603698 |     161 |   165.0 | 2,48 | mscp65.txt |3,2e+02 |
| 9 | 2500 | 5000 |   65 |       0.45 |1585367603698 |     161 |   165.0 | 2,48 | mscp65.txt |3,3e+02 |
| 9 | 2600 | 5000 |   65 |       0.45 |1585367603698 |     161 |   165.0 | 2,48 | mscp65.txt |3,5e+02 |
| 9 | 2700 | 5000 |   65 |       0.45 |1585367603698 |     161 |   165.0 | 2,48 | mscp65.txt |3,6e+02 |
| 9 | 2800 | 5000 |   65 |       0.45 |1585367603698 |     161 |   165.0 | 2,48 | mscp65.txt |3,7e+02 |
| 9 | 2900 | 5000 |   70 |       0.45 |1585367603698 |     161 |   165.0 | 2,48 | mscp65.txt |3,8e+02 |
| 9 | 3000 | 5000 |   70 |       0.45 |1585367603698 |     161 |   165.0 | 2,48 | mscp65.txt |3,9e+02 |
| 9 | 3100 | 5000 |   70 |       0.45 |1585367603698 |     161 |   165.0 | 2,48 | mscp65.txt |4,0e+02 |
| 9 | 3200 | 5000 |   70 |       0.45 |1585367603698 |     161 |   165.0 | 2,48 | mscp65.txt |4,1e+02 |
| 9 | 3300 | 5000 |   75 |       0.45 |1585367603698 |     161 |   165.0 | 2,48 | mscp65.txt |4,2e+02 |
| 9 | 3400 | 5000 |   75 |       0.45 |1585367603698 |     161 |   165.0 | 2,48 | mscp65.txt |4,3e+02 |
| 9 | 3500 | 5000 |   75 |       0.45 |1585367603698 |     161 |   165.0 | 2,48 | mscp65.txt |4,4e+02 |
| 9 | 3600 | 5000 |   75 |       0.45 |1585367603698 |     161 |   165.0 | 2,48 | mscp65.txt |4,5e+02 |
| 9 | 3700 | 5000 |   80 |       0.45 |1585367603698 |     161 |   165.0 | 2,48 | mscp65.txt |4,7e+02 |
| 9 | 3800 | 5000 |   80 |       0.45 |1585367603698 |     161 |   165.0 | 2,48 | mscp65.txt |4,8e+02 |
| 9 | 3900 | 5000 |   80 |       0.45 |1585367603698 |     161 |   165.0 | 2,48 | mscp65.txt |4,9e+02 |
| 9 | 4000 | 5000 |   80 |       0.45 |1585367603698 |     161 |   165.0 | 2,48 | mscp65.txt |5,1e+02 |
| 9 | 4100 | 5000 |   85 |       0.45 |1585367603698 |     161 |   165.0 | 2,48 | mscp65.txt |5,2e+02 |
| 9 | 4200 | 5000 |   85 |       0.45 |1585367603698 |     161 |   165.0 | 2,48 | mscp65.txt |5,3e+02 |
| 9 | 4300 | 5000 |   85 |       0.45 |1585367603698 |     161 |   165.0 | 2,48 | mscp65.txt |5,5e+02 |
| 9 | 4400 | 5000 |   85 |       0.45 |1585367603698 |     161 |   165.0 | 2,48 | mscp65.txt |5,6e+02 |
| 9 | 4500 | 5000 |   90 |       0.45 |1585367603698 |     161 |   165.0 | 2,48 | mscp65.txt |5,7e+02 |
| 9 | 4600 | 5000 |   90 |       0.45 |1585367603698 |     161 |   165.0 | 2,48 | mscp65.txt |5,9e+02 |
| 9 | 4700 | 5000 |   90 |       0.45 |1585367603698 |     161 |   165.0 | 2,48 | mscp65.txt |6,0e+02 |
| 9 | 4800 | 5000 |   90 |       0.45 |1585367603698 |     161 |   165.0 | 2,48 | mscp65.txt |6,1e+02 |
| 9 | 4900 | 5000 |   95 |       0.45 |1585367603698 |     161 |   165.0 | 2,48 | mscp65.txt |6,3e+02 |
| 9 | 5000 | 5000 |   95 |       0.45 |1585367603698 |     161 |   165.0 | 2,48 | mscp65.txt |6,4e+02 |
| 9 |  200 | 5000 |   95 |       0.45 |1585367603698 |     161 |   165.0 | 2,48 | mscp65.txt |6,4e+02 |
|10 |    1 | 5000 |   35 |       0.25 |1585368243764 |     161 |   232.0 |44,10 | mscp65.txt |0,036 |
|10 |  100 | 5000 |   35 |  0.2857143 |1585368243764 |     161 |   186.0 |15,53 | mscp65.txt |  7,9 |
|10 |  200 | 5000 |   35 |        0.4 |1585368243764 |     161 |   175.0 | 8,70 | mscp65.txt |   17 |
|10 |  300 | 5000 |   40 |       0.45 |1585368243764 |     161 |   164.0 | 1,86 | mscp65.txt |   29 |
|10 |  400 | 5000 |   40 |       0.45 |1585368243764 |     161 |   164.0 | 1,86 | mscp65.txt |   41 |
|10 |  500 | 5000 |   40 |       0.35 |1585368243764 |     161 |   164.0 | 1,86 | mscp65.txt |   51 |
|10 |  600 | 5000 |   40 |       0.35 |1585368243764 |     161 |   164.0 | 1,86 | mscp65.txt |   62 |
|10 |  700 | 5000 |   45 | 0.44444445 |1585368243764 |     161 |   164.0 | 1,86 | mscp65.txt |   74 |
|10 |  800 | 5000 |   45 | 0.42222223 |1585368243764 |     161 |   164.0 | 1,86 | mscp65.txt |   88 |
|10 |  900 | 5000 |   45 | 0.42222223 |1585368243764 |     161 |   164.0 | 1,86 | mscp65.txt |1,0e+02 |
|10 | 1000 | 5000 |   45 |       0.45 |1585368243764 |     161 |   164.0 | 1,86 | mscp65.txt |1,1e+02 |
|10 | 1100 | 5000 |   50 |       0.45 |1585368243764 |     161 |   164.0 | 1,86 | mscp65.txt |1,2e+02 |
|10 | 1200 | 5000 |   50 |       0.45 |1585368243764 |     161 |   164.0 | 1,86 | mscp65.txt |1,4e+02 |
|10 | 1300 | 5000 |   50 |       0.45 |1585368243764 |     161 |   164.0 | 1,86 | mscp65.txt |1,5e+02 |
|10 | 1400 | 5000 |   50 |       0.45 |1585368243764 |     161 |   164.0 | 1,86 | mscp65.txt |1,6e+02 |
|10 | 1500 | 5000 |   55 |       0.45 |1585368243764 |     161 |   164.0 | 1,86 | mscp65.txt |1,7e+02 |
|10 | 1600 | 5000 |   55 |       0.45 |1585368243764 |     161 |   164.0 | 1,86 | mscp65.txt |1,9e+02 |
|10 | 1700 | 5000 |   55 |       0.45 |1585368243764 |     161 |   164.0 | 1,86 | mscp65.txt |2,0e+02 |
|10 | 1800 | 5000 |   55 |       0.45 |1585368243764 |     161 |   164.0 | 1,86 | mscp65.txt |2,1e+02 |
|10 | 1900 | 5000 |   60 |       0.45 |1585368243764 |     161 |   164.0 | 1,86 | mscp65.txt |2,3e+02 |
|10 | 2000 | 5000 |   60 |       0.45 |1585368243764 |     161 |   164.0 | 1,86 | mscp65.txt |2,4e+02 |
|10 | 2100 | 5000 |   60 |       0.45 |1585368243764 |     161 |   164.0 | 1,86 | mscp65.txt |2,5e+02 |
|10 | 2200 | 5000 |   60 |       0.45 |1585368243764 |     161 |   164.0 | 1,86 | mscp65.txt |2,7e+02 |
|10 | 2300 | 5000 |   65 |       0.45 |1585368243764 |     161 |   164.0 | 1,86 | mscp65.txt |2,9e+02 |
|10 | 2400 | 5000 |   65 |       0.45 |1585368243764 |     161 |   164.0 | 1,86 | mscp65.txt |3,0e+02 |
|10 | 2500 | 5000 |   65 |       0.45 |1585368243764 |     161 |   164.0 | 1,86 | mscp65.txt |3,2e+02 |
|10 | 2600 | 5000 |   65 |       0.45 |1585368243764 |     161 |   164.0 | 1,86 | mscp65.txt |3,3e+02 |
|10 | 2700 | 5000 |   70 |       0.45 |1585368243764 |     161 |   164.0 | 1,86 | mscp65.txt |3,5e+02 |
|10 | 2800 | 5000 |   70 |       0.45 |1585368243764 |     161 |   164.0 | 1,86 | mscp65.txt |3,7e+02 |
|10 | 2900 | 5000 |   70 |       0.45 |1585368243764 |     161 |   164.0 | 1,86 | mscp65.txt |3,9e+02 |
|10 | 3000 | 5000 |   70 |       0.45 |1585368243764 |     161 |   164.0 | 1,86 | mscp65.txt |4,0e+02 |
|10 | 3100 | 5000 |   75 |       0.45 |1585368243764 |     161 |   164.0 | 1,86 | mscp65.txt |4,2e+02 |
|10 | 3200 | 5000 |   75 |       0.45 |1585368243764 |     161 |   164.0 | 1,86 | mscp65.txt |4,4e+02 |
|10 | 3300 | 5000 |   75 |       0.45 |1585368243764 |     161 |   164.0 | 1,86 | mscp65.txt |4,5e+02 |
|10 | 3400 | 5000 |   75 |       0.45 |1585368243764 |     161 |   164.0 | 1,86 | mscp65.txt |4,7e+02 |
|10 | 3500 | 5000 |   80 |       0.45 |1585368243764 |     161 |   164.0 | 1,86 | mscp65.txt |4,9e+02 |
|10 | 3600 | 5000 |   80 |       0.45 |1585368243764 |     161 |   164.0 | 1,86 | mscp65.txt |5,1e+02 |
|10 | 3700 | 5000 |   80 |       0.45 |1585368243764 |     161 |   164.0 | 1,86 | mscp65.txt |5,3e+02 |
|10 | 3800 | 5000 |   80 |       0.45 |1585368243764 |     161 |   164.0 | 1,86 | mscp65.txt |5,4e+02 |
|10 | 3900 | 5000 |   85 |       0.45 |1585368243764 |     161 |   164.0 | 1,86 | mscp65.txt |5,6e+02 |
|10 | 4000 | 5000 |   85 |       0.45 |1585368243764 |     161 |   164.0 | 1,86 | mscp65.txt |5,8e+02 |
|10 | 4100 | 5000 |   85 |       0.45 |1585368243764 |     161 |   164.0 | 1,86 | mscp65.txt |6,0e+02 |
|10 | 4200 | 5000 |   85 |       0.45 |1585368243764 |     161 |   164.0 | 1,86 | mscp65.txt |6,3e+02 |
|10 | 4300 | 5000 |   90 |       0.45 |1585368243764 |     161 |   164.0 | 1,86 | mscp65.txt |6,5e+02 |
|10 | 4400 | 5000 |   90 |       0.45 |1585368243764 |     161 |   164.0 | 1,86 | mscp65.txt |6,7e+02 |
|10 | 4500 | 5000 |   90 |       0.45 |1585368243764 |     161 |   164.0 | 1,86 | mscp65.txt |6,9e+02 |
|10 | 4600 | 5000 |   90 |       0.45 |1585368243764 |     161 |   164.0 | 1,86 | mscp65.txt |7,0e+02 |
|10 | 4700 | 5000 |   95 |       0.45 |1585368243764 |     161 |   164.0 | 1,86 | mscp65.txt |7,2e+02 |
|10 | 4800 | 5000 |   95 |       0.45 |1585368243764 |     161 |   164.0 | 1,86 | mscp65.txt |7,4e+02 |
|10 | 4900 | 5000 |   95 |       0.45 |1585368243764 |     161 |   164.0 | 1,86 | mscp65.txt |7,6e+02 |
|10 | 5000 | 5000 |   95 |       0.45 |1585368243764 |     161 |   164.0 | 1,86 | mscp65.txt |7,8e+02 |
|10 |  200 | 5000 |  100 |       0.45 |1585368243764 |     161 |   164.0 | 1,86 | mscp65.txt |7,8e+02 |
|11 |    1 | 5000 |   35 |       0.25 |1585369024609 |     161 |   255.0 |58,39 | mscp65.txt |0,045 |
|11 |  100 | 5000 |   35 |       0.45 |1585369024609 |     161 |   194.0 |20,50 | mscp65.txt |  9,2 |
|11 |  200 | 5000 |   35 |  0.2857143 |1585369024609 |     161 |   178.0 |10,56 | mscp65.txt |   18 |
|11 |  300 | 5000 |   35 |       0.45 |1585369024609 |     161 |   177.0 | 9,94 | mscp65.txt |   27 |
|11 |  400 | 5000 |   35 | 0.34285715 |1585369024609 |     161 |   175.0 | 8,70 | mscp65.txt |   39 |
|11 |  500 | 5000 |   40 |       0.45 |1585369024609 |     161 |   171.0 | 6,21 | mscp65.txt |   50 |
|11 |  600 | 5000 |   40 |       0.45 |1585369024609 |     161 |   170.0 | 5,59 | mscp65.txt |   62 |
|11 |  700 | 5000 |   40 |       0.45 |1585369024609 |     161 |   168.0 | 4,35 | mscp65.txt |   79 |
|11 |  800 | 5000 |   40 |       0.45 |1585369024609 |     161 |   167.0 | 3,73 | mscp65.txt |   90 |
|11 |  900 | 5000 |   45 |       0.45 |1585369024609 |     161 |   166.0 | 3,11 | mscp65.txt |1,0e+02 |
|11 | 1000 | 5000 |   45 |       0.45 |1585369024609 |     161 |   165.0 | 2,48 | mscp65.txt |1,2e+02 |
|11 | 1100 | 5000 |   45 |       0.45 |1585369024609 |     161 |   165.0 | 2,48 | mscp65.txt |1,3e+02 |
|11 | 1200 | 5000 |   45 |       0.45 |1585369024609 |     161 |   165.0 | 2,48 | mscp65.txt |1,5e+02 |
|11 | 1300 | 5000 |   50 |       0.45 |1585369024609 |     161 |   165.0 | 2,48 | mscp65.txt |1,6e+02 |
|11 | 1400 | 5000 |   50 |       0.45 |1585369024609 |     161 |   165.0 | 2,48 | mscp65.txt |1,8e+02 |
|11 | 1500 | 5000 |   50 |       0.45 |1585369024609 |     161 |   165.0 | 2,48 | mscp65.txt |2,0e+02 |
|11 | 1600 | 5000 |   50 |       0.45 |1585369024609 |     161 |   165.0 | 2,48 | mscp65.txt |2,1e+02 |
|11 | 1700 | 5000 |   55 |       0.45 |1585369024609 |     161 |   165.0 | 2,48 | mscp65.txt |2,3e+02 |
|11 | 1800 | 5000 |   55 |       0.45 |1585369024609 |     161 |   165.0 | 2,48 | mscp65.txt |2,5e+02 |
|11 | 1900 | 5000 |   55 |       0.45 |1585369024609 |     161 |   165.0 | 2,48 | mscp65.txt |2,6e+02 |
|11 | 2000 | 5000 |   55 |       0.45 |1585369024609 |     161 |   165.0 | 2,48 | mscp65.txt |2,8e+02 |
|11 | 2100 | 5000 |   60 |       0.45 |1585369024609 |     161 |   164.0 | 1,86 | mscp65.txt |3,0e+02 |
|11 | 2200 | 5000 |   60 |       0.45 |1585369024609 |     161 |   162.0 | 0,62 | mscp65.txt |3,2e+02 |
|11 | 2300 | 5000 |   60 |       0.45 |1585369024609 |     161 |   162.0 | 0,62 | mscp65.txt |3,4e+02 |
|11 | 2400 | 5000 |   60 |       0.45 |1585369024609 |     161 |   162.0 | 0,62 | mscp65.txt |3,6e+02 |
|11 | 2500 | 5000 |   65 |       0.45 |1585369024609 |     161 |   162.0 | 0,62 | mscp65.txt |3,8e+02 |
|11 | 2600 | 5000 |   65 |       0.45 |1585369024609 |     161 |   162.0 | 0,62 | mscp65.txt |4,0e+02 |
|11 | 2700 | 5000 |   65 |       0.45 |1585369024609 |     161 |   162.0 | 0,62 | mscp65.txt |4,2e+02 |
|11 | 2800 | 5000 |   65 |       0.45 |1585369024609 |     161 |   162.0 | 0,62 | mscp65.txt |4,4e+02 |
|11 | 2900 | 5000 |   70 |       0.45 |1585369024609 |     161 |   162.0 | 0,62 | mscp65.txt |4,7e+02 |
|11 | 3000 | 5000 |   70 |       0.45 |1585369024609 |     161 |   162.0 | 0,62 | mscp65.txt |4,9e+02 |
|11 |  200 | 5000 |   70 |       0.45 |1585369024609 |     161 |   161.0 | 0,00 | mscp65.txt |5,0e+02 |
|12 |    1 | 5000 |   35 |       0.25 |1585369520912 |     161 |   252.0 |56,52 | mscp65.txt |0,079 |
|12 |  100 | 5000 |   35 |        0.4 |1585369520912 |     161 |   177.0 | 9,94 | mscp65.txt |  9,0 |
|12 |  200 | 5000 |   35 | 0.31428573 |1585369520912 |     161 |   171.0 | 6,21 | mscp65.txt |   19 |
|12 |  300 | 5000 |   40 |       0.45 |1585369520912 |     161 |   171.0 | 6,21 | mscp65.txt |   30 |
|12 |  400 | 5000 |   40 |      0.325 |1585369520912 |     161 |   170.0 | 5,59 | mscp65.txt |   40 |
|12 |  500 | 5000 |   40 |        0.3 |1585369520912 |     161 |   170.0 | 5,59 | mscp65.txt |   49 |
|12 |  600 | 5000 |   40 |      0.325 |1585369520912 |     161 |   168.0 | 4,35 | mscp65.txt |   58 |
|12 |  700 | 5000 |   45 |       0.45 |1585369520912 |     161 |   168.0 | 4,35 | mscp65.txt |   70 |
|12 |  800 | 5000 |   45 | 0.44444445 |1585369520912 |     161 |   167.0 | 3,73 | mscp65.txt |   82 |
|12 |  900 | 5000 |   45 | 0.42222223 |1585369520912 |     161 |   167.0 | 3,73 | mscp65.txt |   96 |
|12 | 1000 | 5000 |   45 |       0.45 |1585369520912 |     161 |   167.0 | 3,73 | mscp65.txt |1,1e+02 |
|12 | 1100 | 5000 |   50 |       0.45 |1585369520912 |     161 |   165.0 | 2,48 | mscp65.txt |1,2e+02 |
|12 | 1200 | 5000 |   50 |       0.45 |1585369520912 |     161 |   165.0 | 2,48 | mscp65.txt |1,4e+02 |
|12 | 1300 | 5000 |   50 |       0.45 |1585369520912 |     161 |   165.0 | 2,48 | mscp65.txt |1,5e+02 |
|12 | 1400 | 5000 |   50 |       0.45 |1585369520912 |     161 |   165.0 | 2,48 | mscp65.txt |1,7e+02 |
|12 | 1500 | 5000 |   55 |       0.45 |1585369520912 |     161 |   165.0 | 2,48 | mscp65.txt |1,8e+02 |
|12 | 1600 | 5000 |   55 |       0.45 |1585369520912 |     161 |   165.0 | 2,48 | mscp65.txt |2,0e+02 |
|12 | 1700 | 5000 |   55 |       0.45 |1585369520912 |     161 |   165.0 | 2,48 | mscp65.txt |2,2e+02 |
|12 | 1800 | 5000 |   55 |       0.45 |1585369520912 |     161 |   165.0 | 2,48 | mscp65.txt |2,3e+02 |
|12 | 1900 | 5000 |   60 |       0.45 |1585369520912 |     161 |   165.0 | 2,48 | mscp65.txt |2,5e+02 |
|12 | 2000 | 5000 |   60 |       0.45 |1585369520912 |     161 |   165.0 | 2,48 | mscp65.txt |2,7e+02 |
|12 | 2100 | 5000 |   60 |       0.45 |1585369520912 |     161 |   165.0 | 2,48 | mscp65.txt |2,8e+02 |
|12 | 2200 | 5000 |   60 |        0.4 |1585369520912 |     161 |   165.0 | 2,48 | mscp65.txt |3,0e+02 |
|12 | 2300 | 5000 |   65 |       0.45 |1585369520912 |     161 |   165.0 | 2,48 | mscp65.txt |3,1e+02 |
|12 | 2400 | 5000 |   65 |       0.45 |1585369520912 |     161 |   164.0 | 1,86 | mscp65.txt |3,2e+02 |
|12 | 2500 | 5000 |   65 |       0.45 |1585369520912 |     161 |   164.0 | 1,86 | mscp65.txt |3,3e+02 |
|12 | 2600 | 5000 |   65 |       0.45 |1585369520912 |     161 |   164.0 | 1,86 | mscp65.txt |3,4e+02 |
|12 | 2700 | 5000 |   70 |       0.45 |1585369520912 |     161 |   164.0 | 1,86 | mscp65.txt |3,6e+02 |
|12 | 2800 | 5000 |   70 |       0.45 |1585369520912 |     161 |   164.0 | 1,86 | mscp65.txt |3,7e+02 |
|12 | 2900 | 5000 |   70 |       0.45 |1585369520912 |     161 |   164.0 | 1,86 | mscp65.txt |3,8e+02 |
|12 | 3000 | 5000 |   70 |       0.45 |1585369520912 |     161 |   164.0 | 1,86 | mscp65.txt |4,0e+02 |
|12 | 3100 | 5000 |   75 |       0.45 |1585369520912 |     161 |   164.0 | 1,86 | mscp65.txt |4,1e+02 |
|12 | 3200 | 5000 |   75 |       0.45 |1585369520912 |     161 |   164.0 | 1,86 | mscp65.txt |4,3e+02 |
|12 | 3300 | 5000 |   75 |       0.45 |1585369520912 |     161 |   164.0 | 1,86 | mscp65.txt |4,5e+02 |
|12 | 3400 | 5000 |   75 |       0.45 |1585369520912 |     161 |   164.0 | 1,86 | mscp65.txt |4,6e+02 |
|12 | 3500 | 5000 |   80 |       0.45 |1585369520912 |     161 |   164.0 | 1,86 | mscp65.txt |4,8e+02 |
|12 | 3600 | 5000 |   80 |       0.45 |1585369520912 |     161 |   164.0 | 1,86 | mscp65.txt |5,0e+02 |
|12 | 3700 | 5000 |   80 |       0.45 |1585369520912 |     161 |   164.0 | 1,86 | mscp65.txt |5,1e+02 |
|12 | 3800 | 5000 |   80 |       0.45 |1585369520912 |     161 |   164.0 | 1,86 | mscp65.txt |5,3e+02 |
|12 | 3900 | 5000 |   85 |       0.45 |1585369520912 |     161 |   164.0 | 1,86 | mscp65.txt |5,5e+02 |
|12 | 4000 | 5000 |   85 |       0.45 |1585369520912 |     161 |   164.0 | 1,86 | mscp65.txt |5,7e+02 |
|12 | 4100 | 5000 |   85 |       0.45 |1585369520912 |     161 |   164.0 | 1,86 | mscp65.txt |5,9e+02 |
|12 | 4200 | 5000 |   85 |       0.45 |1585369520912 |     161 |   164.0 | 1,86 | mscp65.txt |6,1e+02 |
|12 | 4300 | 5000 |   90 |       0.45 |1585369520912 |     161 |   164.0 | 1,86 | mscp65.txt |6,3e+02 |
|12 | 4400 | 5000 |   90 |       0.45 |1585369520912 |     161 |   164.0 | 1,86 | mscp65.txt |6,5e+02 |
|12 | 4500 | 5000 |   90 |       0.45 |1585369520912 |     161 |   164.0 | 1,86 | mscp65.txt |6,7e+02 |
|12 | 4600 | 5000 |   90 |       0.45 |1585369520912 |     161 |   164.0 | 1,86 | mscp65.txt |6,9e+02 |
|12 | 4700 | 5000 |   95 |       0.45 |1585369520912 |     161 |   164.0 | 1,86 | mscp65.txt |7,1e+02 |
|12 | 4800 | 5000 |   95 |       0.45 |1585369520912 |     161 |   164.0 | 1,86 | mscp65.txt |7,4e+02 |
|12 | 4900 | 5000 |   95 |       0.45 |1585369520912 |     161 |   164.0 | 1,86 | mscp65.txt |7,6e+02 |
|12 | 5000 | 5000 |   95 |       0.45 |1585369520912 |     161 |   164.0 | 1,86 | mscp65.txt |7,8e+02 |
|12 |  200 | 5000 |  100 |       0.45 |1585369520912 |     161 |   164.0 | 1,86 | mscp65.txt |7,8e+02 |
|13 |    1 | 5000 |   35 |       0.25 |1585370300912 |     161 |   259.0 |60,87 | mscp65.txt |0,035 |
|13 |  100 | 5000 |   35 | 0.42857143 |1585370300912 |     161 |   199.0 |23,60 | mscp65.txt |  8,8 |
|13 |  200 | 5000 |   35 | 0.42857143 |1585370300912 |     161 |   187.0 |16,15 | mscp65.txt |   18 |
|13 |  300 | 5000 |   35 |       0.45 |1585370300912 |     161 |   187.0 |16,15 | mscp65.txt |   27 |
|13 |  400 | 5000 |   35 | 0.31428573 |1585370300912 |     161 |   171.0 | 6,21 | mscp65.txt |   36 |
|13 |  500 | 5000 |   40 |       0.45 |1585370300912 |     161 |   166.0 | 3,11 | mscp65.txt |   50 |
|13 |  600 | 5000 |   40 |       0.45 |1585370300912 |     161 |   166.0 | 3,11 | mscp65.txt |   64 |
|13 |  700 | 5000 |   40 |       0.45 |1585370300912 |     161 |   166.0 | 3,11 | mscp65.txt |   77 |
|13 |  800 | 5000 |   40 |       0.45 |1585370300912 |     161 |   166.0 | 3,11 | mscp65.txt |   89 |
|13 |  900 | 5000 |   45 |       0.45 |1585370300912 |     161 |   166.0 | 3,11 | mscp65.txt |1,0e+02 |
|13 | 1000 | 5000 |   45 |       0.45 |1585370300912 |     161 |   166.0 | 3,11 | mscp65.txt |1,2e+02 |
|13 | 1100 | 5000 |   45 |       0.45 |1585370300912 |     161 |   164.0 | 1,86 | mscp65.txt |1,3e+02 |
|13 | 1200 | 5000 |   45 |       0.45 |1585370300912 |     161 |   164.0 | 1,86 | mscp65.txt |1,5e+02 |
|13 | 1300 | 5000 |   50 |       0.45 |1585370300912 |     161 |   164.0 | 1,86 | mscp65.txt |1,6e+02 |
|13 | 1400 | 5000 |   50 |       0.45 |1585370300912 |     161 |   163.0 | 1,24 | mscp65.txt |1,8e+02 |
|13 | 1500 | 5000 |   50 |       0.45 |1585370300912 |     161 |   163.0 | 1,24 | mscp65.txt |1,9e+02 |
|13 | 1600 | 5000 |   50 |       0.45 |1585370300912 |     161 |   163.0 | 1,24 | mscp65.txt |2,1e+02 |
|13 | 1700 | 5000 |   55 |       0.45 |1585370300912 |     161 |   163.0 | 1,24 | mscp65.txt |2,3e+02 |
|13 |  200 | 5000 |   55 |       0.45 |1585370300912 |     161 |   161.0 | 0,00 | mscp65.txt |2,4e+02 |
|14 |    1 | 5000 |   35 |       0.25 |1585370540985 |     161 |   246.0 |52,80 | mscp65.txt |0,067 |
|14 |  100 | 5000 |   35 | 0.42857143 |1585370540985 |     161 |   184.0 |14,29 | mscp65.txt |  9,7 |
|14 |  200 | 5000 |   35 | 0.42857143 |1585370540985 |     161 |   178.0 |10,56 | mscp65.txt |   18 |
|14 |  300 | 5000 |   35 |       0.45 |1585370540985 |     161 |   173.0 | 7,45 | mscp65.txt |   28 |
|14 |  400 | 5000 |   40 |       0.45 |1585370540985 |     161 |   168.0 | 4,35 | mscp65.txt |   40 |
|14 |  500 | 5000 |   40 |       0.45 |1585370540985 |     161 |   168.0 | 4,35 | mscp65.txt |   52 |
|14 |  600 | 5000 |   40 |       0.45 |1585370540985 |     161 |   168.0 | 4,35 | mscp65.txt |   65 |
|14 |  700 | 5000 |   40 |       0.45 |1585370540985 |     161 |   168.0 | 4,35 | mscp65.txt |   78 |
|14 |  800 | 5000 |   45 |       0.45 |1585370540985 |     161 |   168.0 | 4,35 | mscp65.txt |   92 |
|14 |  900 | 5000 |   45 | 0.33333334 |1585370540985 |     161 |   166.0 | 3,11 | mscp65.txt |1,0e+02 |
|14 | 1000 | 5000 |   45 | 0.26666668 |1585370540985 |     161 |   164.0 | 1,86 | mscp65.txt |1,2e+02 |
|14 | 1100 | 5000 |   45 | 0.26666668 |1585370540985 |     161 |   164.0 | 1,86 | mscp65.txt |1,3e+02 |
|14 | 1200 | 5000 |   50 |       0.42 |1585370540985 |     161 |   164.0 | 1,86 | mscp65.txt |1,5e+02 |
|14 | 1300 | 5000 |   50 |       0.38 |1585370540985 |     161 |   164.0 | 1,86 | mscp65.txt |1,6e+02 |
|14 | 1400 | 5000 |   50 |       0.42 |1585370540985 |     161 |   164.0 | 1,86 | mscp65.txt |1,8e+02 |
|14 | 1500 | 5000 |   50 |       0.42 |1585370540985 |     161 |   164.0 | 1,86 | mscp65.txt |1,9e+02 |
|14 | 1600 | 5000 |   55 |       0.45 |1585370540985 |     161 |   164.0 | 1,86 | mscp65.txt |2,1e+02 |
|14 | 1700 | 5000 |   55 |       0.45 |1585370540985 |     161 |   164.0 | 1,86 | mscp65.txt |2,2e+02 |
|14 | 1800 | 5000 |   55 |        0.4 |1585370540985 |     161 |   164.0 | 1,86 | mscp65.txt |2,4e+02 |
|14 | 1900 | 5000 |   55 |        0.4 |1585370540985 |     161 |   164.0 | 1,86 | mscp65.txt |2,5e+02 |
|14 | 2000 | 5000 |   60 |        0.4 |1585370540985 |     161 |   164.0 | 1,86 | mscp65.txt |2,7e+02 |
|14 | 2100 | 5000 |   60 |        0.4 |1585370540985 |     161 |   164.0 | 1,86 | mscp65.txt |2,8e+02 |
|14 | 2200 | 5000 |   60 |        0.4 |1585370540985 |     161 |   164.0 | 1,86 | mscp65.txt |3,0e+02 |
|14 | 2300 | 5000 |   60 | 0.36666667 |1585370540985 |     161 |   164.0 | 1,86 | mscp65.txt |3,1e+02 |
|14 | 2400 | 5000 |   65 | 0.41538462 |1585370540985 |     161 |   164.0 | 1,86 | mscp65.txt |3,3e+02 |
|14 | 2500 | 5000 |   65 | 0.41538462 |1585370540985 |     161 |   164.0 | 1,86 | mscp65.txt |3,5e+02 |
|14 | 2600 | 5000 |   65 | 0.43076923 |1585370540985 |     161 |   164.0 | 1,86 | mscp65.txt |3,7e+02 |
|14 | 2700 | 5000 |   65 |       0.45 |1585370540985 |     161 |   164.0 | 1,86 | mscp65.txt |3,8e+02 |
|14 | 2800 | 5000 |   70 |       0.45 |1585370540985 |     161 |   164.0 | 1,86 | mscp65.txt |4,0e+02 |
|14 | 2900 | 5000 |   70 |       0.45 |1585370540985 |     161 |   164.0 | 1,86 | mscp65.txt |4,1e+02 |
|14 | 3000 | 5000 |   70 |       0.45 |1585370540985 |     161 |   164.0 | 1,86 | mscp65.txt |4,3e+02 |
|14 | 3100 | 5000 |   70 |       0.45 |1585370540985 |     161 |   164.0 | 1,86 | mscp65.txt |4,5e+02 |
|14 | 3200 | 5000 |   75 |       0.45 |1585370540985 |     161 |   164.0 | 1,86 | mscp65.txt |4,6e+02 |
|14 | 3300 | 5000 |   75 |       0.45 |1585370540985 |     161 |   164.0 | 1,86 | mscp65.txt |4,8e+02 |
|14 | 3400 | 5000 |   75 |       0.45 |1585370540985 |     161 |   164.0 | 1,86 | mscp65.txt |5,0e+02 |
|14 | 3500 | 5000 |   75 |       0.45 |1585370540985 |     161 |   164.0 | 1,86 | mscp65.txt |5,1e+02 |
|14 | 3600 | 5000 |   80 |       0.45 |1585370540985 |     161 |   164.0 | 1,86 | mscp65.txt |5,3e+02 |
|14 | 3700 | 5000 |   80 |       0.45 |1585370540985 |     161 |   164.0 | 1,86 | mscp65.txt |5,6e+02 |
|14 | 3800 | 5000 |   80 |       0.45 |1585370540985 |     161 |   164.0 | 1,86 | mscp65.txt |5,7e+02 |
|14 | 3900 | 5000 |   80 |       0.45 |1585370540985 |     161 |   164.0 | 1,86 | mscp65.txt |5,9e+02 |
|14 | 4000 | 5000 |   85 |       0.45 |1585370540985 |     161 |   164.0 | 1,86 | mscp65.txt |6,1e+02 |
|14 | 4100 | 5000 |   85 |       0.45 |1585370540985 |     161 |   164.0 | 1,86 | mscp65.txt |6,3e+02 |
|14 | 4200 | 5000 |   85 |       0.45 |1585370540985 |     161 |   164.0 | 1,86 | mscp65.txt |6,5e+02 |
|14 | 4300 | 5000 |   85 |       0.45 |1585370540985 |     161 |   164.0 | 1,86 | mscp65.txt |6,7e+02 |
|14 | 4400 | 5000 |   90 |       0.45 |1585370540985 |     161 |   164.0 | 1,86 | mscp65.txt |6,9e+02 |
|14 | 4500 | 5000 |   90 |       0.45 |1585370540985 |     161 |   164.0 | 1,86 | mscp65.txt |7,2e+02 |
|14 | 4600 | 5000 |   90 |       0.45 |1585370540985 |     161 |   164.0 | 1,86 | mscp65.txt |7,4e+02 |
|14 | 4700 | 5000 |   90 |       0.45 |1585370540985 |     161 |   164.0 | 1,86 | mscp65.txt |7,6e+02 |
|14 | 4800 | 5000 |   95 |       0.45 |1585370540985 |     161 |   164.0 | 1,86 | mscp65.txt |7,8e+02 |
|14 | 4900 | 5000 |   95 |       0.45 |1585370540985 |     161 |   164.0 | 1,86 | mscp65.txt |8,0e+02 |
|14 | 5000 | 5000 |   95 |       0.45 |1585370540985 |     161 |   164.0 | 1,86 | mscp65.txt |8,2e+02 |
|14 |  200 | 5000 |   95 |       0.45 |1585370540985 |     161 |   164.0 | 1,86 | mscp65.txt |8,2e+02 |
|15 |    1 | 5000 |   35 |       0.25 |1585371364304 |     161 |   244.0 |51,55 | mscp65.txt |0,042 |
|15 |  100 | 5000 |   35 | 0.37142858 |1585371364304 |     161 |   188.0 |16,77 | mscp65.txt |   11 |
|15 |  200 | 5000 |   40 |       0.45 |1585371364304 |     161 |   170.0 | 5,59 | mscp65.txt |   27 |
|15 |  300 | 5000 |   40 |       0.45 |1585371364304 |     161 |   167.0 | 3,73 | mscp65.txt |   42 |
|15 |  400 | 5000 |   40 |       0.45 |1585371364304 |     161 |   165.0 | 2,48 | mscp65.txt |   53 |
|15 |  500 | 5000 |   40 |      0.425 |1585371364304 |     161 |   164.0 | 1,86 | mscp65.txt |   67 |
|15 |  600 | 5000 |   45 |       0.45 |1585371364304 |     161 |   164.0 | 1,86 | mscp65.txt |   82 |
|15 |  700 | 5000 |   45 |       0.45 |1585371364304 |     161 |   164.0 | 1,86 | mscp65.txt |   98 |
|15 |  800 | 5000 |   45 |       0.45 |1585371364304 |     161 |   164.0 | 1,86 | mscp65.txt |1,1e+02 |
|15 |  900 | 5000 |   45 |       0.45 |1585371364304 |     161 |   164.0 | 1,86 | mscp65.txt |1,3e+02 |
|15 | 1000 | 5000 |   50 |       0.45 |1585371364304 |     161 |   164.0 | 1,86 | mscp65.txt |1,5e+02 |
|15 | 1100 | 5000 |   50 |       0.45 |1585371364304 |     161 |   164.0 | 1,86 | mscp65.txt |1,6e+02 |
|15 | 1200 | 5000 |   50 |       0.45 |1585371364304 |     161 |   164.0 | 1,86 | mscp65.txt |1,8e+02 |
|15 | 1300 | 5000 |   50 |       0.45 |1585371364304 |     161 |   164.0 | 1,86 | mscp65.txt |1,9e+02 |
|15 | 1400 | 5000 |   55 |       0.45 |1585371364304 |     161 |   164.0 | 1,86 | mscp65.txt |2,1e+02 |
|15 | 1500 | 5000 |   55 |       0.45 |1585371364304 |     161 |   163.0 | 1,24 | mscp65.txt |2,3e+02 |
|15 |  200 | 5000 |   55 |       0.45 |1585371364304 |     161 |   161.0 | 0,00 | mscp65.txt |2,3e+02 |
