| # |    #ITER | #IterMAX | Nest |      %Desc |      semilla | BestFit |GottedFit |  RDP |  instancia | time |
-------------------------------------------------------------------------------------------------
| 1 |    1 | 3000 |   30 |       0.25 |1578704651962 |     236 |   351.0 |48,73 | mscpa5.txt |0,094 |
| 1 |  100 | 3000 |   30 | 0.27843308 |1578704651962 |     236 |   301.0 |27,54 | mscpa5.txt |  7,5 |
| 1 |  200 | 3000 |   30 | 0.23694241 |1578704651962 |     236 |   282.0 |19,49 | mscpa5.txt |   15 |
| 1 |  300 | 3000 |   30 | 0.24394268 |1578704651962 |     236 |   274.0 |16,10 | mscpa5.txt |   23 |
| 1 |  400 | 3000 |   30 |  0.2569049 |1578704651962 |     236 |   264.0 |11,86 | mscpa5.txt |   30 |
| 2 |    1 | 3000 |   30 |       0.25 |1578705209594 |     236 |   364.0 |54,24 | mscpa5.txt | 0,11 |
| 2 |  100 | 3000 |   30 | 0.22111839 |1578705209594 |     236 |   298.0 |26,27 | mscpa5.txt |  7,6 |
| 2 |  200 | 3000 |   30 |   0.330006 |1578705209594 |     236 |   289.0 |22,46 | mscpa5.txt |   15 |
| 3 |    1 | 3000 |   30 |       0.25 |1578705902001 |     236 |   352.0 |49,15 | mscpa5.txt |0,097 |
| 3 |  100 | 3000 |   30 | 0.22142932 |1578705902001 |     236 |   307.0 |30,08 | mscpa5.txt |  7,3 |
| 3 |  200 | 3000 |   30 | 0.21081632 |1578705902001 |     236 |   290.0 |22,88 | mscpa5.txt |   15 |
| 3 |  300 | 3000 |   30 | 0.19883452 |1578705902001 |     236 |   273.0 |15,68 | mscpa5.txt |   22 |
| 3 |  400 | 3000 |   30 | 0.28010824 |1578705902001 |     236 |   269.0 |13,98 | mscpa5.txt |   29 |
| 4 |    1 | 3000 |   30 |       0.25 |1578706509864 |     236 |   330.0 |39,83 | mscpa5.txt |0,098 |
| 4 |  100 | 3000 |   30 | 0.21343791 |1578706509864 |     236 |   311.0 |31,78 | mscpa5.txt |  7,4 |
| 4 |  200 | 3000 |   30 | 0.30045962 |1578706509864 |     236 |   291.0 |23,31 | mscpa5.txt |   15 |
| 5 |    1 | 3000 |   30 |       0.25 |1578707285731 |     236 |   368.0 |55,93 | mscpa5.txt | 0,10 |
| 5 |  100 | 3000 |   30 | 0.24966858 |1578707285731 |     236 |   288.0 |22,03 | mscpa5.txt |  7,6 |
| 5 |  200 | 3000 |   30 |  0.2236801 |1578707285731 |     236 |   281.0 |19,07 | mscpa5.txt |   15 |
| 5 |  300 | 3000 |   30 | 0.20478724 |1578707285731 |     236 |   269.0 |13,98 | mscpa5.txt |   23 |
| 5 |  400 | 3000 |   30 | 0.22730139 |1578707285731 |     236 |   261.0 |10,59 | mscpa5.txt |   30 |
| 6 |    1 | 3000 |   30 |       0.25 |1578707973201 |     236 |   368.0 |55,93 | mscpa5.txt |0,092 |
| 6 |  100 | 3000 |   30 |  0.2592268 |1578707973201 |     236 |   324.0 |37,29 | mscpa5.txt |  7,2 |
| 6 |  200 | 3000 |   30 | 0.20223351 |1578707973201 |     236 |   324.0 |37,29 | mscpa5.txt |   14 |
| 7 |    1 | 3000 |   30 |       0.25 |1578708409479 |     236 |   390.0 |65,25 | mscpa5.txt |0,093 |
| 7 |  100 | 3000 |   30 |  0.2311828 |1578708409479 |     236 |   293.0 |24,15 | mscpa5.txt |  7,1 |
| 7 |  200 | 3000 |   30 |  0.2376729 |1578708409479 |     236 |   281.0 |19,07 | mscpa5.txt |   14 |
| 8 |    1 | 3000 |   30 |       0.25 |1578708581791 |     236 |   362.0 |53,39 | mscpa5.txt |0,095 |
| 8 |  100 | 3000 |   30 | 0.22273856 |1578708581791 |     236 |   312.0 |32,20 | mscpa5.txt |  7,0 |
| 8 |  200 | 3000 |   30 |  0.2246822 |1578708581791 |     236 |   296.0 |25,42 | mscpa5.txt |   14 |
| 8 |  300 | 3000 |   30 | 0.24082951 |1578708581791 |     236 |   280.0 |18,64 | mscpa5.txt |   21 |
| 9 |    1 | 3000 |   30 |       0.25 |1578708634250 |     236 |   372.0 |57,63 | mscpa5.txt |0,094 |
| 9 |  100 | 3000 |   30 | 0.21461657 |1578708634250 |     236 |   298.0 |26,27 | mscpa5.txt |  7,5 |
|10 |    1 | 3000 |   30 |       0.25 |1578709390973 |     236 |   353.0 |49,58 | mscpa5.txt |0,096 |
|10 |  100 | 3000 |   30 | 0.23600845 |1578709390973 |     236 |   313.0 |32,63 | mscpa5.txt |  7,3 |
|10 |  200 | 3000 |   30 | 0.30236486 |1578709390973 |     236 |   304.0 |28,81 | mscpa5.txt |   15 |
|10 |  300 | 3000 |   30 | 0.28261945 |1578709390973 |     236 |   284.0 |20,34 | mscpa5.txt |   22 |
|11 |    1 | 3000 |   30 |       0.25 |1578709969938 |     236 |   360.0 |52,54 | mscpa5.txt |0,086 |
|11 |  100 | 3000 |   30 | 0.23411551 |1578709969938 |     236 |   304.0 |28,81 | mscpa5.txt |  7,2 |
|12 |    1 | 3000 |   30 |       0.25 |1578710647376 |     236 |   337.0 |42,80 | mscpa5.txt |0,096 |
|12 |  100 | 3000 |   30 | 0.23111443 |1578710647376 |     236 |   293.0 |24,15 | mscpa5.txt |  7,3 |
|12 |  200 | 3000 |   30 | 0.23419614 |1578710647376 |     236 |   286.0 |21,19 | mscpa5.txt |   15 |
|12 |  300 | 3000 |   30 | 0.23501125 |1578710647376 |     236 |   272.0 |15,25 | mscpa5.txt |   22 |
|13 |    1 | 3000 |   30 |       0.25 |1578710924404 |     236 |   368.0 |55,93 | mscpa5.txt | 0,10 |
|13 |  100 | 3000 |   30 | 0.19162674 |1578710924404 |     236 |   285.0 |20,76 | mscpa5.txt |  7,4 |
|13 |  200 | 3000 |   30 | 0.27961376 |1578710924404 |     236 |   276.0 |16,95 | mscpa5.txt |   15 |
|13 |  300 | 3000 |   30 | 0.29505742 |1578710924404 |     236 |   275.0 |16,53 | mscpa5.txt |   23 |
|14 |    1 | 3000 |   30 |       0.25 |1578711593237 |     236 |   393.0 |66,53 | mscpa5.txt |0,099 |
|14 |  100 | 3000 |   30 | 0.22674663 |1578711593237 |     236 |   309.0 |30,93 | mscpa5.txt |  7,4 |
|15 |    1 | 3000 |   30 |       0.25 |1578712509438 |     236 |   350.0 |48,31 | mscpa5.txt |0,092 |
|15 |  100 | 3000 |   30 | 0.18382503 |1578712509438 |     236 |   299.0 |26,69 | mscpa5.txt |  7,3 |
|15 |  200 | 3000 |   30 | 0.18480347 |1578712509438 |     236 |   279.0 |18,22 | mscpa5.txt |   15 |
|15 |  300 | 3000 |   30 |  0.2498618 |1578712509438 |     236 |   268.0 |13,56 | mscpa5.txt |   21 |
|16 |    1 | 3000 |   30 |       0.25 |1578713293694 |     236 |   372.0 |57,63 | mscpa5.txt |0,093 |
|16 |  100 | 3000 |   30 | 0.19104016 |1578713293694 |     236 |   301.0 |27,54 | mscpa5.txt |  7,3 |
|17 |    1 | 3000 |   30 |       0.25 |1578714068077 |     236 |   385.0 |63,14 | mscpa5.txt | 0,10 |
|17 |  100 | 3000 |   30 |  0.2020992 |1578714068077 |     236 |   312.0 |32,20 | mscpa5.txt |  7,3 |
|17 |  200 | 3000 |   30 | 0.20353982 |1578714068077 |     236 |   299.0 |26,69 | mscpa5.txt |   15 |
|17 |  300 | 3000 |   30 | 0.20484604 |1578714068077 |     236 |   276.0 |16,95 | mscpa5.txt |   22 |
|18 |    1 | 3000 |   30 |       0.25 |1578714642297 |     236 |   381.0 |61,44 | mscpa5.txt |0,092 |
|18 |  100 | 3000 |   30 | 0.20195505 |1578714642297 |     236 |   307.0 |30,08 | mscpa5.txt |  7,1 |
|19 |    1 | 3000 |   30 |       0.25 |1578715595856 |     236 |   379.0 |60,59 | mscpa5.txt |0,095 |
|19 |  100 | 3000 |   30 | 0.22374713 |1578715595856 |     236 |   307.0 |30,08 | mscpa5.txt |  7,0 |
|19 |  200 | 3000 |   30 | 0.20448576 |1578715595856 |     236 |   298.0 |26,27 | mscpa5.txt |   14 |
|19 |  300 | 3000 |   30 | 0.20144753 |1578715595856 |     236 |   286.0 |21,19 | mscpa5.txt |   21 |
|20 |    1 | 3000 |   30 |       0.25 |1578715860316 |     236 |   380.0 |61,02 | mscpa5.txt |0,083 |
|20 |  100 | 3000 |   30 | 0.21867168 |1578715860316 |     236 |   307.0 |30,08 | mscpa5.txt |  6,9 |
|20 |  200 | 3000 |   30 | 0.21181452 |1578715860316 |     236 |   303.0 |28,39 | mscpa5.txt |   14 |
|20 |  300 | 3000 |   30 | 0.30859646 |1578715860316 |     236 |   295.0 |25,00 | mscpa5.txt |   21 |
|21 |    1 | 3000 |   30 |       0.25 |1578716505781 |     236 |   339.0 |43,64 | mscpa5.txt |0,099 |
|21 |  100 | 3000 |   30 | 0.22451791 |1578716505781 |     236 |   303.0 |28,39 | mscpa5.txt |  6,9 |
|21 |  200 | 3000 |   30 | 0.21220513 |1578716505781 |     236 |   292.0 |23,73 | mscpa5.txt |   14 |
|22 |    1 | 3000 |   30 |       0.25 |1578717193484 |     236 |   353.0 |49,58 | mscpa5.txt | 0,10 |
|22 |  100 | 3000 |   30 | 0.19057253 |1578717193484 |     236 |   307.0 |30,08 | mscpa5.txt |  6,9 |
|22 |  200 | 3000 |   30 | 0.20089787 |1578717193484 |     236 |   283.0 |19,92 | mscpa5.txt |   14 |
|22 |  300 | 3000 |   30 | 0.19753958 |1578717193484 |     236 |   280.0 |18,64 | mscpa5.txt |   21 |
|22 |  400 | 3000 |   30 | 0.18372256 |1578717193484 |     236 |   269.0 |13,98 | mscpa5.txt |   27 |
|23 |    1 | 3000 |   30 |       0.25 |1578717744719 |     236 |   375.0 |58,90 | mscpa5.txt |0,098 |
|23 |  100 | 3000 |   30 | 0.21692355 |1578717744719 |     236 |   311.0 |31,78 | mscpa5.txt |  7,0 |
|23 |  200 | 3000 |   30 | 0.31303746 |1578717744719 |     236 |   295.0 |25,00 | mscpa5.txt |   14 |
|23 |  300 | 3000 |   30 | 0.21970624 |1578717744719 |     236 |   291.0 |23,31 | mscpa5.txt |   21 |
|24 |    1 | 3000 |   30 |       0.25 |1578718393407 |     236 |   343.0 |45,34 | mscpa5.txt |0,088 |
|24 |  100 | 3000 |   30 |  0.2067727 |1578718393407 |     236 |   306.0 |29,66 | mscpa5.txt |  6,9 |
|24 |  200 | 3000 |   30 | 0.21347857 |1578718393407 |     236 |   304.0 |28,81 | mscpa5.txt |   14 |
|24 |  300 | 3000 |   30 | 0.20743479 |1578718393407 |     236 |   287.0 |21,61 | mscpa5.txt |   21 |
|24 |  400 | 3000 |   30 | 0.22232616 |1578718393407 |     236 |   282.0 |19,49 | mscpa5.txt |   28 |
|25 |    1 | 3000 |   30 |       0.25 |1578719088689 |     236 |   379.0 |60,59 | mscpa5.txt |0,091 |
|25 |  100 | 3000 |   30 | 0.18937284 |1578719088689 |     236 |   300.0 |27,12 | mscpa5.txt |  6,9 |
|25 |  200 | 3000 |   30 | 0.24314992 |1578719088689 |     236 |   285.0 |20,76 | mscpa5.txt |   14 |
|26 |    1 | 3000 |   30 |       0.25 |1578719357250 |     236 |   383.0 |62,29 | mscpa5.txt |0,094 |
|26 |  100 | 3000 |   30 | 0.23096287 |1578719357250 |     236 |   308.0 |30,51 | mscpa5.txt |  6,9 |
|26 |  200 | 3000 |   30 | 0.25882468 |1578719357250 |     236 |   304.0 |28,81 | mscpa5.txt |   14 |
|27 |    1 | 3000 |   30 |       0.25 |1578720080399 |     236 |   380.0 |61,02 | mscpa5.txt |0,092 |
|27 |  100 | 3000 |   30 |  0.2664827 |1578720080399 |     236 |   318.0 |34,75 | mscpa5.txt |  7,1 |
|27 |  200 | 3000 |   30 | 0.26475185 |1578720080399 |     236 |   304.0 |28,81 | mscpa5.txt |   14 |
|27 |  300 | 3000 |   30 |  0.2686927 |1578720080399 |     236 |   285.0 |20,76 | mscpa5.txt |   21 |
|27 |  400 | 3000 |   30 | 0.23303927 |1578720080399 |     236 |   278.0 |17,80 | mscpa5.txt |   28 |
|28 |    1 | 3000 |   30 |       0.25 |1578720857284 |     236 |   367.0 |55,51 | mscpa5.txt |0,093 |
|28 |  100 | 3000 |   30 | 0.16952038 |1578720857284 |     236 |   296.0 |25,42 | mscpa5.txt |  6,9 |
|28 |  200 | 3000 |   30 | 0.20405447 |1578720857284 |     236 |   284.0 |20,34 | mscpa5.txt |   14 |
|29 |    1 | 3000 |   30 |       0.25 |1578721667149 |     236 |   379.0 |60,59 | mscpa5.txt |0,092 |
|29 |  100 | 3000 |   30 | 0.21496585 |1578721667149 |     236 |   301.0 |27,54 | mscpa5.txt |  6,8 |
|29 |  200 | 3000 |   30 | 0.30610618 |1578721667149 |     236 |   275.0 |16,53 | mscpa5.txt |   14 |
|29 |  300 | 3000 |   30 | 0.30855277 |1578721667149 |     236 |   275.0 |16,53 | mscpa5.txt |   21 |
|29 |  400 | 3000 |   30 | 0.30312315 |1578721667149 |     236 |   275.0 |16,53 | mscpa5.txt |   28 |
|30 |    1 | 3000 |   30 |       0.25 |1578722198291 |     236 |   393.0 |66,53 | mscpa5.txt |0,087 |
|30 |  100 | 3000 |   30 | 0.27289718 |1578722198291 |     236 |   287.0 |21,61 | mscpa5.txt |  6,8 |
|30 |  200 | 3000 |   30 | 0.21085899 |1578722198291 |     236 |   286.0 |21,19 | mscpa5.txt |   14 |
|31 |    1 | 3000 |   30 |       0.25 |1578722770588 |     236 |   374.0 |58,47 | mscpa5.txt |0,086 |
|31 |  100 | 3000 |   30 | 0.17524019 |1578722770588 |     236 |   308.0 |30,51 | mscpa5.txt |  6,8 |
|31 |  200 | 3000 |   30 | 0.23193364 |1578722770588 |     236 |   293.0 |24,15 | mscpa5.txt |   14 |
|31 |  300 | 3000 |   30 | 0.22651531 |1578722770588 |     236 |   281.0 |19,07 | mscpa5.txt |   20 |
|31 |  400 | 3000 |   30 | 0.20106564 |1578722770588 |     236 |   272.0 |15,25 | mscpa5.txt |   27 |
