| # |    #ITER | #IterMAX | Nest |      %Desc |      semilla | BestFit |GottedFit |  RDP |  instancia | time |
-------------------------------------------------------------------------------------------------
| 1 |    1 | 5000 |   35 |       0.25 |1585355158152 |     131 |   185.0 |41,22 | mscp64.txt |0,081 |
| 1 |  100 | 5000 |   35 |       0.45 |1585355158152 |     131 |   165.0 |25,95 | mscp64.txt |   13 |
| 1 |  200 | 5000 |   35 |        0.4 |1585355158152 |     131 |   162.0 |23,66 | mscp64.txt |   25 |
| 1 |  300 | 5000 |   40 |       0.45 |1585355158152 |     131 |   135.0 | 3,05 | mscp64.txt |   39 |
| 1 |  400 | 5000 |   40 |       0.45 |1585355158152 |     131 |   134.0 | 2,29 | mscp64.txt |   52 |
| 1 |  500 | 5000 |   40 |      0.375 |1585355158152 |     131 |   133.0 | 1,53 | mscp64.txt |   68 |
| 1 |  600 | 5000 |   40 |       0.45 |1585355158152 |     131 |   133.0 | 1,53 | mscp64.txt |   84 |
| 1 |  700 | 5000 |   45 |       0.45 |1585355158152 |     131 |   133.0 | 1,53 | mscp64.txt |   98 |
| 1 |  800 | 5000 |   45 |       0.45 |1585355158152 |     131 |   133.0 | 1,53 | mscp64.txt |1,1e+02 |
| 1 |  900 | 5000 |   45 |       0.45 |1585355158152 |     131 |   133.0 | 1,53 | mscp64.txt |1,2e+02 |
| 1 | 1000 | 5000 |   45 |       0.45 |1585355158152 |     131 |   133.0 | 1,53 | mscp64.txt |1,3e+02 |
| 1 | 1100 | 5000 |   50 |       0.45 |1585355158152 |     131 |   133.0 | 1,53 | mscp64.txt |1,5e+02 |
| 1 | 1200 | 5000 |   50 |       0.45 |1585355158152 |     131 |   133.0 | 1,53 | mscp64.txt |1,6e+02 |
| 1 | 1300 | 5000 |   50 |       0.45 |1585355158152 |     131 |   133.0 | 1,53 | mscp64.txt |1,7e+02 |
| 1 | 1400 | 5000 |   50 |       0.45 |1585355158152 |     131 |   133.0 | 1,53 | mscp64.txt |1,8e+02 |
| 1 | 1500 | 5000 |   55 |       0.45 |1585355158152 |     131 |   133.0 | 1,53 | mscp64.txt |2,0e+02 |
| 1 | 1600 | 5000 |   55 |       0.45 |1585355158152 |     131 |   133.0 | 1,53 | mscp64.txt |2,1e+02 |
| 1 | 1700 | 5000 |   55 |       0.45 |1585355158152 |     131 |   133.0 | 1,53 | mscp64.txt |2,2e+02 |
| 1 | 1800 | 5000 |   55 |       0.45 |1585355158152 |     131 |   133.0 | 1,53 | mscp64.txt |2,3e+02 |
| 1 | 1900 | 5000 |   60 |       0.45 |1585355158152 |     131 |   133.0 | 1,53 | mscp64.txt |2,4e+02 |
| 1 | 2000 | 5000 |   60 |       0.45 |1585355158152 |     131 |   133.0 | 1,53 | mscp64.txt |2,5e+02 |
| 1 | 2100 | 5000 |   60 |       0.45 |1585355158152 |     131 |   133.0 | 1,53 | mscp64.txt |2,6e+02 |
| 1 | 2200 | 5000 |   60 |       0.45 |1585355158152 |     131 |   133.0 | 1,53 | mscp64.txt |2,7e+02 |
| 1 | 2300 | 5000 |   65 |       0.45 |1585355158152 |     131 |   133.0 | 1,53 | mscp64.txt |2,8e+02 |
| 1 | 2400 | 5000 |   65 |       0.45 |1585355158152 |     131 |   133.0 | 1,53 | mscp64.txt |2,9e+02 |
| 1 | 2500 | 5000 |   65 |       0.45 |1585355158152 |     131 |   133.0 | 1,53 | mscp64.txt |3,1e+02 |
| 1 | 2600 | 5000 |   65 | 0.30769232 |1585355158152 |     131 |   133.0 | 1,53 | mscp64.txt |3,2e+02 |
| 1 | 2700 | 5000 |   70 |       0.45 |1585355158152 |     131 |   133.0 | 1,53 | mscp64.txt |3,3e+02 |
| 1 | 2800 | 5000 |   70 |       0.45 |1585355158152 |     131 |   133.0 | 1,53 | mscp64.txt |3,4e+02 |
| 1 | 2900 | 5000 |   70 |       0.45 |1585355158152 |     131 |   133.0 | 1,53 | mscp64.txt |3,5e+02 |
| 1 | 3000 | 5000 |   70 |       0.45 |1585355158152 |     131 |   133.0 | 1,53 | mscp64.txt |3,7e+02 |
| 1 | 3100 | 5000 |   75 |       0.45 |1585355158152 |     131 |   133.0 | 1,53 | mscp64.txt |3,8e+02 |
| 1 | 3200 | 5000 |   75 |       0.45 |1585355158152 |     131 |   133.0 | 1,53 | mscp64.txt |3,9e+02 |
| 1 | 3300 | 5000 |   75 |       0.45 |1585355158152 |     131 |   133.0 | 1,53 | mscp64.txt |4,0e+02 |
| 1 | 3400 | 5000 |   75 |       0.45 |1585355158152 |     131 |   133.0 | 1,53 | mscp64.txt |4,2e+02 |
| 1 | 3500 | 5000 |   80 |       0.45 |1585355158152 |     131 |   133.0 | 1,53 | mscp64.txt |4,3e+02 |
| 1 | 3600 | 5000 |   80 |       0.45 |1585355158152 |     131 |   133.0 | 1,53 | mscp64.txt |4,5e+02 |
| 1 | 3700 | 5000 |   80 |       0.45 |1585355158152 |     131 |   133.0 | 1,53 | mscp64.txt |4,6e+02 |
| 1 | 3800 | 5000 |   80 |       0.45 |1585355158152 |     131 |   133.0 | 1,53 | mscp64.txt |4,7e+02 |
| 1 | 3900 | 5000 |   85 |       0.45 |1585355158152 |     131 |   133.0 | 1,53 | mscp64.txt |4,9e+02 |
| 1 | 4000 | 5000 |   85 |       0.45 |1585355158152 |     131 |   133.0 | 1,53 | mscp64.txt |5,1e+02 |
| 1 | 4100 | 5000 |   85 |       0.45 |1585355158152 |     131 |   133.0 | 1,53 | mscp64.txt |5,2e+02 |
| 1 | 4200 | 5000 |   85 |       0.45 |1585355158152 |     131 |   133.0 | 1,53 | mscp64.txt |5,4e+02 |
| 1 | 4300 | 5000 |   90 |       0.45 |1585355158152 |     131 |   133.0 | 1,53 | mscp64.txt |5,6e+02 |
| 1 | 4400 | 5000 |   90 |       0.45 |1585355158152 |     131 |   133.0 | 1,53 | mscp64.txt |5,7e+02 |
| 1 | 4500 | 5000 |   90 |       0.45 |1585355158152 |     131 |   133.0 | 1,53 | mscp64.txt |5,9e+02 |
| 1 | 4600 | 5000 |   90 |       0.45 |1585355158152 |     131 |   133.0 | 1,53 | mscp64.txt |6,0e+02 |
| 1 | 4700 | 5000 |   95 |       0.45 |1585355158152 |     131 |   133.0 | 1,53 | mscp64.txt |6,2e+02 |
| 1 | 4800 | 5000 |   95 |       0.45 |1585355158152 |     131 |   133.0 | 1,53 | mscp64.txt |6,4e+02 |
| 1 | 4900 | 5000 |   95 |       0.45 |1585355158152 |     131 |   133.0 | 1,53 | mscp64.txt |6,5e+02 |
| 1 | 5000 | 5000 |   95 |       0.45 |1585355158152 |     131 |   133.0 | 1,53 | mscp64.txt |6,7e+02 |
| 1 |  200 | 5000 |  100 |       0.45 |1585355158152 |     131 |   133.0 | 1,53 | mscp64.txt |6,7e+02 |
| 2 |    1 | 5000 |   35 |       0.25 |1585355829993 |     131 |   214.0 |63,36 | mscp64.txt |0,041 |
| 2 |  100 | 5000 |   35 | 0.25714287 |1585355829993 |     131 |   163.0 |24,43 | mscp64.txt |   10 |
| 2 |  200 | 5000 |   35 | 0.34285715 |1585355829993 |     131 |   143.0 | 9,16 | mscp64.txt |   20 |
| 2 |  300 | 5000 |   35 | 0.42857143 |1585355829993 |     131 |   143.0 | 9,16 | mscp64.txt |   35 |
| 2 |  400 | 5000 |   35 | 0.42857143 |1585355829993 |     131 |   136.0 | 3,82 | mscp64.txt |   46 |
| 2 |  500 | 5000 |   40 |       0.45 |1585355829993 |     131 |   135.0 | 3,05 | mscp64.txt |   59 |
| 2 |  600 | 5000 |   40 |       0.45 |1585355829993 |     131 |   135.0 | 3,05 | mscp64.txt |   74 |
| 2 |  700 | 5000 |   40 |       0.45 |1585355829993 |     131 |   133.0 | 1,53 | mscp64.txt |   85 |
| 2 |  800 | 5000 |   40 |       0.45 |1585355829993 |     131 |   133.0 | 1,53 | mscp64.txt |   95 |
| 2 |  900 | 5000 |   45 |       0.45 |1585355829993 |     131 |   133.0 | 1,53 | mscp64.txt |1,1e+02 |
| 2 | 1000 | 5000 |   45 |       0.45 |1585355829993 |     131 |   133.0 | 1,53 | mscp64.txt |1,2e+02 |
| 2 | 1100 | 5000 |   45 |       0.45 |1585355829993 |     131 |   133.0 | 1,53 | mscp64.txt |1,4e+02 |
| 2 | 1200 | 5000 |   45 |       0.45 |1585355829993 |     131 |   133.0 | 1,53 | mscp64.txt |1,5e+02 |
| 2 | 1300 | 5000 |   50 |       0.45 |1585355829993 |     131 |   132.0 | 0,76 | mscp64.txt |1,6e+02 |
| 2 | 1400 | 5000 |   50 |       0.45 |1585355829993 |     131 |   132.0 | 0,76 | mscp64.txt |1,8e+02 |
| 2 | 1500 | 5000 |   50 |       0.45 |1585355829993 |     131 |   132.0 | 0,76 | mscp64.txt |2,0e+02 |
| 2 | 1600 | 5000 |   50 |       0.45 |1585355829993 |     131 |   132.0 | 0,76 | mscp64.txt |2,2e+02 |
| 2 | 1700 | 5000 |   55 |       0.45 |1585355829993 |     131 |   132.0 | 0,76 | mscp64.txt |2,3e+02 |
| 2 | 1800 | 5000 |   55 |       0.45 |1585355829993 |     131 |   132.0 | 0,76 | mscp64.txt |2,5e+02 |
| 2 | 1900 | 5000 |   55 |       0.45 |1585355829993 |     131 |   132.0 | 0,76 | mscp64.txt |2,7e+02 |
| 2 |  200 | 5000 |   55 |       0.45 |1585355829993 |     131 |   131.0 | 0,00 | mscp64.txt |2,8e+02 |
| 3 |    1 | 5000 |   35 |       0.25 |1585356108653 |     131 |   184.0 |40,46 | mscp64.txt | 0,11 |
| 3 |  100 | 5000 |   35 | 0.34285715 |1585356108653 |     131 |   150.0 |14,50 | mscp64.txt |   11 |
| 3 |  200 | 5000 |   40 |       0.45 |1585356108653 |     131 |   134.0 | 2,29 | mscp64.txt |   21 |
| 3 |  300 | 5000 |   40 |       0.45 |1585356108653 |     131 |   134.0 | 2,29 | mscp64.txt |   31 |
| 3 |  400 | 5000 |   40 |      0.425 |1585356108653 |     131 |   134.0 | 2,29 | mscp64.txt |   47 |
| 3 |  500 | 5000 |   40 |      0.325 |1585356108653 |     131 |   134.0 | 2,29 | mscp64.txt |   59 |
| 3 |  600 | 5000 |   45 | 0.33333334 |1585356108653 |     131 |   134.0 | 2,29 | mscp64.txt |   73 |
| 3 |  700 | 5000 |   45 | 0.33333334 |1585356108653 |     131 |   133.0 | 1,53 | mscp64.txt |   91 |
| 3 |  800 | 5000 |   45 | 0.35555556 |1585356108653 |     131 |   132.0 | 0,76 | mscp64.txt |1,0e+02 |
| 3 |  200 | 5000 |   45 | 0.35555556 |1585356108653 |     131 |   131.0 | 0,00 | mscp64.txt |1,1e+02 |
| 4 |    1 | 5000 |   35 |       0.25 |1585356223102 |     131 |   211.0 |61,07 | mscp64.txt |0,066 |
| 4 |  100 | 5000 |   35 | 0.34285715 |1585356223102 |     131 |   157.0 |19,85 | mscp64.txt |  7,4 |
| 4 |  200 | 5000 |   35 |       0.45 |1585356223102 |     131 |   153.0 |16,79 | mscp64.txt |   16 |
| 4 |  300 | 5000 |   40 |       0.45 |1585356223102 |     131 |   135.0 | 3,05 | mscp64.txt |   27 |
| 4 |  400 | 5000 |   40 |       0.45 |1585356223102 |     131 |   135.0 | 3,05 | mscp64.txt |   38 |
| 4 |  500 | 5000 |   40 |       0.45 |1585356223102 |     131 |   134.0 | 2,29 | mscp64.txt |   52 |
| 4 |  600 | 5000 |   40 |       0.45 |1585356223102 |     131 |   132.0 | 0,76 | mscp64.txt |   63 |
| 4 |  700 | 5000 |   45 |       0.45 |1585356223102 |     131 |   132.0 | 0,76 | mscp64.txt |   80 |
| 4 |  800 | 5000 |   45 |       0.45 |1585356223102 |     131 |   132.0 | 0,76 | mscp64.txt |   97 |
| 4 |  200 | 5000 |   45 |       0.45 |1585356223102 |     131 |   131.0 | 0,00 | mscp64.txt |1,0e+02 |
| 5 |    1 | 5000 |   35 |       0.25 |1585356327617 |     131 |   210.0 |60,31 | mscp64.txt |0,084 |
| 5 |  100 | 5000 |   35 | 0.37142858 |1585356327617 |     131 |   152.0 |16,03 | mscp64.txt |  8,3 |
| 5 |  200 | 5000 |   35 |        0.4 |1585356327617 |     131 |   152.0 |16,03 | mscp64.txt |   17 |
| 5 |  300 | 5000 |   40 |       0.45 |1585356327617 |     131 |   141.0 | 7,63 | mscp64.txt |   28 |
| 5 |  400 | 5000 |   40 |      0.275 |1585356327617 |     131 |   134.0 | 2,29 | mscp64.txt |   37 |
| 5 |  500 | 5000 |   40 |       0.35 |1585356327617 |     131 |   134.0 | 2,29 | mscp64.txt |   45 |
| 5 |  600 | 5000 |   40 |      0.375 |1585356327617 |     131 |   134.0 | 2,29 | mscp64.txt |   54 |
| 5 |  700 | 5000 |   45 |       0.45 |1585356327617 |     131 |   134.0 | 2,29 | mscp64.txt |   70 |
| 5 |  800 | 5000 |   45 |       0.45 |1585356327617 |     131 |   134.0 | 2,29 | mscp64.txt |   84 |
| 5 |  900 | 5000 |   45 | 0.44444445 |1585356327617 |     131 |   133.0 | 1,53 | mscp64.txt |   96 |
| 5 | 1000 | 5000 |   45 | 0.42222223 |1585356327617 |     131 |   133.0 | 1,53 | mscp64.txt |1,1e+02 |
| 5 | 1100 | 5000 |   50 |       0.42 |1585356327617 |     131 |   133.0 | 1,53 | mscp64.txt |1,2e+02 |
| 5 | 1200 | 5000 |   50 |       0.42 |1585356327617 |     131 |   133.0 | 1,53 | mscp64.txt |1,4e+02 |
| 5 | 1300 | 5000 |   50 |       0.44 |1585356327617 |     131 |   133.0 | 1,53 | mscp64.txt |1,5e+02 |
| 5 | 1400 | 5000 |   50 |       0.44 |1585356327617 |     131 |   132.0 | 0,76 | mscp64.txt |1,7e+02 |
| 5 | 1500 | 5000 |   55 |       0.45 |1585356327617 |     131 |   132.0 | 0,76 | mscp64.txt |1,9e+02 |
| 5 |  200 | 5000 |   55 |       0.45 |1585356327617 |     131 |   131.0 | 0,00 | mscp64.txt |2,0e+02 |
| 6 |    1 | 5000 |   35 |       0.25 |1585356525046 |     131 |   223.0 |70,23 | mscp64.txt |0,067 |
| 6 |  100 | 5000 |   35 |       0.45 |1585356525046 |     131 |   155.0 |18,32 | mscp64.txt |  9,8 |
| 6 |  200 | 5000 |   35 |        0.4 |1585356525046 |     131 |   152.0 |16,03 | mscp64.txt |   19 |
| 6 |  300 | 5000 |   35 |        0.4 |1585356525046 |     131 |   142.0 | 8,40 | mscp64.txt |   27 |
| 6 |  400 | 5000 |   40 |       0.45 |1585356525046 |     131 |   139.0 | 6,11 | mscp64.txt |   38 |
| 6 |  500 | 5000 |   40 |       0.45 |1585356525046 |     131 |   134.0 | 2,29 | mscp64.txt |   49 |
| 6 |  600 | 5000 |   40 |       0.45 |1585356525046 |     131 |   134.0 | 2,29 | mscp64.txt |   60 |
| 6 |  700 | 5000 |   40 |       0.45 |1585356525046 |     131 |   134.0 | 2,29 | mscp64.txt |   71 |
| 6 |  800 | 5000 |   45 |       0.45 |1585356525046 |     131 |   132.0 | 0,76 | mscp64.txt |   90 |
| 6 |  200 | 5000 |   45 |       0.45 |1585356525046 |     131 |   131.0 | 0,00 | mscp64.txt |   95 |
| 7 |    1 | 5000 |   35 |       0.25 |1585356620111 |     131 |   210.0 |60,31 | mscp64.txt |0,069 |
| 7 |  100 | 5000 |   35 | 0.37142858 |1585356620111 |     131 |   149.0 |13,74 | mscp64.txt |   12 |
| 7 |  200 | 5000 |   35 |       0.45 |1585356620111 |     131 |   146.0 |11,45 | mscp64.txt |   19 |
| 7 |  300 | 5000 |   35 | 0.34285715 |1585356620111 |     131 |   146.0 |11,45 | mscp64.txt |   27 |
| 7 |  400 | 5000 |   35 |       0.45 |1585356620111 |     131 |   146.0 |11,45 | mscp64.txt |   36 |
| 7 |  500 | 5000 |   40 |       0.45 |1585356620111 |     131 |   136.0 | 3,82 | mscp64.txt |   47 |
| 7 |  600 | 5000 |   40 |       0.45 |1585356620111 |     131 |   136.0 | 3,82 | mscp64.txt |   58 |
| 7 |  700 | 5000 |   40 |       0.45 |1585356620111 |     131 |   134.0 | 2,29 | mscp64.txt |   69 |
| 7 |  800 | 5000 |   40 |       0.45 |1585356620111 |     131 |   134.0 | 2,29 | mscp64.txt |   84 |
| 7 |  900 | 5000 |   45 |       0.45 |1585356620111 |     131 |   132.0 | 0,76 | mscp64.txt |   96 |
| 7 | 1000 | 5000 |   45 |       0.45 |1585356620111 |     131 |   132.0 | 0,76 | mscp64.txt |1,1e+02 |
| 7 | 1100 | 5000 |   45 |       0.45 |1585356620111 |     131 |   132.0 | 0,76 | mscp64.txt |1,2e+02 |
| 7 | 1200 | 5000 |   45 |       0.45 |1585356620111 |     131 |   132.0 | 0,76 | mscp64.txt |1,4e+02 |
| 7 | 1300 | 5000 |   50 |       0.45 |1585356620111 |     131 |   132.0 | 0,76 | mscp64.txt |1,5e+02 |
| 7 | 1400 | 5000 |   50 |       0.45 |1585356620111 |     131 |   132.0 | 0,76 | mscp64.txt |1,7e+02 |
| 7 | 1500 | 5000 |   50 |       0.45 |1585356620111 |     131 |   132.0 | 0,76 | mscp64.txt |1,8e+02 |
| 7 |  200 | 5000 |   50 |       0.45 |1585356620111 |     131 |   131.0 | 0,00 | mscp64.txt |1,9e+02 |
| 8 |    1 | 5000 |   35 |       0.25 |1585356809838 |     131 |   205.0 |56,49 | mscp64.txt |0,069 |
| 8 |  100 | 5000 |   35 |       0.45 |1585356809838 |     131 |   147.0 |12,21 | mscp64.txt |  8,2 |
| 8 |  200 | 5000 |   40 |       0.45 |1585356809838 |     131 |   136.0 | 3,82 | mscp64.txt |   22 |
| 8 |  300 | 5000 |   40 |       0.45 |1585356809838 |     131 |   135.0 | 3,05 | mscp64.txt |   35 |
| 8 |  400 | 5000 |   40 |       0.45 |1585356809838 |     131 |   134.0 | 2,29 | mscp64.txt |   46 |
| 8 |  500 | 5000 |   40 |       0.45 |1585356809838 |     131 |   134.0 | 2,29 | mscp64.txt |   56 |
| 8 |  600 | 5000 |   45 |       0.45 |1585356809838 |     131 |   133.0 | 1,53 | mscp64.txt |   68 |
| 8 |  700 | 5000 |   45 | 0.44444445 |1585356809838 |     131 |   132.0 | 0,76 | mscp64.txt |   81 |
| 8 |  800 | 5000 |   45 | 0.42222223 |1585356809838 |     131 |   132.0 | 0,76 | mscp64.txt |   93 |
| 8 |  200 | 5000 |   45 | 0.42222223 |1585356809838 |     131 |   131.0 | 0,00 | mscp64.txt |   97 |
| 9 |    1 | 5000 |   35 |       0.25 |1585356906549 |     131 |   206.0 |57,25 | mscp64.txt |0,045 |
| 9 |  100 | 5000 |   35 | 0.34285715 |1585356906549 |     131 |   163.0 |24,43 | mscp64.txt |   11 |
| 9 |  200 | 5000 |   40 |       0.45 |1585356906549 |     131 |   135.0 | 3,05 | mscp64.txt |   21 |
| 9 |  300 | 5000 |   40 |       0.45 |1585356906549 |     131 |   135.0 | 3,05 | mscp64.txt |   32 |
| 9 |  400 | 5000 |   40 |       0.45 |1585356906549 |     131 |   133.0 | 1,53 | mscp64.txt |   45 |
| 9 |  500 | 5000 |   40 |       0.45 |1585356906549 |     131 |   132.0 | 0,76 | mscp64.txt |   55 |
| 9 |  600 | 5000 |   45 |       0.45 |1585356906549 |     131 |   132.0 | 0,76 | mscp64.txt |   72 |
| 9 |  700 | 5000 |   45 |       0.45 |1585356906549 |     131 |   132.0 | 0,76 | mscp64.txt |   89 |
| 9 |  800 | 5000 |   45 |       0.45 |1585356906549 |     131 |   132.0 | 0,76 | mscp64.txt |1,0e+02 |
| 9 |  900 | 5000 |   45 |       0.45 |1585356906549 |     131 |   132.0 | 0,76 | mscp64.txt |1,2e+02 |
| 9 | 1000 | 5000 |   50 |       0.45 |1585356906549 |     131 |   132.0 | 0,76 | mscp64.txt |1,3e+02 |
| 9 | 1100 | 5000 |   50 |       0.45 |1585356906549 |     131 |   132.0 | 0,76 | mscp64.txt |1,4e+02 |
| 9 | 1200 | 5000 |   50 |        0.4 |1585356906549 |     131 |   132.0 | 0,76 | mscp64.txt |1,6e+02 |
| 9 | 1300 | 5000 |   50 |        0.4 |1585356906549 |     131 |   132.0 | 0,76 | mscp64.txt |1,7e+02 |
| 9 | 1400 | 5000 |   55 |       0.45 |1585356906549 |     131 |   132.0 | 0,76 | mscp64.txt |1,9e+02 |
| 9 | 1500 | 5000 |   55 |       0.45 |1585356906549 |     131 |   132.0 | 0,76 | mscp64.txt |2,0e+02 |
| 9 | 1600 | 5000 |   55 |       0.45 |1585356906549 |     131 |   132.0 | 0,76 | mscp64.txt |2,2e+02 |
| 9 | 1700 | 5000 |   55 | 0.43636364 |1585356906549 |     131 |   132.0 | 0,76 | mscp64.txt |2,3e+02 |
| 9 | 1800 | 5000 |   60 |        0.4 |1585356906549 |     131 |   132.0 | 0,76 | mscp64.txt |2,6e+02 |
| 9 | 1900 | 5000 |   60 |       0.45 |1585356906549 |     131 |   132.0 | 0,76 | mscp64.txt |2,7e+02 |
| 9 | 2000 | 5000 |   60 |       0.45 |1585356906549 |     131 |   132.0 | 0,76 | mscp64.txt |2,8e+02 |
| 9 | 2100 | 5000 |   60 |       0.45 |1585356906549 |     131 |   132.0 | 0,76 | mscp64.txt |3,0e+02 |
| 9 | 2200 | 5000 |   65 |       0.45 |1585356906549 |     131 |   132.0 | 0,76 | mscp64.txt |3,1e+02 |
| 9 | 2300 | 5000 |   65 |       0.45 |1585356906549 |     131 |   132.0 | 0,76 | mscp64.txt |3,3e+02 |
| 9 | 2400 | 5000 |   65 |       0.45 |1585356906549 |     131 |   132.0 | 0,76 | mscp64.txt |3,5e+02 |
| 9 | 2500 | 5000 |   65 |       0.45 |1585356906549 |     131 |   132.0 | 0,76 | mscp64.txt |3,6e+02 |
| 9 | 2600 | 5000 |   70 |       0.45 |1585356906549 |     131 |   132.0 | 0,76 | mscp64.txt |3,8e+02 |
| 9 | 2700 | 5000 |   70 |       0.45 |1585356906549 |     131 |   132.0 | 0,76 | mscp64.txt |4,0e+02 |
| 9 | 2800 | 5000 |   70 |       0.45 |1585356906549 |     131 |   132.0 | 0,76 | mscp64.txt |4,1e+02 |
| 9 | 2900 | 5000 |   70 |       0.45 |1585356906549 |     131 |   132.0 | 0,76 | mscp64.txt |4,3e+02 |
| 9 | 3000 | 5000 |   75 |       0.45 |1585356906549 |     131 |   132.0 | 0,76 | mscp64.txt |4,5e+02 |
| 9 | 3100 | 5000 |   75 |       0.45 |1585356906549 |     131 |   132.0 | 0,76 | mscp64.txt |4,7e+02 |
| 9 | 3200 | 5000 |   75 |       0.45 |1585356906549 |     131 |   132.0 | 0,76 | mscp64.txt |4,8e+02 |
| 9 | 3300 | 5000 |   75 |       0.45 |1585356906549 |     131 |   132.0 | 0,76 | mscp64.txt |4,9e+02 |
| 9 | 3400 | 5000 |   80 |       0.45 |1585356906549 |     131 |   132.0 | 0,76 | mscp64.txt |5,1e+02 |
| 9 | 3500 | 5000 |   80 |       0.45 |1585356906549 |     131 |   132.0 | 0,76 | mscp64.txt |5,2e+02 |
| 9 | 3600 | 5000 |   80 |       0.45 |1585356906549 |     131 |   132.0 | 0,76 | mscp64.txt |5,4e+02 |
| 9 | 3700 | 5000 |   80 |       0.45 |1585356906549 |     131 |   132.0 | 0,76 | mscp64.txt |5,5e+02 |
| 9 | 3800 | 5000 |   85 |       0.45 |1585356906549 |     131 |   132.0 | 0,76 | mscp64.txt |5,7e+02 |
| 9 | 3900 | 5000 |   85 |       0.45 |1585356906549 |     131 |   132.0 | 0,76 | mscp64.txt |5,8e+02 |
| 9 | 4000 | 5000 |   85 |       0.45 |1585356906549 |     131 |   132.0 | 0,76 | mscp64.txt |6,0e+02 |
| 9 | 4100 | 5000 |   85 |       0.45 |1585356906549 |     131 |   132.0 | 0,76 | mscp64.txt |6,1e+02 |
| 9 |  200 | 5000 |   90 |       0.45 |1585356906549 |     131 |   131.0 | 0,00 | mscp64.txt |6,2e+02 |
|10 |    1 | 5000 |   35 |       0.25 |1585357526007 |     131 |   192.0 |46,56 | mscp64.txt |0,066 |
|10 |  100 | 5000 |   35 | 0.34285715 |1585357526007 |     131 |   146.0 |11,45 | mscp64.txt |  8,3 |
|10 |  200 | 5000 |   35 |  0.2857143 |1585357526007 |     131 |   139.0 | 6,11 | mscp64.txt |   19 |
|10 |  300 | 5000 |   35 | 0.34285715 |1585357526007 |     131 |   136.0 | 3,82 | mscp64.txt |   30 |
|10 |  400 | 5000 |   35 | 0.42857143 |1585357526007 |     131 |   136.0 | 3,82 | mscp64.txt |   46 |
|10 |  500 | 5000 |   40 |       0.45 |1585357526007 |     131 |   133.0 | 1,53 | mscp64.txt |   56 |
|10 |  600 | 5000 |   40 |       0.45 |1585357526007 |     131 |   132.0 | 0,76 | mscp64.txt |   67 |
|10 |  700 | 5000 |   40 |       0.45 |1585357526007 |     131 |   132.0 | 0,76 | mscp64.txt |   78 |
|10 |  800 | 5000 |   40 |      0.375 |1585357526007 |     131 |   132.0 | 0,76 | mscp64.txt |   86 |
|10 |  900 | 5000 |   45 | 0.42222223 |1585357526007 |     131 |   132.0 | 0,76 | mscp64.txt |   98 |
|10 |  200 | 5000 |   45 | 0.42222223 |1585357526007 |     131 |   131.0 | 0,00 | mscp64.txt |1,0e+02 |
|11 |    1 | 5000 |   35 |       0.25 |1585357626546 |     131 |   200.0 |52,67 | mscp64.txt |0,066 |
|11 |  100 | 5000 |   35 | 0.31428573 |1585357626546 |     131 |   174.0 |32,82 | mscp64.txt |  8,3 |
|11 |  200 | 5000 |   35 | 0.37142858 |1585357626546 |     131 |   155.0 |18,32 | mscp64.txt |   17 |
|11 |  300 | 5000 |   35 |       0.45 |1585357626546 |     131 |   155.0 |18,32 | mscp64.txt |   25 |
|11 |  400 | 5000 |   40 |       0.45 |1585357626546 |     131 |   139.0 | 6,11 | mscp64.txt |   37 |
|11 |  500 | 5000 |   40 |       0.45 |1585357626546 |     131 |   136.0 | 3,82 | mscp64.txt |   48 |
|11 |  600 | 5000 |   40 |       0.45 |1585357626546 |     131 |   136.0 | 3,82 | mscp64.txt |   58 |
|11 |  700 | 5000 |   40 |       0.45 |1585357626546 |     131 |   135.0 | 3,05 | mscp64.txt |   69 |
|11 |  800 | 5000 |   45 |       0.45 |1585357626546 |     131 |   134.0 | 2,29 | mscp64.txt |   81 |
|11 |  900 | 5000 |   45 | 0.42222223 |1585357626546 |     131 |   134.0 | 2,29 | mscp64.txt |   95 |
|11 | 1000 | 5000 |   45 | 0.37777779 |1585357626546 |     131 |   134.0 | 2,29 | mscp64.txt |1,1e+02 |
|11 | 1100 | 5000 |   45 | 0.35555556 |1585357626546 |     131 |   134.0 | 2,29 | mscp64.txt |1,2e+02 |
|11 | 1200 | 5000 |   50 |        0.4 |1585357626546 |     131 |   134.0 | 2,29 | mscp64.txt |1,3e+02 |
|11 |  200 | 5000 |   50 |        0.4 |1585357626546 |     131 |   131.0 | 0,00 | mscp64.txt |1,3e+02 |
|12 |    1 | 5000 |   35 |       0.25 |1585357761445 |     131 |   218.0 |66,41 | mscp64.txt |0,083 |
|12 |  100 | 5000 |   35 |       0.45 |1585357761445 |     131 |   167.0 |27,48 | mscp64.txt |  9,1 |
|12 |  200 | 5000 |   35 | 0.14285715 |1585357761445 |     131 |   167.0 |27,48 | mscp64.txt |   21 |
|12 |  300 | 5000 |   35 |       0.45 |1585357761445 |     131 |   144.0 | 9,92 | mscp64.txt |   29 |
|12 |  400 | 5000 |   40 |       0.45 |1585357761445 |     131 |   134.0 | 2,29 | mscp64.txt |   40 |
|12 |  500 | 5000 |   40 |       0.45 |1585357761445 |     131 |   134.0 | 2,29 | mscp64.txt |   51 |
|12 |  600 | 5000 |   40 |       0.45 |1585357761445 |     131 |   133.0 | 1,53 | mscp64.txt |   61 |
|12 |  700 | 5000 |   40 |       0.45 |1585357761445 |     131 |   133.0 | 1,53 | mscp64.txt |   71 |
|12 |  800 | 5000 |   45 |       0.45 |1585357761445 |     131 |   133.0 | 1,53 | mscp64.txt |   86 |
|12 |  900 | 5000 |   45 |  0.2888889 |1585357761445 |     131 |   133.0 | 1,53 | mscp64.txt |   96 |
|12 | 1000 | 5000 |   45 |  0.2888889 |1585357761445 |     131 |   133.0 | 1,53 | mscp64.txt |1,1e+02 |
|12 | 1100 | 5000 |   45 |  0.2888889 |1585357761445 |     131 |   133.0 | 1,53 | mscp64.txt |1,2e+02 |
|12 | 1200 | 5000 |   50 |       0.45 |1585357761445 |     131 |   132.0 | 0,76 | mscp64.txt |1,3e+02 |
|12 | 1300 | 5000 |   50 |       0.45 |1585357761445 |     131 |   132.0 | 0,76 | mscp64.txt |1,5e+02 |
|12 | 1400 | 5000 |   50 |       0.45 |1585357761445 |     131 |   132.0 | 0,76 | mscp64.txt |1,6e+02 |
|12 | 1500 | 5000 |   50 |       0.45 |1585357761445 |     131 |   132.0 | 0,76 | mscp64.txt |1,8e+02 |
|12 | 1600 | 5000 |   55 |       0.45 |1585357761445 |     131 |   132.0 | 0,76 | mscp64.txt |1,9e+02 |
|12 |  200 | 5000 |   55 |       0.45 |1585357761445 |     131 |   131.0 | 0,00 | mscp64.txt |2,0e+02 |
|13 |    1 | 5000 |   35 |       0.25 |1585357958784 |     131 |   214.0 |63,36 | mscp64.txt | 0,12 |
|13 |  100 | 5000 |   35 |       0.45 |1585357958784 |     131 |   168.0 |28,24 | mscp64.txt |  8,0 |
|13 |  200 | 5000 |   35 |        0.4 |1585357958784 |     131 |   159.0 |21,37 | mscp64.txt |   17 |
|13 |  300 | 5000 |   35 | 0.42857143 |1585357958784 |     131 |   146.0 |11,45 | mscp64.txt |   26 |
|13 |  400 | 5000 |   40 |       0.45 |1585357958784 |     131 |   139.0 | 6,11 | mscp64.txt |   38 |
|13 |  500 | 5000 |   40 |       0.45 |1585357958784 |     131 |   133.0 | 1,53 | mscp64.txt |   50 |
|13 |  600 | 5000 |   40 |       0.45 |1585357958784 |     131 |   133.0 | 1,53 | mscp64.txt |   61 |
|13 |  700 | 5000 |   40 |       0.45 |1585357958784 |     131 |   133.0 | 1,53 | mscp64.txt |   73 |
|13 |  800 | 5000 |   45 |       0.45 |1585357958784 |     131 |   132.0 | 0,76 | mscp64.txt |   91 |
|13 |  900 | 5000 |   45 |       0.45 |1585357958784 |     131 |   132.0 | 0,76 | mscp64.txt |1,0e+02 |
|13 | 1000 | 5000 |   45 | 0.42222223 |1585357958784 |     131 |   132.0 | 0,76 | mscp64.txt |1,2e+02 |
|13 | 1100 | 5000 |   45 |       0.45 |1585357958784 |     131 |   132.0 | 0,76 | mscp64.txt |1,3e+02 |
|13 | 1200 | 5000 |   50 |       0.45 |1585357958784 |     131 |   132.0 | 0,76 | mscp64.txt |1,4e+02 |
|13 | 1300 | 5000 |   50 |       0.45 |1585357958784 |     131 |   132.0 | 0,76 | mscp64.txt |1,5e+02 |
|13 | 1400 | 5000 |   50 |       0.45 |1585357958784 |     131 |   132.0 | 0,76 | mscp64.txt |1,7e+02 |
|13 | 1500 | 5000 |   50 |       0.45 |1585357958784 |     131 |   132.0 | 0,76 | mscp64.txt |1,8e+02 |
|13 | 1600 | 5000 |   55 |       0.45 |1585357958784 |     131 |   132.0 | 0,76 | mscp64.txt |1,9e+02 |
|13 | 1700 | 5000 |   55 |       0.45 |1585357958784 |     131 |   132.0 | 0,76 | mscp64.txt |2,0e+02 |
|13 | 1800 | 5000 |   55 |       0.45 |1585357958784 |     131 |   132.0 | 0,76 | mscp64.txt |2,1e+02 |
|13 | 1900 | 5000 |   55 |       0.45 |1585357958784 |     131 |   132.0 | 0,76 | mscp64.txt |2,3e+02 |
|13 | 2000 | 5000 |   60 |       0.45 |1585357958784 |     131 |   132.0 | 0,76 | mscp64.txt |2,4e+02 |
|13 | 2100 | 5000 |   60 |       0.45 |1585357958784 |     131 |   132.0 | 0,76 | mscp64.txt |2,5e+02 |
|13 | 2200 | 5000 |   60 |       0.45 |1585357958784 |     131 |   132.0 | 0,76 | mscp64.txt |2,6e+02 |
|13 | 2300 | 5000 |   60 |       0.45 |1585357958784 |     131 |   132.0 | 0,76 | mscp64.txt |2,7e+02 |
|13 | 2400 | 5000 |   65 |       0.45 |1585357958784 |     131 |   132.0 | 0,76 | mscp64.txt |2,9e+02 |
|13 | 2500 | 5000 |   65 |       0.45 |1585357958784 |     131 |   132.0 | 0,76 | mscp64.txt |3,0e+02 |
|13 | 2600 | 5000 |   65 |       0.45 |1585357958784 |     131 |   132.0 | 0,76 | mscp64.txt |3,1e+02 |
|13 | 2700 | 5000 |   65 |       0.45 |1585357958784 |     131 |   132.0 | 0,76 | mscp64.txt |3,2e+02 |
|13 | 2800 | 5000 |   70 |       0.45 |1585357958784 |     131 |   132.0 | 0,76 | mscp64.txt |3,4e+02 |
|13 | 2900 | 5000 |   70 |       0.45 |1585357958784 |     131 |   132.0 | 0,76 | mscp64.txt |3,6e+02 |
|13 | 3000 | 5000 |   70 |       0.45 |1585357958784 |     131 |   132.0 | 0,76 | mscp64.txt |3,7e+02 |
|13 | 3100 | 5000 |   70 |       0.45 |1585357958784 |     131 |   132.0 | 0,76 | mscp64.txt |3,8e+02 |
|13 | 3200 | 5000 |   75 |       0.45 |1585357958784 |     131 |   132.0 | 0,76 | mscp64.txt |3,9e+02 |
|13 | 3300 | 5000 |   75 |       0.45 |1585357958784 |     131 |   132.0 | 0,76 | mscp64.txt |4,1e+02 |
|13 | 3400 | 5000 |   75 |       0.45 |1585357958784 |     131 |   132.0 | 0,76 | mscp64.txt |4,3e+02 |
|13 | 3500 | 5000 |   75 |       0.45 |1585357958784 |     131 |   132.0 | 0,76 | mscp64.txt |4,5e+02 |
|13 | 3600 | 5000 |   80 |       0.45 |1585357958784 |     131 |   132.0 | 0,76 | mscp64.txt |4,6e+02 |
|13 | 3700 | 5000 |   80 |       0.45 |1585357958784 |     131 |   132.0 | 0,76 | mscp64.txt |4,8e+02 |
|13 | 3800 | 5000 |   80 |       0.45 |1585357958784 |     131 |   132.0 | 0,76 | mscp64.txt |4,9e+02 |
|13 | 3900 | 5000 |   80 |       0.45 |1585357958784 |     131 |   132.0 | 0,76 | mscp64.txt |5,1e+02 |
|13 | 4000 | 5000 |   85 |       0.45 |1585357958784 |     131 |   132.0 | 0,76 | mscp64.txt |5,3e+02 |
|13 | 4100 | 5000 |   85 |       0.45 |1585357958784 |     131 |   132.0 | 0,76 | mscp64.txt |5,5e+02 |
|13 | 4200 | 5000 |   85 |       0.45 |1585357958784 |     131 |   132.0 | 0,76 | mscp64.txt |5,6e+02 |
|13 | 4300 | 5000 |   85 |       0.45 |1585357958784 |     131 |   132.0 | 0,76 | mscp64.txt |5,8e+02 |
|13 | 4400 | 5000 |   90 |       0.45 |1585357958784 |     131 |   132.0 | 0,76 | mscp64.txt |6,0e+02 |
|13 | 4500 | 5000 |   90 |       0.45 |1585357958784 |     131 |   132.0 | 0,76 | mscp64.txt |6,2e+02 |
|13 | 4600 | 5000 |   90 |       0.45 |1585357958784 |     131 |   132.0 | 0,76 | mscp64.txt |6,4e+02 |
|13 | 4700 | 5000 |   90 |       0.45 |1585357958784 |     131 |   132.0 | 0,76 | mscp64.txt |6,6e+02 |
|13 | 4800 | 5000 |   95 |       0.45 |1585357958784 |     131 |   132.0 | 0,76 | mscp64.txt |6,8e+02 |
|13 | 4900 | 5000 |   95 |       0.45 |1585357958784 |     131 |   132.0 | 0,76 | mscp64.txt |7,0e+02 |
|13 | 5000 | 5000 |   95 |       0.45 |1585357958784 |     131 |   132.0 | 0,76 | mscp64.txt |7,2e+02 |
|13 |  200 | 5000 |   95 |       0.45 |1585357958784 |     131 |   132.0 | 0,76 | mscp64.txt |7,2e+02 |
|14 |    1 | 5000 |   35 |       0.25 |1585358679283 |     131 |   192.0 |46,56 | mscp64.txt |0,046 |
|14 |  100 | 5000 |   35 |       0.45 |1585358679283 |     131 |   154.0 |17,56 | mscp64.txt |  7,8 |
|14 |  200 | 5000 |   40 |       0.45 |1585358679283 |     131 |   134.0 | 2,29 | mscp64.txt |   20 |
|14 |  300 | 5000 |   40 |       0.35 |1585358679283 |     131 |   134.0 | 2,29 | mscp64.txt |   28 |
|14 |  400 | 5000 |   40 |       0.35 |1585358679283 |     131 |   134.0 | 2,29 | mscp64.txt |   37 |
|14 |  500 | 5000 |   40 |       0.35 |1585358679283 |     131 |   134.0 | 2,29 | mscp64.txt |   45 |
|14 |  600 | 5000 |   45 |        0.4 |1585358679283 |     131 |   133.0 | 1,53 | mscp64.txt |   57 |
|14 |  700 | 5000 |   45 |        0.4 |1585358679283 |     131 |   133.0 | 1,53 | mscp64.txt |   68 |
|14 |  800 | 5000 |   45 | 0.37777779 |1585358679283 |     131 |   133.0 | 1,53 | mscp64.txt |   84 |
|14 |  900 | 5000 |   45 | 0.37777779 |1585358679283 |     131 |   133.0 | 1,53 | mscp64.txt |   95 |
|14 | 1000 | 5000 |   50 |       0.45 |1585358679283 |     131 |   133.0 | 1,53 | mscp64.txt |1,1e+02 |
|14 | 1100 | 5000 |   50 |       0.45 |1585358679283 |     131 |   133.0 | 1,53 | mscp64.txt |1,2e+02 |
|14 | 1200 | 5000 |   50 |       0.45 |1585358679283 |     131 |   133.0 | 1,53 | mscp64.txt |1,3e+02 |
|14 | 1300 | 5000 |   50 |       0.45 |1585358679283 |     131 |   133.0 | 1,53 | mscp64.txt |1,4e+02 |
|14 | 1400 | 5000 |   55 |       0.45 |1585358679283 |     131 |   133.0 | 1,53 | mscp64.txt |1,5e+02 |
|14 | 1500 | 5000 |   55 |       0.45 |1585358679283 |     131 |   133.0 | 1,53 | mscp64.txt |1,6e+02 |
|14 | 1600 | 5000 |   55 | 0.34545454 |1585358679283 |     131 |   133.0 | 1,53 | mscp64.txt |1,7e+02 |
|14 | 1700 | 5000 |   55 | 0.34545454 |1585358679283 |     131 |   133.0 | 1,53 | mscp64.txt |1,8e+02 |
|14 | 1800 | 5000 |   60 |       0.45 |1585358679283 |     131 |   133.0 | 1,53 | mscp64.txt |2,0e+02 |
|14 | 1900 | 5000 |   60 |       0.45 |1585358679283 |     131 |   133.0 | 1,53 | mscp64.txt |2,1e+02 |
|14 | 2000 | 5000 |   60 |       0.45 |1585358679283 |     131 |   133.0 | 1,53 | mscp64.txt |2,2e+02 |
|14 | 2100 | 5000 |   60 |       0.45 |1585358679283 |     131 |   133.0 | 1,53 | mscp64.txt |2,3e+02 |
|14 | 2200 | 5000 |   65 |       0.45 |1585358679283 |     131 |   133.0 | 1,53 | mscp64.txt |2,5e+02 |
|14 | 2300 | 5000 |   65 |       0.45 |1585358679283 |     131 |   133.0 | 1,53 | mscp64.txt |2,6e+02 |
|14 | 2400 | 5000 |   65 |       0.45 |1585358679283 |     131 |   133.0 | 1,53 | mscp64.txt |2,7e+02 |
|14 | 2500 | 5000 |   65 |       0.45 |1585358679283 |     131 |   133.0 | 1,53 | mscp64.txt |2,9e+02 |
|14 | 2600 | 5000 |   70 |       0.45 |1585358679283 |     131 |   133.0 | 1,53 | mscp64.txt |3,0e+02 |
|14 | 2700 | 5000 |   70 |       0.45 |1585358679283 |     131 |   133.0 | 1,53 | mscp64.txt |3,1e+02 |
|14 | 2800 | 5000 |   70 |       0.45 |1585358679283 |     131 |   133.0 | 1,53 | mscp64.txt |3,2e+02 |
|14 | 2900 | 5000 |   70 |       0.45 |1585358679283 |     131 |   133.0 | 1,53 | mscp64.txt |3,4e+02 |
|14 | 3000 | 5000 |   75 |       0.45 |1585358679283 |     131 |   133.0 | 1,53 | mscp64.txt |3,5e+02 |
|14 | 3100 | 5000 |   75 |       0.45 |1585358679283 |     131 |   133.0 | 1,53 | mscp64.txt |3,6e+02 |
|14 | 3200 | 5000 |   75 |       0.45 |1585358679283 |     131 |   133.0 | 1,53 | mscp64.txt |3,8e+02 |
|14 | 3300 | 5000 |   75 |       0.45 |1585358679283 |     131 |   133.0 | 1,53 | mscp64.txt |3,9e+02 |
|14 | 3400 | 5000 |   80 |       0.45 |1585358679283 |     131 |   133.0 | 1,53 | mscp64.txt |4,0e+02 |
|14 | 3500 | 5000 |   80 |       0.45 |1585358679283 |     131 |   133.0 | 1,53 | mscp64.txt |4,2e+02 |
|14 | 3600 | 5000 |   80 |       0.45 |1585358679283 |     131 |   133.0 | 1,53 | mscp64.txt |4,3e+02 |
|14 | 3700 | 5000 |   80 |       0.45 |1585358679283 |     131 |   133.0 | 1,53 | mscp64.txt |4,5e+02 |
|14 | 3800 | 5000 |   85 |       0.45 |1585358679283 |     131 |   133.0 | 1,53 | mscp64.txt |4,6e+02 |
|14 | 3900 | 5000 |   85 |       0.45 |1585358679283 |     131 |   133.0 | 1,53 | mscp64.txt |4,7e+02 |
|14 | 4000 | 5000 |   85 |       0.45 |1585358679283 |     131 |   133.0 | 1,53 | mscp64.txt |4,9e+02 |
|14 | 4100 | 5000 |   85 |       0.45 |1585358679283 |     131 |   133.0 | 1,53 | mscp64.txt |5,0e+02 |
|14 | 4200 | 5000 |   90 |       0.45 |1585358679283 |     131 |   133.0 | 1,53 | mscp64.txt |5,2e+02 |
|14 | 4300 | 5000 |   90 |       0.45 |1585358679283 |     131 |   133.0 | 1,53 | mscp64.txt |5,4e+02 |
|14 | 4400 | 5000 |   90 |       0.45 |1585358679283 |     131 |   133.0 | 1,53 | mscp64.txt |5,5e+02 |
|14 | 4500 | 5000 |   90 |       0.45 |1585358679283 |     131 |   133.0 | 1,53 | mscp64.txt |5,7e+02 |
|14 | 4600 | 5000 |   95 |       0.45 |1585358679283 |     131 |   133.0 | 1,53 | mscp64.txt |5,8e+02 |
|14 | 4700 | 5000 |   95 |       0.45 |1585358679283 |     131 |   133.0 | 1,53 | mscp64.txt |6,0e+02 |
|14 | 4800 | 5000 |   95 |       0.45 |1585358679283 |     131 |   133.0 | 1,53 | mscp64.txt |6,1e+02 |
|14 | 4900 | 5000 |   95 |       0.45 |1585358679283 |     131 |   133.0 | 1,53 | mscp64.txt |6,3e+02 |
|14 | 5000 | 5000 |  100 |       0.45 |1585358679283 |     131 |   133.0 | 1,53 | mscp64.txt |6,5e+02 |
|14 |  200 | 5000 |  100 |       0.45 |1585358679283 |     131 |   133.0 | 1,53 | mscp64.txt |6,5e+02 |
|15 |    1 | 5000 |   35 |       0.25 |1585359326232 |     131 |   192.0 |46,56 | mscp64.txt |0,046 |
|15 |  100 | 5000 |   35 | 0.42857143 |1585359326232 |     131 |   158.0 |20,61 | mscp64.txt |  9,0 |
|15 |  200 | 5000 |   35 | 0.37142858 |1585359326232 |     131 |   147.0 |12,21 | mscp64.txt |   18 |
|15 |  300 | 5000 |   35 | 0.22857143 |1585359326232 |     131 |   139.0 | 6,11 | mscp64.txt |   27 |
|15 |  400 | 5000 |   40 |      0.425 |1585359326232 |     131 |   135.0 | 3,05 | mscp64.txt |   39 |
|15 |  500 | 5000 |   40 |      0.375 |1585359326232 |     131 |   135.0 | 3,05 | mscp64.txt |   50 |
|15 |  600 | 5000 |   40 |        0.4 |1585359326232 |     131 |   135.0 | 3,05 | mscp64.txt |   59 |
|15 |  700 | 5000 |   40 |      0.425 |1585359326232 |     131 |   134.0 | 2,29 | mscp64.txt |   68 |
|15 |  800 | 5000 |   45 | 0.42222223 |1585359326232 |     131 |   134.0 | 2,29 | mscp64.txt |   79 |
|15 |  900 | 5000 |   45 | 0.42222223 |1585359326232 |     131 |   134.0 | 2,29 | mscp64.txt |   90 |
|15 | 1000 | 5000 |   45 | 0.42222223 |1585359326232 |     131 |   134.0 | 2,29 | mscp64.txt |1,0e+02 |
|15 | 1100 | 5000 |   45 | 0.42222223 |1585359326232 |     131 |   134.0 | 2,29 | mscp64.txt |1,1e+02 |
|15 | 1200 | 5000 |   50 |       0.45 |1585359326232 |     131 |   134.0 | 2,29 | mscp64.txt |1,3e+02 |
|15 | 1300 | 5000 |   50 |       0.45 |1585359326232 |     131 |   134.0 | 2,29 | mscp64.txt |1,5e+02 |
|15 | 1400 | 5000 |   50 |       0.45 |1585359326232 |     131 |   134.0 | 2,29 | mscp64.txt |1,6e+02 |
|15 | 1500 | 5000 |   50 |       0.45 |1585359326232 |     131 |   134.0 | 2,29 | mscp64.txt |1,7e+02 |
|15 | 1600 | 5000 |   55 |       0.45 |1585359326232 |     131 |   134.0 | 2,29 | mscp64.txt |1,9e+02 |
|15 | 1700 | 5000 |   55 |       0.45 |1585359326232 |     131 |   134.0 | 2,29 | mscp64.txt |2,0e+02 |
|15 | 1800 | 5000 |   55 |       0.45 |1585359326232 |     131 |   134.0 | 2,29 | mscp64.txt |2,1e+02 |
|15 | 1900 | 5000 |   55 |       0.45 |1585359326232 |     131 |   134.0 | 2,29 | mscp64.txt |2,3e+02 |
|15 | 2000 | 5000 |   60 |       0.45 |1585359326232 |     131 |   132.0 | 0,76 | mscp64.txt |2,4e+02 |
|15 | 2100 | 5000 |   60 |       0.45 |1585359326232 |     131 |   132.0 | 0,76 | mscp64.txt |2,6e+02 |
|15 | 2200 | 5000 |   60 |       0.45 |1585359326232 |     131 |   132.0 | 0,76 | mscp64.txt |2,7e+02 |
|15 | 2300 | 5000 |   60 |       0.45 |1585359326232 |     131 |   132.0 | 0,76 | mscp64.txt |2,8e+02 |
|15 | 2400 | 5000 |   65 |       0.45 |1585359326232 |     131 |   132.0 | 0,76 | mscp64.txt |3,0e+02 |
|15 | 2500 | 5000 |   65 |       0.45 |1585359326232 |     131 |   132.0 | 0,76 | mscp64.txt |3,1e+02 |
|15 | 2600 | 5000 |   65 |       0.45 |1585359326232 |     131 |   132.0 | 0,76 | mscp64.txt |3,2e+02 |
|15 | 2700 | 5000 |   65 |       0.45 |1585359326232 |     131 |   132.0 | 0,76 | mscp64.txt |3,4e+02 |
|15 | 2800 | 5000 |   70 |       0.45 |1585359326232 |     131 |   132.0 | 0,76 | mscp64.txt |3,5e+02 |
|15 | 2900 | 5000 |   70 |       0.45 |1585359326232 |     131 |   132.0 | 0,76 | mscp64.txt |3,7e+02 |
|15 | 3000 | 5000 |   70 |       0.45 |1585359326232 |     131 |   132.0 | 0,76 | mscp64.txt |3,9e+02 |
|15 | 3100 | 5000 |   70 |       0.45 |1585359326232 |     131 |   132.0 | 0,76 | mscp64.txt |4,0e+02 |
|15 | 3200 | 5000 |   75 |       0.45 |1585359326232 |     131 |   132.0 | 0,76 | mscp64.txt |4,2e+02 |
|15 | 3300 | 5000 |   75 |       0.45 |1585359326232 |     131 |   132.0 | 0,76 | mscp64.txt |4,4e+02 |
|15 | 3400 | 5000 |   75 |       0.45 |1585359326232 |     131 |   132.0 | 0,76 | mscp64.txt |4,5e+02 |
|15 | 3500 | 5000 |   75 |       0.45 |1585359326232 |     131 |   132.0 | 0,76 | mscp64.txt |4,7e+02 |
|15 | 3600 | 5000 |   80 |       0.45 |1585359326232 |     131 |   132.0 | 0,76 | mscp64.txt |4,9e+02 |
|15 | 3700 | 5000 |   80 |       0.45 |1585359326232 |     131 |   132.0 | 0,76 | mscp64.txt |5,1e+02 |
|15 | 3800 | 5000 |   80 |       0.45 |1585359326232 |     131 |   132.0 | 0,76 | mscp64.txt |5,3e+02 |
|15 | 3900 | 5000 |   80 |       0.45 |1585359326232 |     131 |   132.0 | 0,76 | mscp64.txt |5,5e+02 |
|15 | 4000 | 5000 |   85 |       0.45 |1585359326232 |     131 |   132.0 | 0,76 | mscp64.txt |5,7e+02 |
|15 | 4100 | 5000 |   85 |       0.45 |1585359326232 |     131 |   132.0 | 0,76 | mscp64.txt |5,9e+02 |
|15 | 4200 | 5000 |   85 |       0.45 |1585359326232 |     131 |   132.0 | 0,76 | mscp64.txt |6,1e+02 |
|15 | 4300 | 5000 |   85 |       0.45 |1585359326232 |     131 |   132.0 | 0,76 | mscp64.txt |6,3e+02 |
|15 | 4400 | 5000 |   90 |       0.45 |1585359326232 |     131 |   132.0 | 0,76 | mscp64.txt |6,6e+02 |
|15 | 4500 | 5000 |   90 |       0.45 |1585359326232 |     131 |   132.0 | 0,76 | mscp64.txt |6,8e+02 |
|15 | 4600 | 5000 |   90 |       0.45 |1585359326232 |     131 |   132.0 | 0,76 | mscp64.txt |7,0e+02 |
|15 | 4700 | 5000 |   90 |       0.45 |1585359326232 |     131 |   132.0 | 0,76 | mscp64.txt |7,2e+02 |
|15 | 4800 | 5000 |   95 |       0.45 |1585359326232 |     131 |   132.0 | 0,76 | mscp64.txt |7,5e+02 |
|15 | 4900 | 5000 |   95 |       0.45 |1585359326232 |     131 |   132.0 | 0,76 | mscp64.txt |7,7e+02 |
|15 | 5000 | 5000 |   95 |       0.45 |1585359326232 |     131 |   132.0 | 0,76 | mscp64.txt |8,0e+02 |
|15 |  200 | 5000 |   95 |       0.45 |1585359326232 |     131 |   132.0 | 0,76 | mscp64.txt |8,0e+02 |
