| # |    #ITER | #IterMAX | Nest |      %Desc |      semilla | BestFit |GottedFit |  RDP |  instancia | time |
-------------------------------------------------------------------------------------------------
| 1 |    1 | 3000 |   15 |       0.25 |1583618944605 |     429 |   526.0 |22,61 | mscp41.txt | 0,10 |
| 1 |  100 | 3000 |   15 | 0.26666668 |1583618944605 |     429 |   457.0 | 6,53 | mscp41.txt |  1,9 |
| 1 |  200 | 3000 |   15 | 0.33333334 |1583618944605 |     429 |   456.0 | 6,29 | mscp41.txt |  3,0 |
| 1 |  300 | 3000 |   15 | 0.33333334 |1583618944605 |     429 |   437.0 | 1,86 | mscp41.txt |  4,1 |
| 1 |  400 | 3000 |   20 |        0.4 |1583618944605 |     429 |   436.0 | 1,63 | mscp41.txt |  5,7 |
| 1 |  500 | 3000 |   20 |       0.45 |1583618944605 |     429 |   433.0 | 0,93 | mscp41.txt |  7,5 |
| 1 |  600 | 3000 |   20 |       0.45 |1583618944605 |     429 |   433.0 | 0,93 | mscp41.txt |  9,2 |
| 1 |  700 | 3000 |   20 |       0.45 |1583618944605 |     429 |   433.0 | 0,93 | mscp41.txt |   11 |
| 1 |  800 | 3000 |   25 |       0.32 |1583618944605 |     429 |   432.0 | 0,70 | mscp41.txt |   13 |
| 1 |  900 | 3000 |   25 |       0.45 |1583618944605 |     429 |   431.0 | 0,47 | mscp41.txt |   14 |
| 1 | 1000 | 3000 |   25 |       0.45 |1583618944605 |     429 |   431.0 | 0,47 | mscp41.txt |   16 |
| 1 | 1100 | 3000 |   25 |       0.45 |1583618944605 |     429 |   431.0 | 0,47 | mscp41.txt |   18 |
| 1 | 1200 | 3000 |   30 | 0.36666667 |1583618944605 |     429 |   430.0 | 0,23 | mscp41.txt |   20 |
| 1 | 1300 | 3000 |   30 | 0.33333334 |1583618944605 |     429 |   430.0 | 0,23 | mscp41.txt |   22 |
| 1 | 1400 | 3000 |   30 |        0.3 |1583618944605 |     429 |   430.0 | 0,23 | mscp41.txt |   25 |
| 1 |  200 | 3000 |   30 |        0.3 |1583618944605 |     429 |   429.0 | 0,00 | mscp41.txt |   25 |
| 2 |    1 | 3000 |   15 |       0.25 |1583618969904 |     429 |   498.0 |16,08 | mscp41.txt |0,019 |
| 2 |  100 | 3000 |   15 | 0.26666668 |1583618969904 |     429 |   458.0 | 6,76 | mscp41.txt |  1,3 |
| 2 |  200 | 3000 |   20 |       0.35 |1583618969904 |     429 |   434.0 | 1,17 | mscp41.txt |  2,9 |
| 2 |  300 | 3000 |   20 |        0.4 |1583618969904 |     429 |   434.0 | 1,17 | mscp41.txt |  4,5 |
| 2 |  400 | 3000 |   20 |       0.45 |1583618969904 |     429 |   434.0 | 1,17 | mscp41.txt |  6,3 |
| 2 |  500 | 3000 |   20 |       0.45 |1583618969904 |     429 |   434.0 | 1,17 | mscp41.txt |  7,7 |
| 2 |  600 | 3000 |   25 |        0.4 |1583618969904 |     429 |   430.0 | 0,23 | mscp41.txt |  9,6 |
| 2 |  700 | 3000 |   25 |        0.4 |1583618969904 |     429 |   430.0 | 0,23 | mscp41.txt |   12 |
| 2 |  800 | 3000 |   25 |        0.4 |1583618969904 |     429 |   430.0 | 0,23 | mscp41.txt |   13 |
| 2 |  900 | 3000 |   25 |        0.4 |1583618969904 |     429 |   430.0 | 0,23 | mscp41.txt |   15 |
| 2 | 1000 | 3000 |   30 |        0.3 |1583618969904 |     429 |   430.0 | 0,23 | mscp41.txt |   18 |
| 2 | 1100 | 3000 |   30 | 0.33333334 |1583618969904 |     429 |   430.0 | 0,23 | mscp41.txt |   20 |
| 2 | 1200 | 3000 |   30 | 0.36666667 |1583618969904 |     429 |   430.0 | 0,23 | mscp41.txt |   23 |
| 2 | 1300 | 3000 |   30 |        0.4 |1583618969904 |     429 |   430.0 | 0,23 | mscp41.txt |   26 |
| 2 | 1400 | 3000 |   35 | 0.34285715 |1583618969904 |     429 |   430.0 | 0,23 | mscp41.txt |   29 |
| 2 | 1500 | 3000 |   35 | 0.34285715 |1583618969904 |     429 |   430.0 | 0,23 | mscp41.txt |   32 |
| 2 | 1600 | 3000 |   35 |  0.2857143 |1583618969904 |     429 |   430.0 | 0,23 | mscp41.txt |   34 |
| 2 | 1700 | 3000 |   35 | 0.22857143 |1583618969904 |     429 |   430.0 | 0,23 | mscp41.txt |   37 |
| 2 | 1800 | 3000 |   40 |      0.175 |1583618969904 |     429 |   430.0 | 0,23 | mscp41.txt |   40 |
| 2 | 1900 | 3000 |   40 |        0.2 |1583618969904 |     429 |   430.0 | 0,23 | mscp41.txt |   43 |
| 2 | 2000 | 3000 |   40 |        0.3 |1583618969904 |     429 |   430.0 | 0,23 | mscp41.txt |   47 |
| 2 | 2100 | 3000 |   40 |      0.375 |1583618969904 |     429 |   430.0 | 0,23 | mscp41.txt |   50 |
| 2 | 2200 | 3000 |   45 | 0.33333334 |1583618969904 |     429 |   430.0 | 0,23 | mscp41.txt |   53 |
| 2 | 2300 | 3000 |   45 | 0.35555556 |1583618969904 |     429 |   430.0 | 0,23 | mscp41.txt |   57 |
| 2 | 2400 | 3000 |   45 | 0.33333334 |1583618969904 |     429 |   430.0 | 0,23 | mscp41.txt |   61 |
| 2 | 2500 | 3000 |   45 | 0.33333334 |1583618969904 |     429 |   430.0 | 0,23 | mscp41.txt |   64 |
| 2 | 2600 | 3000 |   50 |       0.36 |1583618969904 |     429 |   430.0 | 0,23 | mscp41.txt |   69 |
| 2 | 2700 | 3000 |   50 |       0.34 |1583618969904 |     429 |   430.0 | 0,23 | mscp41.txt |   74 |
| 2 | 2800 | 3000 |   50 |       0.34 |1583618969904 |     429 |   430.0 | 0,23 | mscp41.txt |   78 |
| 2 | 2900 | 3000 |   50 |       0.34 |1583618969904 |     429 |   430.0 | 0,23 | mscp41.txt |   82 |
| 2 | 3000 | 3000 |   55 |  0.3272727 |1583618969904 |     429 |   430.0 | 0,23 | mscp41.txt |   87 |
| 2 |  200 | 3000 |   55 |  0.3272727 |1583618969904 |     429 |   430.0 | 0,23 | mscp41.txt |   87 |
| 3 |    1 | 3000 |   15 |       0.25 |1583619056556 |     429 |   501.0 |16,78 | mscp41.txt |0,016 |
| 3 |  100 | 3000 |   15 |       0.45 |1583619056556 |     429 |   450.0 | 4,90 | mscp41.txt |  1,1 |
| 3 |  200 | 3000 |   15 | 0.33333334 |1583619056556 |     429 |   447.0 | 4,20 | mscp41.txt |  2,2 |
| 3 |  300 | 3000 |   15 |        0.4 |1583619056556 |     429 |   447.0 | 4,20 | mscp41.txt |  3,4 |
| 3 |  400 | 3000 |   20 |       0.45 |1583619056556 |     429 |   434.0 | 1,17 | mscp41.txt |  5,2 |
| 3 |  500 | 3000 |   20 |        0.4 |1583619056556 |     429 |   434.0 | 1,17 | mscp41.txt |  6,8 |
| 3 |  600 | 3000 |   20 |        0.4 |1583619056556 |     429 |   434.0 | 1,17 | mscp41.txt |  8,2 |
| 3 |  700 | 3000 |   20 |       0.35 |1583619056556 |     429 |   433.0 | 0,93 | mscp41.txt |  9,6 |
| 3 |  800 | 3000 |   25 |       0.24 |1583619056556 |     429 |   431.0 | 0,47 | mscp41.txt |   11 |
| 3 |  900 | 3000 |   25 |       0.24 |1583619056556 |     429 |   431.0 | 0,47 | mscp41.txt |   13 |
| 3 | 1000 | 3000 |   25 |       0.28 |1583619056556 |     429 |   430.0 | 0,23 | mscp41.txt |   15 |
| 3 | 1100 | 3000 |   25 |       0.24 |1583619056556 |     429 |   430.0 | 0,23 | mscp41.txt |   17 |
| 3 | 1200 | 3000 |   30 | 0.33333334 |1583619056556 |     429 |   430.0 | 0,23 | mscp41.txt |   19 |
| 3 | 1300 | 3000 |   30 | 0.33333334 |1583619056556 |     429 |   430.0 | 0,23 | mscp41.txt |   21 |
| 3 | 1400 | 3000 |   30 | 0.33333334 |1583619056556 |     429 |   430.0 | 0,23 | mscp41.txt |   23 |
| 3 | 1500 | 3000 |   30 | 0.23333333 |1583619056556 |     429 |   430.0 | 0,23 | mscp41.txt |   25 |
| 3 | 1600 | 3000 |   35 | 0.37142858 |1583619056556 |     429 |   430.0 | 0,23 | mscp41.txt |   28 |
| 3 | 1700 | 3000 |   35 | 0.37142858 |1583619056556 |     429 |   430.0 | 0,23 | mscp41.txt |   31 |
| 3 | 1800 | 3000 |   35 | 0.22857143 |1583619056556 |     429 |   430.0 | 0,23 | mscp41.txt |   33 |
| 3 | 1900 | 3000 |   35 |  0.2857143 |1583619056556 |     429 |   430.0 | 0,23 | mscp41.txt |   36 |
| 3 | 2000 | 3000 |   40 |      0.325 |1583619056556 |     429 |   430.0 | 0,23 | mscp41.txt |   39 |
| 3 | 2100 | 3000 |   40 |       0.25 |1583619056556 |     429 |   430.0 | 0,23 | mscp41.txt |   42 |
| 3 | 2200 | 3000 |   40 |      0.275 |1583619056556 |     429 |   430.0 | 0,23 | mscp41.txt |   45 |
| 3 | 2300 | 3000 |   40 |        0.4 |1583619056556 |     429 |   430.0 | 0,23 | mscp41.txt |   48 |
| 3 | 2400 | 3000 |   45 | 0.35555556 |1583619056556 |     429 |   430.0 | 0,23 | mscp41.txt |   52 |
| 3 | 2500 | 3000 |   45 | 0.35555556 |1583619056556 |     429 |   430.0 | 0,23 | mscp41.txt |   55 |
| 3 | 2600 | 3000 |   45 | 0.37777779 |1583619056556 |     429 |   430.0 | 0,23 | mscp41.txt |   59 |
| 3 | 2700 | 3000 |   45 | 0.35555556 |1583619056556 |     429 |   430.0 | 0,23 | mscp41.txt |   62 |
| 3 | 2800 | 3000 |   50 |       0.34 |1583619056556 |     429 |   430.0 | 0,23 | mscp41.txt |   66 |
| 3 | 2900 | 3000 |   50 |       0.36 |1583619056556 |     429 |   430.0 | 0,23 | mscp41.txt |   70 |
| 3 | 3000 | 3000 |   50 |       0.36 |1583619056556 |     429 |   430.0 | 0,23 | mscp41.txt |   74 |
| 3 |  200 | 3000 |   50 |       0.36 |1583619056556 |     429 |   430.0 | 0,23 | mscp41.txt |   74 |
| 4 |    1 | 3000 |   15 |       0.25 |1583619130125 |     429 |   510.0 |18,88 | mscp41.txt |0,017 |
| 4 |  100 | 3000 |   15 | 0.33333334 |1583619130125 |     429 |   453.0 | 5,59 | mscp41.txt |  1,0 |
| 4 |  200 | 3000 |   20 |       0.45 |1583619130125 |     429 |   439.0 | 2,33 | mscp41.txt |  2,5 |
| 4 |  300 | 3000 |   20 |       0.45 |1583619130125 |     429 |   439.0 | 2,33 | mscp41.txt |  3,9 |
| 4 |  400 | 3000 |   20 |       0.45 |1583619130125 |     429 |   439.0 | 2,33 | mscp41.txt |  5,4 |
| 4 |  500 | 3000 |   20 |       0.35 |1583619130125 |     429 |   439.0 | 2,33 | mscp41.txt |  6,8 |
| 4 |  600 | 3000 |   25 |       0.32 |1583619130125 |     429 |   439.0 | 2,33 | mscp41.txt |  8,8 |
| 4 |  700 | 3000 |   25 |       0.32 |1583619130125 |     429 |   430.0 | 0,23 | mscp41.txt |   11 |
| 4 |  800 | 3000 |   25 |       0.32 |1583619130125 |     429 |   430.0 | 0,23 | mscp41.txt |   13 |
| 4 |  900 | 3000 |   25 |       0.36 |1583619130125 |     429 |   430.0 | 0,23 | mscp41.txt |   15 |
| 4 | 1000 | 3000 |   30 | 0.23333333 |1583619130125 |     429 |   430.0 | 0,23 | mscp41.txt |   17 |
| 4 | 1100 | 3000 |   30 | 0.26666668 |1583619130125 |     429 |   430.0 | 0,23 | mscp41.txt |   19 |
| 4 | 1200 | 3000 |   30 |        0.3 |1583619130125 |     429 |   430.0 | 0,23 | mscp41.txt |   21 |
| 4 | 1300 | 3000 |   30 |        0.3 |1583619130125 |     429 |   430.0 | 0,23 | mscp41.txt |   24 |
| 4 | 1400 | 3000 |   35 | 0.31428573 |1583619130125 |     429 |   430.0 | 0,23 | mscp41.txt |   26 |
| 4 | 1500 | 3000 |   35 |  0.2857143 |1583619130125 |     429 |   430.0 | 0,23 | mscp41.txt |   29 |
| 4 | 1600 | 3000 |   35 | 0.25714287 |1583619130125 |     429 |   430.0 | 0,23 | mscp41.txt |   32 |
| 4 | 1700 | 3000 |   35 | 0.25714287 |1583619130125 |     429 |   430.0 | 0,23 | mscp41.txt |   35 |
| 4 | 1800 | 3000 |   40 |      0.375 |1583619130125 |     429 |   430.0 | 0,23 | mscp41.txt |   38 |
| 4 |  200 | 3000 |   40 |      0.375 |1583619130125 |     429 |   429.0 | 0,00 | mscp41.txt |   38 |
| 5 |    1 | 3000 |   15 |       0.25 |1583619168309 |     429 |   519.0 |20,98 | mscp41.txt |0,016 |
| 5 |  100 | 3000 |   15 |       0.45 |1583619168309 |     429 |   451.0 | 5,13 | mscp41.txt |  1,0 |
| 5 |  200 | 3000 |   15 |       0.45 |1583619168309 |     429 |   451.0 | 5,13 | mscp41.txt |  2,1 |
| 5 |  300 | 3000 |   15 | 0.33333334 |1583619168309 |     429 |   448.0 | 4,43 | mscp41.txt |  3,3 |
| 5 |  400 | 3000 |   20 |        0.3 |1583619168309 |     429 |   434.0 | 1,17 | mscp41.txt |  4,8 |
| 5 |  500 | 3000 |   20 |        0.4 |1583619168309 |     429 |   431.0 | 0,47 | mscp41.txt |  6,2 |
| 5 |  600 | 3000 |   20 |       0.45 |1583619168309 |     429 |   431.0 | 0,47 | mscp41.txt |  7,7 |
| 5 |  700 | 3000 |   20 |        0.3 |1583619168309 |     429 |   430.0 | 0,23 | mscp41.txt |  9,1 |
| 5 |  800 | 3000 |   25 |       0.36 |1583619168309 |     429 |   430.0 | 0,23 | mscp41.txt |   11 |
| 5 |  900 | 3000 |   25 |        0.4 |1583619168309 |     429 |   430.0 | 0,23 | mscp41.txt |   13 |
| 5 | 1000 | 3000 |   25 |       0.45 |1583619168309 |     429 |   430.0 | 0,23 | mscp41.txt |   15 |
| 5 | 1100 | 3000 |   25 |       0.45 |1583619168309 |     429 |   430.0 | 0,23 | mscp41.txt |   17 |
| 5 |  200 | 3000 |   30 |       0.45 |1583619168309 |     429 |   429.0 | 0,00 | mscp41.txt |   18 |
| 6 |    1 | 3000 |   15 |       0.25 |1583619186284 |     429 |   480.0 |11,89 | mscp41.txt |0,019 |
| 6 |  100 | 3000 |   15 |        0.4 |1583619186284 |     429 |   444.0 | 3,50 | mscp41.txt |  1,1 |
| 6 |  200 | 3000 |   15 |       0.45 |1583619186284 |     429 |   444.0 | 3,50 | mscp41.txt |  2,2 |
| 6 |  300 | 3000 |   15 |       0.45 |1583619186284 |     429 |   444.0 | 3,50 | mscp41.txt |  3,3 |
| 6 |  400 | 3000 |   15 |       0.45 |1583619186284 |     429 |   434.0 | 1,17 | mscp41.txt |  4,3 |
| 6 |  500 | 3000 |   20 |       0.45 |1583619186284 |     429 |   434.0 | 1,17 | mscp41.txt |  5,8 |
| 6 |  600 | 3000 |   20 |        0.4 |1583619186284 |     429 |   434.0 | 1,17 | mscp41.txt |  7,3 |
| 6 |  700 | 3000 |   20 |        0.3 |1583619186284 |     429 |   431.0 | 0,47 | mscp41.txt |  8,8 |
| 6 |  800 | 3000 |   20 |        0.2 |1583619186284 |     429 |   431.0 | 0,47 | mscp41.txt |   10 |
| 6 |  900 | 3000 |   25 |       0.45 |1583619186284 |     429 |   431.0 | 0,47 | mscp41.txt |   12 |
| 6 | 1000 | 3000 |   25 |       0.24 |1583619186284 |     429 |   431.0 | 0,47 | mscp41.txt |   14 |
| 6 | 1100 | 3000 |   25 |       0.45 |1583619186284 |     429 |   431.0 | 0,47 | mscp41.txt |   16 |
| 6 | 1200 | 3000 |   25 |       0.45 |1583619186284 |     429 |   431.0 | 0,47 | mscp41.txt |   18 |
| 6 | 1300 | 3000 |   30 |       0.45 |1583619186284 |     429 |   431.0 | 0,47 | mscp41.txt |   20 |
| 6 | 1400 | 3000 |   30 |       0.45 |1583619186284 |     429 |   431.0 | 0,47 | mscp41.txt |   22 |
| 6 | 1500 | 3000 |   30 |       0.45 |1583619186284 |     429 |   431.0 | 0,47 | mscp41.txt |   24 |
| 6 | 1600 | 3000 |   30 |       0.45 |1583619186284 |     429 |   431.0 | 0,47 | mscp41.txt |   27 |
| 6 | 1700 | 3000 |   35 | 0.34285715 |1583619186284 |     429 |   431.0 | 0,47 | mscp41.txt |   29 |
| 6 | 1800 | 3000 |   35 | 0.37142858 |1583619186284 |     429 |   431.0 | 0,47 | mscp41.txt |   32 |
| 6 | 1900 | 3000 |   35 | 0.34285715 |1583619186284 |     429 |   431.0 | 0,47 | mscp41.txt |   34 |
| 6 | 2000 | 3000 |   35 |       0.45 |1583619186284 |     429 |   430.0 | 0,23 | mscp41.txt |   37 |
| 6 | 2100 | 3000 |   40 |      0.325 |1583619186284 |     429 |   430.0 | 0,23 | mscp41.txt |   40 |
| 6 |  200 | 3000 |   40 |      0.325 |1583619186284 |     429 |   429.0 | 0,00 | mscp41.txt |   42 |
| 7 |    1 | 3000 |   15 |       0.25 |1583619228628 |     429 |   517.0 |20,51 | mscp41.txt |0,019 |
| 7 |  100 | 3000 |   15 |       0.45 |1583619228628 |     429 |   436.0 | 1,63 | mscp41.txt |  1,0 |
| 7 |  200 | 3000 |   15 | 0.26666668 |1583619228628 |     429 |   436.0 | 1,63 | mscp41.txt |  2,1 |
| 7 |  300 | 3000 |   15 |        0.4 |1583619228628 |     429 |   434.0 | 1,17 | mscp41.txt |  3,2 |
| 7 |  400 | 3000 |   20 |       0.45 |1583619228628 |     429 |   434.0 | 1,17 | mscp41.txt |  4,7 |
| 7 |  500 | 3000 |   20 |       0.45 |1583619228628 |     429 |   434.0 | 1,17 | mscp41.txt |  6,1 |
| 7 |  600 | 3000 |   20 |       0.45 |1583619228628 |     429 |   434.0 | 1,17 | mscp41.txt |  7,6 |
| 7 |  700 | 3000 |   20 |       0.45 |1583619228628 |     429 |   434.0 | 1,17 | mscp41.txt |  9,0 |
| 7 |  800 | 3000 |   25 |       0.45 |1583619228628 |     429 |   434.0 | 1,17 | mscp41.txt |   11 |
| 7 |  900 | 3000 |   25 |       0.45 |1583619228628 |     429 |   434.0 | 1,17 | mscp41.txt |   13 |
| 7 | 1000 | 3000 |   25 |       0.45 |1583619228628 |     429 |   434.0 | 1,17 | mscp41.txt |   15 |
| 7 | 1100 | 3000 |   25 |        0.4 |1583619228628 |     429 |   434.0 | 1,17 | mscp41.txt |   17 |
| 7 | 1200 | 3000 |   30 | 0.26666668 |1583619228628 |     429 |   434.0 | 1,17 | mscp41.txt |   19 |
| 7 | 1300 | 3000 |   30 | 0.33333334 |1583619228628 |     429 |   431.0 | 0,47 | mscp41.txt |   21 |
| 7 | 1400 | 3000 |   30 | 0.36666667 |1583619228628 |     429 |   431.0 | 0,47 | mscp41.txt |   23 |
| 7 | 1500 | 3000 |   30 |        0.4 |1583619228628 |     429 |   431.0 | 0,47 | mscp41.txt |   26 |
| 7 | 1600 | 3000 |   35 |       0.45 |1583619228628 |     429 |   431.0 | 0,47 | mscp41.txt |   29 |
| 7 | 1700 | 3000 |   35 | 0.34285715 |1583619228628 |     429 |   431.0 | 0,47 | mscp41.txt |   31 |
| 7 | 1800 | 3000 |   35 |       0.45 |1583619228628 |     429 |   430.0 | 0,23 | mscp41.txt |   34 |
| 7 | 1900 | 3000 |   35 |       0.45 |1583619228628 |     429 |   430.0 | 0,23 | mscp41.txt |   37 |
| 7 | 2000 | 3000 |   40 |       0.45 |1583619228628 |     429 |   430.0 | 0,23 | mscp41.txt |   40 |
| 7 | 2100 | 3000 |   40 |       0.45 |1583619228628 |     429 |   430.0 | 0,23 | mscp41.txt |   43 |
| 7 | 2200 | 3000 |   40 |       0.45 |1583619228628 |     429 |   430.0 | 0,23 | mscp41.txt |   46 |
| 7 |  200 | 3000 |   40 |       0.45 |1583619228628 |     429 |   429.0 | 0,00 | mscp41.txt |   47 |
| 8 |    1 | 3000 |   15 |       0.25 |1583619276036 |     429 |   509.0 |18,65 | mscp41.txt |0,016 |
| 8 |  100 | 3000 |   15 |       0.45 |1583619276036 |     429 |   460.0 | 7,23 | mscp41.txt |  1,0 |
| 8 |  200 | 3000 |   20 |        0.3 |1583619276036 |     429 |   437.0 | 1,86 | mscp41.txt |  2,4 |
| 8 |  300 | 3000 |   20 |       0.45 |1583619276036 |     429 |   437.0 | 1,86 | mscp41.txt |  3,8 |
| 8 |  400 | 3000 |   20 |       0.45 |1583619276036 |     429 |   436.0 | 1,63 | mscp41.txt |  5,3 |
| 8 |  500 | 3000 |   20 |       0.45 |1583619276036 |     429 |   433.0 | 0,93 | mscp41.txt |  6,9 |
| 8 |  600 | 3000 |   25 |       0.45 |1583619276036 |     429 |   430.0 | 0,23 | mscp41.txt |  8,7 |
| 8 |  700 | 3000 |   25 |       0.45 |1583619276036 |     429 |   430.0 | 0,23 | mscp41.txt |   11 |
| 8 |  800 | 3000 |   25 |       0.45 |1583619276036 |     429 |   430.0 | 0,23 | mscp41.txt |   12 |
| 8 |  900 | 3000 |   25 |       0.45 |1583619276036 |     429 |   430.0 | 0,23 | mscp41.txt |   14 |
| 8 | 1000 | 3000 |   30 |       0.45 |1583619276036 |     429 |   430.0 | 0,23 | mscp41.txt |   16 |
| 8 | 1100 | 3000 |   30 |       0.45 |1583619276036 |     429 |   430.0 | 0,23 | mscp41.txt |   18 |
| 8 | 1200 | 3000 |   30 |        0.4 |1583619276036 |     429 |   430.0 | 0,23 | mscp41.txt |   21 |
| 8 | 1300 | 3000 |   30 |        0.4 |1583619276036 |     429 |   430.0 | 0,23 | mscp41.txt |   23 |
| 8 | 1400 | 3000 |   35 | 0.37142858 |1583619276036 |     429 |   430.0 | 0,23 | mscp41.txt |   25 |
| 8 | 1500 | 3000 |   35 |       0.45 |1583619276036 |     429 |   430.0 | 0,23 | mscp41.txt |   28 |
| 8 | 1600 | 3000 |   35 |        0.4 |1583619276036 |     429 |   430.0 | 0,23 | mscp41.txt |   30 |
| 8 | 1700 | 3000 |   35 | 0.34285715 |1583619276036 |     429 |   430.0 | 0,23 | mscp41.txt |   33 |
| 8 | 1800 | 3000 |   40 |        0.4 |1583619276036 |     429 |   430.0 | 0,23 | mscp41.txt |   35 |
| 8 | 1900 | 3000 |   40 |       0.35 |1583619276036 |     429 |   430.0 | 0,23 | mscp41.txt |   38 |
| 8 | 2000 | 3000 |   40 |       0.35 |1583619276036 |     429 |   430.0 | 0,23 | mscp41.txt |   41 |
| 8 | 2100 | 3000 |   40 |      0.325 |1583619276036 |     429 |   430.0 | 0,23 | mscp41.txt |   44 |
| 8 | 2200 | 3000 |   45 | 0.24444444 |1583619276036 |     429 |   430.0 | 0,23 | mscp41.txt |   48 |
| 8 |  200 | 3000 |   45 | 0.24444444 |1583619276036 |     429 |   429.0 | 0,00 | mscp41.txt |   48 |
| 9 |    1 | 3000 |   15 |       0.25 |1583619324395 |     429 |   503.0 |17,25 | mscp41.txt |0,015 |
| 9 |  100 | 3000 |   15 |       0.45 |1583619324395 |     429 |   443.0 | 3,26 | mscp41.txt |  1,2 |
| 9 |  200 | 3000 |   15 |       0.45 |1583619324395 |     429 |   436.0 | 1,63 | mscp41.txt |  2,3 |
| 9 |  300 | 3000 |   15 | 0.26666668 |1583619324395 |     429 |   436.0 | 1,63 | mscp41.txt |  3,3 |
| 9 |  400 | 3000 |   20 |       0.35 |1583619324395 |     429 |   431.0 | 0,47 | mscp41.txt |  4,8 |
| 9 |  500 | 3000 |   20 |       0.45 |1583619324395 |     429 |   430.0 | 0,23 | mscp41.txt |  6,2 |
| 9 |  600 | 3000 |   20 |       0.45 |1583619324395 |     429 |   430.0 | 0,23 | mscp41.txt |  7,6 |
| 9 |  700 | 3000 |   20 |       0.45 |1583619324395 |     429 |   430.0 | 0,23 | mscp41.txt |  9,1 |
| 9 |  800 | 3000 |   25 |       0.45 |1583619324395 |     429 |   430.0 | 0,23 | mscp41.txt |   11 |
| 9 |  900 | 3000 |   25 |       0.36 |1583619324395 |     429 |   430.0 | 0,23 | mscp41.txt |   13 |
| 9 | 1000 | 3000 |   25 |       0.32 |1583619324395 |     429 |   430.0 | 0,23 | mscp41.txt |   15 |
| 9 | 1100 | 3000 |   25 |       0.32 |1583619324395 |     429 |   430.0 | 0,23 | mscp41.txt |   16 |
| 9 | 1200 | 3000 |   30 | 0.26666668 |1583619324395 |     429 |   430.0 | 0,23 | mscp41.txt |   19 |
| 9 | 1300 | 3000 |   30 |        0.3 |1583619324395 |     429 |   430.0 | 0,23 | mscp41.txt |   21 |
| 9 | 1400 | 3000 |   30 |        0.3 |1583619324395 |     429 |   430.0 | 0,23 | mscp41.txt |   23 |
| 9 | 1500 | 3000 |   30 |        0.3 |1583619324395 |     429 |   430.0 | 0,23 | mscp41.txt |   25 |
| 9 | 1600 | 3000 |   35 | 0.31428573 |1583619324395 |     429 |   430.0 | 0,23 | mscp41.txt |   28 |
| 9 | 1700 | 3000 |   35 | 0.31428573 |1583619324395 |     429 |   430.0 | 0,23 | mscp41.txt |   31 |
| 9 | 1800 | 3000 |   35 | 0.31428573 |1583619324395 |     429 |   430.0 | 0,23 | mscp41.txt |   33 |
| 9 | 1900 | 3000 |   35 | 0.31428573 |1583619324395 |     429 |   430.0 | 0,23 | mscp41.txt |   36 |
| 9 | 2000 | 3000 |   40 |       0.35 |1583619324395 |     429 |   430.0 | 0,23 | mscp41.txt |   39 |
| 9 | 2100 | 3000 |   40 |       0.35 |1583619324395 |     429 |   430.0 | 0,23 | mscp41.txt |   42 |
| 9 | 2200 | 3000 |   40 |       0.45 |1583619324395 |     429 |   430.0 | 0,23 | mscp41.txt |   45 |
| 9 | 2300 | 3000 |   40 |       0.45 |1583619324395 |     429 |   430.0 | 0,23 | mscp41.txt |   48 |
| 9 | 2400 | 3000 |   45 |        0.4 |1583619324395 |     429 |   430.0 | 0,23 | mscp41.txt |   52 |
| 9 | 2500 | 3000 |   45 |        0.4 |1583619324395 |     429 |   430.0 | 0,23 | mscp41.txt |   55 |
| 9 | 2600 | 3000 |   45 | 0.35555556 |1583619324395 |     429 |   430.0 | 0,23 | mscp41.txt |   59 |
| 9 | 2700 | 3000 |   45 | 0.31111112 |1583619324395 |     429 |   430.0 | 0,23 | mscp41.txt |   62 |
| 9 | 2800 | 3000 |   50 |       0.28 |1583619324395 |     429 |   430.0 | 0,23 | mscp41.txt |   66 |
| 9 | 2900 | 3000 |   50 |       0.26 |1583619324395 |     429 |   430.0 | 0,23 | mscp41.txt |   69 |
| 9 | 3000 | 3000 |   50 |       0.32 |1583619324395 |     429 |   430.0 | 0,23 | mscp41.txt |   73 |
| 9 |  200 | 3000 |   50 |       0.32 |1583619324395 |     429 |   430.0 | 0,23 | mscp41.txt |   73 |
|10 |    1 | 3000 |   15 |       0.25 |1583619397367 |     429 |   472.0 |10,02 | mscp41.txt |0,016 |
|10 |  100 | 3000 |   15 | 0.33333334 |1583619397367 |     429 |   461.0 | 7,46 | mscp41.txt |  1,0 |
|10 |  200 | 3000 |   20 |       0.35 |1583619397367 |     429 |   445.0 | 3,73 | mscp41.txt |  2,5 |
|10 |  300 | 3000 |   20 |       0.35 |1583619397367 |     429 |   437.0 | 1,86 | mscp41.txt |  3,9 |
|10 |  400 | 3000 |   20 |        0.3 |1583619397367 |     429 |   437.0 | 1,86 | mscp41.txt |  5,4 |
|10 |  500 | 3000 |   20 |        0.3 |1583619397367 |     429 |   435.0 | 1,40 | mscp41.txt |  6,9 |
|10 |  600 | 3000 |   25 |       0.28 |1583619397367 |     429 |   434.0 | 1,17 | mscp41.txt |  8,7 |
|10 |  700 | 3000 |   25 |       0.36 |1583619397367 |     429 |   433.0 | 0,93 | mscp41.txt |   11 |
|10 |  800 | 3000 |   25 |        0.4 |1583619397367 |     429 |   433.0 | 0,93 | mscp41.txt |   12 |
|10 |  900 | 3000 |   25 |       0.36 |1583619397367 |     429 |   432.0 | 0,70 | mscp41.txt |   14 |
|10 | 1000 | 3000 |   30 | 0.33333334 |1583619397367 |     429 |   431.0 | 0,47 | mscp41.txt |   17 |
|10 | 1100 | 3000 |   30 | 0.33333334 |1583619397367 |     429 |   431.0 | 0,47 | mscp41.txt |   19 |
|10 | 1200 | 3000 |   30 |        0.3 |1583619397367 |     429 |   431.0 | 0,47 | mscp41.txt |   21 |
|10 | 1300 | 3000 |   30 |        0.3 |1583619397367 |     429 |   430.0 | 0,23 | mscp41.txt |   23 |
|10 |  200 | 3000 |   35 |        0.3 |1583619397367 |     429 |   429.0 | 0,00 | mscp41.txt |   26 |
|11 |    1 | 3000 |   15 |       0.25 |1583619422949 |     429 |   514.0 |19,81 | mscp41.txt |0,015 |
|11 |  100 | 3000 |   15 |        0.4 |1583619422949 |     429 |   448.0 | 4,43 | mscp41.txt |  1,1 |
|11 |  200 | 3000 |   15 | 0.33333334 |1583619422949 |     429 |   443.0 | 3,26 | mscp41.txt |  2,1 |
|11 |  300 | 3000 |   15 |       0.45 |1583619422949 |     429 |   442.0 | 3,03 | mscp41.txt |  3,1 |
|11 |  400 | 3000 |   15 |       0.45 |1583619422949 |     429 |   442.0 | 3,03 | mscp41.txt |  4,2 |
|11 |  500 | 3000 |   20 |        0.4 |1583619422949 |     429 |   437.0 | 1,86 | mscp41.txt |  5,6 |
|11 |  600 | 3000 |   20 |       0.45 |1583619422949 |     429 |   432.0 | 0,70 | mscp41.txt |  7,0 |
|11 |  700 | 3000 |   20 |       0.45 |1583619422949 |     429 |   432.0 | 0,70 | mscp41.txt |  8,4 |
|11 |  800 | 3000 |   20 |       0.45 |1583619422949 |     429 |   432.0 | 0,70 | mscp41.txt |  9,8 |
|11 |  900 | 3000 |   25 |       0.36 |1583619422949 |     429 |   432.0 | 0,70 | mscp41.txt |   12 |
|11 | 1000 | 3000 |   25 |       0.32 |1583619422949 |     429 |   432.0 | 0,70 | mscp41.txt |   13 |
|11 | 1100 | 3000 |   25 |       0.32 |1583619422949 |     429 |   432.0 | 0,70 | mscp41.txt |   15 |
|11 | 1200 | 3000 |   25 |       0.24 |1583619422949 |     429 |   432.0 | 0,70 | mscp41.txt |   17 |
|11 | 1300 | 3000 |   30 |        0.3 |1583619422949 |     429 |   432.0 | 0,70 | mscp41.txt |   19 |
|11 | 1400 | 3000 |   30 | 0.33333334 |1583619422949 |     429 |   431.0 | 0,47 | mscp41.txt |   21 |
|11 | 1500 | 3000 |   30 | 0.36666667 |1583619422949 |     429 |   431.0 | 0,47 | mscp41.txt |   23 |
|11 | 1600 | 3000 |   30 |        0.4 |1583619422949 |     429 |   431.0 | 0,47 | mscp41.txt |   26 |
|11 | 1700 | 3000 |   35 | 0.34285715 |1583619422949 |     429 |   431.0 | 0,47 | mscp41.txt |   28 |
|11 | 1800 | 3000 |   35 |        0.4 |1583619422949 |     429 |   431.0 | 0,47 | mscp41.txt |   31 |
|11 | 1900 | 3000 |   35 |        0.4 |1583619422949 |     429 |   431.0 | 0,47 | mscp41.txt |   33 |
|11 | 2000 | 3000 |   35 |       0.45 |1583619422949 |     429 |   431.0 | 0,47 | mscp41.txt |   36 |
|11 | 2100 | 3000 |   40 |      0.375 |1583619422949 |     429 |   431.0 | 0,47 | mscp41.txt |   39 |
|11 | 2200 | 3000 |   40 |        0.4 |1583619422949 |     429 |   431.0 | 0,47 | mscp41.txt |   42 |
|11 | 2300 | 3000 |   40 |       0.45 |1583619422949 |     429 |   431.0 | 0,47 | mscp41.txt |   44 |
|11 | 2400 | 3000 |   40 |       0.45 |1583619422949 |     429 |   431.0 | 0,47 | mscp41.txt |   47 |
|11 | 2500 | 3000 |   45 |        0.4 |1583619422949 |     429 |   431.0 | 0,47 | mscp41.txt |   51 |
|11 | 2600 | 3000 |   45 | 0.35555556 |1583619422949 |     429 |   430.0 | 0,23 | mscp41.txt |   54 |
|11 | 2700 | 3000 |   45 | 0.37777779 |1583619422949 |     429 |   430.0 | 0,23 | mscp41.txt |   57 |
|11 | 2800 | 3000 |   45 |       0.45 |1583619422949 |     429 |   430.0 | 0,23 | mscp41.txt |   60 |
|11 | 2900 | 3000 |   50 |       0.38 |1583619422949 |     429 |   430.0 | 0,23 | mscp41.txt |   64 |
|11 | 3000 | 3000 |   50 |       0.45 |1583619422949 |     429 |   430.0 | 0,23 | mscp41.txt |   68 |
|11 |  200 | 3000 |   50 |       0.45 |1583619422949 |     429 |   430.0 | 0,23 | mscp41.txt |   68 |
|12 |    1 | 3000 |   15 |       0.25 |1583619490555 |     429 |   526.0 |22,61 | mscp41.txt |0,019 |
|12 |  100 | 3000 |   15 | 0.33333334 |1583619490555 |     429 |   454.0 | 5,83 | mscp41.txt |  1,1 |
|12 |  200 | 3000 |   15 |        0.4 |1583619490555 |     429 |   439.0 | 2,33 | mscp41.txt |  2,1 |
|12 |  300 | 3000 |   20 |        0.4 |1583619490555 |     429 |   439.0 | 2,33 | mscp41.txt |  3,5 |
|12 |  400 | 3000 |   20 |       0.35 |1583619490555 |     429 |   437.0 | 1,86 | mscp41.txt |  5,0 |
|12 |  500 | 3000 |   20 |        0.3 |1583619490555 |     429 |   436.0 | 1,63 | mscp41.txt |  6,4 |
|12 |  600 | 3000 |   20 |        0.4 |1583619490555 |     429 |   433.0 | 0,93 | mscp41.txt |  7,8 |
|12 |  700 | 3000 |   25 |       0.36 |1583619490555 |     429 |   433.0 | 0,93 | mscp41.txt |  9,7 |
|12 |  800 | 3000 |   25 |        0.4 |1583619490555 |     429 |   431.0 | 0,47 | mscp41.txt |   12 |
|12 |  900 | 3000 |   25 |        0.2 |1583619490555 |     429 |   430.0 | 0,23 | mscp41.txt |   14 |
|12 | 1000 | 3000 |   25 |       0.28 |1583619490555 |     429 |   430.0 | 0,23 | mscp41.txt |   16 |
|12 | 1100 | 3000 |   30 |        0.4 |1583619490555 |     429 |   430.0 | 0,23 | mscp41.txt |   18 |
|12 | 1200 | 3000 |   30 | 0.26666668 |1583619490555 |     429 |   430.0 | 0,23 | mscp41.txt |   20 |
|12 | 1300 | 3000 |   30 |        0.3 |1583619490555 |     429 |   430.0 | 0,23 | mscp41.txt |   23 |
|12 | 1400 | 3000 |   30 |       0.45 |1583619490555 |     429 |   430.0 | 0,23 | mscp41.txt |   25 |
|12 | 1500 | 3000 |   35 | 0.25714287 |1583619490555 |     429 |   430.0 | 0,23 | mscp41.txt |   27 |
|12 | 1600 | 3000 |   35 |        0.2 |1583619490555 |     429 |   430.0 | 0,23 | mscp41.txt |   30 |
|12 | 1700 | 3000 |   35 | 0.22857143 |1583619490555 |     429 |   430.0 | 0,23 | mscp41.txt |   33 |
|12 | 1800 | 3000 |   35 |        0.2 |1583619490555 |     429 |   430.0 | 0,23 | mscp41.txt |   35 |
|12 | 1900 | 3000 |   40 |        0.2 |1583619490555 |     429 |   430.0 | 0,23 | mscp41.txt |   38 |
|12 | 2000 | 3000 |   40 |      0.275 |1583619490555 |     429 |   430.0 | 0,23 | mscp41.txt |   41 |
|12 | 2100 | 3000 |   40 |        0.3 |1583619490555 |     429 |   430.0 | 0,23 | mscp41.txt |   44 |
|12 | 2200 | 3000 |   40 |        0.3 |1583619490555 |     429 |   430.0 | 0,23 | mscp41.txt |   47 |
|12 | 2300 | 3000 |   45 | 0.31111112 |1583619490555 |     429 |   430.0 | 0,23 | mscp41.txt |   50 |
|12 | 2400 | 3000 |   45 | 0.37777779 |1583619490555 |     429 |   430.0 | 0,23 | mscp41.txt |   54 |
|12 | 2500 | 3000 |   45 | 0.35555556 |1583619490555 |     429 |   430.0 | 0,23 | mscp41.txt |   57 |
|12 | 2600 | 3000 |   45 | 0.33333334 |1583619490555 |     429 |   430.0 | 0,23 | mscp41.txt |   60 |
|12 | 2700 | 3000 |   50 |       0.36 |1583619490555 |     429 |   430.0 | 0,23 | mscp41.txt |   65 |
|12 | 2800 | 3000 |   50 |       0.36 |1583619490555 |     429 |   430.0 | 0,23 | mscp41.txt |   69 |
|12 | 2900 | 3000 |   50 |       0.38 |1583619490555 |     429 |   430.0 | 0,23 | mscp41.txt |   72 |
|12 | 3000 | 3000 |   50 |       0.36 |1583619490555 |     429 |   430.0 | 0,23 | mscp41.txt |   76 |
|12 |  200 | 3000 |   55 |       0.36 |1583619490555 |     429 |   430.0 | 0,23 | mscp41.txt |   76 |
|13 |    1 | 3000 |   15 |       0.25 |1583619566405 |     429 |   520.0 |21,21 | mscp41.txt |0,016 |
|13 |  100 | 3000 |   15 | 0.33333334 |1583619566405 |     429 |   454.0 | 5,83 | mscp41.txt |  1,1 |
|13 |  200 | 3000 |   15 |       0.45 |1583619566405 |     429 |   450.0 | 4,90 | mscp41.txt |  2,5 |
|13 |  300 | 3000 |   15 |        0.4 |1583619566405 |     429 |   447.0 | 4,20 | mscp41.txt |  3,6 |
|13 |  400 | 3000 |   15 | 0.33333334 |1583619566405 |     429 |   441.0 | 2,80 | mscp41.txt |  4,6 |
|13 |  500 | 3000 |   20 |        0.4 |1583619566405 |     429 |   441.0 | 2,80 | mscp41.txt |  6,1 |
|13 |  600 | 3000 |   20 |       0.35 |1583619566405 |     429 |   436.0 | 1,63 | mscp41.txt |  7,5 |
|13 |  700 | 3000 |   20 |        0.4 |1583619566405 |     429 |   433.0 | 0,93 | mscp41.txt |  9,0 |
|13 |  800 | 3000 |   20 |        0.4 |1583619566405 |     429 |   433.0 | 0,93 | mscp41.txt |   10 |
|13 |  900 | 3000 |   25 |       0.28 |1583619566405 |     429 |   432.0 | 0,70 | mscp41.txt |   12 |
|13 | 1000 | 3000 |   25 |       0.45 |1583619566405 |     429 |   430.0 | 0,23 | mscp41.txt |   14 |
|13 | 1100 | 3000 |   25 |        0.4 |1583619566405 |     429 |   430.0 | 0,23 | mscp41.txt |   16 |
|13 | 1200 | 3000 |   25 |       0.32 |1583619566405 |     429 |   430.0 | 0,23 | mscp41.txt |   18 |
|13 | 1300 | 3000 |   30 | 0.26666668 |1583619566405 |     429 |   430.0 | 0,23 | mscp41.txt |   21 |
|13 | 1400 | 3000 |   30 | 0.36666667 |1583619566405 |     429 |   430.0 | 0,23 | mscp41.txt |   23 |
|13 | 1500 | 3000 |   30 |       0.45 |1583619566405 |     429 |   430.0 | 0,23 | mscp41.txt |   25 |
|13 | 1600 | 3000 |   30 |       0.45 |1583619566405 |     429 |   430.0 | 0,23 | mscp41.txt |   28 |
|13 | 1700 | 3000 |   35 |        0.4 |1583619566405 |     429 |   430.0 | 0,23 | mscp41.txt |   31 |
|13 |  200 | 3000 |   35 |        0.4 |1583619566405 |     429 |   429.0 | 0,00 | mscp41.txt |   31 |
|14 |    1 | 3000 |   15 |       0.25 |1583619597640 |     429 |   505.0 |17,72 | mscp41.txt |0,015 |
|14 |  100 | 3000 |   15 |        0.2 |1583619597640 |     429 |   458.0 | 6,76 | mscp41.txt |  1,4 |
|14 |  200 | 3000 |   15 |       0.45 |1583619597640 |     429 |   437.0 | 1,86 | mscp41.txt |  2,4 |
|14 |  300 | 3000 |   15 |        0.4 |1583619597640 |     429 |   437.0 | 1,86 | mscp41.txt |  4,0 |
|14 |  400 | 3000 |   20 |        0.3 |1583619597640 |     429 |   433.0 | 0,93 | mscp41.txt |  5,5 |
|14 |  500 | 3000 |   20 |       0.25 |1583619597640 |     429 |   433.0 | 0,93 | mscp41.txt |  6,9 |
|14 |  600 | 3000 |   20 |       0.45 |1583619597640 |     429 |   433.0 | 0,93 | mscp41.txt |  8,3 |
|14 |  700 | 3000 |   20 |       0.35 |1583619597640 |     429 |   433.0 | 0,93 | mscp41.txt |  9,7 |
|14 |  800 | 3000 |   25 |       0.45 |1583619597640 |     429 |   433.0 | 0,93 | mscp41.txt |   12 |
|14 |  900 | 3000 |   25 |       0.45 |1583619597640 |     429 |   431.0 | 0,47 | mscp41.txt |   13 |
|14 | 1000 | 3000 |   25 |       0.45 |1583619597640 |     429 |   431.0 | 0,47 | mscp41.txt |   15 |
|14 | 1100 | 3000 |   25 |       0.45 |1583619597640 |     429 |   431.0 | 0,47 | mscp41.txt |   17 |
|14 | 1200 | 3000 |   30 | 0.36666667 |1583619597640 |     429 |   431.0 | 0,47 | mscp41.txt |   19 |
|14 | 1300 | 3000 |   30 |       0.45 |1583619597640 |     429 |   431.0 | 0,47 | mscp41.txt |   21 |
|14 | 1400 | 3000 |   30 |       0.45 |1583619597640 |     429 |   431.0 | 0,47 | mscp41.txt |   24 |
|14 | 1500 | 3000 |   30 |       0.45 |1583619597640 |     429 |   431.0 | 0,47 | mscp41.txt |   26 |
|14 | 1600 | 3000 |   35 |       0.45 |1583619597640 |     429 |   431.0 | 0,47 | mscp41.txt |   28 |
|14 | 1700 | 3000 |   35 |       0.45 |1583619597640 |     429 |   431.0 | 0,47 | mscp41.txt |   31 |
|14 | 1800 | 3000 |   35 |       0.45 |1583619597640 |     429 |   431.0 | 0,47 | mscp41.txt |   33 |
|14 | 1900 | 3000 |   35 |       0.45 |1583619597640 |     429 |   431.0 | 0,47 | mscp41.txt |   36 |
|14 | 2000 | 3000 |   40 |       0.45 |1583619597640 |     429 |   431.0 | 0,47 | mscp41.txt |   39 |
|14 | 2100 | 3000 |   40 |       0.45 |1583619597640 |     429 |   431.0 | 0,47 | mscp41.txt |   42 |
|14 | 2200 | 3000 |   40 |       0.45 |1583619597640 |     429 |   431.0 | 0,47 | mscp41.txt |   44 |
|14 | 2300 | 3000 |   40 |       0.45 |1583619597640 |     429 |   431.0 | 0,47 | mscp41.txt |   47 |
|14 | 2400 | 3000 |   45 |       0.45 |1583619597640 |     429 |   431.0 | 0,47 | mscp41.txt |   51 |
|14 | 2500 | 3000 |   45 |       0.45 |1583619597640 |     429 |   431.0 | 0,47 | mscp41.txt |   54 |
|14 | 2600 | 3000 |   45 |       0.45 |1583619597640 |     429 |   431.0 | 0,47 | mscp41.txt |   57 |
|14 | 2700 | 3000 |   45 |       0.45 |1583619597640 |     429 |   431.0 | 0,47 | mscp41.txt |   60 |
|14 |  200 | 3000 |   50 |       0.45 |1583619597640 |     429 |   429.0 | 0,00 | mscp41.txt |   61 |
|15 |    1 | 3000 |   15 |       0.25 |1583619658929 |     429 |   541.0 |26,11 | mscp41.txt |0,015 |
|15 |  100 | 3000 |   15 |        0.4 |1583619658929 |     429 |   471.0 | 9,79 | mscp41.txt |  1,0 |
|15 |  200 | 3000 |   15 |       0.45 |1583619658929 |     429 |   471.0 | 9,79 | mscp41.txt |  2,1 |
|15 |  300 | 3000 |   15 |       0.45 |1583619658929 |     429 |   439.0 | 2,33 | mscp41.txt |  3,1 |
|15 |  400 | 3000 |   15 |       0.45 |1583619658929 |     429 |   439.0 | 2,33 | mscp41.txt |  4,2 |
|15 |  500 | 3000 |   20 |       0.45 |1583619658929 |     429 |   439.0 | 2,33 | mscp41.txt |  5,6 |
|15 |  600 | 3000 |   20 |       0.45 |1583619658929 |     429 |   439.0 | 2,33 | mscp41.txt |  7,1 |
|15 |  700 | 3000 |   20 |       0.45 |1583619658929 |     429 |   436.0 | 1,63 | mscp41.txt |  8,6 |
|15 |  800 | 3000 |   20 |        0.4 |1583619658929 |     429 |   436.0 | 1,63 | mscp41.txt |   10 |
|15 |  900 | 3000 |   25 |       0.36 |1583619658929 |     429 |   435.0 | 1,40 | mscp41.txt |   12 |
|15 | 1000 | 3000 |   25 |        0.4 |1583619658929 |     429 |   434.0 | 1,17 | mscp41.txt |   14 |
|15 | 1100 | 3000 |   25 |       0.45 |1583619658929 |     429 |   434.0 | 1,17 | mscp41.txt |   16 |
|15 | 1200 | 3000 |   25 |       0.45 |1583619658929 |     429 |   434.0 | 1,17 | mscp41.txt |   18 |
|15 | 1300 | 3000 |   30 | 0.36666667 |1583619658929 |     429 |   432.0 | 0,70 | mscp41.txt |   20 |
|15 | 1400 | 3000 |   30 |       0.45 |1583619658929 |     429 |   431.0 | 0,47 | mscp41.txt |   22 |
|15 | 1500 | 3000 |   30 |        0.4 |1583619658929 |     429 |   431.0 | 0,47 | mscp41.txt |   24 |
|15 | 1600 | 3000 |   30 |       0.45 |1583619658929 |     429 |   430.0 | 0,23 | mscp41.txt |   27 |
|15 | 1700 | 3000 |   35 |       0.45 |1583619658929 |     429 |   430.0 | 0,23 | mscp41.txt |   29 |
|15 | 1800 | 3000 |   35 |       0.45 |1583619658929 |     429 |   430.0 | 0,23 | mscp41.txt |   32 |
|15 | 1900 | 3000 |   35 |        0.4 |1583619658929 |     429 |   430.0 | 0,23 | mscp41.txt |   34 |
|15 | 2000 | 3000 |   35 |        0.4 |1583619658929 |     429 |   430.0 | 0,23 | mscp41.txt |   37 |
|15 | 2100 | 3000 |   40 |        0.3 |1583619658929 |     429 |   430.0 | 0,23 | mscp41.txt |   41 |
|15 | 2200 | 3000 |   40 |       0.25 |1583619658929 |     429 |   430.0 | 0,23 | mscp41.txt |   44 |
|15 | 2300 | 3000 |   40 |        0.3 |1583619658929 |     429 |   430.0 | 0,23 | mscp41.txt |   47 |
|15 | 2400 | 3000 |   40 |      0.375 |1583619658929 |     429 |   430.0 | 0,23 | mscp41.txt |   50 |
|15 | 2500 | 3000 |   45 |  0.2888889 |1583619658929 |     429 |   430.0 | 0,23 | mscp41.txt |   53 |
|15 |  200 | 3000 |   45 |  0.2888889 |1583619658929 |     429 |   429.0 | 0,00 | mscp41.txt |   55 |
|16 |    1 | 3000 |   15 |       0.25 |1583619713756 |     429 |   506.0 |17,95 | mscp41.txt |0,015 |
|16 |  100 | 3000 |   15 |        0.2 |1583619713756 |     429 |   448.0 | 4,43 | mscp41.txt |  1,0 |
|16 |  200 | 3000 |   15 | 0.26666668 |1583619713756 |     429 |   446.0 | 3,96 | mscp41.txt |  2,1 |
|16 |  300 | 3000 |   15 | 0.13333334 |1583619713756 |     429 |   436.0 | 1,63 | mscp41.txt |  3,1 |
|16 |  400 | 3000 |   20 |       0.15 |1583619713756 |     429 |   431.0 | 0,47 | mscp41.txt |  4,5 |
|16 |  500 | 3000 |   20 |       0.15 |1583619713756 |     429 |   431.0 | 0,47 | mscp41.txt |  5,9 |
|16 |  600 | 3000 |   20 |       0.45 |1583619713756 |     429 |   431.0 | 0,47 | mscp41.txt |  7,3 |
|16 |  700 | 3000 |   20 |       0.45 |1583619713756 |     429 |   431.0 | 0,47 | mscp41.txt |  8,8 |
|16 |  800 | 3000 |   25 |       0.45 |1583619713756 |     429 |   431.0 | 0,47 | mscp41.txt |   11 |
|16 |  900 | 3000 |   25 |       0.45 |1583619713756 |     429 |   431.0 | 0,47 | mscp41.txt |   12 |
|16 | 1000 | 3000 |   25 |       0.45 |1583619713756 |     429 |   431.0 | 0,47 | mscp41.txt |   14 |
|16 | 1100 | 3000 |   25 |        0.4 |1583619713756 |     429 |   431.0 | 0,47 | mscp41.txt |   16 |
|16 | 1200 | 3000 |   30 |       0.45 |1583619713756 |     429 |   431.0 | 0,47 | mscp41.txt |   18 |
|16 | 1300 | 3000 |   30 |       0.45 |1583619713756 |     429 |   431.0 | 0,47 | mscp41.txt |   21 |
|16 | 1400 | 3000 |   30 | 0.36666667 |1583619713756 |     429 |   430.0 | 0,23 | mscp41.txt |   23 |
|16 |  200 | 3000 |   30 | 0.36666667 |1583619713756 |     429 |   429.0 | 0,00 | mscp41.txt |   23 |
|17 |    1 | 3000 |   15 |       0.25 |1583619736933 |     429 |   493.0 |14,92 | mscp41.txt |0,018 |
|17 |  100 | 3000 |   15 |        0.4 |1583619736933 |     429 |   440.0 | 2,56 | mscp41.txt |  1,0 |
|17 |  200 | 3000 |   20 |       0.35 |1583619736933 |     429 |   439.0 | 2,33 | mscp41.txt |  2,5 |
|17 |  300 | 3000 |   20 |       0.45 |1583619736933 |     429 |   435.0 | 1,40 | mscp41.txt |  3,9 |
|17 |  400 | 3000 |   20 |        0.3 |1583619736933 |     429 |   431.0 | 0,47 | mscp41.txt |  5,3 |
|17 |  500 | 3000 |   20 |        0.4 |1583619736933 |     429 |   430.0 | 0,23 | mscp41.txt |  6,7 |
|17 |  600 | 3000 |   25 |       0.36 |1583619736933 |     429 |   430.0 | 0,23 | mscp41.txt |  8,5 |
|17 |  700 | 3000 |   25 |       0.36 |1583619736933 |     429 |   430.0 | 0,23 | mscp41.txt |   10 |
|17 |  800 | 3000 |   25 |       0.45 |1583619736933 |     429 |   430.0 | 0,23 | mscp41.txt |   12 |
|17 |  900 | 3000 |   25 |       0.45 |1583619736933 |     429 |   430.0 | 0,23 | mscp41.txt |   14 |
|17 | 1000 | 3000 |   30 | 0.36666667 |1583619736933 |     429 |   430.0 | 0,23 | mscp41.txt |   16 |
|17 | 1100 | 3000 |   30 |       0.45 |1583619736933 |     429 |   430.0 | 0,23 | mscp41.txt |   18 |
|17 | 1200 | 3000 |   30 |       0.45 |1583619736933 |     429 |   430.0 | 0,23 | mscp41.txt |   20 |
|17 | 1300 | 3000 |   30 |        0.4 |1583619736933 |     429 |   430.0 | 0,23 | mscp41.txt |   22 |
|17 | 1400 | 3000 |   35 | 0.31428573 |1583619736933 |     429 |   430.0 | 0,23 | mscp41.txt |   25 |
|17 | 1500 | 3000 |   35 | 0.37142858 |1583619736933 |     429 |   430.0 | 0,23 | mscp41.txt |   28 |
|17 | 1600 | 3000 |   35 | 0.31428573 |1583619736933 |     429 |   430.0 | 0,23 | mscp41.txt |   30 |
|17 | 1700 | 3000 |   35 | 0.31428573 |1583619736933 |     429 |   430.0 | 0,23 | mscp41.txt |   33 |
|17 | 1800 | 3000 |   40 |      0.375 |1583619736933 |     429 |   430.0 | 0,23 | mscp41.txt |   35 |
|17 | 1900 | 3000 |   40 |        0.4 |1583619736933 |     429 |   430.0 | 0,23 | mscp41.txt |   38 |
|17 | 2000 | 3000 |   40 |       0.45 |1583619736933 |     429 |   430.0 | 0,23 | mscp41.txt |   41 |
|17 | 2100 | 3000 |   40 |       0.35 |1583619736933 |     429 |   430.0 | 0,23 | mscp41.txt |   44 |
|17 | 2200 | 3000 |   45 | 0.33333334 |1583619736933 |     429 |   430.0 | 0,23 | mscp41.txt |   47 |
|17 | 2300 | 3000 |   45 | 0.35555556 |1583619736933 |     429 |   430.0 | 0,23 | mscp41.txt |   51 |
|17 | 2400 | 3000 |   45 |        0.4 |1583619736933 |     429 |   430.0 | 0,23 | mscp41.txt |   54 |
|17 | 2500 | 3000 |   45 |        0.4 |1583619736933 |     429 |   430.0 | 0,23 | mscp41.txt |   57 |
|17 |  200 | 3000 |   50 |        0.4 |1583619736933 |     429 |   429.0 | 0,00 | mscp41.txt |   60 |
|18 |    1 | 3000 |   15 |       0.25 |1583619797026 |     429 |   527.0 |22,84 | mscp41.txt |0,016 |
|18 |  100 | 3000 |   15 | 0.26666668 |1583619797026 |     429 |   439.0 | 2,33 | mscp41.txt |  1,0 |
|18 |  200 | 3000 |   15 | 0.33333334 |1583619797026 |     429 |   439.0 | 2,33 | mscp41.txt |  2,1 |
|18 |  300 | 3000 |   15 |        0.2 |1583619797026 |     429 |   433.0 | 0,93 | mscp41.txt |  3,1 |
|18 |  400 | 3000 |   15 |        0.2 |1583619797026 |     429 |   431.0 | 0,47 | mscp41.txt |  4,2 |
|18 |  500 | 3000 |   20 |       0.25 |1583619797026 |     429 |   430.0 | 0,23 | mscp41.txt |  5,6 |
|18 |  600 | 3000 |   20 |        0.4 |1583619797026 |     429 |   430.0 | 0,23 | mscp41.txt |  7,1 |
|18 |  700 | 3000 |   20 |        0.2 |1583619797026 |     429 |   430.0 | 0,23 | mscp41.txt |  8,5 |
|18 |  800 | 3000 |   20 |       0.25 |1583619797026 |     429 |   430.0 | 0,23 | mscp41.txt |  9,9 |
|18 |  900 | 3000 |   25 |       0.32 |1583619797026 |     429 |   430.0 | 0,23 | mscp41.txt |   12 |
|18 | 1000 | 3000 |   25 |       0.32 |1583619797026 |     429 |   430.0 | 0,23 | mscp41.txt |   13 |
|18 | 1100 | 3000 |   25 |       0.45 |1583619797026 |     429 |   430.0 | 0,23 | mscp41.txt |   15 |
|18 | 1200 | 3000 |   25 |       0.45 |1583619797026 |     429 |   430.0 | 0,23 | mscp41.txt |   17 |
|18 | 1300 | 3000 |   30 | 0.33333334 |1583619797026 |     429 |   430.0 | 0,23 | mscp41.txt |   19 |
|18 |  200 | 3000 |   30 | 0.33333334 |1583619797026 |     429 |   429.0 | 0,00 | mscp41.txt |   19 |
|19 |    1 | 3000 |   15 |       0.25 |1583619816419 |     429 |   512.0 |19,35 | mscp41.txt |0,021 |
|19 |  100 | 3000 |   15 |        0.2 |1583619816419 |     429 |   452.0 | 5,36 | mscp41.txt |  1,0 |
|19 |  200 | 3000 |   15 |       0.45 |1583619816419 |     429 |   437.0 | 1,86 | mscp41.txt |  2,1 |
|19 |  300 | 3000 |   15 |       0.45 |1583619816419 |     429 |   434.0 | 1,17 | mscp41.txt |  3,1 |
|19 |  400 | 3000 |   20 |       0.45 |1583619816419 |     429 |   433.0 | 0,93 | mscp41.txt |  4,5 |
|19 |  500 | 3000 |   20 |       0.45 |1583619816419 |     429 |   433.0 | 0,93 | mscp41.txt |  6,0 |
|19 |  600 | 3000 |   20 |       0.35 |1583619816419 |     429 |   433.0 | 0,93 | mscp41.txt |  7,4 |
|19 |  700 | 3000 |   20 |       0.35 |1583619816419 |     429 |   433.0 | 0,93 | mscp41.txt |  8,8 |
|19 |  800 | 3000 |   25 |        0.4 |1583619816419 |     429 |   433.0 | 0,93 | mscp41.txt |   11 |
|19 |  900 | 3000 |   25 |       0.45 |1583619816419 |     429 |   433.0 | 0,93 | mscp41.txt |   12 |
|19 | 1000 | 3000 |   25 |       0.45 |1583619816419 |     429 |   433.0 | 0,93 | mscp41.txt |   14 |
|19 | 1100 | 3000 |   25 |       0.45 |1583619816419 |     429 |   433.0 | 0,93 | mscp41.txt |   16 |
|19 | 1200 | 3000 |   30 |        0.4 |1583619816419 |     429 |   433.0 | 0,93 | mscp41.txt |   18 |
|19 | 1300 | 3000 |   30 |       0.45 |1583619816419 |     429 |   433.0 | 0,93 | mscp41.txt |   20 |
|19 | 1400 | 3000 |   30 |        0.4 |1583619816419 |     429 |   433.0 | 0,93 | mscp41.txt |   22 |
|19 | 1500 | 3000 |   30 | 0.36666667 |1583619816419 |     429 |   433.0 | 0,93 | mscp41.txt |   24 |
|19 | 1600 | 3000 |   35 |       0.45 |1583619816419 |     429 |   433.0 | 0,93 | mscp41.txt |   27 |
|19 | 1700 | 3000 |   35 | 0.37142858 |1583619816419 |     429 |   433.0 | 0,93 | mscp41.txt |   30 |
|19 | 1800 | 3000 |   35 |        0.4 |1583619816419 |     429 |   433.0 | 0,93 | mscp41.txt |   32 |
|19 | 1900 | 3000 |   35 |       0.45 |1583619816419 |     429 |   433.0 | 0,93 | mscp41.txt |   34 |
|19 | 2000 | 3000 |   40 |        0.4 |1583619816419 |     429 |   433.0 | 0,93 | mscp41.txt |   37 |
|19 | 2100 | 3000 |   40 |       0.45 |1583619816419 |     429 |   433.0 | 0,93 | mscp41.txt |   40 |
|19 | 2200 | 3000 |   40 |       0.45 |1583619816419 |     429 |   433.0 | 0,93 | mscp41.txt |   43 |
|19 | 2300 | 3000 |   40 |       0.45 |1583619816419 |     429 |   432.0 | 0,70 | mscp41.txt |   46 |
|19 | 2400 | 3000 |   45 |       0.45 |1583619816419 |     429 |   432.0 | 0,70 | mscp41.txt |   49 |
|19 | 2500 | 3000 |   45 |       0.45 |1583619816419 |     429 |   432.0 | 0,70 | mscp41.txt |   52 |
|19 | 2600 | 3000 |   45 |       0.45 |1583619816419 |     429 |   432.0 | 0,70 | mscp41.txt |   56 |
|19 | 2700 | 3000 |   45 |       0.45 |1583619816419 |     429 |   432.0 | 0,70 | mscp41.txt |   59 |
|19 | 2800 | 3000 |   50 |       0.45 |1583619816419 |     429 |   432.0 | 0,70 | mscp41.txt |   62 |
|19 | 2900 | 3000 |   50 |       0.45 |1583619816419 |     429 |   431.0 | 0,47 | mscp41.txt |   66 |
|19 | 3000 | 3000 |   50 |       0.45 |1583619816419 |     429 |   431.0 | 0,47 | mscp41.txt |   70 |
|19 |  200 | 3000 |   50 |       0.45 |1583619816419 |     429 |   431.0 | 0,47 | mscp41.txt |   70 |
|20 |    1 | 3000 |   15 |       0.25 |1583619886066 |     429 |   529.0 |23,31 | mscp41.txt |0,017 |
|20 |  100 | 3000 |   15 | 0.13333334 |1583619886066 |     429 |   451.0 | 5,13 | mscp41.txt |  1,0 |
|20 |  200 | 3000 |   20 |        0.4 |1583619886066 |     429 |   438.0 | 2,10 | mscp41.txt |  2,5 |
|20 |  300 | 3000 |   20 |       0.25 |1583619886066 |     429 |   436.0 | 1,63 | mscp41.txt |  3,9 |
|20 |  400 | 3000 |   20 |       0.45 |1583619886066 |     429 |   433.0 | 0,93 | mscp41.txt |  5,3 |
|20 |  500 | 3000 |   20 |        0.3 |1583619886066 |     429 |   433.0 | 0,93 | mscp41.txt |  6,8 |
|20 |  600 | 3000 |   25 |       0.45 |1583619886066 |     429 |   432.0 | 0,70 | mscp41.txt |  8,6 |
|20 |  700 | 3000 |   25 |       0.36 |1583619886066 |     429 |   432.0 | 0,70 | mscp41.txt |   10 |
|20 |  800 | 3000 |   25 |       0.36 |1583619886066 |     429 |   432.0 | 0,70 | mscp41.txt |   12 |
|20 |  900 | 3000 |   25 |       0.36 |1583619886066 |     429 |   432.0 | 0,70 | mscp41.txt |   14 |
|20 | 1000 | 3000 |   30 |       0.45 |1583619886066 |     429 |   432.0 | 0,70 | mscp41.txt |   16 |
|20 | 1100 | 3000 |   30 |       0.45 |1583619886066 |     429 |   430.0 | 0,23 | mscp41.txt |   19 |
|20 | 1200 | 3000 |   30 |       0.45 |1583619886066 |     429 |   430.0 | 0,23 | mscp41.txt |   21 |
|20 | 1300 | 3000 |   30 |       0.45 |1583619886066 |     429 |   430.0 | 0,23 | mscp41.txt |   23 |
|20 | 1400 | 3000 |   35 |       0.45 |1583619886066 |     429 |   430.0 | 0,23 | mscp41.txt |   26 |
|20 | 1500 | 3000 |   35 |       0.45 |1583619886066 |     429 |   430.0 | 0,23 | mscp41.txt |   28 |
|20 | 1600 | 3000 |   35 |       0.45 |1583619886066 |     429 |   430.0 | 0,23 | mscp41.txt |   31 |
|20 | 1700 | 3000 |   35 |       0.45 |1583619886066 |     429 |   430.0 | 0,23 | mscp41.txt |   33 |
|20 | 1800 | 3000 |   40 |       0.45 |1583619886066 |     429 |   430.0 | 0,23 | mscp41.txt |   36 |
|20 | 1900 | 3000 |   40 |       0.45 |1583619886066 |     429 |   430.0 | 0,23 | mscp41.txt |   39 |
|20 |  200 | 3000 |   40 |       0.45 |1583619886066 |     429 |   429.0 | 0,00 | mscp41.txt |   39 |
|21 |    1 | 3000 |   15 |       0.25 |1583619925470 |     429 |   521.0 |21,45 | mscp41.txt |0,019 |
|21 |  100 | 3000 |   15 |       0.45 |1583619925470 |     429 |   441.0 | 2,80 | mscp41.txt |  1,1 |
|21 |  200 | 3000 |   15 |        0.4 |1583619925470 |     429 |   440.0 | 2,56 | mscp41.txt |  2,1 |
|21 |  300 | 3000 |   20 |        0.4 |1583619925470 |     429 |   433.0 | 0,93 | mscp41.txt |  3,5 |
|21 |  400 | 3000 |   20 |       0.45 |1583619925470 |     429 |   433.0 | 0,93 | mscp41.txt |  4,9 |
|21 |  500 | 3000 |   20 |        0.3 |1583619925470 |     429 |   433.0 | 0,93 | mscp41.txt |  6,4 |
|21 |  600 | 3000 |   20 |       0.45 |1583619925470 |     429 |   432.0 | 0,70 | mscp41.txt |  7,8 |
|21 |  700 | 3000 |   25 |       0.45 |1583619925470 |     429 |   432.0 | 0,70 | mscp41.txt |  9,6 |
|21 |  800 | 3000 |   25 |       0.45 |1583619925470 |     429 |   431.0 | 0,47 | mscp41.txt |   11 |
|21 |  900 | 3000 |   25 |        0.4 |1583619925470 |     429 |   431.0 | 0,47 | mscp41.txt |   13 |
|21 | 1000 | 3000 |   25 |       0.36 |1583619925470 |     429 |   431.0 | 0,47 | mscp41.txt |   15 |
|21 | 1100 | 3000 |   30 |        0.3 |1583619925470 |     429 |   431.0 | 0,47 | mscp41.txt |   17 |
|21 | 1200 | 3000 |   30 | 0.36666667 |1583619925470 |     429 |   431.0 | 0,47 | mscp41.txt |   19 |
|21 | 1300 | 3000 |   30 | 0.26666668 |1583619925470 |     429 |   431.0 | 0,47 | mscp41.txt |   22 |
|21 | 1400 | 3000 |   30 | 0.26666668 |1583619925470 |     429 |   431.0 | 0,47 | mscp41.txt |   24 |
|21 | 1500 | 3000 |   35 | 0.34285715 |1583619925470 |     429 |   430.0 | 0,23 | mscp41.txt |   26 |
|21 | 1600 | 3000 |   35 | 0.31428573 |1583619925470 |     429 |   430.0 | 0,23 | mscp41.txt |   29 |
|21 | 1700 | 3000 |   35 | 0.31428573 |1583619925470 |     429 |   430.0 | 0,23 | mscp41.txt |   31 |
|21 | 1800 | 3000 |   35 |  0.2857143 |1583619925470 |     429 |   430.0 | 0,23 | mscp41.txt |   34 |
|21 | 1900 | 3000 |   40 |      0.325 |1583619925470 |     429 |   430.0 | 0,23 | mscp41.txt |   37 |
|21 | 2000 | 3000 |   40 |       0.35 |1583619925470 |     429 |   430.0 | 0,23 | mscp41.txt |   40 |
|21 | 2100 | 3000 |   40 |       0.35 |1583619925470 |     429 |   430.0 | 0,23 | mscp41.txt |   43 |
|21 | 2200 | 3000 |   40 |       0.35 |1583619925470 |     429 |   430.0 | 0,23 | mscp41.txt |   46 |
|21 | 2300 | 3000 |   45 | 0.33333334 |1583619925470 |     429 |   430.0 | 0,23 | mscp41.txt |   49 |
|21 | 2400 | 3000 |   45 | 0.33333334 |1583619925470 |     429 |   430.0 | 0,23 | mscp41.txt |   52 |
|21 | 2500 | 3000 |   45 | 0.33333334 |1583619925470 |     429 |   430.0 | 0,23 | mscp41.txt |   56 |
|21 | 2600 | 3000 |   45 | 0.31111112 |1583619925470 |     429 |   430.0 | 0,23 | mscp41.txt |   59 |
|21 | 2700 | 3000 |   50 |       0.38 |1583619925470 |     429 |   430.0 | 0,23 | mscp41.txt |   63 |
|21 | 2800 | 3000 |   50 |       0.32 |1583619925470 |     429 |   430.0 | 0,23 | mscp41.txt |   66 |
|21 | 2900 | 3000 |   50 |       0.38 |1583619925470 |     429 |   430.0 | 0,23 | mscp41.txt |   70 |
|21 | 3000 | 3000 |   50 |        0.4 |1583619925470 |     429 |   430.0 | 0,23 | mscp41.txt |   74 |
|21 |  200 | 3000 |   55 |        0.4 |1583619925470 |     429 |   430.0 | 0,23 | mscp41.txt |   74 |
|22 |    1 | 3000 |   15 |       0.25 |1583619999156 |     429 |   531.0 |23,78 | mscp41.txt |0,018 |
|22 |  100 | 3000 |   15 | 0.33333334 |1583619999156 |     429 |   441.0 | 2,80 | mscp41.txt |  1,0 |
|22 |  200 | 3000 |   15 | 0.33333334 |1583619999156 |     429 |   432.0 | 0,70 | mscp41.txt |  2,1 |
|22 |  300 | 3000 |   15 | 0.26666668 |1583619999156 |     429 |   431.0 | 0,47 | mscp41.txt |  3,2 |
|22 |  400 | 3000 |   15 | 0.26666668 |1583619999156 |     429 |   431.0 | 0,47 | mscp41.txt |  4,2 |
|22 |  500 | 3000 |   20 |        0.3 |1583619999156 |     429 |   431.0 | 0,47 | mscp41.txt |  5,7 |
|22 |  600 | 3000 |   20 |        0.3 |1583619999156 |     429 |   431.0 | 0,47 | mscp41.txt |  7,1 |
|22 |  200 | 3000 |   20 |        0.3 |1583619999156 |     429 |   429.0 | 0,00 | mscp41.txt |  7,3 |
|23 |    1 | 3000 |   15 |       0.25 |1583620006433 |     429 |   522.0 |21,68 | mscp41.txt |0,016 |
|23 |  100 | 3000 |   15 |        0.2 |1583620006433 |     429 |   448.0 | 4,43 | mscp41.txt |  1,1 |
|23 |  200 | 3000 |   15 |       0.45 |1583620006433 |     429 |   448.0 | 4,43 | mscp41.txt |  2,1 |
|23 |  300 | 3000 |   20 |        0.3 |1583620006433 |     429 |   434.0 | 1,17 | mscp41.txt |  3,5 |
|23 |  400 | 3000 |   20 |       0.35 |1583620006433 |     429 |   434.0 | 1,17 | mscp41.txt |  4,9 |
|23 |  500 | 3000 |   20 |       0.35 |1583620006433 |     429 |   431.0 | 0,47 | mscp41.txt |  6,3 |
|23 |  600 | 3000 |   20 |       0.35 |1583620006433 |     429 |   430.0 | 0,23 | mscp41.txt |  7,7 |
|23 |  700 | 3000 |   25 |       0.36 |1583620006433 |     429 |   430.0 | 0,23 | mscp41.txt |  9,6 |
|23 |  800 | 3000 |   25 |       0.45 |1583620006433 |     429 |   430.0 | 0,23 | mscp41.txt |   11 |
|23 |  900 | 3000 |   25 |        0.4 |1583620006433 |     429 |   430.0 | 0,23 | mscp41.txt |   13 |
|23 | 1000 | 3000 |   25 |        0.4 |1583620006433 |     429 |   430.0 | 0,23 | mscp41.txt |   15 |
|23 | 1100 | 3000 |   30 |        0.3 |1583620006433 |     429 |   430.0 | 0,23 | mscp41.txt |   17 |
|23 | 1200 | 3000 |   30 | 0.26666668 |1583620006433 |     429 |   430.0 | 0,23 | mscp41.txt |   19 |
|23 | 1300 | 3000 |   30 | 0.36666667 |1583620006433 |     429 |   430.0 | 0,23 | mscp41.txt |   21 |
|23 | 1400 | 3000 |   30 | 0.36666667 |1583620006433 |     429 |   430.0 | 0,23 | mscp41.txt |   24 |
|23 | 1500 | 3000 |   35 | 0.34285715 |1583620006433 |     429 |   430.0 | 0,23 | mscp41.txt |   26 |
|23 | 1600 | 3000 |   35 | 0.31428573 |1583620006433 |     429 |   430.0 | 0,23 | mscp41.txt |   29 |
|23 | 1700 | 3000 |   35 |  0.2857143 |1583620006433 |     429 |   430.0 | 0,23 | mscp41.txt |   31 |
|23 | 1800 | 3000 |   35 |  0.2857143 |1583620006433 |     429 |   430.0 | 0,23 | mscp41.txt |   34 |
|23 | 1900 | 3000 |   40 |      0.275 |1583620006433 |     429 |   430.0 | 0,23 | mscp41.txt |   37 |
|23 |  200 | 3000 |   40 |      0.275 |1583620006433 |     429 |   429.0 | 0,00 | mscp41.txt |   38 |
|24 |    1 | 3000 |   15 |       0.25 |1583620044629 |     429 |   475.0 |10,72 | mscp41.txt |0,015 |
|24 |  100 | 3000 |   15 |       0.45 |1583620044629 |     429 |   460.0 | 7,23 | mscp41.txt |  1,0 |
|24 |  200 | 3000 |   15 |       0.45 |1583620044629 |     429 |   440.0 | 2,56 | mscp41.txt |  2,1 |
|24 |  300 | 3000 |   15 |       0.45 |1583620044629 |     429 |   439.0 | 2,33 | mscp41.txt |  3,1 |
|24 |  400 | 3000 |   20 |       0.45 |1583620044629 |     429 |   437.0 | 1,86 | mscp41.txt |  4,5 |
|24 |  500 | 3000 |   20 |        0.4 |1583620044629 |     429 |   437.0 | 1,86 | mscp41.txt |  5,9 |
|24 |  600 | 3000 |   20 |        0.4 |1583620044629 |     429 |   434.0 | 1,17 | mscp41.txt |  7,3 |
|24 |  700 | 3000 |   20 |       0.45 |1583620044629 |     429 |   433.0 | 0,93 | mscp41.txt |  8,7 |
|24 |  800 | 3000 |   25 |       0.32 |1583620044629 |     429 |   433.0 | 0,93 | mscp41.txt |   11 |
|24 |  900 | 3000 |   25 |       0.45 |1583620044629 |     429 |   433.0 | 0,93 | mscp41.txt |   12 |
|24 | 1000 | 3000 |   25 |       0.45 |1583620044629 |     429 |   433.0 | 0,93 | mscp41.txt |   14 |
|24 | 1100 | 3000 |   25 |       0.45 |1583620044629 |     429 |   433.0 | 0,93 | mscp41.txt |   16 |
|24 | 1200 | 3000 |   30 |       0.45 |1583620044629 |     429 |   433.0 | 0,93 | mscp41.txt |   18 |
|24 | 1300 | 3000 |   30 |       0.45 |1583620044629 |     429 |   433.0 | 0,93 | mscp41.txt |   20 |
|24 | 1400 | 3000 |   30 |       0.45 |1583620044629 |     429 |   433.0 | 0,93 | mscp41.txt |   22 |
|24 | 1500 | 3000 |   30 |       0.45 |1583620044629 |     429 |   431.0 | 0,47 | mscp41.txt |   25 |
|24 | 1600 | 3000 |   35 |        0.4 |1583620044629 |     429 |   430.0 | 0,23 | mscp41.txt |   27 |
|24 | 1700 | 3000 |   35 |       0.45 |1583620044629 |     429 |   430.0 | 0,23 | mscp41.txt |   30 |
|24 |  200 | 3000 |   35 |       0.45 |1583620044629 |     429 |   429.0 | 0,00 | mscp41.txt |   31 |
|25 |    1 | 3000 |   15 |       0.25 |1583620075803 |     429 |   496.0 |15,62 | mscp41.txt |0,015 |
|25 |  100 | 3000 |   15 | 0.33333334 |1583620075803 |     429 |   443.0 | 3,26 | mscp41.txt |  1,0 |
|25 |  200 | 3000 |   15 |       0.45 |1583620075803 |     429 |   434.0 | 1,17 | mscp41.txt |  2,1 |
|25 |  300 | 3000 |   20 |        0.4 |1583620075803 |     429 |   430.0 | 0,23 | mscp41.txt |  3,5 |
|25 |  400 | 3000 |   20 |        0.3 |1583620075803 |     429 |   430.0 | 0,23 | mscp41.txt |  4,9 |
|25 |  500 | 3000 |   20 |       0.45 |1583620075803 |     429 |   430.0 | 0,23 | mscp41.txt |  6,4 |
|25 |  600 | 3000 |   20 |       0.35 |1583620075803 |     429 |   430.0 | 0,23 | mscp41.txt |  7,8 |
|25 |  700 | 3000 |   25 |       0.32 |1583620075803 |     429 |   430.0 | 0,23 | mscp41.txt |  9,6 |
|25 |  800 | 3000 |   25 |       0.28 |1583620075803 |     429 |   430.0 | 0,23 | mscp41.txt |   11 |
|25 |  900 | 3000 |   25 |        0.2 |1583620075803 |     429 |   430.0 | 0,23 | mscp41.txt |   13 |
|25 | 1000 | 3000 |   25 |        0.2 |1583620075803 |     429 |   430.0 | 0,23 | mscp41.txt |   15 |
|25 | 1100 | 3000 |   30 | 0.36666667 |1583620075803 |     429 |   430.0 | 0,23 | mscp41.txt |   17 |
|25 | 1200 | 3000 |   30 |        0.3 |1583620075803 |     429 |   430.0 | 0,23 | mscp41.txt |   20 |
|25 | 1300 | 3000 |   30 | 0.33333334 |1583620075803 |     429 |   430.0 | 0,23 | mscp41.txt |   22 |
|25 | 1400 | 3000 |   30 |        0.3 |1583620075803 |     429 |   430.0 | 0,23 | mscp41.txt |   24 |
|25 | 1500 | 3000 |   35 | 0.37142858 |1583620075803 |     429 |   430.0 | 0,23 | mscp41.txt |   27 |
|25 | 1600 | 3000 |   35 | 0.37142858 |1583620075803 |     429 |   430.0 | 0,23 | mscp41.txt |   29 |
|25 | 1700 | 3000 |   35 |       0.45 |1583620075803 |     429 |   430.0 | 0,23 | mscp41.txt |   32 |
|25 | 1800 | 3000 |   35 |       0.45 |1583620075803 |     429 |   430.0 | 0,23 | mscp41.txt |   34 |
|25 | 1900 | 3000 |   40 |       0.35 |1583620075803 |     429 |   430.0 | 0,23 | mscp41.txt |   37 |
|25 | 2000 | 3000 |   40 |       0.35 |1583620075803 |     429 |   430.0 | 0,23 | mscp41.txt |   40 |
|25 | 2100 | 3000 |   40 |      0.375 |1583620075803 |     429 |   430.0 | 0,23 | mscp41.txt |   43 |
|25 | 2200 | 3000 |   40 |      0.375 |1583620075803 |     429 |   430.0 | 0,23 | mscp41.txt |   46 |
|25 | 2300 | 3000 |   45 | 0.33333334 |1583620075803 |     429 |   430.0 | 0,23 | mscp41.txt |   50 |
|25 | 2400 | 3000 |   45 | 0.37777779 |1583620075803 |     429 |   430.0 | 0,23 | mscp41.txt |   54 |
|25 | 2500 | 3000 |   45 | 0.33333334 |1583620075803 |     429 |   430.0 | 0,23 | mscp41.txt |   57 |
|25 | 2600 | 3000 |   45 | 0.35555556 |1583620075803 |     429 |   430.0 | 0,23 | mscp41.txt |   61 |
|25 | 2700 | 3000 |   50 |       0.34 |1583620075803 |     429 |   430.0 | 0,23 | mscp41.txt |   65 |
|25 | 2800 | 3000 |   50 |       0.34 |1583620075803 |     429 |   430.0 | 0,23 | mscp41.txt |   69 |
|25 | 2900 | 3000 |   50 |       0.32 |1583620075803 |     429 |   430.0 | 0,23 | mscp41.txt |   73 |
|25 | 3000 | 3000 |   50 |       0.34 |1583620075803 |     429 |   430.0 | 0,23 | mscp41.txt |   78 |
|25 |  200 | 3000 |   55 |       0.34 |1583620075803 |     429 |   430.0 | 0,23 | mscp41.txt |   78 |
|26 |    1 | 3000 |   15 |       0.25 |1583620153380 |     429 |   516.0 |20,28 | mscp41.txt |0,015 |
|26 |  100 | 3000 |   15 |        0.4 |1583620153380 |     429 |   460.0 | 7,23 | mscp41.txt |  1,1 |
|26 |  200 | 3000 |   15 | 0.33333334 |1583620153380 |     429 |   446.0 | 3,96 | mscp41.txt |  2,2 |
|26 |  300 | 3000 |   15 |       0.45 |1583620153380 |     429 |   435.0 | 1,40 | mscp41.txt |  3,3 |
|26 |  400 | 3000 |   15 |       0.45 |1583620153380 |     429 |   431.0 | 0,47 | mscp41.txt |  4,3 |
|26 |  500 | 3000 |   20 |        0.4 |1583620153380 |     429 |   431.0 | 0,47 | mscp41.txt |  5,8 |
|26 |  600 | 3000 |   20 |       0.35 |1583620153380 |     429 |   430.0 | 0,23 | mscp41.txt |  7,3 |
|26 |  700 | 3000 |   20 |        0.2 |1583620153380 |     429 |   430.0 | 0,23 | mscp41.txt |  8,8 |
|26 |  800 | 3000 |   20 |       0.45 |1583620153380 |     429 |   430.0 | 0,23 | mscp41.txt |   10 |
|26 |  200 | 3000 |   25 |       0.45 |1583620153380 |     429 |   429.0 | 0,00 | mscp41.txt |   10 |
|27 |    1 | 3000 |   15 |       0.25 |1583620163825 |     429 |   491.0 |14,45 | mscp41.txt |0,016 |
|27 |  100 | 3000 |   15 |       0.45 |1583620163825 |     429 |   455.0 | 6,06 | mscp41.txt |  1,1 |
|27 |  200 | 3000 |   15 |        0.4 |1583620163825 |     429 |   446.0 | 3,96 | mscp41.txt |  2,2 |
|27 |  300 | 3000 |   15 | 0.33333334 |1583620163825 |     429 |   446.0 | 3,96 | mscp41.txt |  3,4 |
|27 |  400 | 3000 |   15 |        0.4 |1583620163825 |     429 |   446.0 | 3,96 | mscp41.txt |  4,4 |
|27 |  500 | 3000 |   20 |       0.25 |1583620163825 |     429 |   441.0 | 2,80 | mscp41.txt |  5,9 |
|27 |  600 | 3000 |   20 |       0.45 |1583620163825 |     429 |   439.0 | 2,33 | mscp41.txt |  7,4 |
|27 |  700 | 3000 |   20 |       0.45 |1583620163825 |     429 |   436.0 | 1,63 | mscp41.txt |  9,0 |
|27 |  800 | 3000 |   20 |       0.45 |1583620163825 |     429 |   436.0 | 1,63 | mscp41.txt |   11 |
|27 |  900 | 3000 |   20 |       0.45 |1583620163825 |     429 |   435.0 | 1,40 | mscp41.txt |   12 |
|27 | 1000 | 3000 |   25 |       0.32 |1583620163825 |     429 |   433.0 | 0,93 | mscp41.txt |   14 |
|27 | 1100 | 3000 |   25 |       0.28 |1583620163825 |     429 |   433.0 | 0,93 | mscp41.txt |   17 |
|27 | 1200 | 3000 |   25 |       0.45 |1583620163825 |     429 |   433.0 | 0,93 | mscp41.txt |   19 |
|27 | 1300 | 3000 |   25 |       0.45 |1583620163825 |     429 |   433.0 | 0,93 | mscp41.txt |   21 |
|27 | 1400 | 3000 |   30 |       0.45 |1583620163825 |     429 |   433.0 | 0,93 | mscp41.txt |   23 |
|27 | 1500 | 3000 |   30 |       0.45 |1583620163825 |     429 |   431.0 | 0,47 | mscp41.txt |   26 |
|27 | 1600 | 3000 |   30 |       0.45 |1583620163825 |     429 |   431.0 | 0,47 | mscp41.txt |   29 |
|27 | 1700 | 3000 |   30 |       0.45 |1583620163825 |     429 |   431.0 | 0,47 | mscp41.txt |   31 |
|27 | 1800 | 3000 |   35 |       0.45 |1583620163825 |     429 |   431.0 | 0,47 | mscp41.txt |   34 |
|27 | 1900 | 3000 |   35 |       0.45 |1583620163825 |     429 |   431.0 | 0,47 | mscp41.txt |   37 |
|27 | 2000 | 3000 |   35 |       0.45 |1583620163825 |     429 |   431.0 | 0,47 | mscp41.txt |   39 |
|27 | 2100 | 3000 |   35 |       0.45 |1583620163825 |     429 |   431.0 | 0,47 | mscp41.txt |   42 |
|27 | 2200 | 3000 |   40 |       0.45 |1583620163825 |     429 |   431.0 | 0,47 | mscp41.txt |   45 |
|27 | 2300 | 3000 |   40 |       0.45 |1583620163825 |     429 |   430.0 | 0,23 | mscp41.txt |   48 |
|27 | 2400 | 3000 |   40 |       0.45 |1583620163825 |     429 |   430.0 | 0,23 | mscp41.txt |   50 |
|27 |  200 | 3000 |   40 |       0.45 |1583620163825 |     429 |   429.0 | 0,00 | mscp41.txt |   52 |
|28 |    1 | 3000 |   15 |       0.25 |1583620215898 |     429 |   540.0 |25,87 | mscp41.txt |0,015 |
|28 |  100 | 3000 |   15 | 0.26666668 |1583620215898 |     429 |   448.0 | 4,43 | mscp41.txt |  1,0 |
|28 |  200 | 3000 |   20 |       0.45 |1583620215898 |     429 |   446.0 | 3,96 | mscp41.txt |  2,5 |
|28 |  300 | 3000 |   20 |       0.45 |1583620215898 |     429 |   446.0 | 3,96 | mscp41.txt |  3,9 |
|28 |  400 | 3000 |   20 |       0.25 |1583620215898 |     429 |   430.0 | 0,23 | mscp41.txt |  5,3 |
|28 |  500 | 3000 |   20 |       0.35 |1583620215898 |     429 |   430.0 | 0,23 | mscp41.txt |  6,7 |
|28 |  600 | 3000 |   25 |       0.28 |1583620215898 |     429 |   430.0 | 0,23 | mscp41.txt |  8,6 |
|28 |  700 | 3000 |   25 |       0.28 |1583620215898 |     429 |   430.0 | 0,23 | mscp41.txt |   10 |
|28 |  800 | 3000 |   25 |       0.32 |1583620215898 |     429 |   430.0 | 0,23 | mscp41.txt |   12 |
|28 |  900 | 3000 |   25 |       0.24 |1583620215898 |     429 |   430.0 | 0,23 | mscp41.txt |   14 |
|28 | 1000 | 3000 |   30 | 0.33333334 |1583620215898 |     429 |   430.0 | 0,23 | mscp41.txt |   16 |
|28 | 1100 | 3000 |   30 | 0.33333334 |1583620215898 |     429 |   430.0 | 0,23 | mscp41.txt |   18 |
|28 | 1200 | 3000 |   30 |        0.3 |1583620215898 |     429 |   430.0 | 0,23 | mscp41.txt |   20 |
|28 | 1300 | 3000 |   30 | 0.26666668 |1583620215898 |     429 |   430.0 | 0,23 | mscp41.txt |   22 |
|28 | 1400 | 3000 |   35 |       0.45 |1583620215898 |     429 |   430.0 | 0,23 | mscp41.txt |   25 |
|28 | 1500 | 3000 |   35 |        0.4 |1583620215898 |     429 |   430.0 | 0,23 | mscp41.txt |   28 |
|28 | 1600 | 3000 |   35 | 0.34285715 |1583620215898 |     429 |   430.0 | 0,23 | mscp41.txt |   30 |
|28 |  200 | 3000 |   35 | 0.34285715 |1583620215898 |     429 |   429.0 | 0,00 | mscp41.txt |   32 |
|29 |    1 | 3000 |   15 |       0.25 |1583620248073 |     429 |   509.0 |18,65 | mscp41.txt |0,016 |
|29 |  100 | 3000 |   15 |       0.45 |1583620248073 |     429 |   452.0 | 5,36 | mscp41.txt |  1,0 |
|29 |  200 | 3000 |   20 |        0.4 |1583620248073 |     429 |   438.0 | 2,10 | mscp41.txt |  2,5 |
|29 |  300 | 3000 |   20 |        0.3 |1583620248073 |     429 |   438.0 | 2,10 | mscp41.txt |  3,9 |
|29 |  400 | 3000 |   20 |       0.45 |1583620248073 |     429 |   432.0 | 0,70 | mscp41.txt |  5,3 |
|29 |  500 | 3000 |   20 |       0.35 |1583620248073 |     429 |   432.0 | 0,70 | mscp41.txt |  6,8 |
|29 |  600 | 3000 |   25 |        0.4 |1583620248073 |     429 |   430.0 | 0,23 | mscp41.txt |  8,6 |
|29 |  700 | 3000 |   25 |        0.2 |1583620248073 |     429 |   430.0 | 0,23 | mscp41.txt |   10 |
|29 |  800 | 3000 |   25 |       0.28 |1583620248073 |     429 |   430.0 | 0,23 | mscp41.txt |   12 |
|29 |  900 | 3000 |   25 |       0.24 |1583620248073 |     429 |   430.0 | 0,23 | mscp41.txt |   14 |
|29 | 1000 | 3000 |   30 | 0.36666667 |1583620248073 |     429 |   430.0 | 0,23 | mscp41.txt |   16 |
|29 | 1100 | 3000 |   30 | 0.33333334 |1583620248073 |     429 |   430.0 | 0,23 | mscp41.txt |   19 |
|29 |  200 | 3000 |   30 | 0.33333334 |1583620248073 |     429 |   429.0 | 0,00 | mscp41.txt |   20 |
|30 |    1 | 3000 |   15 |       0.25 |1583620268412 |     429 |   511.0 |19,11 | mscp41.txt |0,016 |
|30 |  100 | 3000 |   15 |       0.45 |1583620268412 |     429 |   450.0 | 4,90 | mscp41.txt |  1,1 |
|30 |  200 | 3000 |   15 |       0.45 |1583620268412 |     429 |   447.0 | 4,20 | mscp41.txt |  2,1 |
|30 |  300 | 3000 |   20 |       0.45 |1583620268412 |     429 |   443.0 | 3,26 | mscp41.txt |  3,6 |
|30 |  400 | 3000 |   20 |       0.45 |1583620268412 |     429 |   443.0 | 3,26 | mscp41.txt |  5,1 |
|30 |  500 | 3000 |   20 |       0.45 |1583620268412 |     429 |   435.0 | 1,40 | mscp41.txt |  6,6 |
|30 |  600 | 3000 |   20 |        0.3 |1583620268412 |     429 |   432.0 | 0,70 | mscp41.txt |  8,0 |
|30 |  700 | 3000 |   25 |       0.24 |1583620268412 |     429 |   432.0 | 0,70 | mscp41.txt |  9,9 |
|30 |  800 | 3000 |   25 |       0.24 |1583620268412 |     429 |   430.0 | 0,23 | mscp41.txt |   12 |
|30 |  900 | 3000 |   25 |       0.36 |1583620268412 |     429 |   430.0 | 0,23 | mscp41.txt |   14 |
|30 | 1000 | 3000 |   25 |       0.36 |1583620268412 |     429 |   430.0 | 0,23 | mscp41.txt |   15 |
|30 | 1100 | 3000 |   30 | 0.23333333 |1583620268412 |     429 |   430.0 | 0,23 | mscp41.txt |   18 |
|30 | 1200 | 3000 |   30 |        0.3 |1583620268412 |     429 |   430.0 | 0,23 | mscp41.txt |   20 |
|30 | 1300 | 3000 |   30 |        0.3 |1583620268412 |     429 |   430.0 | 0,23 | mscp41.txt |   22 |
|30 |  200 | 3000 |   30 |        0.3 |1583620268412 |     429 |   429.0 | 0,00 | mscp41.txt |   23 |
|31 |    1 | 3000 |   15 |       0.25 |1583620291033 |     429 |   512.0 |19,35 | mscp41.txt |0,015 |
|31 |  100 | 3000 |   15 |       0.45 |1583620291033 |     429 |   446.0 | 3,96 | mscp41.txt |  1,1 |
|31 |  200 | 3000 |   20 |       0.45 |1583620291033 |     429 |   441.0 | 2,80 | mscp41.txt |  2,5 |
|31 |  300 | 3000 |   20 |       0.45 |1583620291033 |     429 |   440.0 | 2,56 | mscp41.txt |  4,0 |
|31 |  400 | 3000 |   20 |        0.3 |1583620291033 |     429 |   438.0 | 2,10 | mscp41.txt |  5,4 |
|31 |  500 | 3000 |   20 |       0.45 |1583620291033 |     429 |   434.0 | 1,17 | mscp41.txt |  6,8 |
|31 |  600 | 3000 |   25 |       0.24 |1583620291033 |     429 |   433.0 | 0,93 | mscp41.txt |  8,7 |
|31 |  700 | 3000 |   25 |       0.36 |1583620291033 |     429 |   433.0 | 0,93 | mscp41.txt |   11 |
|31 |  800 | 3000 |   25 |       0.24 |1583620291033 |     429 |   433.0 | 0,93 | mscp41.txt |   12 |
|31 |  900 | 3000 |   25 |       0.36 |1583620291033 |     429 |   433.0 | 0,93 | mscp41.txt |   14 |
|31 | 1000 | 3000 |   30 |        0.3 |1583620291033 |     429 |   432.0 | 0,70 | mscp41.txt |   16 |
|31 | 1100 | 3000 |   30 |        0.3 |1583620291033 |     429 |   431.0 | 0,47 | mscp41.txt |   19 |
|31 | 1200 | 3000 |   30 | 0.33333334 |1583620291033 |     429 |   430.0 | 0,23 | mscp41.txt |   21 |
|31 | 1300 | 3000 |   30 |        0.3 |1583620291033 |     429 |   430.0 | 0,23 | mscp41.txt |   23 |
|31 | 1400 | 3000 |   35 | 0.25714287 |1583620291033 |     429 |   430.0 | 0,23 | mscp41.txt |   26 |
|31 | 1500 | 3000 |   35 |  0.2857143 |1583620291033 |     429 |   430.0 | 0,23 | mscp41.txt |   28 |
|31 | 1600 | 3000 |   35 |  0.2857143 |1583620291033 |     429 |   430.0 | 0,23 | mscp41.txt |   31 |
|31 | 1700 | 3000 |   35 | 0.34285715 |1583620291033 |     429 |   430.0 | 0,23 | mscp41.txt |   33 |
|31 | 1800 | 3000 |   40 |      0.375 |1583620291033 |     429 |   430.0 | 0,23 | mscp41.txt |   36 |
|31 | 1900 | 3000 |   40 |      0.375 |1583620291033 |     429 |   430.0 | 0,23 | mscp41.txt |   40 |
|31 | 2000 | 3000 |   40 |       0.35 |1583620291033 |     429 |   430.0 | 0,23 | mscp41.txt |   43 |
|31 | 2100 | 3000 |   40 |      0.275 |1583620291033 |     429 |   430.0 | 0,23 | mscp41.txt |   46 |
|31 | 2200 | 3000 |   45 | 0.24444444 |1583620291033 |     429 |   430.0 | 0,23 | mscp41.txt |   49 |
|31 | 2300 | 3000 |   45 | 0.22222222 |1583620291033 |     429 |   430.0 | 0,23 | mscp41.txt |   52 |
|31 | 2400 | 3000 |   45 | 0.24444444 |1583620291033 |     429 |   430.0 | 0,23 | mscp41.txt |   56 |
|31 | 2500 | 3000 |   45 | 0.24444444 |1583620291033 |     429 |   430.0 | 0,23 | mscp41.txt |   59 |
|31 | 2600 | 3000 |   50 |       0.24 |1583620291033 |     429 |   430.0 | 0,23 | mscp41.txt |   63 |
|31 | 2700 | 3000 |   50 |        0.3 |1583620291033 |     429 |   430.0 | 0,23 | mscp41.txt |   67 |
|31 | 2800 | 3000 |   50 |        0.3 |1583620291033 |     429 |   430.0 | 0,23 | mscp41.txt |   71 |
|31 | 2900 | 3000 |   50 |        0.3 |1583620291033 |     429 |   430.0 | 0,23 | mscp41.txt |   75 |
|31 | 3000 | 3000 |   55 | 0.29090908 |1583620291033 |     429 |   430.0 | 0,23 | mscp41.txt |   79 |
|31 |  200 | 3000 |   55 | 0.29090908 |1583620291033 |     429 |   430.0 | 0,23 | mscp41.txt |   79 |
