| # |    #ITER | #IterMAX | Nest |      %Desc |      semilla | BestFit |GottedFit |  RDP |  instancia | time |
-------------------------------------------------------------------------------------------------
| 1 |    1 | 5000 |   35 |       0.25 |1585390104811 |      72 |  1748.0 |2327,78 | mscpb5.txt |0,0080 |
| 1 |  100 | 5000 |   35 | 0.25714287 |1585390104811 |      72 |   122.0 |69,44 | mscpb5.txt |  2,8 |
| 1 |  200 | 5000 |   40 |       0.45 |1585390104811 |      72 |    79.0 | 9,72 | mscpb5.txt |   29 |
| 1 |  300 | 5000 |   40 |       0.45 |1585390104811 |      72 |    77.0 | 6,94 | mscpb5.txt |   59 |
| 1 |  400 | 5000 |   40 |       0.45 |1585390104811 |      72 |    77.0 | 6,94 | mscpb5.txt |   89 |
| 1 |  500 | 5000 |   40 |      0.325 |1585390104811 |      72 |    75.0 | 4,17 | mscpb5.txt |1,1e+02 |
| 1 |  600 | 5000 |   45 |       0.45 |1585390104811 |      72 |    75.0 | 4,17 | mscpb5.txt |1,4e+02 |
| 1 |  700 | 5000 |   45 |       0.45 |1585390104811 |      72 |    75.0 | 4,17 | mscpb5.txt |1,7e+02 |
| 1 |  800 | 5000 |   45 |       0.45 |1585390104811 |      72 |    75.0 | 4,17 | mscpb5.txt |2,0e+02 |
| 1 |  900 | 5000 |   45 | 0.44444445 |1585390104811 |      72 |    75.0 | 4,17 | mscpb5.txt |2,2e+02 |
| 1 | 1000 | 5000 |   50 |       0.45 |1585390104811 |      72 |    75.0 | 4,17 | mscpb5.txt |2,4e+02 |
| 1 | 1100 | 5000 |   50 |       0.45 |1585390104811 |      72 |    75.0 | 4,17 | mscpb5.txt |2,5e+02 |
| 1 | 1200 | 5000 |   50 |       0.45 |1585390104811 |      72 |    75.0 | 4,17 | mscpb5.txt |2,6e+02 |
| 1 | 1300 | 5000 |   50 |       0.45 |1585390104811 |      72 |    75.0 | 4,17 | mscpb5.txt |2,6e+02 |
| 1 | 1400 | 5000 |   55 |       0.45 |1585390104811 |      72 |    75.0 | 4,17 | mscpb5.txt |2,8e+02 |
| 1 | 1500 | 5000 |   55 |       0.45 |1585390104811 |      72 |    75.0 | 4,17 | mscpb5.txt |2,9e+02 |
| 1 | 1600 | 5000 |   55 |       0.45 |1585390104811 |      72 |    75.0 | 4,17 | mscpb5.txt |3,0e+02 |
| 1 | 1700 | 5000 |   55 |       0.45 |1585390104811 |      72 |    75.0 | 4,17 | mscpb5.txt |3,1e+02 |
| 1 | 1800 | 5000 |   60 |       0.45 |1585390104811 |      72 |    75.0 | 4,17 | mscpb5.txt |3,2e+02 |
| 1 | 1900 | 5000 |   60 |       0.45 |1585390104811 |      72 |    75.0 | 4,17 | mscpb5.txt |3,3e+02 |
| 1 | 2000 | 5000 |   60 |       0.45 |1585390104811 |      72 |    75.0 | 4,17 | mscpb5.txt |3,3e+02 |
| 1 | 2100 | 5000 |   60 |       0.45 |1585390104811 |      72 |    75.0 | 4,17 | mscpb5.txt |3,4e+02 |
| 1 | 2200 | 5000 |   65 |       0.45 |1585390104811 |      72 |    75.0 | 4,17 | mscpb5.txt |3,5e+02 |
| 1 | 2300 | 5000 |   65 |       0.45 |1585390104811 |      72 |    75.0 | 4,17 | mscpb5.txt |3,6e+02 |
| 1 | 2400 | 5000 |   65 |       0.45 |1585390104811 |      72 |    75.0 | 4,17 | mscpb5.txt |3,6e+02 |
| 1 | 2500 | 5000 |   65 |       0.45 |1585390104811 |      72 |    75.0 | 4,17 | mscpb5.txt |3,7e+02 |
| 1 | 2600 | 5000 |   70 |       0.45 |1585390104811 |      72 |    75.0 | 4,17 | mscpb5.txt |3,8e+02 |
| 1 | 2700 | 5000 |   70 |       0.45 |1585390104811 |      72 |    75.0 | 4,17 | mscpb5.txt |3,9e+02 |
| 1 | 2800 | 5000 |   70 |       0.45 |1585390104811 |      72 |    75.0 | 4,17 | mscpb5.txt |4,0e+02 |
| 1 | 2900 | 5000 |   70 |       0.45 |1585390104811 |      72 |    75.0 | 4,17 | mscpb5.txt |4,0e+02 |
| 1 | 3000 | 5000 |   75 |       0.45 |1585390104811 |      72 |    75.0 | 4,17 | mscpb5.txt |4,2e+02 |
| 1 | 3100 | 5000 |   75 |       0.45 |1585390104811 |      72 |    75.0 | 4,17 | mscpb5.txt |4,2e+02 |
| 1 | 3200 | 5000 |   75 |       0.45 |1585390104811 |      72 |    75.0 | 4,17 | mscpb5.txt |4,3e+02 |
| 1 | 3300 | 5000 |   75 |       0.45 |1585390104811 |      72 |    75.0 | 4,17 | mscpb5.txt |4,4e+02 |
| 1 | 3400 | 5000 |   80 |       0.45 |1585390104811 |      72 |    75.0 | 4,17 | mscpb5.txt |4,5e+02 |
| 1 | 3500 | 5000 |   80 |       0.45 |1585390104811 |      72 |    75.0 | 4,17 | mscpb5.txt |4,6e+02 |
| 1 | 3600 | 5000 |   80 |       0.45 |1585390104811 |      72 |    75.0 | 4,17 | mscpb5.txt |4,6e+02 |
| 1 | 3700 | 5000 |   80 |       0.45 |1585390104811 |      72 |    75.0 | 4,17 | mscpb5.txt |4,7e+02 |
| 1 | 3800 | 5000 |   85 |       0.45 |1585390104811 |      72 |    75.0 | 4,17 | mscpb5.txt |4,8e+02 |
| 1 | 3900 | 5000 |   85 |       0.45 |1585390104811 |      72 |    75.0 | 4,17 | mscpb5.txt |4,9e+02 |
| 1 | 4000 | 5000 |   85 |       0.45 |1585390104811 |      72 |    75.0 | 4,17 | mscpb5.txt |5,0e+02 |
| 1 | 4100 | 5000 |   85 |       0.45 |1585390104811 |      72 |    75.0 | 4,17 | mscpb5.txt |5,1e+02 |
| 1 | 4200 | 5000 |   90 |       0.45 |1585390104811 |      72 |    75.0 | 4,17 | mscpb5.txt |5,2e+02 |
| 1 | 4300 | 5000 |   90 |       0.45 |1585390104811 |      72 |    75.0 | 4,17 | mscpb5.txt |5,3e+02 |
| 1 | 4400 | 5000 |   90 |       0.45 |1585390104811 |      72 |    75.0 | 4,17 | mscpb5.txt |5,3e+02 |
| 1 | 4500 | 5000 |   90 |       0.45 |1585390104811 |      72 |    75.0 | 4,17 | mscpb5.txt |5,4e+02 |
| 1 | 4600 | 5000 |   95 |       0.45 |1585390104811 |      72 |    75.0 | 4,17 | mscpb5.txt |5,5e+02 |
| 1 | 4700 | 5000 |   95 |       0.45 |1585390104811 |      72 |    75.0 | 4,17 | mscpb5.txt |5,6e+02 |
| 1 | 4800 | 5000 |   95 |       0.45 |1585390104811 |      72 |    75.0 | 4,17 | mscpb5.txt |5,7e+02 |
| 1 | 4900 | 5000 |   95 |       0.45 |1585390104811 |      72 |    75.0 | 4,17 | mscpb5.txt |5,8e+02 |
| 1 | 5000 | 5000 |  100 |       0.45 |1585390104811 |      72 |    75.0 | 4,17 | mscpb5.txt |5,9e+02 |
| 1 |  300 | 5000 |  100 |       0.45 |1585390104811 |      72 |    75.0 | 4,17 | mscpb5.txt |5,9e+02 |
| 2 |    1 | 5000 |   35 |       0.25 |1585390694356 |      72 |  1702.0 |2263,89 | mscpb5.txt |0,0070 |
| 2 |  100 | 5000 |   35 | 0.31428573 |1585390694356 |      72 |   115.0 |59,72 | mscpb5.txt |  2,5 |
| 2 |  200 | 5000 |   35 | 0.31428573 |1585390694356 |      72 |   108.0 |50,00 | mscpb5.txt |  8,9 |
| 2 |  300 | 5000 |   35 |       0.45 |1585390694356 |      72 |   108.0 |50,00 | mscpb5.txt |   21 |
| 2 |  400 | 5000 |   40 |       0.45 |1585390694356 |      72 |    79.0 | 9,72 | mscpb5.txt |   44 |
| 2 |  500 | 5000 |   40 |       0.45 |1585390694356 |      72 |    79.0 | 9,72 | mscpb5.txt |   70 |
| 2 |  600 | 5000 |   40 |       0.45 |1585390694356 |      72 |    79.0 | 9,72 | mscpb5.txt |   96 |
| 2 |  700 | 5000 |   40 |       0.45 |1585390694356 |      72 |    79.0 | 9,72 | mscpb5.txt |1,2e+02 |
| 2 |  800 | 5000 |   45 |       0.45 |1585390694356 |      72 |    79.0 | 9,72 | mscpb5.txt |1,5e+02 |
| 2 |  900 | 5000 |   45 |       0.45 |1585390694356 |      72 |    79.0 | 9,72 | mscpb5.txt |1,6e+02 |
| 2 | 1000 | 5000 |   45 |       0.45 |1585390694356 |      72 |    76.0 | 5,56 | mscpb5.txt |1,7e+02 |
| 2 | 1100 | 5000 |   45 |       0.45 |1585390694356 |      72 |    76.0 | 5,56 | mscpb5.txt |1,9e+02 |
| 2 | 1200 | 5000 |   50 |       0.45 |1585390694356 |      72 |    75.0 | 4,17 | mscpb5.txt |2,1e+02 |
| 2 | 1300 | 5000 |   50 |       0.45 |1585390694356 |      72 |    73.0 | 1,39 | mscpb5.txt |2,3e+02 |
| 2 | 1400 | 5000 |   50 |       0.45 |1585390694356 |      72 |    73.0 | 1,39 | mscpb5.txt |2,5e+02 |
| 2 | 1500 | 5000 |   50 |       0.45 |1585390694356 |      72 |    73.0 | 1,39 | mscpb5.txt |2,7e+02 |
| 2 | 1600 | 5000 |   55 |       0.45 |1585390694356 |      72 |    73.0 | 1,39 | mscpb5.txt |3,0e+02 |
| 2 | 1700 | 5000 |   55 |       0.45 |1585390694356 |      72 |    73.0 | 1,39 | mscpb5.txt |3,2e+02 |
| 2 | 1800 | 5000 |   55 |       0.45 |1585390694356 |      72 |    73.0 | 1,39 | mscpb5.txt |3,5e+02 |
| 2 | 1900 | 5000 |   55 |       0.45 |1585390694356 |      72 |    73.0 | 1,39 | mscpb5.txt |3,8e+02 |
| 2 | 2000 | 5000 |   60 |       0.45 |1585390694356 |      72 |    73.0 | 1,39 | mscpb5.txt |4,0e+02 |
| 2 | 2100 | 5000 |   60 |       0.45 |1585390694356 |      72 |    73.0 | 1,39 | mscpb5.txt |4,2e+02 |
| 2 | 2200 | 5000 |   60 |       0.45 |1585390694356 |      72 |    73.0 | 1,39 | mscpb5.txt |4,3e+02 |
| 2 | 2300 | 5000 |   60 |       0.45 |1585390694356 |      72 |    73.0 | 1,39 | mscpb5.txt |4,4e+02 |
| 2 | 2400 | 5000 |   65 |       0.45 |1585390694356 |      72 |    73.0 | 1,39 | mscpb5.txt |4,6e+02 |
| 2 | 2500 | 5000 |   65 |       0.45 |1585390694356 |      72 |    73.0 | 1,39 | mscpb5.txt |4,7e+02 |
| 2 | 2600 | 5000 |   65 |       0.45 |1585390694356 |      72 |    73.0 | 1,39 | mscpb5.txt |4,9e+02 |
| 2 | 2700 | 5000 |   65 |       0.45 |1585390694356 |      72 |    73.0 | 1,39 | mscpb5.txt |5,1e+02 |
| 2 | 2800 | 5000 |   70 |       0.45 |1585390694356 |      72 |    73.0 | 1,39 | mscpb5.txt |5,3e+02 |
| 2 | 2900 | 5000 |   70 |       0.45 |1585390694356 |      72 |    73.0 | 1,39 | mscpb5.txt |5,4e+02 |
| 2 | 3000 | 5000 |   70 |       0.45 |1585390694356 |      72 |    73.0 | 1,39 | mscpb5.txt |5,6e+02 |
| 2 | 3100 | 5000 |   70 |       0.45 |1585390694356 |      72 |    73.0 | 1,39 | mscpb5.txt |5,7e+02 |
| 2 | 3200 | 5000 |   75 |       0.45 |1585390694356 |      72 |    73.0 | 1,39 | mscpb5.txt |5,9e+02 |
| 2 | 3300 | 5000 |   75 |       0.45 |1585390694356 |      72 |    73.0 | 1,39 | mscpb5.txt |6,1e+02 |
| 2 | 3400 | 5000 |   75 |       0.45 |1585390694356 |      72 |    73.0 | 1,39 | mscpb5.txt |6,3e+02 |
| 2 | 3500 | 5000 |   75 |       0.45 |1585390694356 |      72 |    73.0 | 1,39 | mscpb5.txt |6,5e+02 |
| 2 | 3600 | 5000 |   80 |       0.45 |1585390694356 |      72 |    73.0 | 1,39 | mscpb5.txt |6,7e+02 |
| 2 | 3700 | 5000 |   80 |       0.45 |1585390694356 |      72 |    73.0 | 1,39 | mscpb5.txt |6,9e+02 |
| 2 | 3800 | 5000 |   80 |       0.45 |1585390694356 |      72 |    73.0 | 1,39 | mscpb5.txt |7,1e+02 |
| 2 | 3900 | 5000 |   80 |       0.45 |1585390694356 |      72 |    73.0 | 1,39 | mscpb5.txt |7,2e+02 |
| 2 | 4000 | 5000 |   85 |       0.45 |1585390694356 |      72 |    73.0 | 1,39 | mscpb5.txt |7,4e+02 |
| 2 | 4100 | 5000 |   85 |       0.45 |1585390694356 |      72 |    73.0 | 1,39 | mscpb5.txt |7,6e+02 |
| 2 | 4200 | 5000 |   85 |       0.45 |1585390694356 |      72 |    73.0 | 1,39 | mscpb5.txt |7,8e+02 |
| 2 | 4300 | 5000 |   85 |       0.45 |1585390694356 |      72 |    73.0 | 1,39 | mscpb5.txt |8,0e+02 |
| 2 | 4400 | 5000 |   90 |       0.45 |1585390694356 |      72 |    73.0 | 1,39 | mscpb5.txt |8,3e+02 |
| 2 | 4500 | 5000 |   90 |       0.45 |1585390694356 |      72 |    73.0 | 1,39 | mscpb5.txt |8,5e+02 |
| 2 | 4600 | 5000 |   90 |       0.45 |1585390694356 |      72 |    73.0 | 1,39 | mscpb5.txt |8,6e+02 |
| 2 | 4700 | 5000 |   90 |       0.45 |1585390694356 |      72 |    73.0 | 1,39 | mscpb5.txt |8,7e+02 |
| 2 | 4800 | 5000 |   95 |       0.45 |1585390694356 |      72 |    73.0 | 1,39 | mscpb5.txt |9,0e+02 |
| 2 | 4900 | 5000 |   95 |       0.45 |1585390694356 |      72 |    73.0 | 1,39 | mscpb5.txt |9,2e+02 |
| 2 | 5000 | 5000 |   95 |       0.45 |1585390694356 |      72 |    73.0 | 1,39 | mscpb5.txt |9,4e+02 |
| 2 |  300 | 5000 |   95 |       0.45 |1585390694356 |      72 |    73.0 | 1,39 | mscpb5.txt |9,4e+02 |
| 3 |    1 | 5000 |   35 |       0.25 |1585391630519 |      72 |  1837.0 |2451,39 | mscpb5.txt |0,0060 |
| 3 |  100 | 5000 |   35 | 0.25714287 |1585391630519 |      72 |   150.0 |108,33 | mscpb5.txt |  4,0 |
| 3 |  200 | 5000 |   40 |       0.45 |1585391630519 |      72 |    79.0 | 9,72 | mscpb5.txt |   31 |
| 3 |  300 | 5000 |   40 |       0.45 |1585391630519 |      72 |    78.0 | 8,33 | mscpb5.txt |   62 |
| 3 |  400 | 5000 |   40 |       0.45 |1585391630519 |      72 |    78.0 | 8,33 | mscpb5.txt |   83 |
| 3 |  500 | 5000 |   40 |       0.45 |1585391630519 |      72 |    78.0 | 8,33 | mscpb5.txt |   96 |
| 3 |  600 | 5000 |   45 |       0.45 |1585391630519 |      72 |    78.0 | 8,33 | mscpb5.txt |1,2e+02 |
| 3 |  700 | 5000 |   45 |       0.45 |1585391630519 |      72 |    78.0 | 8,33 | mscpb5.txt |1,3e+02 |
| 3 |  800 | 5000 |   45 |       0.45 |1585391630519 |      72 |    78.0 | 8,33 | mscpb5.txt |1,4e+02 |
| 3 |  900 | 5000 |   45 |       0.45 |1585391630519 |      72 |    78.0 | 8,33 | mscpb5.txt |1,5e+02 |
| 3 | 1000 | 5000 |   50 |       0.45 |1585391630519 |      72 |    78.0 | 8,33 | mscpb5.txt |1,7e+02 |
| 3 | 1100 | 5000 |   50 |       0.45 |1585391630519 |      72 |    78.0 | 8,33 | mscpb5.txt |1,8e+02 |
| 3 | 1200 | 5000 |   50 |       0.32 |1585391630519 |      72 |    78.0 | 8,33 | mscpb5.txt |1,9e+02 |
| 3 | 1300 | 5000 |   50 |       0.32 |1585391630519 |      72 |    78.0 | 8,33 | mscpb5.txt |1,9e+02 |
| 3 | 1400 | 5000 |   55 |       0.45 |1585391630519 |      72 |    78.0 | 8,33 | mscpb5.txt |2,0e+02 |
| 3 | 1500 | 5000 |   55 |       0.45 |1585391630519 |      72 |    78.0 | 8,33 | mscpb5.txt |2,0e+02 |
| 3 | 1600 | 5000 |   55 | 0.34545454 |1585391630519 |      72 |    78.0 | 8,33 | mscpb5.txt |2,1e+02 |
| 3 | 1700 | 5000 |   55 | 0.34545454 |1585391630519 |      72 |    78.0 | 8,33 | mscpb5.txt |2,1e+02 |
| 3 | 1800 | 5000 |   60 |       0.45 |1585391630519 |      72 |    78.0 | 8,33 | mscpb5.txt |2,2e+02 |
| 3 | 1900 | 5000 |   60 |       0.45 |1585391630519 |      72 |    78.0 | 8,33 | mscpb5.txt |2,2e+02 |
| 3 | 2000 | 5000 |   60 | 0.43333334 |1585391630519 |      72 |    78.0 | 8,33 | mscpb5.txt |2,2e+02 |
| 3 | 2100 | 5000 |   60 | 0.43333334 |1585391630519 |      72 |    78.0 | 8,33 | mscpb5.txt |2,3e+02 |
| 3 | 2200 | 5000 |   65 |       0.45 |1585391630519 |      72 |    78.0 | 8,33 | mscpb5.txt |2,3e+02 |
| 3 | 2300 | 5000 |   65 |       0.45 |1585391630519 |      72 |    78.0 | 8,33 | mscpb5.txt |2,4e+02 |
| 3 | 2400 | 5000 |   65 |       0.45 |1585391630519 |      72 |    78.0 | 8,33 | mscpb5.txt |2,4e+02 |
| 3 | 2500 | 5000 |   65 |       0.45 |1585391630519 |      72 |    78.0 | 8,33 | mscpb5.txt |2,4e+02 |
| 3 | 2600 | 5000 |   70 |       0.45 |1585391630519 |      72 |    78.0 | 8,33 | mscpb5.txt |2,5e+02 |
| 3 | 2700 | 5000 |   70 |       0.45 |1585391630519 |      72 |    78.0 | 8,33 | mscpb5.txt |2,6e+02 |
| 3 | 2800 | 5000 |   70 |        0.3 |1585391630519 |      72 |    78.0 | 8,33 | mscpb5.txt |2,6e+02 |
| 3 | 2900 | 5000 |   70 |        0.3 |1585391630519 |      72 |    78.0 | 8,33 | mscpb5.txt |2,6e+02 |
| 3 | 3000 | 5000 |   75 |       0.45 |1585391630519 |      72 |    78.0 | 8,33 | mscpb5.txt |2,7e+02 |
| 3 | 3100 | 5000 |   75 |       0.45 |1585391630519 |      72 |    78.0 | 8,33 | mscpb5.txt |2,7e+02 |
| 3 | 3200 | 5000 |   75 | 0.33333334 |1585391630519 |      72 |    78.0 | 8,33 | mscpb5.txt |2,7e+02 |
| 3 | 3300 | 5000 |   75 | 0.33333334 |1585391630519 |      72 |    78.0 | 8,33 | mscpb5.txt |2,8e+02 |
| 3 | 3400 | 5000 |   80 |       0.45 |1585391630519 |      72 |    78.0 | 8,33 | mscpb5.txt |2,8e+02 |
| 3 | 3500 | 5000 |   80 |       0.45 |1585391630519 |      72 |    78.0 | 8,33 | mscpb5.txt |2,9e+02 |
| 3 | 3600 | 5000 |   80 |     0.4125 |1585391630519 |      72 |    78.0 | 8,33 | mscpb5.txt |2,9e+02 |
| 3 | 3700 | 5000 |   80 |     0.4125 |1585391630519 |      72 |    78.0 | 8,33 | mscpb5.txt |2,9e+02 |
| 3 | 3800 | 5000 |   85 |       0.45 |1585391630519 |      72 |    78.0 | 8,33 | mscpb5.txt |3,0e+02 |
| 3 | 3900 | 5000 |   85 |       0.45 |1585391630519 |      72 |    78.0 | 8,33 | mscpb5.txt |3,1e+02 |
| 3 | 4000 | 5000 |   85 |  0.3529412 |1585391630519 |      72 |    78.0 | 8,33 | mscpb5.txt |3,1e+02 |
| 3 | 4100 | 5000 |   85 |  0.3529412 |1585391630519 |      72 |    78.0 | 8,33 | mscpb5.txt |3,1e+02 |
| 3 | 4200 | 5000 |   90 |       0.45 |1585391630519 |      72 |    78.0 | 8,33 | mscpb5.txt |3,2e+02 |
| 3 | 4300 | 5000 |   90 |       0.45 |1585391630519 |      72 |    78.0 | 8,33 | mscpb5.txt |3,2e+02 |
| 3 | 4400 | 5000 |   90 |       0.45 |1585391630519 |      72 |    78.0 | 8,33 | mscpb5.txt |3,3e+02 |
| 3 | 4500 | 5000 |   90 |       0.45 |1585391630519 |      72 |    78.0 | 8,33 | mscpb5.txt |3,3e+02 |
| 3 | 4600 | 5000 |   95 |       0.45 |1585391630519 |      72 |    78.0 | 8,33 | mscpb5.txt |3,4e+02 |
| 3 | 4700 | 5000 |   95 |       0.45 |1585391630519 |      72 |    78.0 | 8,33 | mscpb5.txt |3,5e+02 |
| 3 | 4800 | 5000 |   95 |       0.45 |1585391630519 |      72 |    78.0 | 8,33 | mscpb5.txt |3,5e+02 |
| 3 | 4900 | 5000 |   95 |       0.45 |1585391630519 |      72 |    78.0 | 8,33 | mscpb5.txt |3,5e+02 |
| 3 | 5000 | 5000 |  100 |       0.45 |1585391630519 |      72 |    78.0 | 8,33 | mscpb5.txt |3,6e+02 |
| 3 |  300 | 5000 |  100 |       0.45 |1585391630519 |      72 |    78.0 | 8,33 | mscpb5.txt |3,6e+02 |
| 4 |    1 | 5000 |   35 |       0.25 |1585391994217 |      72 |  1795.0 |2393,06 | mscpb5.txt |0,0060 |
| 4 |  100 | 5000 |   35 |        0.4 |1585391994217 |      72 |   125.0 |73,61 | mscpb5.txt |  2,1 |
| 4 |  200 | 5000 |   35 | 0.42857143 |1585391994217 |      72 |   125.0 |73,61 | mscpb5.txt |  8,3 |
| 4 |  300 | 5000 |   35 |        0.4 |1585391994217 |      72 |    92.0 |27,78 | mscpb5.txt |   17 |
| 4 |  400 | 5000 |   40 |       0.45 |1585391994217 |      72 |    78.0 | 8,33 | mscpb5.txt |   43 |
| 4 |  500 | 5000 |   40 |       0.45 |1585391994217 |      72 |    78.0 | 8,33 | mscpb5.txt |   70 |
| 4 |  600 | 5000 |   40 |      0.325 |1585391994217 |      72 |    75.0 | 4,17 | mscpb5.txt |   90 |
| 4 |  700 | 5000 |   40 |      0.375 |1585391994217 |      72 |    75.0 | 4,17 | mscpb5.txt |1,1e+02 |
| 4 |  800 | 5000 |   45 |       0.45 |1585391994217 |      72 |    75.0 | 4,17 | mscpb5.txt |1,4e+02 |
| 4 |  900 | 5000 |   45 |       0.45 |1585391994217 |      72 |    75.0 | 4,17 | mscpb5.txt |1,6e+02 |
| 4 | 1000 | 5000 |   45 | 0.44444445 |1585391994217 |      72 |    73.0 | 1,39 | mscpb5.txt |1,9e+02 |
| 4 | 1100 | 5000 |   45 | 0.44444445 |1585391994217 |      72 |    73.0 | 1,39 | mscpb5.txt |2,2e+02 |
| 4 | 1200 | 5000 |   50 |       0.45 |1585391994217 |      72 |    73.0 | 1,39 | mscpb5.txt |2,5e+02 |
| 4 | 1300 | 5000 |   50 |       0.45 |1585391994217 |      72 |    73.0 | 1,39 | mscpb5.txt |2,8e+02 |
| 4 | 1400 | 5000 |   50 |       0.45 |1585391994217 |      72 |    73.0 | 1,39 | mscpb5.txt |3,0e+02 |
| 4 | 1500 | 5000 |   50 |       0.45 |1585391994217 |      72 |    73.0 | 1,39 | mscpb5.txt |3,1e+02 |
| 4 | 1600 | 5000 |   55 |       0.45 |1585391994217 |      72 |    73.0 | 1,39 | mscpb5.txt |3,3e+02 |
| 4 | 1700 | 5000 |   55 |       0.45 |1585391994217 |      72 |    73.0 | 1,39 | mscpb5.txt |3,4e+02 |
| 4 | 1800 | 5000 |   55 |       0.45 |1585391994217 |      72 |    73.0 | 1,39 | mscpb5.txt |3,5e+02 |
| 4 | 1900 | 5000 |   55 |       0.45 |1585391994217 |      72 |    73.0 | 1,39 | mscpb5.txt |3,6e+02 |
| 4 | 2000 | 5000 |   60 |       0.45 |1585391994217 |      72 |    73.0 | 1,39 | mscpb5.txt |3,7e+02 |
| 4 | 2100 | 5000 |   60 | 0.23333333 |1585391994217 |      72 |    73.0 | 1,39 | mscpb5.txt |3,7e+02 |
| 4 | 2200 | 5000 |   60 |        0.1 |1585391994217 |      72 |    73.0 | 1,39 | mscpb5.txt |3,8e+02 |
| 4 | 2300 | 5000 |   60 |        0.1 |1585391994217 |      72 |    73.0 | 1,39 | mscpb5.txt |3,8e+02 |
| 4 | 2400 | 5000 |   65 |       0.45 |1585391994217 |      72 |    73.0 | 1,39 | mscpb5.txt |3,9e+02 |
| 4 | 2500 | 5000 |   65 |       0.45 |1585391994217 |      72 |    73.0 | 1,39 | mscpb5.txt |3,9e+02 |
| 4 | 2600 | 5000 |   65 | 0.26153848 |1585391994217 |      72 |    73.0 | 1,39 | mscpb5.txt |4,0e+02 |
| 4 | 2700 | 5000 |   65 |        0.1 |1585391994217 |      72 |    73.0 | 1,39 | mscpb5.txt |4,0e+02 |
| 4 | 2800 | 5000 |   70 |       0.45 |1585391994217 |      72 |    73.0 | 1,39 | mscpb5.txt |4,1e+02 |
| 4 | 2900 | 5000 |   70 |       0.45 |1585391994217 |      72 |    73.0 | 1,39 | mscpb5.txt |4,2e+02 |
| 4 | 3000 | 5000 |   70 |       0.45 |1585391994217 |      72 |    73.0 | 1,39 | mscpb5.txt |4,2e+02 |
| 4 | 3100 | 5000 |   70 |       0.45 |1585391994217 |      72 |    73.0 | 1,39 | mscpb5.txt |4,3e+02 |
| 4 | 3200 | 5000 |   75 |       0.45 |1585391994217 |      72 |    73.0 | 1,39 | mscpb5.txt |4,5e+02 |
| 4 | 3300 | 5000 |   75 |       0.45 |1585391994217 |      72 |    73.0 | 1,39 | mscpb5.txt |4,6e+02 |
| 4 | 3400 | 5000 |   75 |       0.45 |1585391994217 |      72 |    73.0 | 1,39 | mscpb5.txt |4,7e+02 |
| 4 | 3500 | 5000 |   75 |        0.1 |1585391994217 |      72 |    73.0 | 1,39 | mscpb5.txt |4,7e+02 |
| 4 | 3600 | 5000 |   80 |       0.45 |1585391994217 |      72 |    73.0 | 1,39 | mscpb5.txt |4,8e+02 |
| 4 | 3700 | 5000 |   80 |       0.45 |1585391994217 |      72 |    73.0 | 1,39 | mscpb5.txt |4,9e+02 |
| 4 | 3800 | 5000 |   80 |       0.45 |1585391994217 |      72 |    73.0 | 1,39 | mscpb5.txt |5,0e+02 |
| 4 | 3900 | 5000 |   80 |     0.2375 |1585391994217 |      72 |    73.0 | 1,39 | mscpb5.txt |5,0e+02 |
| 4 | 4000 | 5000 |   85 |       0.45 |1585391994217 |      72 |    73.0 | 1,39 | mscpb5.txt |5,1e+02 |
| 4 | 4100 | 5000 |   85 |       0.45 |1585391994217 |      72 |    73.0 | 1,39 | mscpb5.txt |5,2e+02 |
| 4 | 4200 | 5000 |   85 |       0.45 |1585391994217 |      72 |    73.0 | 1,39 | mscpb5.txt |5,3e+02 |
| 4 | 4300 | 5000 |   85 |       0.45 |1585391994217 |      72 |    73.0 | 1,39 | mscpb5.txt |5,3e+02 |
| 4 | 4400 | 5000 |   90 |       0.45 |1585391994217 |      72 |    73.0 | 1,39 | mscpb5.txt |5,5e+02 |
| 4 | 4500 | 5000 |   90 |       0.45 |1585391994217 |      72 |    73.0 | 1,39 | mscpb5.txt |5,6e+02 |
| 4 | 4600 | 5000 |   90 |       0.45 |1585391994217 |      72 |    73.0 | 1,39 | mscpb5.txt |5,7e+02 |
| 4 | 4700 | 5000 |   90 |       0.45 |1585391994217 |      72 |    73.0 | 1,39 | mscpb5.txt |5,8e+02 |
| 4 | 4800 | 5000 |   95 |       0.45 |1585391994217 |      72 |    73.0 | 1,39 | mscpb5.txt |5,9e+02 |
| 4 | 4900 | 5000 |   95 |       0.45 |1585391994217 |      72 |    73.0 | 1,39 | mscpb5.txt |6,0e+02 |
| 4 | 5000 | 5000 |   95 |       0.45 |1585391994217 |      72 |    73.0 | 1,39 | mscpb5.txt |6,0e+02 |
| 4 |  300 | 5000 |   95 |       0.45 |1585391994217 |      72 |    73.0 | 1,39 | mscpb5.txt |6,0e+02 |
| 5 |    1 | 5000 |   35 |       0.25 |1585392597729 |      72 |  1831.0 |2443,06 | mscpb5.txt |0,0060 |
| 5 |  100 | 5000 |   35 |  0.2857143 |1585392597729 |      72 |   104.0 |44,44 | mscpb5.txt |  1,9 |
| 5 |  200 | 5000 |   40 |       0.45 |1585392597729 |      72 |    79.0 | 9,72 | mscpb5.txt |   25 |
| 5 |  300 | 5000 |   40 |       0.25 |1585392597729 |      72 |    79.0 | 9,72 | mscpb5.txt |   46 |
| 5 |  400 | 5000 |   40 |       0.35 |1585392597729 |      72 |    79.0 | 9,72 | mscpb5.txt |   66 |
| 5 |  500 | 5000 |   40 |       0.45 |1585392597729 |      72 |    79.0 | 9,72 | mscpb5.txt |   87 |
| 5 |  600 | 5000 |   45 |       0.45 |1585392597729 |      72 |    79.0 | 9,72 | mscpb5.txt |1,1e+02 |
| 5 |  700 | 5000 |   45 |       0.45 |1585392597729 |      72 |    79.0 | 9,72 | mscpb5.txt |1,4e+02 |
| 5 |  800 | 5000 |   45 |       0.45 |1585392597729 |      72 |    75.0 | 4,17 | mscpb5.txt |1,7e+02 |
| 5 |  900 | 5000 |   45 | 0.37777779 |1585392597729 |      72 |    75.0 | 4,17 | mscpb5.txt |1,9e+02 |
| 5 | 1000 | 5000 |   50 |       0.45 |1585392597729 |      72 |    73.0 | 1,39 | mscpb5.txt |2,1e+02 |
| 5 |  300 | 5000 |   50 |       0.45 |1585392597729 |      72 |    72.0 | 0,00 | mscpb5.txt |2,3e+02 |
| 6 |    1 | 5000 |   35 |       0.25 |1585392825482 |      72 |  1721.0 |2290,28 | mscpb5.txt |0,0060 |
| 6 |  100 | 5000 |   35 |  0.2857143 |1585392825482 |      72 |   116.0 |61,11 | mscpb5.txt |  2,8 |
| 6 |  200 | 5000 |   35 | 0.25714287 |1585392825482 |      72 |   100.0 |38,89 | mscpb5.txt |   12 |
| 6 |  300 | 5000 |   35 | 0.37142858 |1585392825482 |      72 |    94.0 |30,56 | mscpb5.txt |   27 |
| 6 |  400 | 5000 |   40 |       0.45 |1585392825482 |      72 |    79.0 | 9,72 | mscpb5.txt |   53 |
| 6 |  500 | 5000 |   40 |       0.45 |1585392825482 |      72 |    76.0 | 5,56 | mscpb5.txt |   81 |
| 6 |  600 | 5000 |   40 |       0.45 |1585392825482 |      72 |    73.0 | 1,39 | mscpb5.txt |1,1e+02 |
| 6 |  700 | 5000 |   40 |       0.45 |1585392825482 |      72 |    73.0 | 1,39 | mscpb5.txt |1,4e+02 |
| 6 |  800 | 5000 |   45 |       0.45 |1585392825482 |      72 |    73.0 | 1,39 | mscpb5.txt |1,7e+02 |
| 6 |  900 | 5000 |   45 |       0.45 |1585392825482 |      72 |    73.0 | 1,39 | mscpb5.txt |2,1e+02 |
| 6 | 1000 | 5000 |   45 |       0.45 |1585392825482 |      72 |    73.0 | 1,39 | mscpb5.txt |2,4e+02 |
| 6 |  300 | 5000 |   45 |       0.45 |1585392825482 |      72 |    72.0 | 0,00 | mscpb5.txt |2,6e+02 |
| 7 |    1 | 5000 |   35 |       0.25 |1585393086560 |      72 |  1811.0 |2415,28 | mscpb5.txt |0,0070 |
| 7 |  100 | 5000 |   35 | 0.37142858 |1585393086560 |      72 |   105.0 |45,83 | mscpb5.txt |  1,8 |
| 7 |  200 | 5000 |   40 |       0.45 |1585393086560 |      72 |    79.0 | 9,72 | mscpb5.txt |   26 |
| 7 |  300 | 5000 |   40 |       0.45 |1585393086560 |      72 |    77.0 | 6,94 | mscpb5.txt |   54 |
| 7 |  400 | 5000 |   40 |       0.45 |1585393086560 |      72 |    77.0 | 6,94 | mscpb5.txt |   81 |
| 7 |  500 | 5000 |   40 |       0.45 |1585393086560 |      72 |    77.0 | 6,94 | mscpb5.txt |1,1e+02 |
| 7 |  600 | 5000 |   45 |       0.45 |1585393086560 |      72 |    77.0 | 6,94 | mscpb5.txt |1,4e+02 |
| 7 |  700 | 5000 |   45 | 0.44444445 |1585393086560 |      72 |    75.0 | 4,17 | mscpb5.txt |1,7e+02 |
| 7 |  800 | 5000 |   45 | 0.42222223 |1585393086560 |      72 |    75.0 | 4,17 | mscpb5.txt |1,9e+02 |
| 7 |  900 | 5000 |   45 |       0.45 |1585393086560 |      72 |    75.0 | 4,17 | mscpb5.txt |2,1e+02 |
| 7 | 1000 | 5000 |   50 |       0.45 |1585393086560 |      72 |    75.0 | 4,17 | mscpb5.txt |2,4e+02 |
| 7 | 1100 | 5000 |   50 |       0.45 |1585393086560 |      72 |    75.0 | 4,17 | mscpb5.txt |2,7e+02 |
| 7 | 1200 | 5000 |   50 |       0.45 |1585393086560 |      72 |    75.0 | 4,17 | mscpb5.txt |3,0e+02 |
| 7 | 1300 | 5000 |   50 |       0.45 |1585393086560 |      72 |    73.0 | 1,39 | mscpb5.txt |3,3e+02 |
| 7 | 1400 | 5000 |   55 |       0.45 |1585393086560 |      72 |    73.0 | 1,39 | mscpb5.txt |3,6e+02 |
| 7 | 1500 | 5000 |   55 |       0.45 |1585393086560 |      72 |    73.0 | 1,39 | mscpb5.txt |4,0e+02 |
| 7 | 1600 | 5000 |   55 |       0.45 |1585393086560 |      72 |    73.0 | 1,39 | mscpb5.txt |4,3e+02 |
| 7 | 1700 | 5000 |   55 |       0.45 |1585393086560 |      72 |    73.0 | 1,39 | mscpb5.txt |4,7e+02 |
| 7 |  300 | 5000 |   60 |       0.45 |1585393086560 |      72 |    72.0 | 0,00 | mscpb5.txt |4,9e+02 |
| 8 |    1 | 5000 |   35 |       0.25 |1585393576558 |      72 |  1815.0 |2420,83 | mscpb5.txt |0,0060 |
| 8 |  100 | 5000 |   35 |       0.45 |1585393576558 |      72 |   118.0 |63,89 | mscpb5.txt |  2,0 |
| 8 |  200 | 5000 |   35 |  0.2857143 |1585393576558 |      72 |   118.0 |63,89 | mscpb5.txt |  7,7 |
| 8 |  300 | 5000 |   35 |       0.45 |1585393576558 |      72 |    95.0 |31,94 | mscpb5.txt |   16 |
| 8 |  400 | 5000 |   35 | 0.34285715 |1585393576558 |      72 |    87.0 |20,83 | mscpb5.txt |   31 |
| 8 |  500 | 5000 |   40 |       0.45 |1585393576558 |      72 |    79.0 | 9,72 | mscpb5.txt |   56 |
| 8 |  600 | 5000 |   40 |       0.45 |1585393576558 |      72 |    79.0 | 9,72 | mscpb5.txt |   83 |
| 8 |  700 | 5000 |   40 |      0.275 |1585393576558 |      72 |    79.0 | 9,72 | mscpb5.txt |1,0e+02 |
| 8 |  800 | 5000 |   40 |      0.325 |1585393576558 |      72 |    79.0 | 9,72 | mscpb5.txt |1,2e+02 |
| 8 |  900 | 5000 |   45 |       0.45 |1585393576558 |      72 |    79.0 | 9,72 | mscpb5.txt |1,4e+02 |
| 8 | 1000 | 5000 |   45 | 0.37777779 |1585393576558 |      72 |    79.0 | 9,72 | mscpb5.txt |1,6e+02 |
| 8 | 1100 | 5000 |   45 | 0.37777779 |1585393576558 |      72 |    79.0 | 9,72 | mscpb5.txt |1,8e+02 |
| 8 | 1200 | 5000 |   45 | 0.37777779 |1585393576558 |      72 |    78.0 | 8,33 | mscpb5.txt |2,0e+02 |
| 8 | 1300 | 5000 |   50 |       0.45 |1585393576558 |      72 |    75.0 | 4,17 | mscpb5.txt |2,1e+02 |
| 8 | 1400 | 5000 |   50 |       0.45 |1585393576558 |      72 |    75.0 | 4,17 | mscpb5.txt |2,3e+02 |
| 8 | 1500 | 5000 |   50 |       0.45 |1585393576558 |      72 |    75.0 | 4,17 | mscpb5.txt |2,5e+02 |
| 8 | 1600 | 5000 |   50 |       0.45 |1585393576558 |      72 |    75.0 | 4,17 | mscpb5.txt |2,6e+02 |
| 8 | 1700 | 5000 |   55 |       0.45 |1585393576558 |      72 |    75.0 | 4,17 | mscpb5.txt |2,7e+02 |
| 8 | 1800 | 5000 |   55 |       0.45 |1585393576558 |      72 |    75.0 | 4,17 | mscpb5.txt |2,9e+02 |
| 8 | 1900 | 5000 |   55 |       0.45 |1585393576558 |      72 |    74.0 | 2,78 | mscpb5.txt |3,0e+02 |
| 8 | 2000 | 5000 |   55 |       0.45 |1585393576558 |      72 |    74.0 | 2,78 | mscpb5.txt |3,1e+02 |
| 8 | 2100 | 5000 |   60 |       0.45 |1585393576558 |      72 |    74.0 | 2,78 | mscpb5.txt |3,3e+02 |
| 8 | 2200 | 5000 |   60 |       0.45 |1585393576558 |      72 |    74.0 | 2,78 | mscpb5.txt |3,4e+02 |
| 8 | 2300 | 5000 |   60 |       0.45 |1585393576558 |      72 |    74.0 | 2,78 | mscpb5.txt |3,6e+02 |
| 8 | 2400 | 5000 |   60 |       0.45 |1585393576558 |      72 |    74.0 | 2,78 | mscpb5.txt |3,7e+02 |
| 8 | 2500 | 5000 |   65 |       0.45 |1585393576558 |      72 |    74.0 | 2,78 | mscpb5.txt |3,8e+02 |
| 8 | 2600 | 5000 |   65 |       0.45 |1585393576558 |      72 |    74.0 | 2,78 | mscpb5.txt |3,9e+02 |
| 8 | 2700 | 5000 |   65 |       0.45 |1585393576558 |      72 |    74.0 | 2,78 | mscpb5.txt |4,0e+02 |
| 8 | 2800 | 5000 |   65 |       0.45 |1585393576558 |      72 |    74.0 | 2,78 | mscpb5.txt |4,1e+02 |
| 8 | 2900 | 5000 |   70 |       0.45 |1585393576558 |      72 |    74.0 | 2,78 | mscpb5.txt |4,2e+02 |
| 8 | 3000 | 5000 |   70 |       0.45 |1585393576558 |      72 |    74.0 | 2,78 | mscpb5.txt |4,3e+02 |
| 8 | 3100 | 5000 |   70 |       0.45 |1585393576558 |      72 |    74.0 | 2,78 | mscpb5.txt |4,3e+02 |
| 8 | 3200 | 5000 |   70 |       0.45 |1585393576558 |      72 |    74.0 | 2,78 | mscpb5.txt |4,4e+02 |
| 8 | 3300 | 5000 |   75 |       0.45 |1585393576558 |      72 |    74.0 | 2,78 | mscpb5.txt |4,5e+02 |
| 8 | 3400 | 5000 |   75 |       0.45 |1585393576558 |      72 |    74.0 | 2,78 | mscpb5.txt |4,6e+02 |
| 8 | 3500 | 5000 |   75 |       0.45 |1585393576558 |      72 |    74.0 | 2,78 | mscpb5.txt |4,7e+02 |
| 8 | 3600 | 5000 |   75 |       0.45 |1585393576558 |      72 |    74.0 | 2,78 | mscpb5.txt |4,7e+02 |
| 8 | 3700 | 5000 |   80 |       0.45 |1585393576558 |      72 |    74.0 | 2,78 | mscpb5.txt |4,9e+02 |
| 8 | 3800 | 5000 |   80 |       0.45 |1585393576558 |      72 |    74.0 | 2,78 | mscpb5.txt |5,0e+02 |
| 8 | 3900 | 5000 |   80 |       0.45 |1585393576558 |      72 |    74.0 | 2,78 | mscpb5.txt |5,1e+02 |
| 8 | 4000 | 5000 |   80 |       0.45 |1585393576558 |      72 |    74.0 | 2,78 | mscpb5.txt |5,2e+02 |
| 8 | 4100 | 5000 |   85 |       0.45 |1585393576558 |      72 |    74.0 | 2,78 | mscpb5.txt |5,4e+02 |
| 8 | 4200 | 5000 |   85 |       0.45 |1585393576558 |      72 |    74.0 | 2,78 | mscpb5.txt |5,5e+02 |
| 8 | 4300 | 5000 |   85 |       0.45 |1585393576558 |      72 |    74.0 | 2,78 | mscpb5.txt |5,6e+02 |
| 8 | 4400 | 5000 |   85 |       0.45 |1585393576558 |      72 |    74.0 | 2,78 | mscpb5.txt |5,6e+02 |
| 8 | 4500 | 5000 |   90 |       0.45 |1585393576558 |      72 |    74.0 | 2,78 | mscpb5.txt |5,7e+02 |
| 8 | 4600 | 5000 |   90 |       0.45 |1585393576558 |      72 |    74.0 | 2,78 | mscpb5.txt |5,9e+02 |
| 8 | 4700 | 5000 |   90 |       0.45 |1585393576558 |      72 |    74.0 | 2,78 | mscpb5.txt |5,9e+02 |
| 8 | 4800 | 5000 |   90 |       0.45 |1585393576558 |      72 |    74.0 | 2,78 | mscpb5.txt |6,0e+02 |
| 8 | 4900 | 5000 |   95 |       0.45 |1585393576558 |      72 |    74.0 | 2,78 | mscpb5.txt |6,1e+02 |
| 8 | 5000 | 5000 |   95 |       0.45 |1585393576558 |      72 |    74.0 | 2,78 | mscpb5.txt |6,2e+02 |
| 8 |  300 | 5000 |   95 |       0.45 |1585393576558 |      72 |    74.0 | 2,78 | mscpb5.txt |6,2e+02 |
| 9 |    1 | 5000 |   35 |       0.25 |1585394195117 |      72 |  1792.0 |2388,89 | mscpb5.txt |0,0060 |
| 9 |  100 | 5000 |   35 |        0.4 |1585394195117 |      72 |   110.0 |52,78 | mscpb5.txt |  2,6 |
| 9 |  200 | 5000 |   35 |       0.45 |1585394195117 |      72 |    92.0 |27,78 | mscpb5.txt |  8,6 |
| 9 |  300 | 5000 |   35 | 0.42857143 |1585394195117 |      72 |    92.0 |27,78 | mscpb5.txt |   19 |
| 9 |  400 | 5000 |   40 |       0.45 |1585394195117 |      72 |    79.0 | 9,72 | mscpb5.txt |   44 |
| 9 |  500 | 5000 |   40 |       0.45 |1585394195117 |      72 |    77.0 | 6,94 | mscpb5.txt |   72 |
| 9 |  600 | 5000 |   40 |       0.45 |1585394195117 |      72 |    76.0 | 5,56 | mscpb5.txt |   99 |
| 9 |  700 | 5000 |   40 |       0.45 |1585394195117 |      72 |    76.0 | 5,56 | mscpb5.txt |1,3e+02 |
| 9 |  800 | 5000 |   45 |       0.45 |1585394195117 |      72 |    75.0 | 4,17 | mscpb5.txt |1,6e+02 |
| 9 |  900 | 5000 |   45 |       0.45 |1585394195117 |      72 |    73.0 | 1,39 | mscpb5.txt |1,9e+02 |
| 9 | 1000 | 5000 |   45 |       0.45 |1585394195117 |      72 |    73.0 | 1,39 | mscpb5.txt |2,3e+02 |
| 9 | 1100 | 5000 |   45 |       0.45 |1585394195117 |      72 |    73.0 | 1,39 | mscpb5.txt |2,6e+02 |
| 9 | 1200 | 5000 |   50 |       0.45 |1585394195117 |      72 |    73.0 | 1,39 | mscpb5.txt |3,0e+02 |
| 9 | 1300 | 5000 |   50 |       0.45 |1585394195117 |      72 |    73.0 | 1,39 | mscpb5.txt |3,3e+02 |
| 9 | 1400 | 5000 |   50 |       0.45 |1585394195117 |      72 |    73.0 | 1,39 | mscpb5.txt |3,5e+02 |
| 9 | 1500 | 5000 |   50 |       0.45 |1585394195117 |      72 |    73.0 | 1,39 | mscpb5.txt |3,6e+02 |
| 9 | 1600 | 5000 |   55 |       0.45 |1585394195117 |      72 |    73.0 | 1,39 | mscpb5.txt |3,7e+02 |
| 9 | 1700 | 5000 |   55 |       0.45 |1585394195117 |      72 |    73.0 | 1,39 | mscpb5.txt |3,9e+02 |
| 9 | 1800 | 5000 |   55 |       0.45 |1585394195117 |      72 |    73.0 | 1,39 | mscpb5.txt |4,0e+02 |
| 9 | 1900 | 5000 |   55 |       0.45 |1585394195117 |      72 |    73.0 | 1,39 | mscpb5.txt |4,1e+02 |
| 9 | 2000 | 5000 |   60 |       0.45 |1585394195117 |      72 |    73.0 | 1,39 | mscpb5.txt |4,2e+02 |
| 9 | 2100 | 5000 |   60 |       0.45 |1585394195117 |      72 |    73.0 | 1,39 | mscpb5.txt |4,4e+02 |
| 9 | 2200 | 5000 |   60 |       0.45 |1585394195117 |      72 |    73.0 | 1,39 | mscpb5.txt |4,5e+02 |
| 9 | 2300 | 5000 |   60 |       0.45 |1585394195117 |      72 |    73.0 | 1,39 | mscpb5.txt |4,5e+02 |
| 9 | 2400 | 5000 |   65 |       0.45 |1585394195117 |      72 |    73.0 | 1,39 | mscpb5.txt |4,7e+02 |
| 9 | 2500 | 5000 |   65 |       0.45 |1585394195117 |      72 |    73.0 | 1,39 | mscpb5.txt |4,8e+02 |
| 9 | 2600 | 5000 |   65 |       0.45 |1585394195117 |      72 |    73.0 | 1,39 | mscpb5.txt |4,9e+02 |
| 9 | 2700 | 5000 |   65 |       0.45 |1585394195117 |      72 |    73.0 | 1,39 | mscpb5.txt |5,0e+02 |
| 9 | 2800 | 5000 |   70 |       0.45 |1585394195117 |      72 |    73.0 | 1,39 | mscpb5.txt |5,2e+02 |
| 9 | 2900 | 5000 |   70 |       0.45 |1585394195117 |      72 |    73.0 | 1,39 | mscpb5.txt |5,3e+02 |
| 9 | 3000 | 5000 |   70 |       0.45 |1585394195117 |      72 |    73.0 | 1,39 | mscpb5.txt |5,4e+02 |
| 9 |  300 | 5000 |   70 |       0.45 |1585394195117 |      72 |    72.0 | 0,00 | mscpb5.txt |5,4e+02 |
|10 |    1 | 5000 |   35 |       0.25 |1585394739517 |      72 |  1750.0 |2330,56 | mscpb5.txt |0,0070 |
|10 |  100 | 5000 |   35 |       0.45 |1585394739517 |      72 |   115.0 |59,72 | mscpb5.txt |  1,4 |
|10 |  200 | 5000 |   40 |       0.45 |1585394739517 |      72 |    79.0 | 9,72 | mscpb5.txt |   25 |
|10 |  300 | 5000 |   40 |       0.45 |1585394739517 |      72 |    79.0 | 9,72 | mscpb5.txt |   52 |
|10 |  400 | 5000 |   40 |       0.45 |1585394739517 |      72 |    79.0 | 9,72 | mscpb5.txt |   73 |
|10 |  500 | 5000 |   40 |       0.45 |1585394739517 |      72 |    79.0 | 9,72 | mscpb5.txt |   86 |
|10 |  600 | 5000 |   45 |       0.45 |1585394739517 |      72 |    79.0 | 9,72 | mscpb5.txt |1,0e+02 |
|10 |  700 | 5000 |   45 |       0.45 |1585394739517 |      72 |    79.0 | 9,72 | mscpb5.txt |1,1e+02 |
|10 |  800 | 5000 |   45 |       0.45 |1585394739517 |      72 |    79.0 | 9,72 | mscpb5.txt |1,2e+02 |
|10 |  900 | 5000 |   45 |       0.45 |1585394739517 |      72 |    79.0 | 9,72 | mscpb5.txt |1,2e+02 |
|10 | 1000 | 5000 |   50 |       0.45 |1585394739517 |      72 |    79.0 | 9,72 | mscpb5.txt |1,4e+02 |
|10 | 1100 | 5000 |   50 |       0.45 |1585394739517 |      72 |    79.0 | 9,72 | mscpb5.txt |1,4e+02 |
|10 | 1200 | 5000 |   50 |       0.45 |1585394739517 |      72 |    79.0 | 9,72 | mscpb5.txt |1,5e+02 |
|10 | 1300 | 5000 |   50 |       0.45 |1585394739517 |      72 |    79.0 | 9,72 | mscpb5.txt |1,5e+02 |
|10 | 1400 | 5000 |   55 |       0.45 |1585394739517 |      72 |    79.0 | 9,72 | mscpb5.txt |1,6e+02 |
|10 | 1500 | 5000 |   55 |       0.45 |1585394739517 |      72 |    79.0 | 9,72 | mscpb5.txt |1,6e+02 |
|10 | 1600 | 5000 |   55 | 0.18181819 |1585394739517 |      72 |    79.0 | 9,72 | mscpb5.txt |1,7e+02 |
|10 | 1700 | 5000 |   55 | 0.18181819 |1585394739517 |      72 |    79.0 | 9,72 | mscpb5.txt |1,7e+02 |
|10 | 1800 | 5000 |   60 |       0.45 |1585394739517 |      72 |    79.0 | 9,72 | mscpb5.txt |1,8e+02 |
|10 | 1900 | 5000 |   60 |       0.45 |1585394739517 |      72 |    79.0 | 9,72 | mscpb5.txt |1,8e+02 |
|10 | 2000 | 5000 |   60 |        0.2 |1585394739517 |      72 |    79.0 | 9,72 | mscpb5.txt |1,8e+02 |
|10 | 2100 | 5000 |   60 |        0.2 |1585394739517 |      72 |    79.0 | 9,72 | mscpb5.txt |1,9e+02 |
|10 | 2200 | 5000 |   65 |       0.45 |1585394739517 |      72 |    79.0 | 9,72 | mscpb5.txt |2,0e+02 |
|10 | 2300 | 5000 |   65 |       0.45 |1585394739517 |      72 |    79.0 | 9,72 | mscpb5.txt |2,0e+02 |
|10 | 2400 | 5000 |   65 | 0.16923077 |1585394739517 |      72 |    79.0 | 9,72 | mscpb5.txt |2,0e+02 |
|10 | 2500 | 5000 |   65 | 0.16923077 |1585394739517 |      72 |    79.0 | 9,72 | mscpb5.txt |2,1e+02 |
|10 | 2600 | 5000 |   70 |       0.45 |1585394739517 |      72 |    76.0 | 5,56 | mscpb5.txt |2,1e+02 |
|10 | 2700 | 5000 |   70 |       0.45 |1585394739517 |      72 |    76.0 | 5,56 | mscpb5.txt |2,2e+02 |
|10 | 2800 | 5000 |   70 |       0.45 |1585394739517 |      72 |    76.0 | 5,56 | mscpb5.txt |2,3e+02 |
|10 | 2900 | 5000 |   70 |       0.45 |1585394739517 |      72 |    76.0 | 5,56 | mscpb5.txt |2,3e+02 |
|10 | 3000 | 5000 |   75 |       0.45 |1585394739517 |      72 |    76.0 | 5,56 | mscpb5.txt |2,4e+02 |
|10 | 3100 | 5000 |   75 |       0.45 |1585394739517 |      72 |    75.0 | 4,17 | mscpb5.txt |2,5e+02 |
|10 | 3200 | 5000 |   75 |       0.45 |1585394739517 |      72 |    75.0 | 4,17 | mscpb5.txt |2,6e+02 |
|10 | 3300 | 5000 |   75 |        0.2 |1585394739517 |      72 |    75.0 | 4,17 | mscpb5.txt |2,6e+02 |
|10 | 3400 | 5000 |   80 |       0.45 |1585394739517 |      72 |    75.0 | 4,17 | mscpb5.txt |2,7e+02 |
|10 | 3500 | 5000 |   80 |       0.45 |1585394739517 |      72 |    75.0 | 4,17 | mscpb5.txt |2,8e+02 |
|10 | 3600 | 5000 |   80 |       0.45 |1585394739517 |      72 |    75.0 | 4,17 | mscpb5.txt |2,8e+02 |
|10 | 3700 | 5000 |   80 |       0.45 |1585394739517 |      72 |    75.0 | 4,17 | mscpb5.txt |2,9e+02 |
|10 | 3800 | 5000 |   85 |       0.45 |1585394739517 |      72 |    75.0 | 4,17 | mscpb5.txt |3,0e+02 |
|10 | 3900 | 5000 |   85 |       0.45 |1585394739517 |      72 |    75.0 | 4,17 | mscpb5.txt |3,1e+02 |
|10 | 4000 | 5000 |   85 |       0.45 |1585394739517 |      72 |    75.0 | 4,17 | mscpb5.txt |3,2e+02 |
|10 | 4100 | 5000 |   85 |  0.3764706 |1585394739517 |      72 |    75.0 | 4,17 | mscpb5.txt |3,2e+02 |
|10 | 4200 | 5000 |   90 |       0.45 |1585394739517 |      72 |    75.0 | 4,17 | mscpb5.txt |3,3e+02 |
|10 | 4300 | 5000 |   90 |       0.45 |1585394739517 |      72 |    75.0 | 4,17 | mscpb5.txt |3,4e+02 |
|10 | 4400 | 5000 |   90 |       0.45 |1585394739517 |      72 |    75.0 | 4,17 | mscpb5.txt |3,5e+02 |
|10 | 4500 | 5000 |   90 |       0.45 |1585394739517 |      72 |    75.0 | 4,17 | mscpb5.txt |3,6e+02 |
|10 | 4600 | 5000 |   95 |       0.45 |1585394739517 |      72 |    75.0 | 4,17 | mscpb5.txt |3,7e+02 |
|10 | 4700 | 5000 |   95 |       0.45 |1585394739517 |      72 |    75.0 | 4,17 | mscpb5.txt |3,7e+02 |
|10 | 4800 | 5000 |   95 |       0.45 |1585394739517 |      72 |    75.0 | 4,17 | mscpb5.txt |3,8e+02 |
|10 | 4900 | 5000 |   95 |       0.45 |1585394739517 |      72 |    75.0 | 4,17 | mscpb5.txt |3,9e+02 |
|10 | 5000 | 5000 |  100 |       0.45 |1585394739517 |      72 |    75.0 | 4,17 | mscpb5.txt |4,1e+02 |
|10 |  300 | 5000 |  100 |       0.45 |1585394739517 |      72 |    75.0 | 4,17 | mscpb5.txt |4,1e+02 |
|11 |    1 | 5000 |   35 |       0.25 |1585395148734 |      72 |  1748.0 |2327,78 | mscpb5.txt |0,0050 |
|11 |  100 | 5000 |   35 |       0.45 |1585395148734 |      72 |   110.0 |52,78 | mscpb5.txt |  1,5 |
|11 |  200 | 5000 |   35 | 0.31428573 |1585395148734 |      72 |   110.0 |52,78 | mscpb5.txt |  6,8 |
|11 |  300 | 5000 |   35 | 0.42857143 |1585395148734 |      72 |    95.0 |31,94 | mscpb5.txt |   17 |
|11 |  400 | 5000 |   40 |       0.45 |1585395148734 |      72 |    77.0 | 6,94 | mscpb5.txt |   42 |
|11 |  500 | 5000 |   40 |       0.45 |1585395148734 |      72 |    77.0 | 6,94 | mscpb5.txt |   70 |
|11 |  600 | 5000 |   40 |      0.375 |1585395148734 |      72 |    77.0 | 6,94 | mscpb5.txt |   89 |
|11 |  700 | 5000 |   40 |      0.425 |1585395148734 |      72 |    77.0 | 6,94 | mscpb5.txt |1,1e+02 |
|11 |  800 | 5000 |   45 |       0.45 |1585395148734 |      72 |    77.0 | 6,94 | mscpb5.txt |1,3e+02 |
|11 |  900 | 5000 |   45 |       0.45 |1585395148734 |      72 |    77.0 | 6,94 | mscpb5.txt |1,3e+02 |
|11 | 1000 | 5000 |   45 |       0.45 |1585395148734 |      72 |    77.0 | 6,94 | mscpb5.txt |1,4e+02 |
|11 | 1100 | 5000 |   45 |       0.45 |1585395148734 |      72 |    77.0 | 6,94 | mscpb5.txt |1,4e+02 |
|11 | 1200 | 5000 |   50 |       0.45 |1585395148734 |      72 |    77.0 | 6,94 | mscpb5.txt |1,5e+02 |
|11 | 1300 | 5000 |   50 |       0.45 |1585395148734 |      72 |    77.0 | 6,94 | mscpb5.txt |1,6e+02 |
|11 | 1400 | 5000 |   50 |       0.45 |1585395148734 |      72 |    77.0 | 6,94 | mscpb5.txt |1,7e+02 |
|11 | 1500 | 5000 |   50 |       0.45 |1585395148734 |      72 |    77.0 | 6,94 | mscpb5.txt |1,8e+02 |
|11 | 1600 | 5000 |   55 |       0.45 |1585395148734 |      72 |    77.0 | 6,94 | mscpb5.txt |1,9e+02 |
|11 | 1700 | 5000 |   55 |       0.45 |1585395148734 |      72 |    77.0 | 6,94 | mscpb5.txt |2,0e+02 |
|11 | 1800 | 5000 |   55 |        0.1 |1585395148734 |      72 |    77.0 | 6,94 | mscpb5.txt |2,0e+02 |
|11 | 1900 | 5000 |   55 |        0.1 |1585395148734 |      72 |    77.0 | 6,94 | mscpb5.txt |2,1e+02 |
|11 | 2000 | 5000 |   60 |       0.45 |1585395148734 |      72 |    74.0 | 2,78 | mscpb5.txt |2,1e+02 |
|11 | 2100 | 5000 |   60 |       0.45 |1585395148734 |      72 |    74.0 | 2,78 | mscpb5.txt |2,2e+02 |
|11 | 2200 | 5000 |   60 |       0.45 |1585395148734 |      72 |    74.0 | 2,78 | mscpb5.txt |2,3e+02 |
|11 | 2300 | 5000 |   60 |       0.45 |1585395148734 |      72 |    74.0 | 2,78 | mscpb5.txt |2,3e+02 |
|11 | 2400 | 5000 |   65 |       0.45 |1585395148734 |      72 |    74.0 | 2,78 | mscpb5.txt |2,5e+02 |
|11 | 2500 | 5000 |   65 |       0.45 |1585395148734 |      72 |    74.0 | 2,78 | mscpb5.txt |2,6e+02 |
|11 | 2600 | 5000 |   65 |       0.45 |1585395148734 |      72 |    74.0 | 2,78 | mscpb5.txt |2,7e+02 |
|11 | 2700 | 5000 |   65 |       0.45 |1585395148734 |      72 |    74.0 | 2,78 | mscpb5.txt |2,8e+02 |
|11 | 2800 | 5000 |   70 |       0.45 |1585395148734 |      72 |    74.0 | 2,78 | mscpb5.txt |3,0e+02 |
|11 | 2900 | 5000 |   70 |       0.45 |1585395148734 |      72 |    74.0 | 2,78 | mscpb5.txt |3,1e+02 |
|11 | 3000 | 5000 |   70 |       0.45 |1585395148734 |      72 |    74.0 | 2,78 | mscpb5.txt |3,3e+02 |
|11 | 3100 | 5000 |   70 |       0.45 |1585395148734 |      72 |    74.0 | 2,78 | mscpb5.txt |3,5e+02 |
|11 | 3200 | 5000 |   75 |       0.45 |1585395148734 |      72 |    74.0 | 2,78 | mscpb5.txt |3,7e+02 |
|11 | 3300 | 5000 |   75 |       0.45 |1585395148734 |      72 |    74.0 | 2,78 | mscpb5.txt |3,9e+02 |
|11 | 3400 | 5000 |   75 |       0.45 |1585395148734 |      72 |    74.0 | 2,78 | mscpb5.txt |4,1e+02 |
|11 | 3500 | 5000 |   75 |       0.45 |1585395148734 |      72 |    74.0 | 2,78 | mscpb5.txt |4,3e+02 |
|11 | 3600 | 5000 |   80 |       0.45 |1585395148734 |      72 |    74.0 | 2,78 | mscpb5.txt |4,6e+02 |
|11 | 3700 | 5000 |   80 |       0.45 |1585395148734 |      72 |    74.0 | 2,78 | mscpb5.txt |4,7e+02 |
|11 | 3800 | 5000 |   80 |       0.45 |1585395148734 |      72 |    74.0 | 2,78 | mscpb5.txt |4,8e+02 |
|11 | 3900 | 5000 |   80 |       0.25 |1585395148734 |      72 |    74.0 | 2,78 | mscpb5.txt |4,8e+02 |
|11 | 4000 | 5000 |   85 | 0.42352942 |1585395148734 |      72 |    74.0 | 2,78 | mscpb5.txt |4,9e+02 |
|11 | 4100 | 5000 |   85 |       0.45 |1585395148734 |      72 |    74.0 | 2,78 | mscpb5.txt |5,0e+02 |
|11 | 4200 | 5000 |   85 |       0.45 |1585395148734 |      72 |    74.0 | 2,78 | mscpb5.txt |5,1e+02 |
|11 | 4300 | 5000 |   85 |       0.45 |1585395148734 |      72 |    74.0 | 2,78 | mscpb5.txt |5,2e+02 |
|11 | 4400 | 5000 |   90 |       0.45 |1585395148734 |      72 |    74.0 | 2,78 | mscpb5.txt |5,3e+02 |
|11 | 4500 | 5000 |   90 |       0.45 |1585395148734 |      72 |    74.0 | 2,78 | mscpb5.txt |5,4e+02 |
|11 | 4600 | 5000 |   90 |       0.45 |1585395148734 |      72 |    74.0 | 2,78 | mscpb5.txt |5,5e+02 |
|11 | 4700 | 5000 |   90 |       0.45 |1585395148734 |      72 |    74.0 | 2,78 | mscpb5.txt |5,7e+02 |
|11 | 4800 | 5000 |   95 |       0.45 |1585395148734 |      72 |    74.0 | 2,78 | mscpb5.txt |5,9e+02 |
|11 | 4900 | 5000 |   95 |       0.45 |1585395148734 |      72 |    74.0 | 2,78 | mscpb5.txt |6,0e+02 |
|11 | 5000 | 5000 |   95 |       0.45 |1585395148734 |      72 |    74.0 | 2,78 | mscpb5.txt |6,2e+02 |
|11 |  300 | 5000 |   95 |       0.45 |1585395148734 |      72 |    74.0 | 2,78 | mscpb5.txt |6,2e+02 |
|12 |    1 | 5000 |   35 |       0.25 |1585395769625 |      72 |  1717.0 |2284,72 | mscpb5.txt |0,0090 |
|12 |  100 | 5000 |   35 | 0.37142858 |1585395769625 |      72 |   140.0 |94,44 | mscpb5.txt |  1,6 |
|12 |  200 | 5000 |   40 |       0.45 |1585395769625 |      72 |    78.0 | 8,33 | mscpb5.txt |   27 |
|12 |  300 | 5000 |   40 |       0.45 |1585395769625 |      72 |    76.0 | 5,56 | mscpb5.txt |   54 |
|12 |  400 | 5000 |   40 |       0.45 |1585395769625 |      72 |    76.0 | 5,56 | mscpb5.txt |   82 |
|12 |  500 | 5000 |   40 |       0.45 |1585395769625 |      72 |    76.0 | 5,56 | mscpb5.txt |1,1e+02 |
|12 |  600 | 5000 |   45 |       0.45 |1585395769625 |      72 |    76.0 | 5,56 | mscpb5.txt |1,4e+02 |
|12 |  700 | 5000 |   45 |       0.45 |1585395769625 |      72 |    76.0 | 5,56 | mscpb5.txt |1,8e+02 |
|12 |  800 | 5000 |   45 |       0.45 |1585395769625 |      72 |    76.0 | 5,56 | mscpb5.txt |2,1e+02 |
|12 |  900 | 5000 |   45 |       0.45 |1585395769625 |      72 |    76.0 | 5,56 | mscpb5.txt |2,4e+02 |
|12 | 1000 | 5000 |   50 |       0.45 |1585395769625 |      72 |    76.0 | 5,56 | mscpb5.txt |2,6e+02 |
|12 | 1100 | 5000 |   50 |       0.45 |1585395769625 |      72 |    74.0 | 2,78 | mscpb5.txt |2,8e+02 |
|12 | 1200 | 5000 |   50 |       0.45 |1585395769625 |      72 |    74.0 | 2,78 | mscpb5.txt |3,0e+02 |
|12 | 1300 | 5000 |   50 |       0.45 |1585395769625 |      72 |    73.0 | 1,39 | mscpb5.txt |3,2e+02 |
|12 | 1400 | 5000 |   55 |       0.45 |1585395769625 |      72 |    73.0 | 1,39 | mscpb5.txt |3,5e+02 |
|12 | 1500 | 5000 |   55 |       0.45 |1585395769625 |      72 |    73.0 | 1,39 | mscpb5.txt |3,8e+02 |
|12 | 1600 | 5000 |   55 |       0.45 |1585395769625 |      72 |    73.0 | 1,39 | mscpb5.txt |4,1e+02 |
|12 | 1700 | 5000 |   55 |       0.45 |1585395769625 |      72 |    73.0 | 1,39 | mscpb5.txt |4,3e+02 |
|12 | 1800 | 5000 |   60 |       0.45 |1585395769625 |      72 |    73.0 | 1,39 | mscpb5.txt |4,6e+02 |
|12 | 1900 | 5000 |   60 |       0.45 |1585395769625 |      72 |    73.0 | 1,39 | mscpb5.txt |4,9e+02 |
|12 | 2000 | 5000 |   60 |       0.45 |1585395769625 |      72 |    73.0 | 1,39 | mscpb5.txt |5,1e+02 |
|12 | 2100 | 5000 |   60 |       0.45 |1585395769625 |      72 |    73.0 | 1,39 | mscpb5.txt |5,2e+02 |
|12 | 2200 | 5000 |   65 |       0.45 |1585395769625 |      72 |    73.0 | 1,39 | mscpb5.txt |5,4e+02 |
|12 | 2300 | 5000 |   65 |       0.45 |1585395769625 |      72 |    73.0 | 1,39 | mscpb5.txt |5,5e+02 |
|12 | 2400 | 5000 |   65 |       0.45 |1585395769625 |      72 |    73.0 | 1,39 | mscpb5.txt |5,6e+02 |
|12 | 2500 | 5000 |   65 |       0.45 |1585395769625 |      72 |    73.0 | 1,39 | mscpb5.txt |5,6e+02 |
|12 | 2600 | 5000 |   70 |       0.45 |1585395769625 |      72 |    73.0 | 1,39 | mscpb5.txt |5,7e+02 |
|12 | 2700 | 5000 |   70 |       0.45 |1585395769625 |      72 |    73.0 | 1,39 | mscpb5.txt |5,8e+02 |
|12 | 2800 | 5000 |   70 |       0.45 |1585395769625 |      72 |    73.0 | 1,39 | mscpb5.txt |5,8e+02 |
|12 | 2900 | 5000 |   70 |       0.45 |1585395769625 |      72 |    73.0 | 1,39 | mscpb5.txt |5,9e+02 |
|12 | 3000 | 5000 |   75 |       0.45 |1585395769625 |      72 |    73.0 | 1,39 | mscpb5.txt |6,0e+02 |
|12 | 3100 | 5000 |   75 |       0.45 |1585395769625 |      72 |    73.0 | 1,39 | mscpb5.txt |6,0e+02 |
|12 | 3200 | 5000 |   75 |       0.45 |1585395769625 |      72 |    73.0 | 1,39 | mscpb5.txt |6,1e+02 |
|12 | 3300 | 5000 |   75 |       0.45 |1585395769625 |      72 |    73.0 | 1,39 | mscpb5.txt |6,2e+02 |
|12 | 3400 | 5000 |   80 |       0.45 |1585395769625 |      72 |    73.0 | 1,39 | mscpb5.txt |6,2e+02 |
|12 | 3500 | 5000 |   80 |       0.45 |1585395769625 |      72 |    73.0 | 1,39 | mscpb5.txt |6,3e+02 |
|12 | 3600 | 5000 |   80 |       0.45 |1585395769625 |      72 |    73.0 | 1,39 | mscpb5.txt |6,4e+02 |
|12 | 3700 | 5000 |   80 |       0.45 |1585395769625 |      72 |    73.0 | 1,39 | mscpb5.txt |6,5e+02 |
|12 | 3800 | 5000 |   85 |       0.45 |1585395769625 |      72 |    73.0 | 1,39 | mscpb5.txt |6,5e+02 |
|12 | 3900 | 5000 |   85 |       0.45 |1585395769625 |      72 |    73.0 | 1,39 | mscpb5.txt |6,6e+02 |
|12 | 4000 | 5000 |   85 |       0.45 |1585395769625 |      72 |    73.0 | 1,39 | mscpb5.txt |6,7e+02 |
|12 | 4100 | 5000 |   85 |       0.45 |1585395769625 |      72 |    73.0 | 1,39 | mscpb5.txt |6,8e+02 |
|12 | 4200 | 5000 |   90 |       0.45 |1585395769625 |      72 |    73.0 | 1,39 | mscpb5.txt |6,9e+02 |
|12 | 4300 | 5000 |   90 |       0.45 |1585395769625 |      72 |    73.0 | 1,39 | mscpb5.txt |7,0e+02 |
|12 | 4400 | 5000 |   90 |       0.45 |1585395769625 |      72 |    73.0 | 1,39 | mscpb5.txt |7,1e+02 |
|12 | 4500 | 5000 |   90 |       0.45 |1585395769625 |      72 |    73.0 | 1,39 | mscpb5.txt |7,1e+02 |
|12 | 4600 | 5000 |   95 |       0.45 |1585395769625 |      72 |    73.0 | 1,39 | mscpb5.txt |7,2e+02 |
|12 | 4700 | 5000 |   95 |       0.45 |1585395769625 |      72 |    73.0 | 1,39 | mscpb5.txt |7,3e+02 |
|12 | 4800 | 5000 |   95 |       0.45 |1585395769625 |      72 |    73.0 | 1,39 | mscpb5.txt |7,4e+02 |
|12 | 4900 | 5000 |   95 |       0.45 |1585395769625 |      72 |    73.0 | 1,39 | mscpb5.txt |7,4e+02 |
|12 | 5000 | 5000 |  100 |       0.45 |1585395769625 |      72 |    73.0 | 1,39 | mscpb5.txt |7,5e+02 |
|12 |  300 | 5000 |  100 |       0.45 |1585395769625 |      72 |    73.0 | 1,39 | mscpb5.txt |7,5e+02 |
|13 |    1 | 5000 |   35 |       0.25 |1585396520822 |      72 |  1702.0 |2263,89 | mscpb5.txt |0,0060 |
|13 |  100 | 5000 |   35 |  0.2857143 |1585396520822 |      72 |   119.0 |65,28 | mscpb5.txt |  1,8 |
|13 |  200 | 5000 |   35 | 0.37142858 |1585396520822 |      72 |   115.0 |59,72 | mscpb5.txt |  5,4 |
|13 |  300 | 5000 |   35 | 0.37142858 |1585396520822 |      72 |   115.0 |59,72 | mscpb5.txt |   13 |
|13 |  400 | 5000 |   40 |       0.45 |1585396520822 |      72 |    76.0 | 5,56 | mscpb5.txt |   35 |
|13 |  500 | 5000 |   40 |       0.45 |1585396520822 |      72 |    76.0 | 5,56 | mscpb5.txt |   60 |
|13 |  600 | 5000 |   40 |       0.45 |1585396520822 |      72 |    75.0 | 4,17 | mscpb5.txt |   84 |
|13 |  700 | 5000 |   40 |       0.45 |1585396520822 |      72 |    75.0 | 4,17 | mscpb5.txt |1,1e+02 |
|13 |  800 | 5000 |   45 |       0.45 |1585396520822 |      72 |    75.0 | 4,17 | mscpb5.txt |1,4e+02 |
|13 |  900 | 5000 |   45 |       0.45 |1585396520822 |      72 |    75.0 | 4,17 | mscpb5.txt |1,7e+02 |
|13 | 1000 | 5000 |   45 |       0.45 |1585396520822 |      72 |    75.0 | 4,17 | mscpb5.txt |2,0e+02 |
|13 | 1100 | 5000 |   45 |       0.45 |1585396520822 |      72 |    75.0 | 4,17 | mscpb5.txt |2,2e+02 |
|13 | 1200 | 5000 |   50 |       0.45 |1585396520822 |      72 |    75.0 | 4,17 | mscpb5.txt |2,4e+02 |
|13 | 1300 | 5000 |   50 |       0.45 |1585396520822 |      72 |    74.0 | 2,78 | mscpb5.txt |2,5e+02 |
|13 | 1400 | 5000 |   50 |       0.45 |1585396520822 |      72 |    74.0 | 2,78 | mscpb5.txt |2,7e+02 |
|13 | 1500 | 5000 |   50 |       0.45 |1585396520822 |      72 |    74.0 | 2,78 | mscpb5.txt |2,8e+02 |
|13 | 1600 | 5000 |   55 |       0.45 |1585396520822 |      72 |    74.0 | 2,78 | mscpb5.txt |2,9e+02 |
|13 | 1700 | 5000 |   55 |       0.45 |1585396520822 |      72 |    74.0 | 2,78 | mscpb5.txt |3,1e+02 |
|13 | 1800 | 5000 |   55 |       0.45 |1585396520822 |      72 |    74.0 | 2,78 | mscpb5.txt |3,2e+02 |
|13 | 1900 | 5000 |   55 |       0.45 |1585396520822 |      72 |    74.0 | 2,78 | mscpb5.txt |3,4e+02 |
|13 | 2000 | 5000 |   60 |       0.45 |1585396520822 |      72 |    74.0 | 2,78 | mscpb5.txt |3,6e+02 |
|13 | 2100 | 5000 |   60 |       0.45 |1585396520822 |      72 |    74.0 | 2,78 | mscpb5.txt |3,7e+02 |
|13 | 2200 | 5000 |   60 |       0.45 |1585396520822 |      72 |    74.0 | 2,78 | mscpb5.txt |3,8e+02 |
|13 | 2300 | 5000 |   60 |       0.45 |1585396520822 |      72 |    74.0 | 2,78 | mscpb5.txt |3,9e+02 |
|13 | 2400 | 5000 |   65 |       0.45 |1585396520822 |      72 |    74.0 | 2,78 | mscpb5.txt |4,0e+02 |
|13 |  300 | 5000 |   65 |       0.45 |1585396520822 |      72 |    72.0 | 0,00 | mscpb5.txt |4,1e+02 |
|14 |    1 | 5000 |   35 |       0.25 |1585396930978 |      72 |  1750.0 |2330,56 | mscpb5.txt |0,0060 |
|14 |  100 | 5000 |   35 | 0.34285715 |1585396930978 |      72 |   121.0 |68,06 | mscpb5.txt |  2,2 |
|14 |  200 | 5000 |   35 |       0.45 |1585396930978 |      72 |    97.0 |34,72 | mscpb5.txt |  7,9 |
|14 |  300 | 5000 |   35 |        0.4 |1585396930978 |      72 |    97.0 |34,72 | mscpb5.txt |   17 |
|14 |  400 | 5000 |   40 |       0.45 |1585396930978 |      72 |    76.0 | 5,56 | mscpb5.txt |   40 |
|14 |  500 | 5000 |   40 |       0.45 |1585396930978 |      72 |    76.0 | 5,56 | mscpb5.txt |   64 |
|14 |  600 | 5000 |   40 |       0.45 |1585396930978 |      72 |    73.0 | 1,39 | mscpb5.txt |   88 |
|14 |  700 | 5000 |   40 |       0.45 |1585396930978 |      72 |    73.0 | 1,39 | mscpb5.txt |1,1e+02 |
|14 |  800 | 5000 |   45 |       0.45 |1585396930978 |      72 |    73.0 | 1,39 | mscpb5.txt |1,4e+02 |
|14 |  300 | 5000 |   45 |       0.45 |1585396930978 |      72 |    72.0 | 0,00 | mscpb5.txt |1,7e+02 |
|15 |    1 | 5000 |   35 |       0.25 |1585397096047 |      72 |  1782.0 |2375,00 | mscpb5.txt |0,0060 |
|15 |  100 | 5000 |   35 |  0.2857143 |1585397096047 |      72 |   120.0 |66,67 | mscpb5.txt |  1,9 |
|15 |  200 | 5000 |   35 |       0.45 |1585397096047 |      72 |    93.0 |29,17 | mscpb5.txt |  8,8 |
|15 |  300 | 5000 |   35 |       0.45 |1585397096047 |      72 |    93.0 |29,17 | mscpb5.txt |   21 |
|15 |  400 | 5000 |   40 |       0.45 |1585397096047 |      72 |    79.0 | 9,72 | mscpb5.txt |   44 |
|15 |  500 | 5000 |   40 |       0.45 |1585397096047 |      72 |    74.0 | 2,78 | mscpb5.txt |   69 |
|15 |  600 | 5000 |   40 |       0.45 |1585397096047 |      72 |    74.0 | 2,78 | mscpb5.txt |   94 |
|15 |  700 | 5000 |   40 |       0.45 |1585397096047 |      72 |    74.0 | 2,78 | mscpb5.txt |1,2e+02 |
|15 |  800 | 5000 |   45 |       0.45 |1585397096047 |      72 |    74.0 | 2,78 | mscpb5.txt |1,5e+02 |
|15 |  900 | 5000 |   45 |       0.45 |1585397096047 |      72 |    73.0 | 1,39 | mscpb5.txt |1,8e+02 |
|15 |  300 | 5000 |   45 |       0.45 |1585397096047 |      72 |    72.0 | 0,00 | mscpb5.txt |2,0e+02 |
