| # |    #ITER | #IterMAX | Nest |      %Desc |      semilla | BestFit |GottedFit |  RDP |  instancia | time |
-------------------------------------------------------------------------------------------------
| 1 |    1 | 5000 |   35 |     0,2500 |1585680650919 |      63 | 19694.0 |31160,32 |mscpnrh2.txt | 0,11 |
| 1 |  100 | 5000 |   35 |     0,4000 |1585680650919 |      63 | 17729.0 |28041,27 |mscpnrh2.txt |  2,7 |
| 1 |  200 | 5000 |   35 |     0,3714 |1585680650919 |      63 | 17293.0 |27349,21 |mscpnrh2.txt |  5,3 |
| 1 |  300 | 5000 |   35 |     0,4000 |1585680650919 |      63 | 16952.0 |26807,94 |mscpnrh2.txt |  7,7 |
| 1 |  400 | 5000 |   35 |     0,3714 |1585680650919 |      63 | 16677.0 |26371,43 |mscpnrh2.txt |   10 |
| 1 |  500 | 5000 |   40 |     0,4500 |1585680650919 |      63 |    69.0 | 9,52 |mscpnrh2.txt |4,8e+02 |
| 1 |  600 | 5000 |   40 |     0,4500 |1585680650919 |      63 |    67.0 | 6,35 |mscpnrh2.txt |1,7e+03 |
| 1 |  700 | 5000 |   40 |     0,4500 |1585680650919 |      63 |    67.0 | 6,35 |mscpnrh2.txt |3,2e+03 |
| 1 |  800 | 5000 |   40 |     0,4250 |1585680650919 |      63 |    67.0 | 6,35 |mscpnrh2.txt |4,9e+03 |
| 1 |  900 | 5000 |   45 |     0,3778 |1585680650919 |      63 |    67.0 | 6,35 |mscpnrh2.txt |6,8e+03 |
| 1 | 1000 | 5000 |   45 |     0,3111 |1585680650919 |      63 |    67.0 | 6,35 |mscpnrh2.txt |7,7e+03 |
| 1 | 1100 | 5000 |   45 |     0,3111 |1585680650919 |      63 |    67.0 | 6,35 |mscpnrh2.txt |8,7e+03 |
| 1 | 1200 | 5000 |   45 |     0,3111 |1585680650919 |      63 |    67.0 | 6,35 |mscpnrh2.txt |9,6e+03 |
| 1 | 1300 | 5000 |   50 |     0,2800 |1585680650919 |      63 |    67.0 | 6,35 |mscpnrh2.txt |1,1e+04 |
| 1 | 1400 | 5000 |   50 |     0,2800 |1585680650919 |      63 |    67.0 | 6,35 |mscpnrh2.txt |1,2e+04 |
| 1 | 1500 | 5000 |   50 |     0,3200 |1585680650919 |      63 |    67.0 | 6,35 |mscpnrh2.txt |1,3e+04 |
| 1 | 1600 | 5000 |   50 |     0,3200 |1585680650919 |      63 |    67.0 | 6,35 |mscpnrh2.txt |1,5e+04 |
| 1 | 1700 | 5000 |   55 |     0,4500 |1585680650919 |      63 |    67.0 | 6,35 |mscpnrh2.txt |1,6e+04 |
| 1 | 1800 | 5000 |   55 |     0,4500 |1585680650919 |      63 |    67.0 | 6,35 |mscpnrh2.txt |1,8e+04 |
| 1 | 1900 | 5000 |   55 |     0,4500 |1585680650919 |      63 |    67.0 | 6,35 |mscpnrh2.txt |2,0e+04 |
| 1 | 2000 | 5000 |   55 |     0,4500 |1585680650919 |      63 |    67.0 | 6,35 |mscpnrh2.txt |2,1e+04 |
| 1 | 2100 | 5000 |   60 |     0,4500 |1585680650919 |      63 |    67.0 | 6,35 |mscpnrh2.txt |2,3e+04 |
| 1 | 2200 | 5000 |   60 |     0,4500 |1585680650919 |      63 |    67.0 | 6,35 |mscpnrh2.txt |2,6e+04 |
| 1 | 2300 | 5000 |   60 |     0,4500 |1585680650919 |      63 |    67.0 | 6,35 |mscpnrh2.txt |2,8e+04 |
| 1 | 2400 | 5000 |   60 |     0,4500 |1585680650919 |      63 |    67.0 | 6,35 |mscpnrh2.txt |3,0e+04 |
| 1 | 2500 | 5000 |   65 |     0,4500 |1585680650919 |      63 |    67.0 | 6,35 |mscpnrh2.txt |3,3e+04 |
| 1 | 2600 | 5000 |   65 |     0,4500 |1585680650919 |      63 |    67.0 | 6,35 |mscpnrh2.txt |3,4e+04 |
| 1 | 2700 | 5000 |   65 |     0,4500 |1585680650919 |      63 |    67.0 | 6,35 |mscpnrh2.txt |3,5e+04 |
| 1 | 2800 | 5000 |   65 |     0,4500 |1585680650919 |      63 |    67.0 | 6,35 |mscpnrh2.txt |3,6e+04 |
| 1 | 2900 | 5000 |   70 |     0,4429 |1585680650919 |      63 |    67.0 | 6,35 |mscpnrh2.txt |3,8e+04 |
| 1 | 3000 | 5000 |   70 |     0,4429 |1585680650919 |      63 |    67.0 | 6,35 |mscpnrh2.txt |3,9e+04 |
| 1 | 3100 | 5000 |   70 |     0,4429 |1585680650919 |      63 |    67.0 | 6,35 |mscpnrh2.txt |4,1e+04 |
| 1 | 3200 | 5000 |   70 |     0,4429 |1585680650919 |      63 |    67.0 | 6,35 |mscpnrh2.txt |4,2e+04 |
| 1 | 3300 | 5000 |   75 |     0,4133 |1585680650919 |      63 |    67.0 | 6,35 |mscpnrh2.txt |4,4e+04 |
| 1 | 3400 | 5000 |   75 |     0,4133 |1585680650919 |      63 |    67.0 | 6,35 |mscpnrh2.txt |4,6e+04 |
| 1 | 3500 | 5000 |   75 |     0,4133 |1585680650919 |      63 |    67.0 | 6,35 |mscpnrh2.txt |4,8e+04 |
| 1 | 3600 | 5000 |   75 |     0,4133 |1585680650919 |      63 |    67.0 | 6,35 |mscpnrh2.txt |4,9e+04 |
| 1 | 3700 | 5000 |   80 |     0,3875 |1585680650919 |      63 |    67.0 | 6,35 |mscpnrh2.txt |5,1e+04 |
| 1 | 3800 | 5000 |   80 |     0,3875 |1585680650919 |      63 |    67.0 | 6,35 |mscpnrh2.txt |5,4e+04 |
| 1 | 3900 | 5000 |   80 |     0,3875 |1585680650919 |      63 |    67.0 | 6,35 |mscpnrh2.txt |5,6e+04 |
| 1 | 4000 | 5000 |   80 |     0,3875 |1585680650919 |      63 |    67.0 | 6,35 |mscpnrh2.txt |5,8e+04 |
| 1 | 4100 | 5000 |   85 |     0,3647 |1585680650919 |      63 |    67.0 | 6,35 |mscpnrh2.txt |6,0e+04 |
| 1 | 4200 | 5000 |   85 |     0,3647 |1585680650919 |      63 |    67.0 | 6,35 |mscpnrh2.txt |6,2e+04 |
| 1 | 4300 | 5000 |   85 |     0,3647 |1585680650919 |      63 |    67.0 | 6,35 |mscpnrh2.txt |6,5e+04 |
| 1 | 4400 | 5000 |   85 |     0,3647 |1585680650919 |      63 |    67.0 | 6,35 |mscpnrh2.txt |6,7e+04 |
| 1 | 4500 | 5000 |   90 |     0,3667 |1585680650919 |      63 |    67.0 | 6,35 |mscpnrh2.txt |6,9e+04 |
| 1 | 4600 | 5000 |   90 |     0,3667 |1585680650919 |      63 |    67.0 | 6,35 |mscpnrh2.txt |7,2e+04 |
| 1 | 4700 | 5000 |   90 |     0,3667 |1585680650919 |      63 |    67.0 | 6,35 |mscpnrh2.txt |7,5e+04 |
| 1 | 4800 | 5000 |   90 |     0,3667 |1585680650919 |      63 |    67.0 | 6,35 |mscpnrh2.txt |7,7e+04 |
| 1 | 4900 | 5000 |   95 |     0,4105 |1585680650919 |      63 |    67.0 | 6,35 |mscpnrh2.txt |8,0e+04 |
| 1 | 5000 | 5000 |   95 |     0,4105 |1585680650919 |      63 |    67.0 | 6,35 |mscpnrh2.txt |8,3e+04 |
| 1 | 1000 | 5000 |   95 |     0,4105 |1585680650919 |      63 |    67.0 | 6,35 |mscpnrh2.txt |8,3e+04 |
| 2 |    1 | 5000 |   35 |     0,2500 |1585763868541 |      63 | 19386.0 |30671,43 |mscpnrh2.txt |0,042 |
| 2 |  100 | 5000 |   35 |     0,3714 |1585763868541 |      63 | 17800.0 |28153,97 |mscpnrh2.txt |  3,8 |
| 2 |  200 | 5000 |   35 |     0,4000 |1585763868541 |      63 | 17122.0 |27077,78 |mscpnrh2.txt |  7,5 |
| 2 |  300 | 5000 |   40 |     0,4500 |1585763868541 |      63 |    70.0 |11,11 |mscpnrh2.txt |7,2e+02 |
| 2 |  400 | 5000 |   40 |     0,4500 |1585763868541 |      63 |    69.0 | 9,52 |mscpnrh2.txt |2,0e+03 |
| 2 |  500 | 5000 |   40 |     0,4500 |1585763868541 |      63 |    67.0 | 6,35 |mscpnrh2.txt |3,5e+03 |
| 2 |  600 | 5000 |   40 |     0,4500 |1585763868541 |      63 |    67.0 | 6,35 |mscpnrh2.txt |4,9e+03 |
| 2 |  700 | 5000 |   45 |     0,4222 |1585763868541 |      63 |    67.0 | 6,35 |mscpnrh2.txt |6,6e+03 |
| 2 |  800 | 5000 |   45 |     0,4222 |1585763868541 |      63 |    67.0 | 6,35 |mscpnrh2.txt |9,6e+03 |
| 2 |  900 | 5000 |   45 |     0,2889 |1585763868541 |      63 |    67.0 | 6,35 |mscpnrh2.txt |1,1e+04 |
| 2 | 1000 | 5000 |   45 |     0,2889 |1585763868541 |      63 |    67.0 | 6,35 |mscpnrh2.txt |1,2e+04 |
| 2 | 1100 | 5000 |   50 |     0,2600 |1585763868541 |      63 |    67.0 | 6,35 |mscpnrh2.txt |1,3e+04 |
| 2 | 1200 | 5000 |   50 |     0,2600 |1585763868541 |      63 |    67.0 | 6,35 |mscpnrh2.txt |1,4e+04 |
| 2 | 1300 | 5000 |   50 |     0,2600 |1585763868541 |      63 |    67.0 | 6,35 |mscpnrh2.txt |1,5e+04 |
| 2 | 1400 | 5000 |   50 |     0,2600 |1585763868541 |      63 |    67.0 | 6,35 |mscpnrh2.txt |1,7e+04 |
| 2 | 1500 | 5000 |   55 |     0,3636 |1585763868541 |      63 |    67.0 | 6,35 |mscpnrh2.txt |1,8e+04 |
| 2 | 1600 | 5000 |   55 |     0,3636 |1585763868541 |      63 |    67.0 | 6,35 |mscpnrh2.txt |1,9e+04 |
| 2 | 1700 | 5000 |   55 |     0,3636 |1585763868541 |      63 |    67.0 | 6,35 |mscpnrh2.txt |2,1e+04 |
| 2 | 1800 | 5000 |   55 |     0,3636 |1585763868541 |      63 |    67.0 | 6,35 |mscpnrh2.txt |2,2e+04 |
| 2 | 1900 | 5000 |   60 |     0,4500 |1585763868541 |      63 |    67.0 | 6,35 |mscpnrh2.txt |2,4e+04 |
| 2 | 2000 | 5000 |   60 |     0,4333 |1585763868541 |      63 |    67.0 | 6,35 |mscpnrh2.txt |2,6e+04 |
| 2 | 2100 | 5000 |   60 |     0,4333 |1585763868541 |      63 |    67.0 | 6,35 |mscpnrh2.txt |2,8e+04 |
| 2 | 2200 | 5000 |   60 |     0,4333 |1585763868541 |      63 |    67.0 | 6,35 |mscpnrh2.txt |3,0e+04 |
| 2 | 2300 | 5000 |   65 |     0,4500 |1585763868541 |      63 |    67.0 | 6,35 |mscpnrh2.txt |3,3e+04 |
| 2 | 2400 | 5000 |   65 |     0,4500 |1585763868541 |      63 |    67.0 | 6,35 |mscpnrh2.txt |3,4e+04 |
| 2 | 2500 | 5000 |   65 |     0,4500 |1585763868541 |      63 |    67.0 | 6,35 |mscpnrh2.txt |3,5e+04 |
| 2 | 2600 | 5000 |   65 |     0,4500 |1585763868541 |      63 |    67.0 | 6,35 |mscpnrh2.txt |3,7e+04 |
| 2 | 2700 | 5000 |   70 |     0,4286 |1585763868541 |      63 |    67.0 | 6,35 |mscpnrh2.txt |3,8e+04 |
| 2 | 2800 | 5000 |   70 |     0,4286 |1585763868541 |      63 |    67.0 | 6,35 |mscpnrh2.txt |4,0e+04 |
| 2 | 2900 | 5000 |   70 |     0,4286 |1585763868541 |      63 |    67.0 | 6,35 |mscpnrh2.txt |4,2e+04 |
| 2 | 3000 | 5000 |   70 |     0,4286 |1585763868541 |      63 |    67.0 | 6,35 |mscpnrh2.txt |4,4e+04 |
| 2 | 3100 | 5000 |   75 |     0,4000 |1585763868541 |      63 |    67.0 | 6,35 |mscpnrh2.txt |4,6e+04 |
| 2 | 3200 | 5000 |   75 |     0,4000 |1585763868541 |      63 |    67.0 | 6,35 |mscpnrh2.txt |4,8e+04 |
| 2 | 3300 | 5000 |   75 |     0,4000 |1585763868541 |      63 |    67.0 | 6,35 |mscpnrh2.txt |5,0e+04 |
| 2 | 3400 | 5000 |   75 |     0,4000 |1585763868541 |      63 |    67.0 | 6,35 |mscpnrh2.txt |5,2e+04 |
| 2 | 3500 | 5000 |   80 |     0,3750 |1585763868541 |      63 |    67.0 | 6,35 |mscpnrh2.txt |5,5e+04 |
| 2 | 3600 | 5000 |   80 |     0,3750 |1585763868541 |      63 |    67.0 | 6,35 |mscpnrh2.txt |5,7e+04 |
| 2 | 3700 | 5000 |   80 |     0,3750 |1585763868541 |      63 |    67.0 | 6,35 |mscpnrh2.txt |5,9e+04 |
| 2 | 3800 | 5000 |   80 |     0,3750 |1585763868541 |      63 |    67.0 | 6,35 |mscpnrh2.txt |6,2e+04 |
| 2 | 3900 | 5000 |   85 |     0,3529 |1585763868541 |      63 |    67.0 | 6,35 |mscpnrh2.txt |6,5e+04 |
| 2 | 4000 | 5000 |   85 |     0,3529 |1585763868541 |      63 |    67.0 | 6,35 |mscpnrh2.txt |6,7e+04 |
| 2 | 4100 | 5000 |   85 |     0,3529 |1585763868541 |      63 |    67.0 | 6,35 |mscpnrh2.txt |7,0e+04 |
| 2 | 4200 | 5000 |   85 |     0,3529 |1585763868541 |      63 |    67.0 | 6,35 |mscpnrh2.txt |7,3e+04 |
| 2 | 4300 | 5000 |   90 |     0,3667 |1585763868541 |      63 |    67.0 | 6,35 |mscpnrh2.txt |7,6e+04 |
| 2 | 4400 | 5000 |   90 |     0,3667 |1585763868541 |      63 |    67.0 | 6,35 |mscpnrh2.txt |7,9e+04 |
| 2 | 4500 | 5000 |   90 |     0,3667 |1585763868541 |      63 |    67.0 | 6,35 |mscpnrh2.txt |8,2e+04 |
| 2 | 4600 | 5000 |   90 |     0,3667 |1585763868541 |      63 |    67.0 | 6,35 |mscpnrh2.txt |8,5e+04 |
| 2 | 4700 | 5000 |   95 |     0,3895 |1585763868541 |      63 |    67.0 | 6,35 |mscpnrh2.txt |8,8e+04 |
| 2 | 4800 | 5000 |   95 |     0,3895 |1585763868541 |      63 |    67.0 | 6,35 |mscpnrh2.txt |9,2e+04 |
| 2 | 4900 | 5000 |   95 |     0,3895 |1585763868541 |      63 |    67.0 | 6,35 |mscpnrh2.txt |9,5e+04 |
| 2 | 5000 | 5000 |   95 |     0,3895 |1585763868541 |      63 |    67.0 | 6,35 |mscpnrh2.txt |9,8e+04 |
| 2 | 1000 | 5000 |  100 |     0,3895 |1585763868541 |      63 |    67.0 | 6,35 |mscpnrh2.txt |9,8e+04 |
| 3 |    1 | 5000 |   35 |     0,2500 |1585861870034 |      63 | 19436.0 |30750,79 |mscpnrh2.txt |0,043 |
| 3 |  100 | 5000 |   35 |     0,2857 |1585861870034 |      63 | 17815.0 |28177,78 |mscpnrh2.txt |  3,1 |
| 3 |  200 | 5000 |   35 |     0,4500 |1585861870034 |      63 | 17087.0 |27022,22 |mscpnrh2.txt |  5,9 |
| 3 |  300 | 5000 |   35 |     0,4000 |1585861870034 |      63 | 16698.0 |26404,76 |mscpnrh2.txt |  8,7 |
| 3 |  400 | 5000 |   35 |     0,2571 |1585861870034 |      63 | 16261.0 |25711,11 |mscpnrh2.txt |   12 |
| 3 |  500 | 5000 |   40 |     0,4500 |1585861870034 |      63 |    71.0 |12,70 |mscpnrh2.txt |6,3e+02 |
| 3 |  600 | 5000 |   40 |     0,4500 |1585861870034 |      63 |    67.0 | 6,35 |mscpnrh2.txt |1,8e+03 |
| 3 |  700 | 5000 |   40 |     0,4500 |1585861870034 |      63 |    67.0 | 6,35 |mscpnrh2.txt |3,0e+03 |
| 3 |  800 | 5000 |   40 |     0,4500 |1585861870034 |      63 |    67.0 | 6,35 |mscpnrh2.txt |4,4e+03 |
| 3 |  900 | 5000 |   45 |     0,4500 |1585861870034 |      63 |    67.0 | 6,35 |mscpnrh2.txt |6,2e+03 |
| 3 | 1000 | 5000 |   45 |     0,4500 |1585861870034 |      63 |    67.0 | 6,35 |mscpnrh2.txt |8,1e+03 |
| 3 | 1100 | 5000 |   45 |     0,4500 |1585861870034 |      63 |    67.0 | 6,35 |mscpnrh2.txt |1,0e+04 |
| 3 | 1200 | 5000 |   45 |     0,2667 |1585861870034 |      63 |    67.0 | 6,35 |mscpnrh2.txt |1,1e+04 |
| 3 | 1300 | 5000 |   50 |     0,3000 |1585861870034 |      63 |    67.0 | 6,35 |mscpnrh2.txt |1,2e+04 |
| 3 | 1400 | 5000 |   50 |     0,3000 |1585861870034 |      63 |    67.0 | 6,35 |mscpnrh2.txt |1,4e+04 |
| 3 | 1500 | 5000 |   50 |     0,3000 |1585861870034 |      63 |    67.0 | 6,35 |mscpnrh2.txt |1,5e+04 |
| 3 | 1600 | 5000 |   50 |     0,3000 |1585861870034 |      63 |    67.0 | 6,35 |mscpnrh2.txt |1,7e+04 |
| 3 | 1700 | 5000 |   55 |     0,4500 |1585861870034 |      63 |    67.0 | 6,35 |mscpnrh2.txt |2,0e+04 |
| 3 | 1800 | 5000 |   55 |     0,4500 |1585861870034 |      63 |    67.0 | 6,35 |mscpnrh2.txt |2,2e+04 |
| 3 | 1900 | 5000 |   55 |     0,4500 |1585861870034 |      63 |    67.0 | 6,35 |mscpnrh2.txt |2,5e+04 |
| 3 | 2000 | 5000 |   55 |     0,4500 |1585861870034 |      63 |    67.0 | 6,35 |mscpnrh2.txt |2,7e+04 |
| 3 | 2100 | 5000 |   60 |     0,4500 |1585861870034 |      63 |    67.0 | 6,35 |mscpnrh2.txt |3,0e+04 |
| 3 | 2200 | 5000 |   60 |     0,4500 |1585861870034 |      63 |    67.0 | 6,35 |mscpnrh2.txt |3,2e+04 |
| 3 | 2300 | 5000 |   60 |     0,4500 |1585861870034 |      63 |    67.0 | 6,35 |mscpnrh2.txt |3,5e+04 |
| 3 | 2400 | 5000 |   60 |     0,4500 |1585861870034 |      63 |    67.0 | 6,35 |mscpnrh2.txt |3,8e+04 |
| 3 | 2500 | 5000 |   65 |     0,4500 |1585861870034 |      63 |    67.0 | 6,35 |mscpnrh2.txt |4,1e+04 |
| 3 | 2600 | 5000 |   65 |     0,4308 |1585861870034 |      63 |    67.0 | 6,35 |mscpnrh2.txt |4,3e+04 |
| 3 | 2700 | 5000 |   65 |     0,4308 |1585861870034 |      63 |    67.0 | 6,35 |mscpnrh2.txt |4,4e+04 |
| 3 | 2800 | 5000 |   65 |     0,4308 |1585861870034 |      63 |    67.0 | 6,35 |mscpnrh2.txt |4,6e+04 |
| 3 | 2900 | 5000 |   70 |     0,4000 |1585861870034 |      63 |    67.0 | 6,35 |mscpnrh2.txt |4,9e+04 |
| 3 | 3000 | 5000 |   70 |     0,4000 |1585861870034 |      63 |    67.0 | 6,35 |mscpnrh2.txt |5,1e+04 |
| 3 | 3100 | 5000 |   70 |     0,4000 |1585861870034 |      63 |    67.0 | 6,35 |mscpnrh2.txt |5,3e+04 |
| 3 | 3200 | 5000 |   70 |     0,4000 |1585861870034 |      63 |    67.0 | 6,35 |mscpnrh2.txt |5,5e+04 |
| 3 | 3300 | 5000 |   75 |     0,3733 |1585861870034 |      63 |    67.0 | 6,35 |mscpnrh2.txt |5,7e+04 |
| 3 | 3400 | 5000 |   75 |     0,3733 |1585861870034 |      63 |    67.0 | 6,35 |mscpnrh2.txt |6,0e+04 |
| 3 | 3500 | 5000 |   75 |     0,3733 |1585861870034 |      63 |    67.0 | 6,35 |mscpnrh2.txt |6,2e+04 |
| 3 | 3600 | 5000 |   75 |     0,3733 |1585861870034 |      63 |    67.0 | 6,35 |mscpnrh2.txt |6,5e+04 |
| 3 | 3700 | 5000 |   80 |     0,3500 |1585861870034 |      63 |    67.0 | 6,35 |mscpnrh2.txt |6,8e+04 |
| 3 | 3800 | 5000 |   80 |     0,3500 |1585861870034 |      63 |    67.0 | 6,35 |mscpnrh2.txt |7,1e+04 |
| 3 | 3900 | 5000 |   80 |     0,3500 |1585861870034 |      63 |    67.0 | 6,35 |mscpnrh2.txt |7,3e+04 |
| 3 | 4000 | 5000 |   80 |     0,3500 |1585861870034 |      63 |    67.0 | 6,35 |mscpnrh2.txt |7,6e+04 |
| 3 | 4100 | 5000 |   85 |     0,3529 |1585861870034 |      63 |    67.0 | 6,35 |mscpnrh2.txt |7,9e+04 |
| 3 | 4200 | 5000 |   85 |     0,3529 |1585861870034 |      63 |    67.0 | 6,35 |mscpnrh2.txt |8,2e+04 |
| 3 | 4300 | 5000 |   85 |     0,3529 |1585861870034 |      63 |    67.0 | 6,35 |mscpnrh2.txt |8,5e+04 |
| 3 | 4400 | 5000 |   85 |     0,3529 |1585861870034 |      63 |    67.0 | 6,35 |mscpnrh2.txt |8,9e+04 |
| 3 | 4500 | 5000 |   90 |     0,3556 |1585861870034 |      63 |    67.0 | 6,35 |mscpnrh2.txt |9,2e+04 |
| 3 | 4600 | 5000 |   90 |     0,3556 |1585861870034 |      63 |    67.0 | 6,35 |mscpnrh2.txt |9,6e+04 |
| 3 | 4700 | 5000 |   90 |     0,3778 |1585861870034 |      63 |    67.0 | 6,35 |mscpnrh2.txt |1,0e+05 |
| 3 | 4800 | 5000 |   90 |     0,3778 |1585861870034 |      63 |    67.0 | 6,35 |mscpnrh2.txt |1,0e+05 |
| 3 | 4900 | 5000 |   95 |     0,4500 |1585861870034 |      63 |    67.0 | 6,35 |mscpnrh2.txt |1,1e+05 |
| 3 | 5000 | 5000 |   95 |     0,4500 |1585861870034 |      63 |    67.0 | 6,35 |mscpnrh2.txt |1,1e+05 |
| 3 | 1000 | 5000 |   95 |     0,4500 |1585861870034 |      63 |    67.0 | 6,35 |mscpnrh2.txt |1,1e+05 |
| 4 |    1 | 5000 |   35 |     0,2500 |1585974212235 |      63 | 19298.0 |30531,75 |mscpnrh2.txt |0,034 |
| 4 |  100 | 5000 |   35 |     0,2857 |1585974212235 |      63 | 17824.0 |28192,06 |mscpnrh2.txt |  3,0 |
| 4 |  200 | 5000 |   35 |     0,4000 |1585974212235 |      63 | 17440.0 |27582,54 |mscpnrh2.txt |  5,7 |
| 4 |  300 | 5000 |   35 |     0,4500 |1585974212235 |      63 | 17167.0 |27149,21 |mscpnrh2.txt |  8,7 |
| 4 |  400 | 5000 |   40 |     0,4500 |1585974212235 |      63 |    71.0 |12,70 |mscpnrh2.txt |7,1e+02 |
| 4 |  500 | 5000 |   40 |     0,4500 |1585974212235 |      63 |    70.0 |11,11 |mscpnrh2.txt |2,0e+03 |
| 4 |  600 | 5000 |   40 |     0,4500 |1585974212235 |      63 |    70.0 |11,11 |mscpnrh2.txt |3,6e+03 |
| 4 |  700 | 5000 |   40 |     0,4500 |1585974212235 |      63 |    70.0 |11,11 |mscpnrh2.txt |5,2e+03 |
| 4 |  800 | 5000 |   45 |     0,4500 |1585974212235 |      63 |    67.0 | 6,35 |mscpnrh2.txt |7,3e+03 |
| 4 |  900 | 5000 |   45 |     0,4500 |1585974212235 |      63 |    67.0 | 6,35 |mscpnrh2.txt |9,7e+03 |
| 4 | 1000 | 5000 |   45 |     0,4500 |1585974212235 |      63 |    67.0 | 6,35 |mscpnrh2.txt |1,2e+04 |
| 4 | 1100 | 5000 |   45 |     0,4500 |1585974212235 |      63 |    67.0 | 6,35 |mscpnrh2.txt |1,5e+04 |
| 4 | 1200 | 5000 |   50 |     0,4500 |1585974212235 |      63 |    67.0 | 6,35 |mscpnrh2.txt |1,8e+04 |
| 4 | 1300 | 5000 |   50 |     0,2800 |1585974212235 |      63 |    67.0 | 6,35 |mscpnrh2.txt |1,9e+04 |
| 4 | 1400 | 5000 |   50 |     0,2800 |1585974212235 |      63 |    67.0 | 6,35 |mscpnrh2.txt |2,0e+04 |
| 4 | 1500 | 5000 |   50 |     0,2800 |1585974212235 |      63 |    67.0 | 6,35 |mscpnrh2.txt |2,1e+04 |
| 4 | 1600 | 5000 |   55 |     0,2545 |1585974212235 |      63 |    67.0 | 6,35 |mscpnrh2.txt |2,3e+04 |
| 4 | 1700 | 5000 |   55 |     0,2545 |1585974212235 |      63 |    67.0 | 6,35 |mscpnrh2.txt |2,4e+04 |
| 4 | 1800 | 5000 |   55 |     0,2545 |1585974212235 |      63 |    67.0 | 6,35 |mscpnrh2.txt |2,6e+04 |
| 4 | 1900 | 5000 |   55 |     0,2545 |1585974212235 |      63 |    67.0 | 6,35 |mscpnrh2.txt |2,7e+04 |
| 4 | 2000 | 5000 |   60 |     0,4333 |1585974212235 |      63 |    67.0 | 6,35 |mscpnrh2.txt |2,9e+04 |
| 4 | 2100 | 5000 |   60 |     0,4167 |1585974212235 |      63 |    67.0 | 6,35 |mscpnrh2.txt |3,2e+04 |
| 4 | 2200 | 5000 |   60 |     0,4167 |1585974212235 |      63 |    67.0 | 6,35 |mscpnrh2.txt |3,5e+04 |
| 4 | 2300 | 5000 |   60 |     0,4167 |1585974212235 |      63 |    67.0 | 6,35 |mscpnrh2.txt |3,7e+04 |
| 4 | 2400 | 5000 |   65 |     0,4500 |1585974212235 |      63 |    67.0 | 6,35 |mscpnrh2.txt |4,1e+04 |
| 4 | 2500 | 5000 |   65 |     0,4308 |1585974212235 |      63 |    67.0 | 6,35 |mscpnrh2.txt |4,2e+04 |
| 4 | 2600 | 5000 |   65 |     0,4308 |1585974212235 |      63 |    67.0 | 6,35 |mscpnrh2.txt |4,4e+04 |
| 4 | 2700 | 5000 |   65 |     0,4308 |1585974212235 |      63 |    67.0 | 6,35 |mscpnrh2.txt |4,6e+04 |
| 4 | 2800 | 5000 |   70 |     0,4000 |1585974212235 |      63 |    67.0 | 6,35 |mscpnrh2.txt |4,8e+04 |
| 4 | 2900 | 5000 |   70 |     0,4000 |1585974212235 |      63 |    67.0 | 6,35 |mscpnrh2.txt |5,0e+04 |
| 4 | 3000 | 5000 |   70 |     0,4000 |1585974212235 |      63 |    67.0 | 6,35 |mscpnrh2.txt |5,2e+04 |
| 4 | 3100 | 5000 |   70 |     0,4000 |1585974212235 |      63 |    67.0 | 6,35 |mscpnrh2.txt |5,5e+04 |
| 4 | 3200 | 5000 |   75 |     0,3733 |1585974212235 |      63 |    67.0 | 6,35 |mscpnrh2.txt |5,7e+04 |
| 4 | 3300 | 5000 |   75 |     0,3733 |1585974212235 |      63 |    67.0 | 6,35 |mscpnrh2.txt |6,0e+04 |
| 4 | 3400 | 5000 |   75 |     0,3733 |1585974212235 |      63 |    67.0 | 6,35 |mscpnrh2.txt |6,2e+04 |
| 4 | 3500 | 5000 |   75 |     0,3733 |1585974212235 |      63 |    67.0 | 6,35 |mscpnrh2.txt |6,5e+04 |
| 4 | 3600 | 5000 |   80 |     0,3500 |1585974212235 |      63 |    67.0 | 6,35 |mscpnrh2.txt |6,7e+04 |
| 4 | 3700 | 5000 |   80 |     0,3500 |1585974212235 |      63 |    67.0 | 6,35 |mscpnrh2.txt |7,0e+04 |
| 4 | 3800 | 5000 |   80 |     0,3500 |1585974212235 |      63 |    67.0 | 6,35 |mscpnrh2.txt |7,3e+04 |
| 4 | 3900 | 5000 |   80 |     0,3500 |1585974212235 |      63 |    67.0 | 6,35 |mscpnrh2.txt |7,6e+04 |
| 4 | 4000 | 5000 |   85 |     0,3294 |1585974212235 |      63 |    67.0 | 6,35 |mscpnrh2.txt |7,9e+04 |
| 4 | 4100 | 5000 |   85 |     0,3294 |1585974212235 |      63 |    67.0 | 6,35 |mscpnrh2.txt |8,2e+04 |
| 4 | 4200 | 5000 |   85 |     0,3294 |1585974212235 |      63 |    67.0 | 6,35 |mscpnrh2.txt |8,5e+04 |
| 4 | 4300 | 5000 |   85 |     0,3294 |1585974212235 |      63 |    67.0 | 6,35 |mscpnrh2.txt |8,7e+04 |
| 4 | 4400 | 5000 |   90 |     0,3222 |1585974212235 |      63 |    67.0 | 6,35 |mscpnrh2.txt |9,0e+04 |
| 4 | 4500 | 5000 |   90 |     0,3222 |1585974212235 |      63 |    67.0 | 6,35 |mscpnrh2.txt |9,3e+04 |
| 4 | 4600 | 5000 |   90 |     0,3222 |1585974212235 |      63 |    67.0 | 6,35 |mscpnrh2.txt |9,6e+04 |
| 4 | 4700 | 5000 |   90 |     0,3222 |1585974212235 |      63 |    67.0 | 6,35 |mscpnrh2.txt |1,0e+05 |
| 4 | 4800 | 5000 |   95 |     0,4421 |1585974212235 |      63 |    67.0 | 6,35 |mscpnrh2.txt |1,0e+05 |
| 4 | 4900 | 5000 |   95 |     0,4421 |1585974212235 |      63 |    67.0 | 6,35 |mscpnrh2.txt |1,1e+05 |
| 4 | 5000 | 5000 |   95 |     0,4421 |1585974212235 |      63 |    67.0 | 6,35 |mscpnrh2.txt |1,1e+05 |
| 4 | 1000 | 5000 |   95 |     0,4421 |1585974212235 |      63 |    67.0 | 6,35 |mscpnrh2.txt |1,1e+05 |
| 5 |    1 | 5000 |   35 |     0,2500 |1586084666000 |      63 | 19208.0 |30388,89 |mscpnrh2.txt |0,041 |
| 5 |  100 | 5000 |   35 |     0,4500 |1586084666000 |      63 | 17836.0 |28211,11 |mscpnrh2.txt |  3,4 |
| 5 |  200 | 5000 |   40 |     0,4500 |1586084666000 |      63 |    71.0 |12,70 |mscpnrh2.txt |7,5e+02 |
| 5 |  300 | 5000 |   40 |     0,4500 |1586084666000 |      63 |    71.0 |12,70 |mscpnrh2.txt |2,4e+03 |
| 5 |  400 | 5000 |   40 |     0,3750 |1586084666000 |      63 |    69.0 | 9,52 |mscpnrh2.txt |4,5e+03 |
| 5 |  500 | 5000 |   40 |     0,3750 |1586084666000 |      63 |    69.0 | 9,52 |mscpnrh2.txt |6,7e+03 |
| 5 |  600 | 5000 |   45 |     0,3333 |1586084666000 |      63 |    69.0 | 9,52 |mscpnrh2.txt |9,5e+03 |
| 5 |  700 | 5000 |   45 |     0,3333 |1586084666000 |      63 |    67.0 | 6,35 |mscpnrh2.txt |1,2e+04 |
| 5 |  800 | 5000 |   45 |     0,3333 |1586084666000 |      63 |    67.0 | 6,35 |mscpnrh2.txt |1,5e+04 |
| 5 |  900 | 5000 |   45 |     0,3333 |1586084666000 |      63 |    67.0 | 6,35 |mscpnrh2.txt |1,8e+04 |
| 5 | 1000 | 5000 |   50 |     0,3000 |1586084666000 |      63 |    67.0 | 6,35 |mscpnrh2.txt |2,1e+04 |
| 5 | 1100 | 5000 |   50 |     0,3600 |1586084666000 |      63 |    67.0 | 6,35 |mscpnrh2.txt |2,2e+04 |
| 5 | 1200 | 5000 |   50 |     0,3600 |1586084666000 |      63 |    67.0 | 6,35 |mscpnrh2.txt |2,3e+04 |
| 5 | 1300 | 5000 |   50 |     0,3600 |1586084666000 |      63 |    67.0 | 6,35 |mscpnrh2.txt |2,5e+04 |
| 5 | 1400 | 5000 |   55 |     0,3455 |1586084666000 |      63 |    67.0 | 6,35 |mscpnrh2.txt |2,7e+04 |
| 5 | 1500 | 5000 |   55 |     0,3455 |1586084666000 |      63 |    67.0 | 6,35 |mscpnrh2.txt |2,8e+04 |
| 5 | 1600 | 5000 |   55 |     0,3455 |1586084666000 |      63 |    67.0 | 6,35 |mscpnrh2.txt |3,1e+04 |
| 5 | 1700 | 5000 |   55 |     0,3455 |1586084666000 |      63 |    67.0 | 6,35 |mscpnrh2.txt |3,3e+04 |
| 5 | 1800 | 5000 |   60 |     0,3167 |1586084666000 |      63 |    67.0 | 6,35 |mscpnrh2.txt |3,7e+04 |
| 5 | 1900 | 5000 |   60 |     0,3167 |1586084666000 |      63 |    67.0 | 6,35 |mscpnrh2.txt |4,0e+04 |
| 5 | 2000 | 5000 |   60 |     0,3167 |1586084666000 |      63 |    67.0 | 6,35 |mscpnrh2.txt |4,3e+04 |
| 5 | 2100 | 5000 |   60 |     0,3167 |1586084666000 |      63 |    67.0 | 6,35 |mscpnrh2.txt |4,6e+04 |
| 5 | 2200 | 5000 |   65 |     0,3231 |1586084666000 |      63 |    67.0 | 6,35 |mscpnrh2.txt |5,0e+04 |
| 5 | 2300 | 5000 |   65 |     0,3231 |1586084666000 |      63 |    67.0 | 6,35 |mscpnrh2.txt |5,3e+04 |
| 5 | 2400 | 5000 |   65 |     0,3231 |1586084666000 |      63 |    67.0 | 6,35 |mscpnrh2.txt |5,7e+04 |
| 5 | 2500 | 5000 |   65 |     0,4000 |1586084666000 |      63 |    67.0 | 6,35 |mscpnrh2.txt |6,0e+04 |
| 5 | 2600 | 5000 |   70 |     0,4429 |1586084666000 |      63 |    67.0 | 6,35 |mscpnrh2.txt |6,2e+04 |
| 5 | 2700 | 5000 |   70 |     0,4429 |1586084666000 |      63 |    67.0 | 6,35 |mscpnrh2.txt |6,5e+04 |
| 5 | 2800 | 5000 |   70 |     0,4429 |1586084666000 |      63 |    67.0 | 6,35 |mscpnrh2.txt |6,8e+04 |
| 5 | 2900 | 5000 |   70 |     0,4429 |1586084666000 |      63 |    67.0 | 6,35 |mscpnrh2.txt |7,1e+04 |
| 5 | 3000 | 5000 |   75 |     0,4400 |1586084666000 |      63 |    67.0 | 6,35 |mscpnrh2.txt |7,4e+04 |
| 5 | 3100 | 5000 |   75 |     0,4500 |1586084666000 |      63 |    67.0 | 6,35 |mscpnrh2.txt |7,5e+04 |
| 5 | 3200 | 5000 |   75 |     0,4500 |1586084666000 |      63 |    67.0 | 6,35 |mscpnrh2.txt |7,7e+04 |
| 5 | 3300 | 5000 |   75 |     0,4500 |1586084666000 |      63 |    67.0 | 6,35 |mscpnrh2.txt |7,8e+04 |
| 5 | 3400 | 5000 |   80 |     0,4500 |1586084666000 |      63 |    67.0 | 6,35 |mscpnrh2.txt |8,0e+04 |
| 5 | 3500 | 5000 |   80 |     0,4500 |1586084666000 |      63 |    67.0 | 6,35 |mscpnrh2.txt |8,2e+04 |
| 5 | 3600 | 5000 |   80 |     0,4500 |1586084666000 |      63 |    67.0 | 6,35 |mscpnrh2.txt |8,4e+04 |
| 5 | 3700 | 5000 |   80 |     0,4500 |1586084666000 |      63 |    67.0 | 6,35 |mscpnrh2.txt |8,6e+04 |
| 5 | 3800 | 5000 |   85 |     0,4500 |1586084666000 |      63 |    67.0 | 6,35 |mscpnrh2.txt |8,9e+04 |
| 5 | 3900 | 5000 |   85 |     0,4500 |1586084666000 |      63 |    67.0 | 6,35 |mscpnrh2.txt |9,1e+04 |
| 5 | 4000 | 5000 |   85 |     0,4500 |1586084666000 |      63 |    67.0 | 6,35 |mscpnrh2.txt |9,4e+04 |
| 5 | 4100 | 5000 |   85 |     0,4500 |1586084666000 |      63 |    67.0 | 6,35 |mscpnrh2.txt |9,7e+04 |
| 5 | 4200 | 5000 |   90 |     0,4333 |1586084666000 |      63 |    67.0 | 6,35 |mscpnrh2.txt |9,9e+04 |
| 5 | 4300 | 5000 |   90 |     0,4333 |1586084666000 |      63 |    67.0 | 6,35 |mscpnrh2.txt |1,0e+05 |
| 5 | 4400 | 5000 |   90 |     0,4333 |1586084666000 |      63 |    67.0 | 6,35 |mscpnrh2.txt |1,0e+05 |
| 5 | 4500 | 5000 |   90 |     0,4333 |1586084666000 |      63 |    67.0 | 6,35 |mscpnrh2.txt |1,1e+05 |
| 5 | 4600 | 5000 |   95 |     0,4105 |1586084666000 |      63 |    67.0 | 6,35 |mscpnrh2.txt |1,1e+05 |
| 5 | 4700 | 5000 |   95 |     0,4105 |1586084666000 |      63 |    67.0 | 6,35 |mscpnrh2.txt |1,1e+05 |
| 5 | 4800 | 5000 |   95 |     0,4105 |1586084666000 |      63 |    67.0 | 6,35 |mscpnrh2.txt |1,2e+05 |
| 5 | 4900 | 5000 |   95 |     0,4105 |1586084666000 |      63 |    67.0 | 6,35 |mscpnrh2.txt |1,2e+05 |
| 5 | 5000 | 5000 |  100 |     0,3900 |1586084666000 |      63 |    67.0 | 6,35 |mscpnrh2.txt |1,2e+05 |
| 5 | 1000 | 5000 |  100 |     0,3900 |1586084666000 |      63 |    67.0 | 6,35 |mscpnrh2.txt |1,2e+05 |
| 6 |    1 | 5000 |   35 |     0,2500 |1586208286712 |      63 | 19343.0 |30603,17 |mscpnrh2.txt |0,042 |
| 6 |  100 | 5000 |   35 |     0,2857 |1586208286712 |      63 | 17622.0 |27871,43 |mscpnrh2.txt |  3,2 |
| 6 |  200 | 5000 |   35 |     0,4000 |1586208286712 |      63 | 17016.0 |26909,53 |mscpnrh2.txt |  6,4 |
| 6 |  300 | 5000 |   35 |     0,4500 |1586208286712 |      63 | 16647.0 |26323,81 |mscpnrh2.txt |  9,7 |
| 6 |  400 | 5000 |   40 |     0,4500 |1586208286712 |      63 |    69.0 | 9,52 |mscpnrh2.txt |7,8e+02 |
| 6 |  500 | 5000 |   40 |     0,4500 |1586208286712 |      63 |    69.0 | 9,52 |mscpnrh2.txt |2,4e+03 |
| 6 |  600 | 5000 |   40 |     0,4250 |1586208286712 |      63 |    67.0 | 6,35 |mscpnrh2.txt |4,3e+03 |
| 6 |  700 | 5000 |   40 |     0,4250 |1586208286712 |      63 |    67.0 | 6,35 |mscpnrh2.txt |6,3e+03 |
| 6 |  800 | 5000 |   45 |     0,2667 |1586208286712 |      63 |    67.0 | 6,35 |mscpnrh2.txt |7,8e+03 |
| 6 |  900 | 5000 |   45 |     0,2667 |1586208286712 |      63 |    67.0 | 6,35 |mscpnrh2.txt |9,1e+03 |
| 6 | 1000 | 5000 |   45 |     0,2667 |1586208286712 |      63 |    67.0 | 6,35 |mscpnrh2.txt |1,0e+04 |
| 6 | 1100 | 5000 |   45 |     0,2667 |1586208286712 |      63 |    67.0 | 6,35 |mscpnrh2.txt |1,2e+04 |
| 6 | 1200 | 5000 |   50 |     0,3000 |1586208286712 |      63 |    67.0 | 6,35 |mscpnrh2.txt |1,3e+04 |
| 6 | 1300 | 5000 |   50 |     0,3000 |1586208286712 |      63 |    67.0 | 6,35 |mscpnrh2.txt |1,5e+04 |
| 6 | 1400 | 5000 |   50 |     0,3200 |1586208286712 |      63 |    67.0 | 6,35 |mscpnrh2.txt |1,7e+04 |
| 6 | 1500 | 5000 |   50 |     0,3200 |1586208286712 |      63 |    67.0 | 6,35 |mscpnrh2.txt |1,9e+04 |
| 6 | 1600 | 5000 |   55 |     0,3818 |1586208286712 |      63 |    67.0 | 6,35 |mscpnrh2.txt |2,1e+04 |
| 6 | 1700 | 5000 |   55 |     0,4182 |1586208286712 |      63 |    67.0 | 6,35 |mscpnrh2.txt |2,3e+04 |
| 6 | 1800 | 5000 |   55 |     0,4500 |1586208286712 |      63 |    67.0 | 6,35 |mscpnrh2.txt |2,5e+04 |
| 6 | 1900 | 5000 |   55 |     0,4500 |1586208286712 |      63 |    67.0 | 6,35 |mscpnrh2.txt |2,7e+04 |
| 6 | 2000 | 5000 |   60 |     0,4500 |1586208286712 |      63 |    67.0 | 6,35 |mscpnrh2.txt |3,0e+04 |
| 6 | 2100 | 5000 |   60 |     0,4500 |1586208286712 |      63 |    67.0 | 6,35 |mscpnrh2.txt |3,2e+04 |
| 6 | 2200 | 5000 |   60 |     0,4500 |1586208286712 |      63 |    67.0 | 6,35 |mscpnrh2.txt |3,3e+04 |
| 6 | 2300 | 5000 |   60 |     0,4500 |1586208286712 |      63 |    67.0 | 6,35 |mscpnrh2.txt |3,5e+04 |
| 6 | 2400 | 5000 |   65 |     0,4308 |1586208286712 |      63 |    67.0 | 6,35 |mscpnrh2.txt |3,6e+04 |
| 6 | 2500 | 5000 |   65 |     0,4308 |1586208286712 |      63 |    67.0 | 6,35 |mscpnrh2.txt |3,8e+04 |
| 6 | 2600 | 5000 |   65 |     0,4308 |1586208286712 |      63 |    67.0 | 6,35 |mscpnrh2.txt |4,0e+04 |
| 6 | 2700 | 5000 |   65 |     0,4308 |1586208286712 |      63 |    67.0 | 6,35 |mscpnrh2.txt |4,1e+04 |
| 6 | 2800 | 5000 |   70 |     0,4000 |1586208286712 |      63 |    67.0 | 6,35 |mscpnrh2.txt |4,3e+04 |
| 6 | 2900 | 5000 |   70 |     0,4000 |1586208286712 |      63 |    67.0 | 6,35 |mscpnrh2.txt |4,5e+04 |
| 6 | 3000 | 5000 |   70 |     0,4000 |1586208286712 |      63 |    67.0 | 6,35 |mscpnrh2.txt |4,6e+04 |
| 6 | 3100 | 5000 |   70 |     0,4000 |1586208286712 |      63 |    67.0 | 6,35 |mscpnrh2.txt |4,8e+04 |
| 6 | 3200 | 5000 |   75 |     0,3733 |1586208286712 |      63 |    67.0 | 6,35 |mscpnrh2.txt |5,0e+04 |
| 6 | 3300 | 5000 |   75 |     0,3733 |1586208286712 |      63 |    67.0 | 6,35 |mscpnrh2.txt |5,2e+04 |
| 6 | 3400 | 5000 |   75 |     0,3733 |1586208286712 |      63 |    67.0 | 6,35 |mscpnrh2.txt |5,4e+04 |
| 6 | 3500 | 5000 |   75 |     0,3733 |1586208286712 |      63 |    67.0 | 6,35 |mscpnrh2.txt |5,5e+04 |
| 6 | 3600 | 5000 |   80 |     0,3500 |1586208286712 |      63 |    67.0 | 6,35 |mscpnrh2.txt |5,8e+04 |
| 6 | 3700 | 5000 |   80 |     0,3500 |1586208286712 |      63 |    67.0 | 6,35 |mscpnrh2.txt |5,9e+04 |
| 6 | 3800 | 5000 |   80 |     0,3500 |1586208286712 |      63 |    67.0 | 6,35 |mscpnrh2.txt |6,1e+04 |
| 6 | 3900 | 5000 |   80 |     0,3500 |1586208286712 |      63 |    67.0 | 6,35 |mscpnrh2.txt |6,3e+04 |
| 6 | 4000 | 5000 |   85 |     0,3647 |1586208286712 |      63 |    67.0 | 6,35 |mscpnrh2.txt |6,6e+04 |
| 6 | 4100 | 5000 |   85 |     0,3647 |1586208286712 |      63 |    67.0 | 6,35 |mscpnrh2.txt |6,8e+04 |
| 6 | 4200 | 5000 |   85 |     0,3647 |1586208286712 |      63 |    67.0 | 6,35 |mscpnrh2.txt |7,0e+04 |
| 6 | 4300 | 5000 |   85 |     0,3647 |1586208286712 |      63 |    67.0 | 6,35 |mscpnrh2.txt |7,2e+04 |
| 6 | 4400 | 5000 |   90 |     0,3556 |1586208286712 |      63 |    67.0 | 6,35 |mscpnrh2.txt |7,5e+04 |
| 6 | 4500 | 5000 |   90 |     0,3556 |1586208286712 |      63 |    67.0 | 6,35 |mscpnrh2.txt |7,7e+04 |
| 6 | 4600 | 5000 |   90 |     0,3556 |1586208286712 |      63 |    67.0 | 6,35 |mscpnrh2.txt |8,0e+04 |
| 6 | 4700 | 5000 |   90 |     0,3556 |1586208286712 |      63 |    67.0 | 6,35 |mscpnrh2.txt |8,2e+04 |
| 6 | 4800 | 5000 |   95 |     0,3895 |1586208286712 |      63 |    67.0 | 6,35 |mscpnrh2.txt |8,5e+04 |
| 6 | 4900 | 5000 |   95 |     0,4000 |1586208286712 |      63 |    67.0 | 6,35 |mscpnrh2.txt |8,8e+04 |
| 6 | 5000 | 5000 |   95 |     0,4000 |1586208286712 |      63 |    67.0 | 6,35 |mscpnrh2.txt |9,1e+04 |
| 6 | 1000 | 5000 |   95 |     0,4000 |1586208286712 |      63 |    67.0 | 6,35 |mscpnrh2.txt |9,1e+04 |
| 7 |    1 | 5000 |   35 |     0,2500 |1586299546746 |      63 | 19120.0 |30249,21 |mscpnrh2.txt |0,044 |
| 7 |  100 | 5000 |   35 |     0,4500 |1586299546746 |      63 | 17707.0 |28006,35 |mscpnrh2.txt |  2,6 |
| 7 |  200 | 5000 |   40 |     0,4500 |1586299546746 |      63 |    71.0 |12,70 |mscpnrh2.txt |3,9e+02 |
| 7 |  300 | 5000 |   40 |     0,4500 |1586299546746 |      63 |    69.0 | 9,52 |mscpnrh2.txt |1,1e+03 |
| 7 |  400 | 5000 |   40 |     0,4500 |1586299546746 |      63 |    69.0 | 9,52 |mscpnrh2.txt |2,2e+03 |
| 7 |  500 | 5000 |   40 |     0,4500 |1586299546746 |      63 |    69.0 | 9,52 |mscpnrh2.txt |3,4e+03 |
| 7 |  600 | 5000 |   45 |     0,4500 |1586299546746 |      63 |    69.0 | 9,52 |mscpnrh2.txt |4,5e+03 |
| 7 |  700 | 5000 |   45 |     0,4500 |1586299546746 |      63 |    67.0 | 6,35 |mscpnrh2.txt |5,7e+03 |
| 7 |  800 | 5000 |   45 |     0,4500 |1586299546746 |      63 |    67.0 | 6,35 |mscpnrh2.txt |7,1e+03 |
| 7 |  900 | 5000 |   45 |     0,4500 |1586299546746 |      63 |    67.0 | 6,35 |mscpnrh2.txt |8,2e+03 |
| 7 | 1000 | 5000 |   50 |     0,4400 |1586299546746 |      63 |    67.0 | 6,35 |mscpnrh2.txt |9,5e+03 |
| 7 | 1100 | 5000 |   50 |     0,2800 |1586299546746 |      63 |    67.0 | 6,35 |mscpnrh2.txt |1,0e+04 |
| 7 | 1200 | 5000 |   50 |     0,2800 |1586299546746 |      63 |    67.0 | 6,35 |mscpnrh2.txt |1,1e+04 |
| 7 | 1300 | 5000 |   50 |     0,2800 |1586299546746 |      63 |    67.0 | 6,35 |mscpnrh2.txt |1,2e+04 |
| 7 | 1400 | 5000 |   55 |     0,2909 |1586299546746 |      63 |    67.0 | 6,35 |mscpnrh2.txt |1,3e+04 |
| 7 | 1500 | 5000 |   55 |     0,2909 |1586299546746 |      63 |    67.0 | 6,35 |mscpnrh2.txt |1,4e+04 |
| 7 | 1600 | 5000 |   55 |     0,2909 |1586299546746 |      63 |    67.0 | 6,35 |mscpnrh2.txt |1,5e+04 |
| 7 | 1700 | 5000 |   55 |     0,2909 |1586299546746 |      63 |    67.0 | 6,35 |mscpnrh2.txt |1,6e+04 |
| 7 | 1800 | 5000 |   60 |     0,3500 |1586299546746 |      63 |    67.0 | 6,35 |mscpnrh2.txt |1,7e+04 |
| 7 | 1900 | 5000 |   60 |     0,3667 |1586299546746 |      63 |    67.0 | 6,35 |mscpnrh2.txt |1,8e+04 |
| 7 | 2000 | 5000 |   60 |     0,3667 |1586299546746 |      63 |    67.0 | 6,35 |mscpnrh2.txt |1,9e+04 |
| 7 | 2100 | 5000 |   60 |     0,3667 |1586299546746 |      63 |    67.0 | 6,35 |mscpnrh2.txt |2,0e+04 |
| 7 | 2200 | 5000 |   65 |     0,4500 |1586299546746 |      63 |    67.0 | 6,35 |mscpnrh2.txt |2,1e+04 |
| 7 | 2300 | 5000 |   65 |     0,4500 |1586299546746 |      63 |    67.0 | 6,35 |mscpnrh2.txt |2,3e+04 |
| 7 | 2400 | 5000 |   65 |     0,4500 |1586299546746 |      63 |    67.0 | 6,35 |mscpnrh2.txt |2,4e+04 |
| 7 | 2500 | 5000 |   65 |     0,4500 |1586299546746 |      63 |    67.0 | 6,35 |mscpnrh2.txt |2,5e+04 |
| 7 | 2600 | 5000 |   70 |     0,4500 |1586299546746 |      63 |    67.0 | 6,35 |mscpnrh2.txt |2,6e+04 |
| 7 | 2700 | 5000 |   70 |     0,4429 |1586299546746 |      63 |    67.0 | 6,35 |mscpnrh2.txt |2,7e+04 |
| 7 | 2800 | 5000 |   70 |     0,4429 |1586299546746 |      63 |    67.0 | 6,35 |mscpnrh2.txt |2,8e+04 |
| 7 | 2900 | 5000 |   70 |     0,4429 |1586299546746 |      63 |    67.0 | 6,35 |mscpnrh2.txt |2,9e+04 |
| 7 | 3000 | 5000 |   75 |     0,4133 |1586299546746 |      63 |    67.0 | 6,35 |mscpnrh2.txt |3,0e+04 |
| 7 | 3100 | 5000 |   75 |     0,4133 |1586299546746 |      63 |    67.0 | 6,35 |mscpnrh2.txt |3,0e+04 |
| 7 | 3200 | 5000 |   75 |     0,4133 |1586299546746 |      63 |    67.0 | 6,35 |mscpnrh2.txt |3,1e+04 |
| 7 | 3300 | 5000 |   75 |     0,4133 |1586299546746 |      63 |    67.0 | 6,35 |mscpnrh2.txt |3,2e+04 |
| 7 | 3400 | 5000 |   80 |     0,3875 |1586299546746 |      63 |    67.0 | 6,35 |mscpnrh2.txt |3,3e+04 |
| 7 | 3500 | 5000 |   80 |     0,3875 |1586299546746 |      63 |    67.0 | 6,35 |mscpnrh2.txt |3,4e+04 |
| 7 | 3600 | 5000 |   80 |     0,3875 |1586299546746 |      63 |    67.0 | 6,35 |mscpnrh2.txt |3,6e+04 |
| 7 | 3700 | 5000 |   80 |     0,3875 |1586299546746 |      63 |    67.0 | 6,35 |mscpnrh2.txt |3,7e+04 |
| 7 | 3800 | 5000 |   85 |     0,3647 |1586299546746 |      63 |    67.0 | 6,35 |mscpnrh2.txt |3,8e+04 |
| 7 | 3900 | 5000 |   85 |     0,3647 |1586299546746 |      63 |    67.0 | 6,35 |mscpnrh2.txt |3,9e+04 |
| 7 | 4000 | 5000 |   85 |     0,3647 |1586299546746 |      63 |    67.0 | 6,35 |mscpnrh2.txt |4,0e+04 |
| 7 | 4100 | 5000 |   85 |     0,3647 |1586299546746 |      63 |    67.0 | 6,35 |mscpnrh2.txt |4,1e+04 |
| 7 | 4200 | 5000 |   90 |     0,3444 |1586299546746 |      63 |    67.0 | 6,35 |mscpnrh2.txt |4,2e+04 |
| 7 | 4300 | 5000 |   90 |     0,3444 |1586299546746 |      63 |    67.0 | 6,35 |mscpnrh2.txt |4,4e+04 |
| 7 | 4400 | 5000 |   90 |     0,3444 |1586299546746 |      63 |    67.0 | 6,35 |mscpnrh2.txt |4,5e+04 |
| 7 | 4500 | 5000 |   90 |     0,3444 |1586299546746 |      63 |    67.0 | 6,35 |mscpnrh2.txt |4,6e+04 |
| 7 | 4600 | 5000 |   95 |     0,3474 |1586299546746 |      63 |    67.0 | 6,35 |mscpnrh2.txt |4,7e+04 |
| 7 | 4700 | 5000 |   95 |     0,3474 |1586299546746 |      63 |    67.0 | 6,35 |mscpnrh2.txt |4,9e+04 |
| 7 | 4800 | 5000 |   95 |     0,3474 |1586299546746 |      63 |    67.0 | 6,35 |mscpnrh2.txt |5,0e+04 |
| 7 | 4900 | 5000 |   95 |     0,3474 |1586299546746 |      63 |    67.0 | 6,35 |mscpnrh2.txt |5,2e+04 |
| 7 | 5000 | 5000 |  100 |     0,3800 |1586299546746 |      63 |    67.0 | 6,35 |mscpnrh2.txt |5,3e+04 |
| 7 | 1000 | 5000 |  100 |     0,3800 |1586299546746 |      63 |    67.0 | 6,35 |mscpnrh2.txt |5,3e+04 |
| 8 |    1 | 5000 |   35 |     0,2500 |1586352971199 |      63 | 19409.0 |30707,94 |mscpnrh2.txt |0,025 |
| 8 |  100 | 5000 |   35 |     0,4000 |1586352971199 |      63 | 17816.0 |28179,36 |mscpnrh2.txt |  1,8 |
| 8 |  200 | 5000 |   35 |     0,3429 |1586352971199 |      63 | 17428.0 |27563,49 |mscpnrh2.txt |  3,6 |
| 8 |  300 | 5000 |   35 |     0,2286 |1586352971199 |      63 | 17110.0 |27058,73 |mscpnrh2.txt |  5,4 |
| 8 |  400 | 5000 |   35 |     0,4000 |1586352971199 |      63 | 16618.0 |26277,78 |mscpnrh2.txt |  7,2 |
| 8 |  500 | 5000 |   40 |     0,4500 |1586352971199 |      63 |    69.0 | 9,52 |mscpnrh2.txt |3,5e+02 |
| 8 |  600 | 5000 |   40 |     0,4500 |1586352971199 |      63 |    69.0 | 9,52 |mscpnrh2.txt |1,0e+03 |
| 8 |  700 | 5000 |   40 |     0,4500 |1586352971199 |      63 |    67.0 | 6,35 |mscpnrh2.txt |1,7e+03 |
| 8 |  800 | 5000 |   40 |     0,4500 |1586352971199 |      63 |    67.0 | 6,35 |mscpnrh2.txt |2,4e+03 |
| 8 |  900 | 5000 |   45 |     0,4500 |1586352971199 |      63 |    67.0 | 6,35 |mscpnrh2.txt |3,3e+03 |
| 8 | 1000 | 5000 |   45 |     0,4500 |1586352971199 |      63 |    67.0 | 6,35 |mscpnrh2.txt |4,3e+03 |
| 8 | 1100 | 5000 |   45 |     0,4500 |1586352971199 |      63 |    67.0 | 6,35 |mscpnrh2.txt |5,3e+03 |
| 8 | 1200 | 5000 |   45 |     0,2667 |1586352971199 |      63 |    67.0 | 6,35 |mscpnrh2.txt |5,9e+03 |
| 8 | 1300 | 5000 |   50 |     0,2600 |1586352971199 |      63 |    67.0 | 6,35 |mscpnrh2.txt |6,6e+03 |
| 8 | 1400 | 5000 |   50 |     0,2800 |1586352971199 |      63 |    67.0 | 6,35 |mscpnrh2.txt |7,3e+03 |
| 8 | 1500 | 5000 |   50 |     0,2800 |1586352971199 |      63 |    67.0 | 6,35 |mscpnrh2.txt |8,0e+03 |
| 8 | 1600 | 5000 |   50 |     0,2800 |1586352971199 |      63 |    67.0 | 6,35 |mscpnrh2.txt |8,5e+03 |
| 8 | 1700 | 5000 |   55 |     0,3818 |1586352971199 |      63 |    67.0 | 6,35 |mscpnrh2.txt |9,5e+03 |
| 8 | 1800 | 5000 |   55 |     0,3818 |1586352971199 |      63 |    67.0 | 6,35 |mscpnrh2.txt |1,0e+04 |
| 8 | 1900 | 5000 |   55 |     0,3818 |1586352971199 |      63 |    67.0 | 6,35 |mscpnrh2.txt |1,1e+04 |
| 8 | 2000 | 5000 |   55 |     0,3818 |1586352971199 |      63 |    67.0 | 6,35 |mscpnrh2.txt |1,2e+04 |
| 8 | 2100 | 5000 |   60 |     0,4500 |1586352971199 |      63 |    67.0 | 6,35 |mscpnrh2.txt |1,3e+04 |
| 8 | 2200 | 5000 |   60 |     0,4500 |1586352971199 |      63 |    67.0 | 6,35 |mscpnrh2.txt |1,4e+04 |
| 8 | 2300 | 5000 |   60 |     0,4500 |1586352971199 |      63 |    67.0 | 6,35 |mscpnrh2.txt |1,5e+04 |
| 8 | 2400 | 5000 |   60 |     0,4500 |1586352971199 |      63 |    67.0 | 6,35 |mscpnrh2.txt |1,6e+04 |
| 8 | 2500 | 5000 |   65 |     0,4500 |1586352971199 |      63 |    67.0 | 6,35 |mscpnrh2.txt |1,8e+04 |
| 8 | 2600 | 5000 |   65 |     0,4308 |1586352971199 |      63 |    66.0 | 4,76 |mscpnrh2.txt |1,8e+04 |
| 8 | 2700 | 5000 |   65 |     0,4308 |1586352971199 |      63 |    66.0 | 4,76 |mscpnrh2.txt |1,9e+04 |
| 8 | 2800 | 5000 |   65 |     0,4308 |1586352971199 |      63 |    66.0 | 4,76 |mscpnrh2.txt |2,0e+04 |
| 8 | 2900 | 5000 |   70 |     0,4000 |1586352971199 |      63 |    66.0 | 4,76 |mscpnrh2.txt |2,1e+04 |
| 8 | 3000 | 5000 |   70 |     0,4000 |1586352971199 |      63 |    66.0 | 4,76 |mscpnrh2.txt |2,2e+04 |
| 8 | 3100 | 5000 |   70 |     0,4000 |1586352971199 |      63 |    66.0 | 4,76 |mscpnrh2.txt |2,2e+04 |
| 8 | 3200 | 5000 |   70 |     0,4000 |1586352971199 |      63 |    66.0 | 4,76 |mscpnrh2.txt |2,3e+04 |
| 8 | 3300 | 5000 |   75 |     0,3733 |1586352971199 |      63 |    66.0 | 4,76 |mscpnrh2.txt |2,4e+04 |
| 8 | 3400 | 5000 |   75 |     0,3733 |1586352971199 |      63 |    66.0 | 4,76 |mscpnrh2.txt |2,5e+04 |
| 8 | 3500 | 5000 |   75 |     0,3733 |1586352971199 |      63 |    66.0 | 4,76 |mscpnrh2.txt |2,6e+04 |
| 8 | 3600 | 5000 |   75 |     0,3733 |1586352971199 |      63 |    66.0 | 4,76 |mscpnrh2.txt |2,7e+04 |
| 8 | 3700 | 5000 |   80 |     0,3500 |1586352971199 |      63 |    66.0 | 4,76 |mscpnrh2.txt |2,8e+04 |
| 8 | 3800 | 5000 |   80 |     0,3500 |1586352971199 |      63 |    66.0 | 4,76 |mscpnrh2.txt |2,9e+04 |
| 8 | 3900 | 5000 |   80 |     0,3500 |1586352971199 |      63 |    66.0 | 4,76 |mscpnrh2.txt |3,1e+04 |
| 8 | 4000 | 5000 |   80 |     0,3500 |1586352971199 |      63 |    66.0 | 4,76 |mscpnrh2.txt |3,2e+04 |
| 8 | 4100 | 5000 |   85 |     0,3412 |1586352971199 |      63 |    66.0 | 4,76 |mscpnrh2.txt |3,3e+04 |
| 8 | 4200 | 5000 |   85 |     0,3412 |1586352971199 |      63 |    66.0 | 4,76 |mscpnrh2.txt |3,4e+04 |
| 8 | 4300 | 5000 |   85 |     0,3412 |1586352971199 |      63 |    66.0 | 4,76 |mscpnrh2.txt |3,6e+04 |
| 8 | 4400 | 5000 |   85 |     0,3412 |1586352971199 |      63 |    66.0 | 4,76 |mscpnrh2.txt |3,7e+04 |
| 8 | 4500 | 5000 |   90 |     0,3333 |1586352971199 |      63 |    66.0 | 4,76 |mscpnrh2.txt |3,8e+04 |
| 8 | 4600 | 5000 |   90 |     0,3333 |1586352971199 |      63 |    66.0 | 4,76 |mscpnrh2.txt |4,0e+04 |
| 8 | 4700 | 5000 |   90 |     0,3333 |1586352971199 |      63 |    66.0 | 4,76 |mscpnrh2.txt |4,1e+04 |
| 8 | 4800 | 5000 |   90 |     0,3333 |1586352971199 |      63 |    66.0 | 4,76 |mscpnrh2.txt |4,3e+04 |
| 8 | 4900 | 5000 |   95 |     0,3789 |1586352971199 |      63 |    66.0 | 4,76 |mscpnrh2.txt |4,4e+04 |
| 8 | 5000 | 5000 |   95 |     0,3579 |1586352971199 |      63 |    66.0 | 4,76 |mscpnrh2.txt |4,6e+04 |
| 8 | 1000 | 5000 |   95 |     0,3579 |1586352971199 |      63 |    66.0 | 4,76 |mscpnrh2.txt |4,6e+04 |
| 9 |    1 | 5000 |   35 |     0,2500 |1586398619431 |      63 | 19446.0 |30766,67 |mscpnrh2.txt |0,027 |
| 9 |  100 | 5000 |   35 |     0,4500 |1586398619431 |      63 | 18057.0 |28561,90 |mscpnrh2.txt |  2,0 |
| 9 |  200 | 5000 |   35 |     0,4286 |1586398619431 |      63 | 17695.0 |27987,30 |mscpnrh2.txt |  3,9 |
| 9 |  300 | 5000 |   35 |     0,4000 |1586398619431 |      63 | 17357.0 |27450,79 |mscpnrh2.txt |  5,7 |
| 9 |  400 | 5000 |   40 |     0,4500 |1586398619431 |      63 |    71.0 |12,70 |mscpnrh2.txt |3,5e+02 |
| 9 |  500 | 5000 |   40 |     0,4500 |1586398619431 |      63 |    69.0 | 9,52 |mscpnrh2.txt |1,1e+03 |
| 9 |  600 | 5000 |   40 |     0,4500 |1586398619431 |      63 |    67.0 | 6,35 |mscpnrh2.txt |1,9e+03 |
| 9 |  700 | 5000 |   40 |     0,4500 |1586398619431 |      63 |    67.0 | 6,35 |mscpnrh2.txt |2,7e+03 |
| 9 |  800 | 5000 |   45 |     0,4222 |1586398619431 |      63 |    67.0 | 6,35 |mscpnrh2.txt |3,7e+03 |
| 9 |  900 | 5000 |   45 |     0,2889 |1586398619431 |      63 |    67.0 | 6,35 |mscpnrh2.txt |4,2e+03 |
| 9 | 1000 | 5000 |   45 |     0,2889 |1586398619431 |      63 |    67.0 | 6,35 |mscpnrh2.txt |4,6e+03 |
| 9 | 1100 | 5000 |   45 |     0,2889 |1586398619431 |      63 |    67.0 | 6,35 |mscpnrh2.txt |5,0e+03 |
| 9 | 1200 | 5000 |   50 |     0,2800 |1586398619431 |      63 |    67.0 | 6,35 |mscpnrh2.txt |5,6e+03 |
| 9 | 1300 | 5000 |   50 |     0,2800 |1586398619431 |      63 |    67.0 | 6,35 |mscpnrh2.txt |6,3e+03 |
| 9 | 1400 | 5000 |   50 |     0,2800 |1586398619431 |      63 |    67.0 | 6,35 |mscpnrh2.txt |7,0e+03 |
| 9 | 1500 | 5000 |   50 |     0,2800 |1586398619431 |      63 |    67.0 | 6,35 |mscpnrh2.txt |7,7e+03 |
| 9 | 1600 | 5000 |   55 |     0,4500 |1586398619431 |      63 |    67.0 | 6,35 |mscpnrh2.txt |8,5e+03 |
| 9 | 1700 | 5000 |   55 |     0,4500 |1586398619431 |      63 |    67.0 | 6,35 |mscpnrh2.txt |9,4e+03 |
| 9 | 1800 | 5000 |   55 |     0,4500 |1586398619431 |      63 |    67.0 | 6,35 |mscpnrh2.txt |1,0e+04 |
| 9 | 1900 | 5000 |   55 |     0,4500 |1586398619431 |      63 |    67.0 | 6,35 |mscpnrh2.txt |1,1e+04 |
| 9 | 2000 | 5000 |   60 |     0,4500 |1586398619431 |      63 |    67.0 | 6,35 |mscpnrh2.txt |1,2e+04 |
| 9 | 2100 | 5000 |   60 |     0,4500 |1586398619431 |      63 |    67.0 | 6,35 |mscpnrh2.txt |1,3e+04 |
| 9 | 2200 | 5000 |   60 |     0,4500 |1586398619431 |      63 |    67.0 | 6,35 |mscpnrh2.txt |1,3e+04 |
| 9 | 2300 | 5000 |   60 |     0,4500 |1586398619431 |      63 |    67.0 | 6,35 |mscpnrh2.txt |1,4e+04 |
| 9 | 2400 | 5000 |   65 |     0,4154 |1586398619431 |      63 |    67.0 | 6,35 |mscpnrh2.txt |1,5e+04 |
| 9 | 2500 | 5000 |   65 |     0,4154 |1586398619431 |      63 |    67.0 | 6,35 |mscpnrh2.txt |1,5e+04 |
| 9 | 2600 | 5000 |   65 |     0,4154 |1586398619431 |      63 |    67.0 | 6,35 |mscpnrh2.txt |1,6e+04 |
| 9 | 2700 | 5000 |   65 |     0,4154 |1586398619431 |      63 |    67.0 | 6,35 |mscpnrh2.txt |1,7e+04 |
| 9 | 2800 | 5000 |   70 |     0,3857 |1586398619431 |      63 |    67.0 | 6,35 |mscpnrh2.txt |1,8e+04 |
| 9 | 2900 | 5000 |   70 |     0,3857 |1586398619431 |      63 |    67.0 | 6,35 |mscpnrh2.txt |1,9e+04 |
| 9 | 3000 | 5000 |   70 |     0,3857 |1586398619431 |      63 |    67.0 | 6,35 |mscpnrh2.txt |1,9e+04 |
| 9 | 3100 | 5000 |   70 |     0,3857 |1586398619431 |      63 |    67.0 | 6,35 |mscpnrh2.txt |2,0e+04 |
| 9 | 3200 | 5000 |   75 |     0,3600 |1586398619431 |      63 |    67.0 | 6,35 |mscpnrh2.txt |2,1e+04 |
| 9 | 3300 | 5000 |   75 |     0,3600 |1586398619431 |      63 |    67.0 | 6,35 |mscpnrh2.txt |2,2e+04 |
| 9 | 3400 | 5000 |   75 |     0,3600 |1586398619431 |      63 |    67.0 | 6,35 |mscpnrh2.txt |2,3e+04 |
| 9 | 3500 | 5000 |   75 |     0,3600 |1586398619431 |      63 |    67.0 | 6,35 |mscpnrh2.txt |2,4e+04 |
| 9 | 3600 | 5000 |   80 |     0,3375 |1586398619431 |      63 |    67.0 | 6,35 |mscpnrh2.txt |2,6e+04 |
| 9 | 3700 | 5000 |   80 |     0,3375 |1586398619431 |      63 |    67.0 | 6,35 |mscpnrh2.txt |2,7e+04 |
| 9 | 3800 | 5000 |   80 |     0,3375 |1586398619431 |      63 |    67.0 | 6,35 |mscpnrh2.txt |2,8e+04 |
| 9 | 3900 | 5000 |   80 |     0,3375 |1586398619431 |      63 |    67.0 | 6,35 |mscpnrh2.txt |2,9e+04 |
| 9 | 4000 | 5000 |   85 |     0,3412 |1586398619431 |      63 |    67.0 | 6,35 |mscpnrh2.txt |3,0e+04 |
| 9 | 4100 | 5000 |   85 |     0,3412 |1586398619431 |      63 |    67.0 | 6,35 |mscpnrh2.txt |3,1e+04 |
| 9 | 4200 | 5000 |   85 |     0,3412 |1586398619431 |      63 |    67.0 | 6,35 |mscpnrh2.txt |3,3e+04 |
| 9 | 4300 | 5000 |   85 |     0,3412 |1586398619431 |      63 |    67.0 | 6,35 |mscpnrh2.txt |3,4e+04 |
| 9 | 4400 | 5000 |   90 |     0,4444 |1586398619431 |      63 |    67.0 | 6,35 |mscpnrh2.txt |3,5e+04 |
| 9 | 4500 | 5000 |   90 |     0,4444 |1586398619431 |      63 |    67.0 | 6,35 |mscpnrh2.txt |3,7e+04 |
| 9 | 4600 | 5000 |   90 |     0,4444 |1586398619431 |      63 |    67.0 | 6,35 |mscpnrh2.txt |3,9e+04 |
| 9 | 4700 | 5000 |   90 |     0,4444 |1586398619431 |      63 |    67.0 | 6,35 |mscpnrh2.txt |4,0e+04 |
| 9 | 4800 | 5000 |   95 |     0,4500 |1586398619431 |      63 |    67.0 | 6,35 |mscpnrh2.txt |4,2e+04 |
| 9 | 4900 | 5000 |   95 |     0,4500 |1586398619431 |      63 |    67.0 | 6,35 |mscpnrh2.txt |4,4e+04 |
| 9 | 5000 | 5000 |   95 |     0,4500 |1586398619431 |      63 |    67.0 | 6,35 |mscpnrh2.txt |4,6e+04 |
| 9 | 1000 | 5000 |   95 |     0,4500 |1586398619431 |      63 |    67.0 | 6,35 |mscpnrh2.txt |4,6e+04 |
|10 |    1 | 5000 |   35 |     0,2500 |1586444277393 |      63 | 19470.0 |30804,76 |mscpnrh2.txt |0,026 |
|10 |  100 | 5000 |   35 |     0,2571 |1586444277393 |      63 | 18095.0 |28622,22 |mscpnrh2.txt |  1,8 |
|10 |  200 | 5000 |   40 |     0,4500 |1586444277393 |      63 |    71.0 |12,70 |mscpnrh2.txt |3,0e+02 |
|10 |  300 | 5000 |   40 |     0,4500 |1586444277393 |      63 |    71.0 |12,70 |mscpnrh2.txt |1,0e+03 |
|10 |  400 | 5000 |   40 |     0,4500 |1586444277393 |      63 |    67.0 | 6,35 |mscpnrh2.txt |1,6e+03 |
|10 |  500 | 5000 |   40 |     0,4500 |1586444277393 |      63 |    67.0 | 6,35 |mscpnrh2.txt |2,2e+03 |
|10 |  600 | 5000 |   45 |     0,4500 |1586444277393 |      63 |    67.0 | 6,35 |mscpnrh2.txt |3,2e+03 |
|10 |  700 | 5000 |   45 |     0,4500 |1586444277393 |      63 |    67.0 | 6,35 |mscpnrh2.txt |3,9e+03 |
|10 |  800 | 5000 |   45 |     0,4500 |1586444277393 |      63 |    67.0 | 6,35 |mscpnrh2.txt |4,9e+03 |
|10 |  900 | 5000 |   45 |     0,2667 |1586444277393 |      63 |    67.0 | 6,35 |mscpnrh2.txt |5,4e+03 |
|10 | 1000 | 5000 |   50 |     0,2800 |1586444277393 |      63 |    67.0 | 6,35 |mscpnrh2.txt |6,1e+03 |
|10 | 1100 | 5000 |   50 |     0,2800 |1586444277393 |      63 |    67.0 | 6,35 |mscpnrh2.txt |6,7e+03 |
|10 | 1200 | 5000 |   50 |     0,2800 |1586444277393 |      63 |    67.0 | 6,35 |mscpnrh2.txt |7,4e+03 |
|10 | 1300 | 5000 |   50 |     0,2800 |1586444277393 |      63 |    67.0 | 6,35 |mscpnrh2.txt |8,0e+03 |
|10 | 1400 | 5000 |   55 |     0,4182 |1586444277393 |      63 |    67.0 | 6,35 |mscpnrh2.txt |8,8e+03 |
|10 | 1500 | 5000 |   55 |     0,4182 |1586444277393 |      63 |    67.0 | 6,35 |mscpnrh2.txt |9,7e+03 |
|10 | 1600 | 5000 |   55 |     0,4182 |1586444277393 |      63 |    67.0 | 6,35 |mscpnrh2.txt |1,0e+04 |
|10 | 1700 | 5000 |   55 |     0,4182 |1586444277393 |      63 |    67.0 | 6,35 |mscpnrh2.txt |1,1e+04 |
|10 | 1800 | 5000 |   60 |     0,4500 |1586444277393 |      63 |    67.0 | 6,35 |mscpnrh2.txt |1,2e+04 |
|10 | 1900 | 5000 |   60 |     0,4167 |1586444277393 |      63 |    67.0 | 6,35 |mscpnrh2.txt |1,3e+04 |
|10 | 2000 | 5000 |   60 |     0,4167 |1586444277393 |      63 |    67.0 | 6,35 |mscpnrh2.txt |1,3e+04 |
|10 | 2100 | 5000 |   60 |     0,4167 |1586444277393 |      63 |    67.0 | 6,35 |mscpnrh2.txt |1,4e+04 |
|10 | 2200 | 5000 |   65 |     0,3846 |1586444277393 |      63 |    67.0 | 6,35 |mscpnrh2.txt |1,5e+04 |
|10 | 2300 | 5000 |   65 |     0,3846 |1586444277393 |      63 |    67.0 | 6,35 |mscpnrh2.txt |1,5e+04 |
|10 | 2400 | 5000 |   65 |     0,3846 |1586444277393 |      63 |    67.0 | 6,35 |mscpnrh2.txt |1,6e+04 |
|10 | 2500 | 5000 |   65 |     0,3846 |1586444277393 |      63 |    67.0 | 6,35 |mscpnrh2.txt |1,7e+04 |
|10 | 2600 | 5000 |   70 |     0,3571 |1586444277393 |      63 |    67.0 | 6,35 |mscpnrh2.txt |1,7e+04 |
|10 | 2700 | 5000 |   70 |     0,3571 |1586444277393 |      63 |    67.0 | 6,35 |mscpnrh2.txt |1,8e+04 |
|10 | 2800 | 5000 |   70 |     0,3571 |1586444277393 |      63 |    67.0 | 6,35 |mscpnrh2.txt |1,9e+04 |
|10 | 2900 | 5000 |   70 |     0,3571 |1586444277393 |      63 |    67.0 | 6,35 |mscpnrh2.txt |2,0e+04 |
|10 | 3000 | 5000 |   75 |     0,3333 |1586444277393 |      63 |    67.0 | 6,35 |mscpnrh2.txt |2,1e+04 |
|10 | 3100 | 5000 |   75 |     0,3333 |1586444277393 |      63 |    67.0 | 6,35 |mscpnrh2.txt |2,2e+04 |
|10 | 3200 | 5000 |   75 |     0,3333 |1586444277393 |      63 |    67.0 | 6,35 |mscpnrh2.txt |2,3e+04 |
|10 | 3300 | 5000 |   75 |     0,3333 |1586444277393 |      63 |    67.0 | 6,35 |mscpnrh2.txt |2,4e+04 |
|10 | 3400 | 5000 |   80 |     0,3125 |1586444277393 |      63 |    67.0 | 6,35 |mscpnrh2.txt |2,6e+04 |
|10 | 3500 | 5000 |   80 |     0,3125 |1586444277393 |      63 |    67.0 | 6,35 |mscpnrh2.txt |2,7e+04 |
|10 | 3600 | 5000 |   80 |     0,3125 |1586444277393 |      63 |    67.0 | 6,35 |mscpnrh2.txt |2,8e+04 |
|10 | 3700 | 5000 |   80 |     0,3125 |1586444277393 |      63 |    67.0 | 6,35 |mscpnrh2.txt |2,9e+04 |
|10 | 3800 | 5000 |   85 |     0,4118 |1586444277393 |      63 |    67.0 | 6,35 |mscpnrh2.txt |3,0e+04 |
|10 | 3900 | 5000 |   85 |     0,4118 |1586444277393 |      63 |    67.0 | 6,35 |mscpnrh2.txt |3,2e+04 |
|10 | 4000 | 5000 |   85 |     0,4118 |1586444277393 |      63 |    67.0 | 6,35 |mscpnrh2.txt |3,3e+04 |
|10 | 4100 | 5000 |   85 |     0,4118 |1586444277393 |      63 |    67.0 | 6,35 |mscpnrh2.txt |3,4e+04 |
|10 | 4200 | 5000 |   90 |     0,4500 |1586444277393 |      63 |    67.0 | 6,35 |mscpnrh2.txt |3,6e+04 |
|10 | 4300 | 5000 |   90 |     0,4500 |1586444277393 |      63 |    67.0 | 6,35 |mscpnrh2.txt |3,7e+04 |
|10 | 4400 | 5000 |   90 |     0,4500 |1586444277393 |      63 |    67.0 | 6,35 |mscpnrh2.txt |3,9e+04 |
|10 | 4500 | 5000 |   90 |     0,4500 |1586444277393 |      63 |    67.0 | 6,35 |mscpnrh2.txt |4,0e+04 |
|10 | 4600 | 5000 |   95 |     0,4500 |1586444277393 |      63 |    67.0 | 6,35 |mscpnrh2.txt |4,2e+04 |
|10 | 4700 | 5000 |   95 |     0,4500 |1586444277393 |      63 |    67.0 | 6,35 |mscpnrh2.txt |4,4e+04 |
|10 | 4800 | 5000 |   95 |     0,4500 |1586444277393 |      63 |    67.0 | 6,35 |mscpnrh2.txt |4,5e+04 |
|10 | 4900 | 5000 |   95 |     0,4500 |1586444277393 |      63 |    67.0 | 6,35 |mscpnrh2.txt |4,7e+04 |
|10 | 5000 | 5000 |  100 |     0,4500 |1586444277393 |      63 |    67.0 | 6,35 |mscpnrh2.txt |4,9e+04 |
|10 | 1000 | 5000 |  100 |     0,4500 |1586444277393 |      63 |    67.0 | 6,35 |mscpnrh2.txt |4,9e+04 |
|11 |    1 | 5000 |   35 |     0,2500 |1586492960962 |      63 | 19303.0 |30539,68 |mscpnrh2.txt |0,023 |
|11 |  100 | 5000 |   35 |     0,2571 |1586492960962 |      63 | 18034.0 |28525,40 |mscpnrh2.txt |  1,5 |
|11 |  200 | 5000 |   35 |     0,4500 |1586492960962 |      63 | 17315.0 |27384,13 |mscpnrh2.txt |  3,1 |
|11 |  300 | 5000 |   35 |     0,4286 |1586492960962 |      63 | 16965.0 |26828,57 |mscpnrh2.txt |  4,6 |
|11 |  400 | 5000 |   35 |     0,3714 |1586492960962 |      63 | 16588.0 |26230,16 |mscpnrh2.txt |  6,1 |
|11 |  500 | 5000 |   40 |     0,4500 |1586492960962 |      63 |    69.0 | 9,52 |mscpnrh2.txt |2,5e+02 |
|11 |  600 | 5000 |   40 |     0,4500 |1586492960962 |      63 |    67.0 | 6,35 |mscpnrh2.txt |7,5e+02 |
|11 |  700 | 5000 |   40 |     0,4500 |1586492960962 |      63 |    67.0 | 6,35 |mscpnrh2.txt |1,3e+03 |
|11 |  800 | 5000 |   40 |     0,4500 |1586492960962 |      63 |    67.0 | 6,35 |mscpnrh2.txt |1,9e+03 |
|11 |  900 | 5000 |   45 |     0,4500 |1586492960962 |      63 |    67.0 | 6,35 |mscpnrh2.txt |2,7e+03 |
|11 | 1000 | 5000 |   45 |     0,4500 |1586492960962 |      63 |    67.0 | 6,35 |mscpnrh2.txt |3,5e+03 |
|11 | 1100 | 5000 |   45 |     0,4500 |1586492960962 |      63 |    67.0 | 6,35 |mscpnrh2.txt |4,2e+03 |
|11 | 1200 | 5000 |   45 |     0,2222 |1586492960962 |      63 |    67.0 | 6,35 |mscpnrh2.txt |4,6e+03 |
|11 | 1300 | 5000 |   50 |     0,2200 |1586492960962 |      63 |    67.0 | 6,35 |mscpnrh2.txt |5,2e+03 |
|11 | 1400 | 5000 |   50 |     0,2200 |1586492960962 |      63 |    67.0 | 6,35 |mscpnrh2.txt |5,7e+03 |
|11 | 1500 | 5000 |   50 |     0,2200 |1586492960962 |      63 |    67.0 | 6,35 |mscpnrh2.txt |6,3e+03 |
|11 | 1600 | 5000 |   50 |     0,2000 |1586492960962 |      63 |    67.0 | 6,35 |mscpnrh2.txt |6,8e+03 |
|11 | 1700 | 5000 |   55 |     0,4182 |1586492960962 |      63 |    67.0 | 6,35 |mscpnrh2.txt |7,6e+03 |
|11 | 1800 | 5000 |   55 |     0,4182 |1586492960962 |      63 |    67.0 | 6,35 |mscpnrh2.txt |8,3e+03 |
|11 | 1900 | 5000 |   55 |     0,4182 |1586492960962 |      63 |    67.0 | 6,35 |mscpnrh2.txt |9,0e+03 |
|11 | 2000 | 5000 |   55 |     0,4182 |1586492960962 |      63 |    67.0 | 6,35 |mscpnrh2.txt |9,8e+03 |
|11 | 2100 | 5000 |   60 |     0,4500 |1586492960962 |      63 |    67.0 | 6,35 |mscpnrh2.txt |1,1e+04 |
|11 | 2200 | 5000 |   60 |     0,3833 |1586492960962 |      63 |    67.0 | 6,35 |mscpnrh2.txt |1,1e+04 |
|11 | 2300 | 5000 |   60 |     0,3833 |1586492960962 |      63 |    67.0 | 6,35 |mscpnrh2.txt |1,2e+04 |
|11 | 2400 | 5000 |   60 |     0,3833 |1586492960962 |      63 |    67.0 | 6,35 |mscpnrh2.txt |1,2e+04 |
|11 | 2500 | 5000 |   65 |     0,3538 |1586492960962 |      63 |    67.0 | 6,35 |mscpnrh2.txt |1,3e+04 |
|11 | 2600 | 5000 |   65 |     0,3538 |1586492960962 |      63 |    67.0 | 6,35 |mscpnrh2.txt |1,3e+04 |
|11 | 2700 | 5000 |   65 |     0,3538 |1586492960962 |      63 |    67.0 | 6,35 |mscpnrh2.txt |1,4e+04 |
|11 | 2800 | 5000 |   65 |     0,3538 |1586492960962 |      63 |    67.0 | 6,35 |mscpnrh2.txt |1,5e+04 |
|11 | 2900 | 5000 |   70 |     0,3286 |1586492960962 |      63 |    67.0 | 6,35 |mscpnrh2.txt |1,5e+04 |
|11 | 3000 | 5000 |   70 |     0,3286 |1586492960962 |      63 |    67.0 | 6,35 |mscpnrh2.txt |1,6e+04 |
|11 | 3100 | 5000 |   70 |     0,3286 |1586492960962 |      63 |    67.0 | 6,35 |mscpnrh2.txt |1,7e+04 |
|11 | 3200 | 5000 |   70 |     0,3286 |1586492960962 |      63 |    67.0 | 6,35 |mscpnrh2.txt |1,8e+04 |
|11 | 3300 | 5000 |   75 |     0,3067 |1586492960962 |      63 |    67.0 | 6,35 |mscpnrh2.txt |1,8e+04 |
|11 | 3400 | 5000 |   75 |     0,3067 |1586492960962 |      63 |    67.0 | 6,35 |mscpnrh2.txt |1,9e+04 |
|11 | 3500 | 5000 |   75 |     0,3067 |1586492960962 |      63 |    67.0 | 6,35 |mscpnrh2.txt |2,0e+04 |
|11 | 3600 | 5000 |   75 |     0,3067 |1586492960962 |      63 |    67.0 | 6,35 |mscpnrh2.txt |2,1e+04 |
|11 | 3700 | 5000 |   80 |     0,2875 |1586492960962 |      63 |    67.0 | 6,35 |mscpnrh2.txt |2,2e+04 |
|11 | 3800 | 5000 |   80 |     0,2875 |1586492960962 |      63 |    67.0 | 6,35 |mscpnrh2.txt |2,3e+04 |
|11 | 3900 | 5000 |   80 |     0,2875 |1586492960962 |      63 |    67.0 | 6,35 |mscpnrh2.txt |2,4e+04 |
|11 | 4000 | 5000 |   80 |     0,2875 |1586492960962 |      63 |    67.0 | 6,35 |mscpnrh2.txt |2,5e+04 |
|11 | 4100 | 5000 |   85 |     0,3412 |1586492960962 |      63 |    67.0 | 6,35 |mscpnrh2.txt |2,7e+04 |
|11 | 4200 | 5000 |   85 |     0,3412 |1586492960962 |      63 |    67.0 | 6,35 |mscpnrh2.txt |2,8e+04 |
|11 | 4300 | 5000 |   85 |     0,3412 |1586492960962 |      63 |    67.0 | 6,35 |mscpnrh2.txt |2,9e+04 |
|11 | 4400 | 5000 |   85 |     0,3412 |1586492960962 |      63 |    67.0 | 6,35 |mscpnrh2.txt |3,0e+04 |
|11 | 4500 | 5000 |   90 |     0,4500 |1586492960962 |      63 |    67.0 | 6,35 |mscpnrh2.txt |3,2e+04 |
|11 | 4600 | 5000 |   90 |     0,4500 |1586492960962 |      63 |    67.0 | 6,35 |mscpnrh2.txt |3,3e+04 |
|11 | 4700 | 5000 |   90 |     0,4500 |1586492960962 |      63 |    67.0 | 6,35 |mscpnrh2.txt |3,4e+04 |
|11 | 4800 | 5000 |   90 |     0,4500 |1586492960962 |      63 |    67.0 | 6,35 |mscpnrh2.txt |3,6e+04 |
|11 | 4900 | 5000 |   95 |     0,4500 |1586492960962 |      63 |    67.0 | 6,35 |mscpnrh2.txt |3,7e+04 |
|11 | 5000 | 5000 |   95 |     0,4500 |1586492960962 |      63 |    67.0 | 6,35 |mscpnrh2.txt |3,8e+04 |
|11 | 1000 | 5000 |   95 |     0,4500 |1586492960962 |      63 |    67.0 | 6,35 |mscpnrh2.txt |3,8e+04 |
|12 |    1 | 5000 |   35 |     0,2500 |1586530941865 |      63 | 19326.0 |30576,19 |mscpnrh2.txt |0,019 |
|12 |  100 | 5000 |   35 |     0,4000 |1586530941865 |      63 | 17736.0 |28052,38 |mscpnrh2.txt |  1,5 |
|12 |  200 | 5000 |   35 |     0,3429 |1586530941865 |      63 | 17189.0 |27184,13 |mscpnrh2.txt |  2,9 |
|12 |  300 | 5000 |   40 |     0,4500 |1586530941865 |      63 |    71.0 |12,70 |mscpnrh2.txt |3,3e+02 |
|12 |  400 | 5000 |   40 |     0,4500 |1586530941865 |      63 |    69.0 | 9,52 |mscpnrh2.txt |1,0e+03 |
|12 |  500 | 5000 |   40 |     0,4250 |1586530941865 |      63 |    69.0 | 9,52 |mscpnrh2.txt |1,8e+03 |
|12 |  600 | 5000 |   40 |     0,4250 |1586530941865 |      63 |    67.0 | 6,35 |mscpnrh2.txt |2,7e+03 |
|12 |  700 | 5000 |   45 |     0,3778 |1586530941865 |      63 |    67.0 | 6,35 |mscpnrh2.txt |3,7e+03 |
|12 |  800 | 5000 |   45 |     0,3778 |1586530941865 |      63 |    67.0 | 6,35 |mscpnrh2.txt |4,7e+03 |
|12 |  900 | 5000 |   45 |     0,3111 |1586530941865 |      63 |    67.0 | 6,35 |mscpnrh2.txt |5,2e+03 |
|12 | 1000 | 5000 |   45 |     0,3111 |1586530941865 |      63 |    67.0 | 6,35 |mscpnrh2.txt |5,7e+03 |
|12 | 1100 | 5000 |   50 |     0,2800 |1586530941865 |      63 |    67.0 | 6,35 |mscpnrh2.txt |6,4e+03 |
|12 | 1200 | 5000 |   50 |     0,2800 |1586530941865 |      63 |    67.0 | 6,35 |mscpnrh2.txt |7,0e+03 |
|12 | 1300 | 5000 |   50 |     0,2800 |1586530941865 |      63 |    67.0 | 6,35 |mscpnrh2.txt |7,7e+03 |
|12 | 1400 | 5000 |   50 |     0,2800 |1586530941865 |      63 |    67.0 | 6,35 |mscpnrh2.txt |8,4e+03 |
|12 | 1500 | 5000 |   55 |     0,3273 |1586530941865 |      63 |    67.0 | 6,35 |mscpnrh2.txt |9,2e+03 |
|12 | 1600 | 5000 |   55 |     0,3273 |1586530941865 |      63 |    67.0 | 6,35 |mscpnrh2.txt |1,0e+04 |
|12 | 1700 | 5000 |   55 |     0,3273 |1586530941865 |      63 |    67.0 | 6,35 |mscpnrh2.txt |1,1e+04 |
|12 | 1800 | 5000 |   55 |     0,3273 |1586530941865 |      63 |    67.0 | 6,35 |mscpnrh2.txt |1,2e+04 |
|12 | 1900 | 5000 |   60 |     0,4167 |1586530941865 |      63 |    67.0 | 6,35 |mscpnrh2.txt |1,3e+04 |
|12 | 2000 | 5000 |   60 |     0,4333 |1586530941865 |      63 |    67.0 | 6,35 |mscpnrh2.txt |1,4e+04 |
|12 | 2100 | 5000 |   60 |     0,4333 |1586530941865 |      63 |    67.0 | 6,35 |mscpnrh2.txt |1,5e+04 |
|12 | 2200 | 5000 |   60 |     0,4333 |1586530941865 |      63 |    67.0 | 6,35 |mscpnrh2.txt |1,6e+04 |
|12 | 2300 | 5000 |   65 |     0,4500 |1586530941865 |      63 |    67.0 | 6,35 |mscpnrh2.txt |1,7e+04 |
|12 | 2400 | 5000 |   65 |     0,4500 |1586530941865 |      63 |    67.0 | 6,35 |mscpnrh2.txt |1,8e+04 |
|12 | 2500 | 5000 |   65 |     0,4500 |1586530941865 |      63 |    67.0 | 6,35 |mscpnrh2.txt |1,8e+04 |
|12 | 2600 | 5000 |   65 |     0,4500 |1586530941865 |      63 |    67.0 | 6,35 |mscpnrh2.txt |1,9e+04 |
|12 | 2700 | 5000 |   70 |     0,4429 |1586530941865 |      63 |    67.0 | 6,35 |mscpnrh2.txt |2,0e+04 |
|12 | 2800 | 5000 |   70 |     0,4429 |1586530941865 |      63 |    67.0 | 6,35 |mscpnrh2.txt |2,0e+04 |
|12 | 2900 | 5000 |   70 |     0,4429 |1586530941865 |      63 |    67.0 | 6,35 |mscpnrh2.txt |2,1e+04 |
|12 | 3000 | 5000 |   70 |     0,4429 |1586530941865 |      63 |    67.0 | 6,35 |mscpnrh2.txt |2,2e+04 |
|12 | 3100 | 5000 |   75 |     0,4133 |1586530941865 |      63 |    67.0 | 6,35 |mscpnrh2.txt |2,3e+04 |
|12 | 3200 | 5000 |   75 |     0,4133 |1586530941865 |      63 |    67.0 | 6,35 |mscpnrh2.txt |2,3e+04 |
|12 | 3300 | 5000 |   75 |     0,4133 |1586530941865 |      63 |    67.0 | 6,35 |mscpnrh2.txt |2,4e+04 |
|12 | 3400 | 5000 |   75 |     0,4133 |1586530941865 |      63 |    67.0 | 6,35 |mscpnrh2.txt |2,5e+04 |
|12 | 3500 | 5000 |   80 |     0,3875 |1586530941865 |      63 |    67.0 | 6,35 |mscpnrh2.txt |2,6e+04 |
|12 | 3600 | 5000 |   80 |     0,3875 |1586530941865 |      63 |    67.0 | 6,35 |mscpnrh2.txt |2,7e+04 |
|12 | 3700 | 5000 |   80 |     0,3875 |1586530941865 |      63 |    67.0 | 6,35 |mscpnrh2.txt |2,9e+04 |
|12 | 3800 | 5000 |   80 |     0,3875 |1586530941865 |      63 |    67.0 | 6,35 |mscpnrh2.txt |3,0e+04 |
|12 | 3900 | 5000 |   85 |     0,3647 |1586530941865 |      63 |    67.0 | 6,35 |mscpnrh2.txt |3,1e+04 |
|12 | 4000 | 5000 |   85 |     0,3647 |1586530941865 |      63 |    67.0 | 6,35 |mscpnrh2.txt |3,2e+04 |
|12 | 4100 | 5000 |   85 |     0,3647 |1586530941865 |      63 |    67.0 | 6,35 |mscpnrh2.txt |3,3e+04 |
|12 | 4200 | 5000 |   85 |     0,3647 |1586530941865 |      63 |    67.0 | 6,35 |mscpnrh2.txt |3,4e+04 |
|12 | 4300 | 5000 |   90 |     0,3667 |1586530941865 |      63 |    67.0 | 6,35 |mscpnrh2.txt |3,6e+04 |
|12 | 4400 | 5000 |   90 |     0,3667 |1586530941865 |      63 |    67.0 | 6,35 |mscpnrh2.txt |3,7e+04 |
|12 | 4500 | 5000 |   90 |     0,3667 |1586530941865 |      63 |    67.0 | 6,35 |mscpnrh2.txt |3,8e+04 |
|12 | 4600 | 5000 |   90 |     0,3667 |1586530941865 |      63 |    67.0 | 6,35 |mscpnrh2.txt |4,0e+04 |
|12 | 4700 | 5000 |   95 |     0,3579 |1586530941865 |      63 |    67.0 | 6,35 |mscpnrh2.txt |4,1e+04 |
|12 | 4800 | 5000 |   95 |     0,3579 |1586530941865 |      63 |    67.0 | 6,35 |mscpnrh2.txt |4,3e+04 |
|12 | 4900 | 5000 |   95 |     0,3579 |1586530941865 |      63 |    67.0 | 6,35 |mscpnrh2.txt |4,5e+04 |
|12 | 5000 | 5000 |   95 |     0,3579 |1586530941865 |      63 |    67.0 | 6,35 |mscpnrh2.txt |4,7e+04 |
|12 | 1000 | 5000 |  100 |     0,3579 |1586530941865 |      63 |    67.0 | 6,35 |mscpnrh2.txt |4,7e+04 |
|13 |    1 | 5000 |   35 |     0,2500 |1586578080020 |      63 | 19229.0 |30422,22 |mscpnrh2.txt |0,043 |
|13 |  100 | 5000 |   35 |     0,3714 |1586578080020 |      63 | 17538.0 |27738,10 |mscpnrh2.txt |  1,9 |
|13 |  200 | 5000 |   35 |     0,4500 |1586578080020 |      63 | 16853.0 |26650,79 |mscpnrh2.txt |  3,7 |
|13 |  300 | 5000 |   35 |     0,4500 |1586578080020 |      63 | 16391.0 |25917,46 |mscpnrh2.txt |  5,6 |
|13 |  400 | 5000 |   35 |     0,4000 |1586578080020 |      63 | 16114.0 |25477,78 |mscpnrh2.txt |  7,4 |
|13 |  500 | 5000 |   40 |     0,4500 |1586578080020 |      63 |    71.0 |12,70 |mscpnrh2.txt |4,5e+02 |
|13 |  600 | 5000 |   40 |     0,4500 |1586578080020 |      63 |    69.0 | 9,52 |mscpnrh2.txt |1,2e+03 |
|13 |  700 | 5000 |   40 |     0,4500 |1586578080020 |      63 |    68.0 | 7,94 |mscpnrh2.txt |2,1e+03 |
|13 |  800 | 5000 |   40 |     0,4500 |1586578080020 |      63 |    68.0 | 7,94 |mscpnrh2.txt |2,9e+03 |
|13 |  900 | 5000 |   45 |     0,4500 |1586578080020 |      63 |    68.0 | 7,94 |mscpnrh2.txt |4,1e+03 |
|13 | 1000 | 5000 |   45 |     0,4500 |1586578080020 |      63 |    68.0 | 7,94 |mscpnrh2.txt |5,2e+03 |
|13 | 1100 | 5000 |   45 |     0,4500 |1586578080020 |      63 |    68.0 | 7,94 |mscpnrh2.txt |6,3e+03 |
|13 | 1200 | 5000 |   45 |     0,2667 |1586578080020 |      63 |    66.0 | 4,76 |mscpnrh2.txt |6,9e+03 |
|13 | 1300 | 5000 |   50 |     0,2600 |1586578080020 |      63 |    66.0 | 4,76 |mscpnrh2.txt |7,7e+03 |
|13 | 1400 | 5000 |   50 |     0,2600 |1586578080020 |      63 |    66.0 | 4,76 |mscpnrh2.txt |8,4e+03 |
|13 | 1500 | 5000 |   50 |     0,2600 |1586578080020 |      63 |    66.0 | 4,76 |mscpnrh2.txt |9,2e+03 |
|13 | 1600 | 5000 |   50 |     0,2600 |1586578080020 |      63 |    66.0 | 4,76 |mscpnrh2.txt |1,0e+04 |
|13 | 1700 | 5000 |   55 |     0,3091 |1586578080020 |      63 |    66.0 | 4,76 |mscpnrh2.txt |1,1e+04 |
|13 | 1800 | 5000 |   55 |     0,3091 |1586578080020 |      63 |    66.0 | 4,76 |mscpnrh2.txt |1,2e+04 |
|13 | 1900 | 5000 |   55 |     0,3091 |1586578080020 |      63 |    66.0 | 4,76 |mscpnrh2.txt |1,3e+04 |
|13 | 2000 | 5000 |   55 |     0,3091 |1586578080020 |      63 |    66.0 | 4,76 |mscpnrh2.txt |1,4e+04 |
|13 | 2100 | 5000 |   60 |     0,4500 |1586578080020 |      63 |    66.0 | 4,76 |mscpnrh2.txt |1,5e+04 |
|13 | 2200 | 5000 |   60 |     0,4500 |1586578080020 |      63 |    66.0 | 4,76 |mscpnrh2.txt |1,6e+04 |
|13 | 2300 | 5000 |   60 |     0,4500 |1586578080020 |      63 |    66.0 | 4,76 |mscpnrh2.txt |1,8e+04 |
|13 | 2400 | 5000 |   60 |     0,4500 |1586578080020 |      63 |    66.0 | 4,76 |mscpnrh2.txt |1,9e+04 |
|13 | 2500 | 5000 |   65 |     0,4500 |1586578080020 |      63 |    66.0 | 4,76 |mscpnrh2.txt |2,0e+04 |
|13 | 2600 | 5000 |   65 |     0,4308 |1586578080020 |      63 |    66.0 | 4,76 |mscpnrh2.txt |2,1e+04 |
|13 | 2700 | 5000 |   65 |     0,4308 |1586578080020 |      63 |    66.0 | 4,76 |mscpnrh2.txt |2,2e+04 |
|13 | 2800 | 5000 |   65 |     0,4308 |1586578080020 |      63 |    66.0 | 4,76 |mscpnrh2.txt |2,2e+04 |
|13 | 2900 | 5000 |   70 |     0,4000 |1586578080020 |      63 |    66.0 | 4,76 |mscpnrh2.txt |2,3e+04 |
|13 | 3000 | 5000 |   70 |     0,4000 |1586578080020 |      63 |    66.0 | 4,76 |mscpnrh2.txt |2,4e+04 |
|13 | 3100 | 5000 |   70 |     0,4000 |1586578080020 |      63 |    66.0 | 4,76 |mscpnrh2.txt |2,5e+04 |
|13 | 3200 | 5000 |   70 |     0,4000 |1586578080020 |      63 |    66.0 | 4,76 |mscpnrh2.txt |2,6e+04 |
|13 | 3300 | 5000 |   75 |     0,3733 |1586578080020 |      63 |    66.0 | 4,76 |mscpnrh2.txt |2,7e+04 |
|13 | 3400 | 5000 |   75 |     0,3733 |1586578080020 |      63 |    66.0 | 4,76 |mscpnrh2.txt |2,8e+04 |
|13 | 3500 | 5000 |   75 |     0,3733 |1586578080020 |      63 |    66.0 | 4,76 |mscpnrh2.txt |2,9e+04 |
|13 | 3600 | 5000 |   75 |     0,3733 |1586578080020 |      63 |    66.0 | 4,76 |mscpnrh2.txt |3,0e+04 |
|13 | 3700 | 5000 |   80 |     0,3500 |1586578080020 |      63 |    66.0 | 4,76 |mscpnrh2.txt |3,2e+04 |
|13 | 3800 | 5000 |   80 |     0,3500 |1586578080020 |      63 |    66.0 | 4,76 |mscpnrh2.txt |3,3e+04 |
|13 | 3900 | 5000 |   80 |     0,3500 |1586578080020 |      63 |    66.0 | 4,76 |mscpnrh2.txt |3,4e+04 |
|13 | 4000 | 5000 |   80 |     0,3500 |1586578080020 |      63 |    66.0 | 4,76 |mscpnrh2.txt |3,4e+04 |
|13 | 4100 | 5000 |   85 |     0,3412 |1586578080020 |      63 |    66.0 | 4,76 |mscpnrh2.txt |3,6e+04 |
|13 | 4200 | 5000 |   85 |     0,3412 |1586578080020 |      63 |    66.0 | 4,76 |mscpnrh2.txt |3,7e+04 |
|13 | 4300 | 5000 |   85 |     0,3412 |1586578080020 |      63 |    66.0 | 4,76 |mscpnrh2.txt |3,8e+04 |
|13 | 4400 | 5000 |   85 |     0,3412 |1586578080020 |      63 |    66.0 | 4,76 |mscpnrh2.txt |3,9e+04 |
|13 | 4500 | 5000 |   90 |     0,3333 |1586578080020 |      63 |    66.0 | 4,76 |mscpnrh2.txt |4,0e+04 |
|13 | 4600 | 5000 |   90 |     0,3333 |1586578080020 |      63 |    66.0 | 4,76 |mscpnrh2.txt |4,1e+04 |
|13 | 4700 | 5000 |   90 |     0,3333 |1586578080020 |      63 |    66.0 | 4,76 |mscpnrh2.txt |4,2e+04 |
|13 | 4800 | 5000 |   90 |     0,3333 |1586578080020 |      63 |    66.0 | 4,76 |mscpnrh2.txt |4,4e+04 |
|13 | 4900 | 5000 |   95 |     0,3474 |1586578080020 |      63 |    66.0 | 4,76 |mscpnrh2.txt |4,5e+04 |
|13 | 5000 | 5000 |   95 |     0,3474 |1586578080020 |      63 |    66.0 | 4,76 |mscpnrh2.txt |4,6e+04 |
|13 | 1000 | 5000 |   95 |     0,3474 |1586578080020 |      63 |    66.0 | 4,76 |mscpnrh2.txt |4,6e+04 |
|14 |    1 | 5000 |   35 |     0,2500 |1586624384079 |      63 | 19564.0 |30953,97 |mscpnrh2.txt |0,023 |
|14 |  100 | 5000 |   35 |     0,3143 |1586624384079 |      63 | 17932.0 |28363,49 |mscpnrh2.txt |  1,6 |
|14 |  200 | 5000 |   35 |     0,4000 |1586624384079 |      63 | 17472.0 |27633,33 |mscpnrh2.txt |  3,3 |
|14 |  300 | 5000 |   40 |     0,4500 |1586624384079 |      63 |    71.0 |12,70 |mscpnrh2.txt |2,8e+02 |
|14 |  400 | 5000 |   40 |     0,4500 |1586624384079 |      63 |    70.0 |11,11 |mscpnrh2.txt |8,3e+02 |
|14 |  500 | 5000 |   40 |     0,4500 |1586624384079 |      63 |    67.0 | 6,35 |mscpnrh2.txt |1,5e+03 |
|14 |  600 | 5000 |   40 |     0,4500 |1586624384079 |      63 |    67.0 | 6,35 |mscpnrh2.txt |2,2e+03 |
|14 |  700 | 5000 |   45 |     0,4500 |1586624384079 |      63 |    67.0 | 6,35 |mscpnrh2.txt |3,0e+03 |
|14 |  800 | 5000 |   45 |     0,4444 |1586624384079 |      63 |    67.0 | 6,35 |mscpnrh2.txt |3,9e+03 |
|14 |  900 | 5000 |   45 |     0,4444 |1586624384079 |      63 |    67.0 | 6,35 |mscpnrh2.txt |4,8e+03 |
|14 | 1000 | 5000 |   45 |     0,4444 |1586624384079 |      63 |    67.0 | 6,35 |mscpnrh2.txt |5,6e+03 |
|14 | 1100 | 5000 |   50 |     0,3000 |1586624384079 |      63 |    67.0 | 6,35 |mscpnrh2.txt |6,2e+03 |
|14 | 1200 | 5000 |   50 |     0,3000 |1586624384079 |      63 |    67.0 | 6,35 |mscpnrh2.txt |6,8e+03 |
|14 | 1300 | 5000 |   50 |     0,3000 |1586624384079 |      63 |    67.0 | 6,35 |mscpnrh2.txt |7,3e+03 |
|14 | 1400 | 5000 |   50 |     0,3200 |1586624384079 |      63 |    67.0 | 6,35 |mscpnrh2.txt |7,8e+03 |
|14 | 1500 | 5000 |   55 |     0,3818 |1586624384079 |      63 |    67.0 | 6,35 |mscpnrh2.txt |8,6e+03 |
|14 | 1600 | 5000 |   55 |     0,3818 |1586624384079 |      63 |    67.0 | 6,35 |mscpnrh2.txt |9,3e+03 |
|14 | 1700 | 5000 |   55 |     0,3818 |1586624384079 |      63 |    67.0 | 6,35 |mscpnrh2.txt |1,0e+04 |
|14 | 1800 | 5000 |   55 |     0,3818 |1586624384079 |      63 |    67.0 | 6,35 |mscpnrh2.txt |1,1e+04 |
|14 | 1900 | 5000 |   60 |     0,4500 |1586624384079 |      63 |    67.0 | 6,35 |mscpnrh2.txt |1,2e+04 |
|14 | 2000 | 5000 |   60 |     0,4500 |1586624384079 |      63 |    67.0 | 6,35 |mscpnrh2.txt |1,2e+04 |
|14 | 2100 | 5000 |   60 |     0,4500 |1586624384079 |      63 |    67.0 | 6,35 |mscpnrh2.txt |1,3e+04 |
|14 | 2200 | 5000 |   60 |     0,4500 |1586624384079 |      63 |    67.0 | 6,35 |mscpnrh2.txt |1,4e+04 |
|14 | 2300 | 5000 |   65 |     0,4500 |1586624384079 |      63 |    67.0 | 6,35 |mscpnrh2.txt |1,5e+04 |
|14 | 2400 | 5000 |   65 |     0,4462 |1586624384079 |      63 |    67.0 | 6,35 |mscpnrh2.txt |1,6e+04 |
|14 | 2500 | 5000 |   65 |     0,4462 |1586624384079 |      63 |    67.0 | 6,35 |mscpnrh2.txt |1,6e+04 |
|14 | 2600 | 5000 |   65 |     0,4462 |1586624384079 |      63 |    67.0 | 6,35 |mscpnrh2.txt |1,7e+04 |
|14 | 2700 | 5000 |   70 |     0,4143 |1586624384079 |      63 |    67.0 | 6,35 |mscpnrh2.txt |1,7e+04 |
|14 | 2800 | 5000 |   70 |     0,4143 |1586624384079 |      63 |    67.0 | 6,35 |mscpnrh2.txt |1,8e+04 |
|14 | 2900 | 5000 |   70 |     0,4143 |1586624384079 |      63 |    67.0 | 6,35 |mscpnrh2.txt |1,9e+04 |
|14 | 3000 | 5000 |   70 |     0,4143 |1586624384079 |      63 |    67.0 | 6,35 |mscpnrh2.txt |2,0e+04 |
|14 | 3100 | 5000 |   75 |     0,3867 |1586624384079 |      63 |    67.0 | 6,35 |mscpnrh2.txt |2,1e+04 |
|14 | 3200 | 5000 |   75 |     0,3867 |1586624384079 |      63 |    67.0 | 6,35 |mscpnrh2.txt |2,2e+04 |
|14 | 3300 | 5000 |   75 |     0,3867 |1586624384079 |      63 |    67.0 | 6,35 |mscpnrh2.txt |2,3e+04 |
|14 | 3400 | 5000 |   75 |     0,3867 |1586624384079 |      63 |    67.0 | 6,35 |mscpnrh2.txt |2,5e+04 |
|14 | 3500 | 5000 |   80 |     0,3625 |1586624384079 |      63 |    67.0 | 6,35 |mscpnrh2.txt |2,6e+04 |
|14 | 3600 | 5000 |   80 |     0,3625 |1586624384079 |      63 |    67.0 | 6,35 |mscpnrh2.txt |2,7e+04 |
|14 | 3700 | 5000 |   80 |     0,3625 |1586624384079 |      63 |    67.0 | 6,35 |mscpnrh2.txt |2,8e+04 |
|14 | 3800 | 5000 |   80 |     0,3625 |1586624384079 |      63 |    67.0 | 6,35 |mscpnrh2.txt |2,9e+04 |
|14 | 3900 | 5000 |   85 |     0,3647 |1586624384079 |      63 |    67.0 | 6,35 |mscpnrh2.txt |3,0e+04 |
|14 | 4000 | 5000 |   85 |     0,3647 |1586624384079 |      63 |    67.0 | 6,35 |mscpnrh2.txt |3,1e+04 |
|14 | 4100 | 5000 |   85 |     0,3647 |1586624384079 |      63 |    67.0 | 6,35 |mscpnrh2.txt |3,2e+04 |
|14 | 4200 | 5000 |   85 |     0,3647 |1586624384079 |      63 |    67.0 | 6,35 |mscpnrh2.txt |3,3e+04 |
|14 | 4300 | 5000 |   90 |     0,3556 |1586624384079 |      63 |    67.0 | 6,35 |mscpnrh2.txt |3,5e+04 |
|14 | 4400 | 5000 |   90 |     0,3556 |1586624384079 |      63 |    67.0 | 6,35 |mscpnrh2.txt |3,6e+04 |
|14 | 4500 | 5000 |   90 |     0,3556 |1586624384079 |      63 |    67.0 | 6,35 |mscpnrh2.txt |3,7e+04 |
|14 | 4600 | 5000 |   90 |     0,3556 |1586624384079 |      63 |    67.0 | 6,35 |mscpnrh2.txt |3,9e+04 |
|14 | 4700 | 5000 |   95 |     0,4105 |1586624384079 |      63 |    67.0 | 6,35 |mscpnrh2.txt |4,0e+04 |
|14 | 4800 | 5000 |   95 |     0,4105 |1586624384079 |      63 |    67.0 | 6,35 |mscpnrh2.txt |4,1e+04 |
|14 | 4900 | 5000 |   95 |     0,4105 |1586624384079 |      63 |    67.0 | 6,35 |mscpnrh2.txt |4,3e+04 |
|14 | 5000 | 5000 |   95 |     0,4105 |1586624384079 |      63 |    67.0 | 6,35 |mscpnrh2.txt |4,4e+04 |
|14 | 1000 | 5000 |  100 |     0,4105 |1586624384079 |      63 |    67.0 | 6,35 |mscpnrh2.txt |4,4e+04 |
|15 |    1 | 5000 |   35 |     0,2500 |1586668352878 |      63 | 19224.0 |30414,29 |mscpnrh2.txt |0,019 |
|15 |  100 | 5000 |   35 |     0,4500 |1586668352878 |      63 | 17541.0 |27742,86 |mscpnrh2.txt |  1,4 |
|15 |  200 | 5000 |   35 |     0,3143 |1586668352878 |      63 | 17021.0 |26917,46 |mscpnrh2.txt |  2,8 |
|15 |  300 | 5000 |   35 |     0,4286 |1586668352878 |      63 | 16698.0 |26404,76 |mscpnrh2.txt |  4,2 |
|15 |  400 | 5000 |   35 |     0,4286 |1586668352878 |      63 | 16266.0 |25719,05 |mscpnrh2.txt |  5,6 |
|15 |  500 | 5000 |   40 |     0,4500 |1586668352878 |      63 |    69.0 | 9,52 |mscpnrh2.txt |2,8e+02 |
|15 |  600 | 5000 |   40 |     0,4500 |1586668352878 |      63 |    69.0 | 9,52 |mscpnrh2.txt |8,2e+02 |
|15 |  700 | 5000 |   40 |     0,4500 |1586668352878 |      63 |    67.0 | 6,35 |mscpnrh2.txt |1,4e+03 |
|15 |  800 | 5000 |   40 |     0,4500 |1586668352878 |      63 |    67.0 | 6,35 |mscpnrh2.txt |2,1e+03 |
|15 |  900 | 5000 |   45 |     0,4500 |1586668352878 |      63 |    67.0 | 6,35 |mscpnrh2.txt |2,8e+03 |
|15 | 1000 | 5000 |   45 |     0,2444 |1586668352878 |      63 |    67.0 | 6,35 |mscpnrh2.txt |3,2e+03 |
|15 | 1100 | 5000 |   45 |     0,2444 |1586668352878 |      63 |    66.0 | 4,76 |mscpnrh2.txt |3,6e+03 |
|15 | 1200 | 5000 |   45 |     0,2444 |1586668352878 |      63 |    66.0 | 4,76 |mscpnrh2.txt |4,0e+03 |
|15 | 1300 | 5000 |   50 |     0,2600 |1586668352878 |      63 |    66.0 | 4,76 |mscpnrh2.txt |4,5e+03 |
|15 | 1400 | 5000 |   50 |     0,2800 |1586668352878 |      63 |    66.0 | 4,76 |mscpnrh2.txt |5,0e+03 |
|15 | 1500 | 5000 |   50 |     0,3000 |1586668352878 |      63 |    66.0 | 4,76 |mscpnrh2.txt |5,6e+03 |
|15 | 1600 | 5000 |   50 |     0,3000 |1586668352878 |      63 |    66.0 | 4,76 |mscpnrh2.txt |6,1e+03 |
|15 | 1700 | 5000 |   55 |     0,4364 |1586668352878 |      63 |    66.0 | 4,76 |mscpnrh2.txt |6,8e+03 |
|15 | 1800 | 5000 |   55 |     0,4364 |1586668352878 |      63 |    66.0 | 4,76 |mscpnrh2.txt |7,5e+03 |
|15 | 1900 | 5000 |   55 |     0,4500 |1586668352878 |      63 |    66.0 | 4,76 |mscpnrh2.txt |8,2e+03 |
|15 | 2000 | 5000 |   55 |     0,4500 |1586668352878 |      63 |    66.0 | 4,76 |mscpnrh2.txt |9,0e+03 |
|15 | 2100 | 5000 |   60 |     0,4500 |1586668352878 |      63 |    66.0 | 4,76 |mscpnrh2.txt |9,8e+03 |
|15 | 2200 | 5000 |   60 |     0,4500 |1586668352878 |      63 |    66.0 | 4,76 |mscpnrh2.txt |1,1e+04 |
|15 | 2300 | 5000 |   60 |     0,4500 |1586668352878 |      63 |    66.0 | 4,76 |mscpnrh2.txt |1,2e+04 |
|15 | 2400 | 5000 |   60 |     0,4500 |1586668352878 |      63 |    66.0 | 4,76 |mscpnrh2.txt |1,2e+04 |
|15 | 2500 | 5000 |   65 |     0,4500 |1586668352878 |      63 |    66.0 | 4,76 |mscpnrh2.txt |1,3e+04 |
|15 | 2600 | 5000 |   65 |     0,4154 |1586668352878 |      63 |    66.0 | 4,76 |mscpnrh2.txt |1,4e+04 |
|15 | 2700 | 5000 |   65 |     0,4154 |1586668352878 |      63 |    66.0 | 4,76 |mscpnrh2.txt |1,4e+04 |
|15 | 2800 | 5000 |   65 |     0,4154 |1586668352878 |      63 |    66.0 | 4,76 |mscpnrh2.txt |1,5e+04 |
|15 | 2900 | 5000 |   70 |     0,3857 |1586668352878 |      63 |    66.0 | 4,76 |mscpnrh2.txt |1,6e+04 |
|15 | 3000 | 5000 |   70 |     0,3857 |1586668352878 |      63 |    66.0 | 4,76 |mscpnrh2.txt |1,6e+04 |
|15 | 3100 | 5000 |   70 |     0,3857 |1586668352878 |      63 |    66.0 | 4,76 |mscpnrh2.txt |1,7e+04 |
|15 | 3200 | 5000 |   70 |     0,3857 |1586668352878 |      63 |    66.0 | 4,76 |mscpnrh2.txt |1,8e+04 |
|15 | 3300 | 5000 |   75 |     0,3600 |1586668352878 |      63 |    66.0 | 4,76 |mscpnrh2.txt |1,8e+04 |
|15 | 3400 | 5000 |   75 |     0,3600 |1586668352878 |      63 |    66.0 | 4,76 |mscpnrh2.txt |1,9e+04 |
|15 | 3500 | 5000 |   75 |     0,3600 |1586668352878 |      63 |    66.0 | 4,76 |mscpnrh2.txt |2,0e+04 |
|15 | 3600 | 5000 |   75 |     0,3600 |1586668352878 |      63 |    66.0 | 4,76 |mscpnrh2.txt |2,1e+04 |
|15 | 3700 | 5000 |   80 |     0,3375 |1586668352878 |      63 |    66.0 | 4,76 |mscpnrh2.txt |2,2e+04 |
|15 | 3800 | 5000 |   80 |     0,3375 |1586668352878 |      63 |    66.0 | 4,76 |mscpnrh2.txt |2,3e+04 |
|15 | 3900 | 5000 |   80 |     0,3375 |1586668352878 |      63 |    66.0 | 4,76 |mscpnrh2.txt |2,3e+04 |
|15 | 4000 | 5000 |   80 |     0,3375 |1586668352878 |      63 |    66.0 | 4,76 |mscpnrh2.txt |2,4e+04 |
|15 | 4100 | 5000 |   85 |     0,3412 |1586668352878 |      63 |    66.0 | 4,76 |mscpnrh2.txt |2,5e+04 |
|15 | 4200 | 5000 |   85 |     0,3412 |1586668352878 |      63 |    66.0 | 4,76 |mscpnrh2.txt |2,7e+04 |
|15 | 4300 | 5000 |   85 |     0,3412 |1586668352878 |      63 |    66.0 | 4,76 |mscpnrh2.txt |2,8e+04 |
|15 | 4400 | 5000 |   85 |     0,3412 |1586668352878 |      63 |    66.0 | 4,76 |mscpnrh2.txt |2,9e+04 |
|15 | 4500 | 5000 |   90 |     0,4000 |1586668352878 |      63 |    66.0 | 4,76 |mscpnrh2.txt |3,0e+04 |
|15 | 4600 | 5000 |   90 |     0,4000 |1586668352878 |      63 |    66.0 | 4,76 |mscpnrh2.txt |3,1e+04 |
|15 | 4700 | 5000 |   90 |     0,4000 |1586668352878 |      63 |    66.0 | 4,76 |mscpnrh2.txt |3,2e+04 |
|15 | 4800 | 5000 |   90 |     0,4000 |1586668352878 |      63 |    66.0 | 4,76 |mscpnrh2.txt |3,4e+04 |
|15 | 4900 | 5000 |   95 |     0,4316 |1586668352878 |      63 |    66.0 | 4,76 |mscpnrh2.txt |3,5e+04 |
|15 | 5000 | 5000 |   95 |     0,4500 |1586668352878 |      63 |    66.0 | 4,76 |mscpnrh2.txt |3,7e+04 |
|15 | 1000 | 5000 |   95 |     0,4500 |1586668352878 |      63 |    66.0 | 4,76 |mscpnrh2.txt |3,7e+04 |
